timestamp,open,high,low,close,volume,trade_count,vwap,30sma,rsi,macd,signal,histogram
2022-01-03 05:00:00+00:00,157.74,160.7781,156.7,159.93,5366042.0,76148.0,159.300457,,,,,
2022-01-04 05:00:00+00:00,159.99,161.84,154.51,158.36,6945364.0,97020.0,157.787908,,,,,
2022-01-05 05:00:00+00:00,158.04,158.89,153.5,153.74,6786001.0,90421.0,155.876937,,,,,
2022-01-06 05:00:00+00:00,153.28,157.4,151.84,156.34,6567978.0,91588.0,155.441987,,,,,
2022-01-07 05:00:00+00:00,155.1001,157.38,150.64,150.81,6325625.0,89519.0,152.284356,,,,,
2022-01-10 05:00:00+00:00,147.72,149.9,143.27,149.59,9656154.0,132024.0,146.829485,,,,,
2022-01-11 05:00:00+00:00,148.38,152.66,146.2727,152.45,6824370.0,87440.0,150.340163,,,,,
2022-01-12 05:00:00+00:00,154.73,159.75,154.62,159.55,10372979.0,124625.0,157.925001,,,,,
2022-01-13 05:00:00+00:00,164.0,166.53,156.5,157.18,12541848.0,169534.0,161.408684,,,,,
2022-01-14 05:00:00+00:00,155.78,167.06,155.6,167.0,11425488.0,143891.0,163.330661,,,,,
2022-01-18 05:00:00+00:00,165.36,165.89,151.52,152.36,12408123.0,168302.0,156.339203,,,,,
2022-01-19 05:00:00+00:00,154.4253,155.82,142.92,143.07,12911551.0,169157.0,147.040036,,,,,
2022-01-20 05:00:00+00:00,145.69,147.315,138.56,139.15,10553402.0,136965.0,143.073051,,,,,
2022-01-21 05:00:00+00:00,137.522,141.9,134.65,135.06,12351572.0,162389.0,137.660265,,,,,
2022-01-24 05:00:00+00:00,131.51,139.44,129.69,139.29,12942206.0,170666.0,134.258482,,36.027619821283494,,,
2022-01-25 05:00:00+00:00,134.8,136.41,131.37,132.99,11776364.0,142926.0,133.907034,,32.99662336175814,,,
2022-01-26 05:00:00+00:00,137.71,141.58,132.84,135.58,11650084.0,147690.0,137.261581,,35.402692871967616,,,
2022-01-27 05:00:00+00:00,134.24,135.45,129.3,130.15,13469131.0,190207.0,131.265474,,32.74762268072766,,,
2022-01-28 05:00:00+00:00,129.605,132.5,123.851,132.45,13271822.0,172372.0,128.882501,,34.97221959100888,,,
2022-01-31 05:00:00+00:00,132.6367,138.37,131.63,138.18,8570525.0,102314.0,136.336213,,40.27284356968681,,,
2022-02-01 05:00:00+00:00,138.23,139.28,133.37,138.61,8131570.0,104009.0,137.141495,,40.66372663034086,,,
2022-02-02 05:00:00+00:00,140.695,141.398,137.21,140.76,8159926.0,98158.0,139.628825,,42.683530188760685,,,
2022-02-03 05:00:00+00:00,138.19,141.22,135.1,136.51,10009399.0,98812.0,137.591857,,39.79948864602053,,,
2022-02-04 05:00:00+00:00,134.34,136.745,131.941,135.57,8495723.0,97809.0,134.950795,,39.169100002847074,,,
2022-02-07 05:00:00+00:00,135.76,138.29,135.2,136.13,7219240.0,81947.0,136.660115,,39.78104021727562,,,
2022-02-08 05:00:00+00:00,134.84,139.2,133.5,138.75,6647415.0,74188.0,137.19876,,42.68602097821244,-6.425963223770651,,
2022-02-09 05:00:00+00:00,141.66,144.98,139.49,144.2,7497347.0,93686.0,143.370101,,48.27567279135275,-5.499821171812073,,
2022-02-10 05:00:00+00:00,139.79,145.16,139.01,139.77,8126457.0,101403.0,141.604298,,44.478452671432294,-5.064925590684254,,
2022-02-11 05:00:00+00:00,139.5536,140.56,131.2809,132.49,9018124.0,105236.0,134.855432,,39.04346978230156,-5.247216225519367,,
2022-02-14 05:00:00+00:00,132.37,134.4,129.69,131.86,9124703.0,91504.0,132.159725,143.92933333333335,38.60385424688707,-5.380495597820129,,
2022-02-15 05:00:00+00:00,134.6878,140.38,134.29,139.84,8866405.0,93688.0,138.377903,143.25966666666667,46.77833388585441,-4.7870193727244725,,
2022-02-16 05:00:00+00:00,138.48,141.71,136.9,140.96,7816649.0,91673.0,140.045861,142.6796666666667,47.8282491134075,-4.178147465624164,,
2022-02-17 05:00:00+00:00,142.83,143.79,134.75,136.47,11703791.0,132649.0,138.235123,142.104,44.074492658262045,-4.011673493216563,,
2022-02-18 05:00:00+00:00,136.99,137.03,130.93,133.35,7940279.0,93976.0,133.413127,141.33766666666668,41.62950967154019,-4.084416979299277,-4.964408791163439,0.8799918118641621
2022-02-22 05:00:00+00:00,129.94,135.16,128.495,130.26,7342662.0,100020.0,131.113236,140.65266666666668,39.30402179193527,-4.341359403104292,-4.8397989135516095,0.4984395104473176
2022-02-23 05:00:00+00:00,131.96,134.2199,127.62,127.795,8413757.0,102838.0,129.986718,139.92616666666666,37.504175037800984,-4.689831565309277,-4.809805443903143,0.11997387859386599
2022-02-24 05:00:00+00:00,123.08,133.63,122.68,133.47,8500945.0,121251.0,129.153249,139.29350000000002,43.87622322623713,-4.4566991389421275,-4.73918418291094,0.282485043968812
2022-02-25 05:00:00+00:00,133.36,136.1399,131.74,135.72,7412076.0,81894.0,134.638778,138.49916666666667,46.217590981553805,-4.043769754877388,-4.60010129730423,0.5563315424268414
2022-02-28 05:00:00+00:00,133.82,137.0595,132.03,134.2,7018384.0,85717.0,134.283085,137.73316666666668,44.85617533265067,-3.795420297221227,-4.4391650972876295,0.6437448000664023
2022-03-01 05:00:00+00:00,133.735,135.06,128.105,129.61,8683447.0,105170.0,130.796151,136.48683333333332,40.93487024722481,-3.9237457045023234,-4.336081218730568,0.41233551422824455
2022-03-02 05:00:00+00:00,130.0,134.47,129.65,133.18,6752752.0,78344.0,132.473928,135.8475,44.9647280568267,-3.6947841779618784,-4.20782181057683,0.5130376326149513
2022-03-03 05:00:00+00:00,135.117,135.117,129.57,130.64,5212521.0,73855.0,131.109962,135.43316666666666,42.73089490235883,-3.6759136465929885,-4.101440177780062,0.4255265311870735
2022-03-04 05:00:00+00:00,128.38,129.555,124.12,125.74,6794390.0,98792.0,126.176797,134.98616666666666,38.73320383829153,-4.01012147932002,-4.083176438088054,0.0730549587680338
2022-03-07 05:00:00+00:00,127.56,128.05,119.11,119.22,8775429.0,122871.0,121.149299,134.45816666666667,34.15441801320898,-4.746379792945817,-4.215817109059607,-0.5305626838862096
2022-03-08 05:00:00+00:00,119.79,127.87,118.17,124.15,9957419.0,138002.0,123.446176,133.9535,39.93622438899959,-4.8758542005677725,-4.34782452736124,-0.5280296732065324
2022-03-09 05:00:00+00:00,127.7,129.84,126.2,128.62,7280131.0,89497.0,128.190653,133.80783333333335,44.67939867062693,-4.565147776903302,-4.391289177269653,-0.17385859963364947
2022-03-10 05:00:00+00:00,125.72,126.0,122.69,124.97,5442866.0,75668.0,124.566083,133.45416666666668,41.77820791084976,-4.560860433269852,-4.425203428469692,-0.13565700480015952
2022-03-11 05:00:00+00:00,130.0,130.0,123.37,123.64,5816173.0,83161.0,125.931573,133.23716666666667,40.74011860970384,-4.611622651981293,-4.462487273172012,-0.14913537880928018
2022-03-14 04:00:00+00:00,123.74,124.72,119.1,120.13,6414614.0,81381.0,121.180202,132.8265,38.05284319647526,-4.878839516761147,-4.5457577218898395,-0.3330817948713074
2022-03-15 04:00:00+00:00,121.64,124.95,119.86,124.41,6685836.0,81299.0,122.880312,132.3675,42.99089297839533,-4.691173647095638,-4.574840906931,-0.11633274016463879
2022-03-16 04:00:00+00:00,127.32,130.74,125.09,130.49,8089651.0,105644.0,128.956971,132.09683333333334,49.18743879605342,-4.005667069470562,-4.461006139438912,0.4553390699683506
2022-03-17 04:00:00+00:00,129.315,132.26,128.31,131.99,6640123.0,79171.0,131.045693,131.80450000000002,50.61365279641987,-3.30328251925755,-4.22946141540264,0.9261788961450899
2022-03-18 04:00:00+00:00,130.6,135.75,129.75,135.14,11328592.0,87870.0,134.128218,131.75883333333334,53.56144129272673,-2.4640549369623557,-3.8763801197145833,1.4123251827522276
2022-03-21 04:00:00+00:00,134.105,135.3822,131.92,134.2,6068252.0,78483.0,133.657742,131.71316666666664,52.55336835853761,-1.8534458062528643,-3.47179325702224,1.6183474507693756
2022-03-22 04:00:00+00:00,134.0,137.34,133.85,135.48,4939217.0,64357.0,135.506368,131.6915,53.82771582214258,-1.2518181875346102,-3.027798243124714,1.7759800555901037
2022-03-23 04:00:00+00:00,133.61,135.1,131.2,131.42,5351041.0,67353.0,132.476896,131.44716666666667,49.30428564669677,-1.0900664271424034,-2.640251879928252,1.5501854527858487
2022-03-24 04:00:00+00:00,132.885,138.65,131.3301,138.59,7486175.0,100135.0,136.471183,131.26016666666666,56.29013492366761,-0.37894961854857456,-2.1879914276523165,1.809041809103742
2022-03-25 04:00:00+00:00,138.63,138.99,134.8,137.06,6035593.0,76214.0,136.616408,131.16983333333332,54.56231795522315,0.06046041232747257,-1.7383010596563588,1.7987614719838314
2022-03-28 04:00:00+00:00,135.09,137.75,133.7,137.66,10117838.0,137697.0,136.186359,131.34216666666666,55.14379486968036,0.4519017708505544,-1.3002604935549762,1.7521622644055306
2022-03-29 04:00:00+00:00,140.08,142.01,138.905,141.44,6165156.0,83451.0,140.69794,131.6615,58.727272607842444,1.0549751797122155,-0.829213358901538,1.8841885386137536
2022-03-30 04:00:00+00:00,140.69,141.3,135.08,135.8,6387460.0,85590.0,137.217566,131.52683333333331,52.046240847550095,1.0655315521284763,-0.4502643766955352,1.5157959288240115
2022-03-31 04:00:00+00:00,136.095,137.35,131.65,131.8,8413836.0,100204.0,133.457864,131.2215,47.88547677321795,0.7425710854788008,-0.21169728426066806,0.9542683697394688
2022-04-01 04:00:00+00:00,132.875,133.04,125.57,127.43,9091576.0,135719.0,127.652123,130.92016666666666,43.76873308199403,0.13247304368229607,-0.14286321867207524,0.2753362623543713
2022-04-04 04:00:00+00:00,127.17,129.7,126.9,129.44,8321311.0,96716.0,128.501434,130.78983333333335,46.065495178558564,-0.186691781584841,-0.1516289312546284,-0.035062850330212614
2022-04-05 04:00:00+00:00,128.78,128.98,121.35,121.71,11629035.0,152539.0,122.574328,130.50483333333332,39.40039292388637,-1.0512603280866415,-0.33155521062103105,-0.7197051174656104
2022-04-06 04:00:00+00:00,119.01,121.22,117.07,119.33,11547963.0,159481.0,118.8515,130.22266666666667,37.596698633888174,-1.906506222604179,-0.6465454130176607,-1.2599608095865182
2022-04-07 04:00:00+00:00,119.08,123.9,118.59,122.35,11036088.0,142809.0,121.632774,129.852,41.270640748625794,-2.3139324223247115,-0.9800228148790708,-1.3339096074456407
2022-04-08 04:00:00+00:00,121.11,122.3899,119.46,119.96,6369989.0,84556.0,120.519055,129.32666666666668,39.29876611803045,-2.797426653760155,-1.3435035826552877,-1.4539230711048674
2022-04-11 04:00:00+00:00,118.2,119.05,116.14,116.24,7743087.0,110546.0,117.085353,128.72799999999998,36.38477947134599,-3.4411053062664365,-1.7630239273775175,-1.678081378888919
2022-04-12 04:00:00+00:00,118.1,119.26,114.17,114.56,9851549.0,122967.0,116.167178,128.22633333333334,35.11831408015615,-4.0402141615774525,-2.2184619742175045,-1.821752187359948
2022-04-13 04:00:00+00:00,115.24,118.12,114.49,116.86,9318982.0,114355.0,116.877089,127.68233333333333,38.285433919212956,-4.28008333127606,-2.6307862456292157,-1.6492970856468445
2022-04-14 04:00:00+00:00,117.41,117.5291,113.25,113.36,7687989.0,95467.0,114.551695,127.10633333333334,35.44961324990953,-4.698441417720559,-3.0443172800474847,-1.6541241376730746
2022-04-18 04:00:00+00:00,112.5,115.98,112.34,114.87,6806354.0,86163.0,114.793049,126.74399999999999,37.59716241250975,-4.852215514875397,-3.4058969270130675,-1.4463185878623293
2022-04-19 04:00:00+00:00,114.13,117.24,113.54,117.06,6071369.0,79832.0,116.484168,126.672,40.67963977978682,-4.742697038117797,-3.6732569492340135,-1.0694400888837832
2022-04-20 04:00:00+00:00,120.52,122.37,117.52,117.89,8800973.0,115590.0,119.006844,126.46333333333334,41.85196805389088,-4.536633308030005,-3.845932220993212,-0.6907010870367931
2022-04-21 04:00:00+00:00,119.21,121.075,115.34,115.69,7812562.0,103866.0,117.31513,126.03233333333333,39.61707308301079,-4.498986416274292,-3.976543060049428,-0.5224433562248638
2022-04-22 04:00:00+00:00,115.23,116.1859,112.63,112.8,8458063.0,113324.0,113.846883,125.62666666666665,36.83444473128318,-4.648761798331492,-4.110986807705841,-0.5377749906256506
2022-04-25 04:00:00+00:00,111.41,114.72,111.2,114.47,8458152.0,120408.0,113.313172,125.321,39.47975611221668,-4.579910467483643,-4.204771539661402,-0.375138927822241
2022-04-26 04:00:00+00:00,112.84,113.2,108.83,108.92,9395140.0,126747.0,110.127081,124.94733333333332,34.33366117012663,-4.916509447959157,-4.3471191213209535,-0.5693903266382039
2022-04-27 04:00:00+00:00,108.37,112.37,107.9,108.81,6824894.0,102904.0,109.439483,124.42733333333332,34.23840322234099,-5.132972928981758,-4.504289882853115,-0.6286830461286428
2022-04-28 04:00:00+00:00,111.41,115.99,109.59,114.63,7314320.0,103155.0,113.42092,123.89866666666667,43.215321261267015,-4.779797902102231,-4.559391486702939,-0.2204064153992924
2022-04-29 04:00:00+00:00,113.03,116.16,110.16,110.35,7928879.0,99859.0,112.033479,123.17733333333332,38.99917386716369,-4.790047691275234,-4.605522727617398,-0.18452496365783588
2022-05-02 04:00:00+00:00,111.1,113.2,108.18,112.97,9360651.0,147902.0,111.231732,122.43833333333333,42.685428208334656,-4.534487865797942,-4.5913157552535075,0.056827889455565384
2022-05-03 04:00:00+00:00,112.18,114.73,111.43,113.8,5419804.0,86870.0,113.674988,121.75833333333331,43.84317506327921,-4.216377029702656,-4.516328010143337,0.29995098044068147
2022-05-04 04:00:00+00:00,114.17,119.12,112.0352,118.81,6242554.0,99568.0,116.10544,121.20266666666667,50.36117520634926,-3.51943689282227,-4.316949786679125,0.7975128938568545
2022-05-05 04:00:00+00:00,116.07,116.9,111.85,113.47,8061868.0,115354.0,113.981056,120.60433333333334,44.440406956195076,-3.35927653608897,-4.125415136561094,0.7661386004721242
2022-05-06 04:00:00+00:00,111.88,115.05,109.8935,112.5,6181451.0,105928.0,112.698609,119.73466666666667,43.44132654148296,-3.272891338806872,-3.95491037701025,0.6820190382033782
2022-05-09 04:00:00+00:00,107.94,110.79,105.38,105.75,9934976.0,154075.0,106.863615,118.691,37.17775180334654,-3.7063742601521454,-3.905203153638629,0.1988288934864837
2022-05-10 04:00:00+00:00,109.215,109.57,105.18,107.18,8800464.0,125766.0,107.394841,117.675,39.178503683397686,-3.889685674195846,-3.902099657750073,0.01241398355422696
2022-05-11 04:00:00+00:00,106.66,109.125,103.61,103.92,8183375.0,110197.0,105.312376,116.42433333333334,36.33732250639229,-4.249035805720737,-3.971486887344206,-0.2775489183765312
2022-05-12 04:00:00+00:00,103.0279,106.88,102.99,106.81,8326886.0,139527.0,104.962062,115.458,40.459515971237764,-4.251614560553975,-4.02751242198616,-0.22410213856781436
2022-05-13 04:00:00+00:00,108.19,112.6319,108.03,111.86,8203776.0,107134.0,111.263864,114.79333333333332,46.926468534871844,-3.802334501684797,-3.982476837925888,0.180142336241091
2022-05-16 04:00:00+00:00,109.61,112.31,108.615,110.48,6351929.0,81613.0,110.886264,114.22833333333332,45.4729750975776,-3.5170884783350544,-3.8893991660077214,0.37231068767266695
2022-05-17 04:00:00+00:00,114.54,117.32,113.33,116.84,6554767.0,88404.0,115.629697,113.80833333333334,52.73847710387108,-2.7461739189774477,-3.660754116601667,0.9145801976242192
2022-05-18 04:00:00+00:00,113.99,117.05,110.79,111.37,6855235.0,103163.0,113.225417,113.46366666666667,46.944777145206594,-2.547238877669045,-3.4380510688151427,0.8908121911460976
2022-05-19 04:00:00+00:00,111.41,113.48,110.2,110.74,10033762.0,136591.0,111.292534,113.17733333333332,46.3137095360412,-2.4126061372972742,-3.2329620825115692,0.820355945214295
2022-05-20 04:00:00+00:00,112.0,112.74,101.33,106.46,16163017.0,221133.0,105.564007,112.64766666666667,42.166603575994216,-2.6210550599428046,-3.1105806779978167,0.48952561805501205
2022-05-23 04:00:00+00:00,107.09,111.35,106.98,109.93,7636311.0,109517.0,109.610232,112.31333333333333,46.360257945931586,-2.4776910527853886,-2.9840027529553312,0.5063117001699426
2022-05-24 04:00:00+00:00,107.88,108.73,105.71,106.59,6726982.0,95517.0,106.789758,111.99166666666666,43.11920339861529,-2.603571775920912,-2.9079165575484476,0.30434478162753553
2022-05-25 04:00:00+00:00,105.07,109.42,105.07,108.53,7308073.0,108596.0,107.52162,111.79066666666667,45.50238921779649,-2.517768105717451,-2.8298868671822484,0.31211876146479733
2022-05-26 04:00:00+00:00,106.96,115.71,106.82,115.07,9135846.0,112809.0,113.580018,111.73100000000001,52.69749348735111,-1.900141092245022,-2.6439377121948033,0.7437966199497814
2022-05-27 04:00:00+00:00,116.62,119.7,116.4,119.48,8484593.0,109777.0,118.596093,111.935,56.83585386953659,-1.0427963826327726,-2.3237094462823973,1.2809130636496247
2022-05-31 04:00:00+00:00,117.55,118.68,115.56,117.29,9635568.0,102276.0,117.348787,112.01566666666668,54.29547775189973,-0.5339046998011554,-1.965748496986149,1.4318437971849935
2022-06-01 04:00:00+00:00,117.96,118.5,112.8,114.46,6794169.0,86862.0,114.919895,111.92900000000002,51.11597444743439,-0.35487099160201296,-1.643572995909322,1.288702004307309
2022-06-02 04:00:00+00:00,114.69,117.41,113.55,117.33,6351099.0,96732.0,115.916043,111.91033333333333,54.0544318074207,0.018387566008172485,-1.3111808835258232,1.3295684495339957
2022-06-03 04:00:00+00:00,114.885,116.34,114.14,114.96,4899779.0,74396.0,115.164193,111.88600000000001,51.31148043559961,0.12155723289924936,-1.0246332602408086,1.146190493140058
2022-06-06 04:00:00+00:00,117.135,117.88,114.37,115.0,3779686.0,60655.0,115.629438,111.95933333333333,51.35634560631319,0.20419378407716238,-0.7788678513772145,0.9830616354543769
2022-06-07 04:00:00+00:00,113.199,115.99,112.4004,115.67,4700804.0,69253.0,114.649622,111.99933333333334,52.15167852309738,0.3200578195119732,-0.5590827171993771,0.8791405367113503
2022-06-08 04:00:00+00:00,115.27,115.67,111.19,112.46,5109797.0,78064.0,112.848296,112.11733333333333,48.09442270136865,0.15111872682399508,-0.4170424283947027,0.5681611552186978
2022-06-09 04:00:00+00:00,111.1,111.97,107.15,107.24,5924344.0,90570.0,109.173219,112.06500000000001,42.32758480603475,-0.399373368322685,-0.4135086163802992,0.01413524805761418
2022-06-10 04:00:00+00:00,105.45,106.31,101.81,101.88,8301269.0,124765.0,102.865232,111.64000000000001,37.37226772869722,-1.2536976779866364,-0.5815464287015667,-0.6721512492850698
2022-06-13 04:00:00+00:00,98.26,98.85,95.65,96.32,10386830.0,137892.0,96.846569,111.17233333333334,33.04997847825754,-2.352285696350279,-0.9356942822313092,-1.4165914141189697
2022-06-14 04:00:00+00:00,97.4,97.96,95.39,96.62,7055328.0,94293.0,96.622904,110.62733333333333,33.496906279649664,-3.162264506220936,-1.3810083270292346,-1.7812561791917012
2022-06-15 04:00:00+00:00,97.85,99.3,95.59,97.42,9165740.0,127372.0,97.359985,110.08133333333333,34.74784186120229,-3.6970084227153706,-1.844208346166462,-1.8528000765489085
2022-06-16 04:00:00+00:00,94.79,95.11,88.75,89.59,13351579.0,175939.0,90.510277,109.10733333333333,28.998423151192213,-4.698451566148734,-2.4150569901629164,-2.283394575985817
2022-06-17 04:00:00+00:00,88.21,90.94,87.62,89.83,14437591.0,142078.0,89.581786,108.31933333333333,29.384108119722725,-5.4103691108199,-3.0141194142943135,-2.3962496965255866
2022-06-21 04:00:00+00:00,91.7,95.675,91.16,95.17,12203719.0,148660.0,94.381263,107.74166666666666,37.51693856597703,-5.4804997328748755,-3.5073954780104266,-1.9731042548644488
2022-06-22 04:00:00+00:00,93.09,95.93,92.85,93.94,7648236.0,94984.0,94.361608,107.348,36.47490437459477,-5.571109197642997,-3.9201382219369405,-1.6509709757060564
2022-06-23 04:00:00+00:00,94.63,95.32,92.11,93.28,8252072.0,117097.0,93.581755,106.88466666666666,35.89872578209972,-5.631260667787345,-4.262362711107022,-1.368897956680323
2022-06-24 04:00:00+00:00,95.32,98.28,94.67,97.37,7996741.0,97106.0,96.829796,106.66633333333334,42.01188877581025,-5.287946170974095,-4.467479403080437,-0.8204667678936586
2022-06-27 04:00:00+00:00,98.16,98.865,96.54,97.61,4941744.0,64230.0,97.646559,106.35966666666667,42.3592660730773,-4.939560782633507,-4.561895678991051,-0.37766510364245587
2022-06-28 04:00:00+00:00,98.11,98.91,94.74,95.02,6480912.0,81686.0,95.914791,105.79833333333333,39.6021536281122,-4.8169276631913505,-4.61290207583111,-0.20402558736024012
2022-06-29 04:00:00+00:00,93.97,94.2,91.41,91.94,7547892.0,99326.0,92.172104,105.18033333333332,36.55503804762853,-4.911651827010857,-4.67265202606706,-0.23899980094379725
2022-06-30 04:00:00+00:00,90.25,93.52,89.2749,90.98,8169323.0,107902.0,91.253048,104.31833333333333,35.634697822808846,-5.006473871860749,-4.739416395225798,-0.2670574766349505
2022-07-01 04:00:00+00:00,88.72,88.72,84.46,86.27,13118690.0,168408.0,86.225671,103.48166666666665,31.450917776402306,-5.399437310169233,-4.871420578214486,-0.5280167319547475
2022-07-05 04:00:00+00:00,83.24,86.23,82.67,86.0,9550946.0,131109.0,84.864426,102.657,31.224599213371746,-5.667321060295038,-5.0306006746305965,-0.6367203856644412
2022-07-06 04:00:00+00:00,86.25,87.48,84.95,86.56,5732416.0,80346.0,86.247364,101.99366666666667,32.31253693954022,-5.767944271244957,-5.178069393953469,-0.5898748772914884
2022-07-07 04:00:00+00:00,88.69,91.16,88.67,90.75,7469589.0,91348.0,90.317309,101.35433333333332,39.96476338162448,-5.4468035473881,-5.231816224640395,-0.21498732274770482
2022-07-08 04:00:00+00:00,89.64,91.65,89.3,91.19,4890828.0,58329.0,90.674662,100.841,40.72262838300886,-5.098026016760784,-5.205058183064473,0.10703216630368928
2022-07-11 04:00:00+00:00,89.5,90.07,87.82,88.62,5283239.0,65682.0,88.899103,100.17733333333334,37.726903566672895,-4.971684350123894,-5.158383416476358,0.18669906635246392
2022-07-12 04:00:00+00:00,89.24,90.02,88.09,88.73,5491554.0,70188.0,88.943596,99.29933333333334,37.93734956872869,-4.807266413583591,-5.088160015897805,0.28089360231421434
2022-07-13 04:00:00+00:00,86.57,90.12,86.48,89.08,5786887.0,86574.0,88.847378,98.286,38.64779453345938,-4.595745051182121,-4.989677022954669,0.393931971772548
2022-07-14 04:00:00+00:00,88.48,92.08,86.41,91.67,8686504.0,108670.0,89.781771,97.432,43.77678834919979,-4.171040336466632,-4.825949685657061,0.6549093491904294
2022-07-15 04:00:00+00:00,92.36,94.59,90.21,94.47,8051177.0,96966.0,93.209169,96.76566666666666,48.76360616227771,-3.567399430789635,-4.574239634683576,1.0068402038939412
2022-07-18 04:00:00+00:00,95.76,96.4,92.55,93.14,5683385.0,67628.0,94.301928,95.95933333333332,46.6471407593419,-3.1599041408057786,-4.2913725359080175,1.1314683951022388
2022-07-19 04:00:00+00:00,94.68,98.64,94.37,98.23,8199731.0,94919.0,97.604157,95.40166666666666,54.742826008980195,-2.3985912595841654,-3.9128162806432476,1.5142250210590822
2022-07-20 04:00:00+00:00,97.585,102.86,97.51,102.23,8313915.0,94758.0,101.466111,94.97599999999998,59.89322159463523,-1.4556983610819572,-3.4213926967309893,1.9656943356490322
2022-07-21 04:00:00+00:00,103.54,103.968,101.02,103.84,5463760.0,74244.0,103.126109,94.58166666666668,61.77864875997494,-0.5719424051490876,-2.851502638414609,2.2795602332655216
2022-07-22 04:00:00+00:00,103.71,103.96,100.94,101.67,5078560.0,62964.0,102.033335,94.22200000000001,57.832423136986314,-0.04612856611169036,-2.290427823954025,2.244299257842335
2022-07-25 04:00:00+00:00,100.51,101.2668,99.461,101.0,4366153.0,56273.0,100.549311,94.014,56.6296407337689,0.31291223160836523,-1.7697598128415473,2.0826720444499127
2022-07-26 04:00:00+00:00,100.58,100.98,98.57,98.91,5073857.0,52508.0,99.309342,93.91499999999999,52.931479224197325,0.4239224038208391,-1.33102336950907,1.7549457733299092
2022-07-27 04:00:00+00:00,100.57,104.5,100.0601,103.46,7254826.0,81459.0,102.439647,94.153,59.18109367721688,0.8690281238867925,-0.8910130708298976,1.76004119471669
2022-07-28 04:00:00+00:00,103.43,105.29,100.75,105.16,6090516.0,83891.0,103.716101,94.43766666666667,61.25124746542507,1.343466757854273,-0.44411710509306346,1.7875838629473364
2022-07-29 04:00:00+00:00,103.5,106.5499,103.04,105.98,5816897.0,66091.0,105.553112,94.723,62.24586337732739,1.7652808812435694,-0.0022375078257368952,1.7675183890693063
2022-08-01 04:00:00+00:00,104.49,107.34,103.67,106.4,4736833.0,68383.0,106.140781,95.28333333333333,62.7729433309614,2.109149144511605,0.4200398226417315,1.6891093218698734
2022-08-02 04:00:00+00:00,104.71,106.5399,103.66,104.99,4137933.0,62481.0,105.082905,95.78866666666666,59.75678797760051,2.2420470813226245,0.7844412743779101,1.4576058069447144
2022-08-03 04:00:00+00:00,105.74,110.6,105.68,109.01,6088039.0,81017.0,108.477743,96.25,64.93050166919923,2.641302763082564,1.155813572118841,1.485489190963723
2022-08-04 04:00:00+00:00,109.42,111.19,109.03,111.06,5279567.0,85785.0,110.456984,96.82066666666667,67.2432235189082,3.08754236830093,1.542159331355259,1.5453830369456711
2022-08-05 04:00:00+00:00,109.06,111.22,107.44,109.62,4783179.0,65081.0,109.326124,97.36533333333334,64.04805961334284,3.2871028297306992,1.8911480310303472,1.395954798700352
2022-08-08 04:00:00+00:00,109.2,110.36,105.94,107.83,6041462.0,71735.0,108.026034,97.714,60.217663071815366,3.263201734500683,2.1655587717244145,1.0976429627762685
2022-08-09 04:00:00+00:00,103.75,103.97,97.88,99.66,10338454.0,133794.0,100.00233,97.78233333333334,46.53742104294054,2.555550429297682,2.243557103239068,0.3119933260586141
2022-08-10 04:00:00+00:00,102.77,105.13,100.94,105.05,8599758.0,98965.0,103.845888,98.11666666666666,53.967388172440096,2.40197119668224,2.275239921927702,0.12673127475453771
2022-08-11 04:00:00+00:00,105.79,108.91,104.99,105.53,5555622.0,80514.0,106.361563,98.56966666666668,54.57285394420168,2.292563294243564,2.2787045963908747,0.013858697852689339
2022-08-12 04:00:00+00:00,106.2,111.3189,105.76,110.38,6641463.0,82864.0,109.953884,99.21633333333334,60.26048855039227,2.5676133616292987,2.3364863494385597,0.23112701219073895
2022-08-15 04:00:00+00:00,109.8,111.65,107.9978,109.78,8342611.0,93989.0,109.440523,100.0,59.271802146424726,2.705984629676493,2.4103860054861466,0.29559862419034655
2022-08-16 04:00:00+00:00,108.44,109.59,107.01,108.49,4892445.0,70263.0,108.317967,100.74966666666667,57.10257635165148,2.6806517527370772,2.4644391549363327,0.21621259780074453
2022-08-17 04:00:00+00:00,107.0,107.27,104.1201,106.0,5493125.0,71861.0,106.052877,101.39766666666668,53.06553243142457,2.43162284057388,2.4578758920638424,-0.026253051489962598
2022-08-18 04:00:00+00:00,106.68,109.33,105.5,108.27,10062412.0,103743.0,108.350962,101.98166666666667,56.11179138823101,2.3898865379893266,2.4442780212489392,-0.05439148325961263
2022-08-19 04:00:00+00:00,106.63,107.3,103.35,104.63,12380941.0,138643.0,105.06184,102.42966666666668,50.45653198663927,2.0395816110300444,2.3633387392051604,-0.3237571281751159
2022-08-22 04:00:00+00:00,102.795,103.415,100.35,100.81,6179841.0,76814.0,101.404999,102.836,45.296955314498575,1.4371537439134414,2.1781017401468166,-0.7409479962333752
2022-08-23 04:00:00+00:00,101.11,103.31,101.05,101.93,4882311.0,65589.0,102.319149,103.276,47.007942659506625,1.0381330076378958,1.9501079936450325,-0.9119749860071367
2022-08-24 04:00:00+00:00,101.25,102.09,100.14,101.475,4741206.0,62176.0,101.297925,103.68916666666665,46.37336905354331,0.6773830517794153,1.6955630052719093,-1.018179953492494
2022-08-25 04:00:00+00:00,101.97,105.18,101.47,105.0,7645184.0,88970.0,104.183018,104.13349999999998,51.801796291334355,0.6682213136933797,1.4900946669562036,-0.821873353262824
2022-08-26 04:00:00+00:00,105.0,105.0,98.55,98.8,7757087.0,99873.0,100.438315,104.27783333333333,43.46739555973251,0.15884136147562344,1.2238440058600877,-1.0650026443844642
2022-08-29 04:00:00+00:00,97.55,98.71,96.37,96.54,5609706.0,83320.0,97.289815,104.39116666666668,40.88515532611044,-0.42234055392547987,0.8946070939029742,-1.316947647828454
2022-08-30 04:00:00+00:00,97.91,98.28,93.56,94.52,11619802.0,124668.0,94.882445,104.2675,38.673708711635484,-1.0340091138103702,0.5088838523603054,-1.5428929661706756
2022-08-31 04:00:00+00:00,94.705,94.82,92.61,94.07,8726978.0,100427.0,93.93086,103.9955,38.17828920906315,-1.5373504742465798,0.09963698703892837,-1.6369874612855082
2022-09-01 04:00:00+00:00,91.535,91.97,89.03,91.81,9952569.0,134607.0,90.778381,103.5945,35.70450985092337,-2.0944714777308207,-0.3391847059150214,-1.7552867718157992
2022-09-02 04:00:00+00:00,93.15,93.84,90.535,91.24,6794536.0,98894.0,91.98141,103.24683333333333,35.087002872174224,-2.552563757067702,-0.7818605161455576,-1.7707032409221444
2022-09-06 04:00:00+00:00,91.12,91.6,89.22,90.29,5913545.0,89105.0,90.392026,102.88983333333333,34.03061825875254,-2.9581623946442477,-1.2171208918452958,-1.7410415027989519
2022-09-07 04:00:00+00:00,90.57,92.77,89.88,91.94,5559016.0,76140.0,91.57505,102.6575,37.54759874144157,-3.1106039210116876,-1.5958174976785742,-1.5147864233331134
2022-09-08 04:00:00+00:00,91.02,93.83,90.26,93.79,5229806.0,73197.0,92.820312,102.33516666666667,41.32467305871255,-3.0470113400059944,-1.8860562661440583,-1.160955073861936
2022-09-09 04:00:00+00:00,95.12,97.01,95.06,96.51,5096458.0,83206.0,96.382147,102.04683333333334,46.4524362894783,-2.7454842598447726,-2.057941864884201,-0.6875423949605715
2022-09-12 04:00:00+00:00,96.895,97.67,95.24,96.3,5329334.0,73919.0,96.260139,101.72416666666666,46.11733835264252,-2.4947096613156674,-2.1452954241704947,-0.3494142371451727
2022-09-13 04:00:00+00:00,92.43,93.35,90.0,90.39,8411479.0,98338.0,90.987746,101.1905,37.84349388494803,-2.741257087980159,-2.2644877569324278,-0.47676933104773145
2022-09-14 04:00:00+00:00,91.94,91.94,89.6,90.64,5826546.0,78304.0,90.656554,100.71216666666668,38.347379396588565,-2.8832386092930165,-2.3882379274045458,-0.4950006818884707
2022-09-15 04:00:00+00:00,90.035,90.8158,88.09,88.92,7104326.0,105152.0,89.231428,100.0425,36.17456931507809,-3.0988282501017466,-2.530355991943986,-0.5684722581577604
2022-09-16 04:00:00+00:00,87.62,89.35,86.9401,88.87,10880425.0,89576.0,88.466709,99.30283333333334,36.110515352057185,-3.236411834779787,-2.671567160511146,-0.5648446742686408
2022-09-19 04:00:00+00:00,87.85,90.29,87.711,89.72,5260534.0,65013.0,89.423986,98.63950000000001,38.116605156766234,-3.2395167876212128,-2.7851570859331596,-0.4543597016880532
2022-09-20 04:00:00+00:00,88.02,89.02,87.35,88.12,4435667.0,59434.0,88.210381,97.9825,35.83562400157399,-3.332667200387334,-2.8946591088239946,-0.43800809156333953
2022-09-21 04:00:00+00:00,88.37,91.26,87.05,87.09,6949190.0,94053.0,88.642833,97.56349999999999,34.408142031512625,-3.449834421780878,-3.0056941714153713,-0.44414025036550653
2022-09-22 04:00:00+00:00,86.64,86.79,84.59,85.04,8558157.0,108041.0,85.21514,96.89650000000002,31.701465718026043,-3.6658505135076638,-3.1377254398338303,-0.5281250736738334
2022-09-23 04:00:00+00:00,84.19,84.48,82.7,84.29,7384692.0,107974.0,83.669023,96.1885,30.748470537768384,-3.8531468758177425,-3.280809727030613,-0.5723371487871294
2022-09-26 04:00:00+00:00,84.29,85.58,82.84,82.94,7015803.0,74512.0,83.598017,95.27383333333334,29.0553250086965,-4.063670842005777,-3.4373819500256464,-0.6262888919801308
2022-09-27 04:00:00+00:00,84.43,85.18,82.53,84.15,6219494.0,85974.0,83.815117,94.4195,32.63576529675413,-4.085777415606017,-3.5670610431417207,-0.5187163724642967
2022-09-28 04:00:00+00:00,83.0,86.4,82.84,86.0,7984979.0,99411.0,85.482213,93.66983333333333,37.80408680307673,-3.908957467109275,-3.635440327935232,-0.27351713917404297
2022-09-29 04:00:00+00:00,84.75,85.1,83.2,84.42,8542520.0,104697.0,84.064019,92.95049999999999,35.31227155404201,-3.8519166816248145,-3.6787355986731485,-0.173181082951666
2022-09-30 04:00:00+00:00,81.935,84.46,81.53,81.93,9033836.0,113530.0,82.709362,92.0725,31.759423446503163,-3.9619625997595165,-3.735380998890422,-0.2265816008690944
2022-10-03 04:00:00+00:00,83.04,87.6064,83.01,86.25,9631456.0,114912.0,86.251868,91.45983333333334,42.55764648670437,-3.658414956135587,-3.7199877903394554,0.061572834203868165
2022-10-04 04:00:00+00:00,89.12,90.2664,88.4677,89.41,7914936.0,101775.0,89.376872,91.07983333333333,48.9243096138382,-3.126821617613871,-3.6013545557943387,0.47453293818046793
2022-10-05 04:00:00+00:00,87.567,90.17,86.1915,89.22,7608582.0,98598.0,88.400941,90.65616666666666,48.5756915874664,-2.689854510594131,-3.4190545467542974,0.7292000361601665
2022-10-06 04:00:00+00:00,88.98,91.19,87.88,88.12,6683681.0,91649.0,88.958539,90.21100000000001,46.50940897010308,-2.4045970391616294,-3.216163045235764,0.8115660060741345
2022-10-07 04:00:00+00:00,85.17,85.54,82.02,82.6,10029889.0,110593.0,83.149723,89.46433333333334,37.81620696014718,-2.5940437833195062,-3.0917391928525126,0.4976954095330064
2022-10-10 04:00:00+00:00,82.0,82.13,77.355,79.19,14211919.0,180302.0,78.973312,88.81066666666668,33.63389777583738,-2.984931759131868,-3.070377706108384,0.08544594697651586
2022-10-11 04:00:00+00:00,77.74,78.77,74.97,76.3,12436283.0,141744.0,76.686448,88.136,30.550144747803458,-3.487708016430659,-3.1538437681728393,-0.3338642482578198
2022-10-12 04:00:00+00:00,76.55,77.0,75.47,76.01,7761848.0,100736.0,76.237985,87.519,30.25042271095441,-3.8650089813635446,-3.2960768108109804,-0.5689321705525643
2022-10-13 04:00:00+00:00,72.18,81.52,71.12,79.42,17469427.0,217039.0,77.41863,87.03066666666668,37.958226826861306,-3.844546672050413,-3.405770783058867,-0.43877588899154585
2022-10-14 04:00:00+00:00,79.56,79.9,74.59,74.82,10450484.0,136612.0,75.853507,86.46433333333333,32.70744633880909,-4.151654017493968,-3.5549474299458876,-0.5967065875480801
2022-10-17 04:00:00+00:00,77.21,77.89,74.16,74.41,10772296.0,131185.0,75.11089,85.90333333333335,32.27885170313789,-4.377659441787429,-3.719489832314196,-0.6581696094732332
2022-10-18 04:00:00+00:00,76.71,77.44,74.15,75.23,10231029.0,115927.0,75.460241,85.40133333333333,34.13773212567271,-4.439428256355939,-3.863477517122545,-0.5759507392333938
2022-10-19 04:00:00+00:00,75.0,77.79,74.435,77.26,10579176.0,114482.0,76.598178,84.912,38.62888677624595,-4.27529352980585,-3.945840719659206,-0.3294528101466443
2022-10-20 04:00:00+00:00,78.36,82.115,77.21,78.66,13287857.0,143176.0,79.419968,84.40766666666667,41.58721218812074,-3.9862957408585515,-3.953931723899075,-0.03236401695947633
2022-10-21 04:00:00+00:00,78.83,82.65,78.13,82.42,11569492.0,140437.0,81.418012,83.938,48.734649667803055,-3.4145020801065726,-3.846045795140575,0.43154371503400224
2022-10-24 04:00:00+00:00,82.83,85.08,81.9,84.94,12003348.0,136356.0,84.071584,83.55933333333334,52.89479681277214,-2.726578248120191,-3.6221522857364983,0.8955740376163073
2022-10-25 04:00:00+00:00,85.94,88.5,85.75,87.53,10349364.0,120335.0,87.303723,83.464,56.7770435888538,-1.9499247814856204,-3.287706784886323,1.3377820034007026
2022-10-26 04:00:00+00:00,86.47,90.25,85.8,88.14,8980080.0,110415.0,88.577088,83.38066666666667,57.662074791023535,-1.2705532645327793,-2.8842760808156145,1.6137228162828352
2022-10-27 04:00:00+00:00,88.78,89.99,86.37,86.54,6822536.0,91395.0,87.45248,83.30133333333333,54.50932333345484,-0.851438221170497,-2.4777085088865913,1.6262702877160944
2022-10-28 04:00:00+00:00,86.62,89.93,86.46,89.72,6378801.0,88202.0,89.174928,83.32966666666667,59.27527320651112,-0.2596935208590594,-2.034105511281085,1.7744119904220255
2022-10-31 04:00:00+00:00,88.86,89.4,87.66,88.29,6873830.0,86398.0,88.376662,83.282,56.413070345499214,0.09280951808419502,-1.608722505408029,1.701532023492224
2022-11-01 04:00:00+00:00,90.5,90.8,89.0,89.79,6105626.0,81114.0,89.900748,83.33766666666666,58.667607008448016,0.4875875740302291,-1.1894604895203773,1.6770480635506064
2022-11-02 04:00:00+00:00,90.35,93.29,87.53,87.76,10500517.0,141714.0,90.241856,83.36,54.55493100051665,0.6293927452240666,-0.8256898425714886,1.4550825877955553
2022-11-03 04:00:00+00:00,85.96,87.71,84.7,86.3,6849673.0,97181.0,86.436867,83.402,51.74536597748428,0.616853859461699,-0.5371811021648512,1.1540349616265502
2022-11-04 04:00:00+00:00,90.05,91.8,88.84,91.7,8692180.0,114800.0,90.811262,83.64899999999999,59.959003632044514,1.030769503272225,-0.22359098107743594,1.254360484349661
2022-11-07 05:00:00+00:00,92.26,95.12,92.1,95.04,7684161.0,100298.0,94.078692,84.05233333333332,64.0365191623828,1.609754472032364,0.14307810954452407,1.4666763624878398
2022-11-08 05:00:00+00:00,96.98,98.79,94.78,97.46,10062495.0,143151.0,97.279258,84.49600000000001,66.68379873006123,2.238078826792787,0.5620782529941767,1.6760005737986101
2022-11-09 05:00:00+00:00,95.275,96.61,94.24,94.38,6864577.0,93710.0,95.055152,84.77533333333334,60.57249862869148,2.45915256540232,0.9414931154758055,1.5176594499265146
2022-11-10 05:00:00+00:00,100.16,104.89,99.48,104.79,11690933.0,146564.0,103.111469,85.45433333333334,70.43480896986472,3.4347613057328488,1.4401467535272143,1.9946145522056344
2022-11-11 05:00:00+00:00,105.31,110.885,104.79,110.53,11159967.0,167376.0,109.020543,86.40766666666667,74.25831842924313,4.617876286838168,2.0756926601894055,2.5421836266487627
2022-11-14 05:00:00+00:00,108.86,110.23,107.45,107.61,7761669.0,97012.0,108.76213,87.11966666666666,69.3452391494602,5.2592583798769255,2.7124058041269095,2.546852575750016
2022-11-15 05:00:00+00:00,111.17,112.12,108.77,110.46,9412521.0,112469.0,110.255791,87.82133333333333,71.33845765556396,5.9291815766465845,3.3557609586308446,2.57342061801574
2022-11-16 05:00:00+00:00,105.375,107.13,102.99,104.22,12082515.0,148886.0,105.211503,88.32133333333334,61.855198928770584,5.888703379510034,3.8623494428066825,2.026353936703351
2022-11-17 05:00:00+00:00,100.422,105.6,100.21,104.45,10682840.0,153638.0,104.378323,88.86566666666666,62.05542081765158,5.808229539821738,4.251525462209694,1.5567040776120447
2022-11-18 05:00:00+00:00,109.99,110.0,103.645,104.7,10921081.0,137656.0,105.633332,89.60233333333332,62.28714028496687,5.6989326051392055,4.541006890795596,1.1579257143436097
2022-11-21 05:00:00+00:00,103.53,105.91,101.84,105.14,9282393.0,127282.0,103.975035,90.46733333333333,62.718660985564476,5.583455717793754,4.749496656195228,0.8339590615985264
2022-11-22 05:00:00+00:00,105.92,107.29,103.85,107.04,8497185.0,90521.0,106.088876,91.492,64.60219764140894,5.580920199585279,4.915781364873238,0.6651388347120406
2022-11-23 05:00:00+00:00,106.32,108.57,106.32,107.67,4077688.0,62790.0,107.591126,92.54733333333334,65.22948328869053,5.565589862532079,5.0457430644050065,0.5198467981270722
2022-11-25 05:00:00+00:00,106.92,107.5,105.79,105.82,3012477.0,27798.0,106.526404,93.42733333333332,61.76795310674163,5.342575041621103,5.105109459848227,0.23746558177287636
2022-11-28 05:00:00+00:00,104.0,105.09,102.81,103.47,6383452.0,88440.0,103.833865,94.38233333333334,57.58741141589836,4.9194998965584205,5.067987547190266,-0.14848765063184555
2022-11-29 05:00:00+00:00,104.06,104.92,102.9225,103.25,3450382.0,53299.0,103.585644,95.34366666666668,57.1971253437059,4.514418231377576,4.957273684027728,-0.4428554526501518
2022-11-30 05:00:00+00:00,103.97,109.64,102.6601,109.6,11144715.0,99670.0,107.724269,96.48933333333335,64.64513749486434,4.6521529013199086,4.896249527486164,-0.2440966261662556
2022-12-01 05:00:00+00:00,110.15,110.67,105.76,107.01,6976243.0,104006.0,107.497651,97.481,60.054983918447824,4.500439005675645,4.817087423124061,-0.3166484174484161
2022-12-02 05:00:00+00:00,104.32,107.32,104.22,106.71,3903370.0,61951.0,106.049098,98.416,59.52773357102488,4.306356164294215,4.714941171358092,-0.408585007063877
2022-12-05 05:00:00+00:00,106.37,107.69,105.21,106.43,4692694.0,65734.0,106.349302,99.21633333333334,59.00702705339369,4.082885491823944,4.588530035451262,-0.5056445436273176
2022-12-06 05:00:00+00:00,106.82,107.065,103.77,104.71,4590912.0,70832.0,105.077287,99.87533333333334,55.77926471458402,3.7240650448250108,4.415637037326012,-0.6915719925010011
2022-12-07 05:00:00+00:00,104.71,107.65,104.14,106.11,6381075.0,86925.0,106.29892,100.49466666666666,57.802599667736985,3.5121793379759936,4.234945497456009,-0.722766159480015
2022-12-08 05:00:00+00:00,107.04,109.44,106.5,108.61,5493190.0,78095.0,108.33312,101.17699999999999,61.21530550788031,3.5055773814649314,4.089071874257793,-0.5834944927928616
2022-12-09 05:00:00+00:00,107.78,109.74,107.0,107.34,4706689.0,66883.0,108.261317,101.87033333333333,58.621608242902305,3.359144767315641,3.9430864528693625,-0.5839416855537216
2022-12-12 05:00:00+00:00,106.82,109.42,105.64,109.37,4831377.0,68110.0,108.175526,102.52533333333334,61.43439260480279,3.368074830106764,3.828084128316843,-0.4600092982100792
2022-12-13 05:00:00+00:00,115.39,116.09,111.16,111.87,9541587.0,130494.0,113.41533,103.31133333333334,64.62375061889092,3.536118898332205,3.7696910823199157,-0.2335721839877105
2022-12-14 05:00:00+00:00,111.36,112.61,108.55,109.64,6386906.0,93843.0,110.468872,103.97299999999998,59.867712780465716,3.449587967188805,3.7056704592936938,-0.256082492104889
2022-12-15 05:00:00+00:00,107.75,108.02,104.02,104.56,6775217.0,95527.0,105.085994,104.533,50.71172762269599,2.937239369088573,3.55198424125267,-0.6147448721640969
2022-12-16 05:00:00+00:00,104.15,105.93,103.55,104.73,12904512.0,102283.0,104.749824,105.14733333333334,50.98189866070254,2.5159150900175717,3.3447704110056504,-0.8288553209880787
2022-12-19 05:00:00+00:00,104.83,105.06,102.67,103.99,6162500.0,82226.0,103.80762,105.557,49.70469518390065,2.098114984306477,3.095439325665816,-0.9973243413593389
2022-12-20 05:00:00+00:00,102.07,104.605,102.04,103.5,4761804.0,66605.0,103.714907,105.839,48.8323255544591,1.7077802577885706,2.8179075120903674,-1.1101272543017968
2022-12-21 05:00:00+00:00,104.63,106.51,104.2,105.9,4889064.0,70018.0,105.610053,106.12033333333333,53.1678995663819,1.5739535602855028,2.5691167217293946,-0.9951631614438918
2022-12-22 05:00:00+00:00,102.11,102.61,95.97,97.6,11326627.0,149097.0,97.83548,106.22766666666666,40.41419411515409,0.7890585287912586,2.2131050831417673,-1.4240465543505088
2022-12-23 05:00:00+00:00,96.69,97.3878,95.33,97.22,4753535.0,79476.0,96.777015,105.97533333333334,39.94179976277303,0.13480676874543462,1.797445420262501,-1.6626386515170664
2022-12-27 05:00:00+00:00,96.18,96.84,95.17,95.34,6121361.0,88904.0,95.856426,105.469,37.60016345853483,-0.5292914109912772,1.3320980540117455,-1.8613894650030227
2022-12-28 05:00:00+00:00,94.67,95.78,93.675,94.225,4273957.0,60245.0,94.454842,105.02283333333334,36.2430436902266,-1.1325103106597396,0.8391763810774485,-1.971686691737188
2022-12-29 05:00:00+00:00,96.05,97.64,95.13,97.14,5071960.0,69674.0,96.956103,104.57883333333334,42.12433649620607,-1.3596759977428974,0.3994059053133794,-1.7590819030562768
2022-12-30 05:00:00+00:00,95.6,97.48,95.03,97.38,3405633.0,50832.0,96.682478,104.35083333333333,42.59386386043958,-1.5030146300987326,0.01892179823095702,-1.5219364283296897
2023-01-03 05:00:00+00:00,99.77,100.02,96.12,96.73,5909308.0,81941.0,97.408674,104.09349999999999,41.609303891651884,-1.6500404573849323,-0.3148706528922209,-1.3351698044927114
2023-01-04 05:00:00+00:00,98.215,99.62,97.19,99.31,6284743.0,89051.0,98.873591,103.91383333333333,46.859899153452076,-1.5406157869409611,-0.560019679701969,-0.9805961072389922
2023-01-05 05:00:00+00:00,97.84,99.24,97.36,97.92,4546656.0,59104.0,98.275917,103.67316666666666,44.53631224769071,-1.5482105233516137,-0.757657848431898,-0.7905526749197157
2023-01-06 05:00:00+00:00,100.0,104.855,98.58,104.27,7240936.0,99159.0,103.12545,103.58083333333333,55.41325711034208,-1.0299646840910128,-0.8121192155637209,-0.21784546852729192
