timestamp,open,high,low,close,volume,trade_count,vwap,30sma,rsi,macd,signal,histogram
2022-01-03 05:00:00+00:00,398.95,403.18,390.5,395.49,377229.0,14057.0,394.959471,,,,,
2022-01-04 05:00:00+00:00,394.89,397.01,384.29,391.1,314571.0,12680.0,389.763937,,,,,
2022-01-05 05:00:00+00:00,390.0,394.02,376.64,376.68,354981.0,16746.0,384.441171,,,,,
2022-01-06 05:00:00+00:00,366.85,375.045,366.53,368.88,435103.0,16290.0,370.56614,,,,,
2022-01-07 05:00:00+00:00,367.76,369.195,359.06,362.08,464359.0,15741.0,362.951181,,,,,
2022-01-10 05:00:00+00:00,355.53,364.01,350.6,363.18,492729.0,16624.0,357.067871,,,,,
2022-01-11 05:00:00+00:00,361.78,370.49,358.24,369.34,413037.0,13633.0,367.505302,,,,,
2022-01-12 05:00:00+00:00,369.74,373.75,367.05,370.15,413089.0,11597.0,369.981637,,,,,
2022-01-13 05:00:00+00:00,369.66,372.11,351.4,352.08,326418.0,11247.0,357.052696,,,,,
2022-01-14 05:00:00+00:00,350.58,354.62,343.01,348.54,574683.0,17375.0,347.691628,,,,,
2022-01-18 05:00:00+00:00,340.0,343.0,334.9,337.54,698624.0,17965.0,338.932866,,,,,
2022-01-19 05:00:00+00:00,338.45,345.14,337.01,337.1,516143.0,16557.0,340.657375,,,,,
2022-01-20 05:00:00+00:00,339.34,345.635,332.64,333.32,502782.0,14639.0,339.09494,,,,,
2022-01-21 05:00:00+00:00,331.79,337.78,325.18,325.74,488167.0,15846.0,329.582588,,,,,
2022-01-24 05:00:00+00:00,322.35,335.36,313.71,334.77,772298.0,25184.0,326.71091,,18.015170670037904,,,
2022-01-25 05:00:00+00:00,326.1,328.79,320.3,321.61,471088.0,16073.0,323.449724,,15.674799041037915,,,
2022-01-26 05:00:00+00:00,327.34,331.97,312.37,318.07,625982.0,20119.0,321.25151,,15.106291334647793,,,
2022-01-27 05:00:00+00:00,322.83,322.91,307.18,309.62,701511.0,21029.0,312.321169,,13.817990211360396,,,
2022-01-28 05:00:00+00:00,311.62,323.05,304.42,322.77,516448.0,16315.0,317.731604,,24.595328365587577,,,
2022-01-31 05:00:00+00:00,321.98,340.1,321.98,340.01,773059.0,20846.0,336.282241,,35.910872506930716,,,
2022-02-01 05:00:00+00:00,341.07,342.86,332.86,337.37,486145.0,17555.0,336.495482,,35.04363571168919,,,
2022-02-02 05:00:00+00:00,339.4,340.02,334.26,338.17,500887.0,14071.0,337.612554,,35.55155525530036,,,
2022-02-03 05:00:00+00:00,330.73,333.98,323.62,325.08,433523.0,15766.0,327.291801,,31.246236826728747,,,
2022-02-04 05:00:00+00:00,323.62,330.2219,321.02,326.79,469541.0,12200.0,326.709097,,32.397958741923645,,,
2022-02-07 05:00:00+00:00,329.41,333.96,326.79,329.73,484298.0,12538.0,330.744479,,34.431633165432274,,,
2022-02-08 05:00:00+00:00,328.58,333.735,325.21,330.09,338597.0,11129.0,329.466705,,34.69071466502419,-12.372224550405633,,
2022-02-09 05:00:00+00:00,337.64,342.77,335.5,341.47,397983.0,11389.0,340.151891,,42.43411426369437,-10.735980492902854,,
2022-02-10 05:00:00+00:00,332.67,341.23,329.78,333.01,496270.0,14835.0,334.555417,,38.755355965090736,-10.006547336820631,,
2022-02-11 05:00:00+00:00,333.01,337.18,317.06,319.02,416995.0,11680.0,322.284027,,33.57216203143895,-10.437030791892255,,
2022-02-14 05:00:00+00:00,319.85,323.03,314.22,317.12,368651.0,13061.0,318.426484,342.53066666666666,32.928063238291784,-10.806930583849862,,
2022-02-15 05:00:00+00:00,322.12,325.72,319.6476,325.22,421563.0,11900.0,323.77106,340.18833333333333,38.35766937149155,-10.327428362917999,,
2022-02-16 05:00:00+00:00,323.43,325.115,315.29,323.6,479315.0,14310.0,321.303883,337.93833333333333,37.700333473469435,-9.963289262610488,,
2022-02-17 05:00:00+00:00,320.48,321.13,309.09,310.79,546152.0,14605.0,312.572973,335.742,32.89924345729466,-10.58633367960482,,
2022-02-18 05:00:00+00:00,310.03,313.045,298.9,299.57,904616.0,24432.0,303.014792,333.4316666666667,29.37112143991959,-11.848874648137667,-10.78718218990469,-1.0616924582329759
2022-02-22 05:00:00+00:00,300.77,307.63,297.59,302.99,1054146.0,23968.0,302.6996,331.46200000000005,31.772897681851546,-12.430194499288575,-11.115784651781468,-1.3144098475071075
2022-02-23 05:00:00+00:00,306.04,308.64,295.44,297.08,1076395.0,24808.0,299.960217,329.25866666666667,29.88184470104123,-13.215442878403508,-11.535716297105877,-1.679726581297631
2022-02-24 05:00:00+00:00,281.41,317.62,278.22,316.49,1132882.0,30806.0,306.674221,327.497,42.075453378892334,-12.131686561431934,-11.65491034997109,-0.4767762114608445
2022-02-25 05:00:00+00:00,311.23,325.25,311.23,324.38,1065380.0,29846.0,320.11839,325.97133333333335,46.17312445225406,-10.514935184187209,-11.426915316814314,0.9119801326271055
2022-02-28 05:00:00+00:00,320.0,328.67,319.81,324.19,867322.0,19046.0,323.817931,325.0416666666667,46.08857146048885,-9.143578006184214,-10.970247854688294,1.8266698485040802
2022-03-01 05:00:00+00:00,322.85,333.83,315.98,318.23,596503.0,18022.0,320.571721,324.03133333333335,43.40358173958966,-8.44039414300596,-10.464277112351828,2.023882969345868
2022-03-02 05:00:00+00:00,319.34,325.8,314.94,323.25,438444.0,14614.0,321.361865,323.55500000000006,46.24422470086594,-7.392823946578517,-9.849986479197167,2.45716253261865
2022-03-03 05:00:00+00:00,325.82,326.5,314.14,316.24,420529.0,15130.0,318.051636,322.85966666666667,42.99872018961666,-7.047031639444981,-9.28939551124673,2.2423638718017482
2022-03-04 05:00:00+00:00,315.0,316.15,258.0,311.37,459184.0,14293.0,311.787219,322.128,40.85360449133123,-7.0842937163125725,-8.848375152259898,1.7640814359473254
2022-03-07 05:00:00+00:00,310.62,313.56,305.74,305.87,554670.0,18795.0,308.851367,321.4656666666667,38.516589855009535,-7.4715013980029426,-8.573000401408507,1.1014990034055643
2022-03-08 05:00:00+00:00,303.02,309.43,295.94,298.95,553456.0,19649.0,302.15144,320.27166666666665,35.74591502654239,-8.241746716728983,-8.506749664472602,0.26500294774361954
2022-03-09 05:00:00+00:00,307.69,313.765,305.77,312.33,380390.0,14611.0,310.928202,319.9623333333333,44.11650371005824,-7.683941804429082,-8.342188092463898,0.6582462880348157
2022-03-10 05:00:00+00:00,304.5,307.95,297.97,303.56,437612.0,15383.0,301.868199,319.4786666666667,40.40133031860185,-7.858950014969878,-8.245540476965093,0.3865904619952154
2022-03-11 05:00:00+00:00,307.61,308.1,293.24,293.62,667633.0,18634.0,298.039365,318.9453333333333,36.63557193858443,-8.699438498841175,-8.336320081340311,-0.36311841750086415
2022-03-14 04:00:00+00:00,297.08,301.07,287.72,289.94,652831.0,16163.0,291.594521,317.851,35.32289110053898,-9.552363225534236,-8.579528710179098,-0.9728345153551388
2022-03-15 04:00:00+00:00,293.68,299.2,290.5906,298.09,577764.0,16535.0,295.401645,316.45366666666666,40.4148909446362,-9.461607803706443,-8.755944528884568,-0.705663274821875
2022-03-16 04:00:00+00:00,303.71,312.175,297.4832,310.92,525093.0,18287.0,308.113967,315.572,47.431354891297296,-8.259202754653813,-8.656596174038418,0.3973934193846045
2022-03-17 04:00:00+00:00,309.45,314.99,307.15,309.63,807498.0,20093.0,309.564898,314.62066666666664,46.834194013951304,-7.3259315309840645,-8.390463245427547,1.0645317144434827
2022-03-18 04:00:00+00:00,310.13,319.46,307.155,318.6,1104838.0,20379.0,316.069351,314.4046666666666,51.41474497879581,-5.795694173054983,-7.871509430953035,2.0758152578980518
2022-03-21 04:00:00+00:00,315.71,317.7391,305.12,310.65,622934.0,19162.0,309.67595,313.8666666666667,47.50803015897966,-5.164930497491639,-7.330193644260756,2.1652631467691172
2022-03-22 04:00:00+00:00,311.04,319.79,309.2275,317.39,426731.0,14803.0,316.927186,313.4553333333334,50.91340103647585,-4.074219008118746,-6.678998717032354,2.6047797089136084
2022-03-23 04:00:00+00:00,315.52,315.52,306.4,306.43,455292.0,12558.0,308.028217,312.6666666666667,45.71934223889706,-4.04754511749195,-6.152707997124274,2.1051628796323243
2022-03-24 04:00:00+00:00,307.79,311.27,302.79,310.96,468044.0,12097.0,308.725679,311.64966666666663,48.077135528370775,-3.6191533784824514,-5.64599707339591,2.0268436949134587
2022-03-25 04:00:00+00:00,311.76,312.18,305.22,308.97,481585.0,15557.0,307.963362,310.8483333333333,47.10907009084094,-3.4010213507286835,-5.197001928862465,1.7959805781337819
2022-03-28 04:00:00+00:00,310.25,318.4,310.25,318.4,727741.0,23728.0,315.625027,310.8276666666667,52.037527354475614,-2.4391113990615167,-4.645423822902276,2.2063124238407594
2022-03-29 04:00:00+00:00,323.23,328.94,323.12,327.65,411523.0,15222.0,326.510577,311.1786666666667,56.33558433085466,-0.919790366854329,-3.900297131692687,2.980506764838358
2022-03-30 04:00:00+00:00,325.58,326.75,318.86,320.31,379784.0,13769.0,322.373833,311.01500000000004,52.32833357939387,-0.3044842548190445,-3.1811345563179585,2.876650301498914
2022-03-31 04:00:00+00:00,321.19,323.02,317.42,317.65,415844.0,14200.0,319.081448,310.81666666666666,50.91488902395539,-0.031130642770619943,-2.551133773608491,2.520003130837871
2022-04-01 04:00:00+00:00,317.36,318.43,312.02,316.49,362652.0,13566.0,315.811775,311.0066666666666,50.27710567430842,0.09085444521906538,-2.0227361298429796,2.113590575062045
2022-04-04 04:00:00+00:00,316.95,323.95,315.42,323.21,542727.0,12662.0,321.938753,311.79466666666667,53.88124766607574,0.7214598053794248,-1.4738969427984987,2.1953567481779235
2022-04-05 04:00:00+00:00,322.43,324.54,317.72,319.06,473183.0,17075.0,320.049359,312.33033333333333,51.40325716195934,0.8762479387771123,-1.0038679664833765,1.8801159052604888
2022-04-06 04:00:00+00:00,313.57,316.4,309.16,311.55,515834.0,15761.0,312.466062,312.81266666666664,47.17509798550344,0.3884466422792343,-0.7254050447308544,1.1138516870100887
2022-04-07 04:00:00+00:00,310.64,314.09,305.996,311.11,343251.0,15839.0,310.625893,312.6333333333333,46.93152853750261,-0.033260318136797196,-0.5869760994120431,0.5537157812752459
2022-04-08 04:00:00+00:00,309.0,309.0,302.82,303.01,310531.0,11940.0,304.947313,311.921,42.57371562236096,-1.009432320535268,-0.6714673436366881,-0.33796497689857985
2022-04-11 04:00:00+00:00,299.66,301.25,294.2,294.7,328061.0,12174.0,296.235887,310.93800000000005,38.61246683698175,-2.425641925599109,-1.0223022600291722,-1.4033396655699368
2022-04-12 04:00:00+00:00,301.15,303.89,289.3,291.16,460210.0,15672.0,293.190769,310.03566666666666,37.0317582296236,-3.789958374858884,-1.5758334829951146,-2.2141248918637695
2022-04-13 04:00:00+00:00,291.08,297.83,290.1859,295.8,421850.0,12330.0,295.505453,309.12066666666664,40.47167050346554,-4.445534414878864,-2.1497736693718648,-2.2957607455069993
2022-04-14 04:00:00+00:00,300.45,300.67,281.9,282.33,492791.0,16431.0,286.64542,307.9903333333333,34.56785786523787,-5.983030920138049,-2.916425119525102,-3.0666058006129466
2022-04-18 04:00:00+00:00,280.73,283.305,277.59,281.66,324441.0,14174.0,280.727463,307.0,34.29983897336503,-7.172886804085977,-3.7677174564372775,-3.405169347648699
2022-04-19 04:00:00+00:00,280.89,292.57,280.5,291.46,515551.0,14086.0,289.264453,306.5196666666667,41.450586507332375,-7.241601393457302,-4.462494243841283,-2.779107149616019
2022-04-20 04:00:00+00:00,292.85,295.795,290.811,291.25,375981.0,14230.0,292.827479,306.26300000000003,41.34673706810353,-7.229664374948129,-5.015928270062652,-2.213736104885477
2022-04-21 04:00:00+00:00,294.78,297.63,282.765,284.19,361437.0,12386.0,287.853803,305.325,37.908178090513566,-7.701113555603968,-5.552965327170915,-2.148148228433053
2022-04-22 04:00:00+00:00,283.41,285.26,275.94,276.52,350064.0,13425.0,279.253099,304.42366666666663,34.54679264750729,-8.594572445797553,-6.161286750896243,-2.4332856949013104
2022-04-25 04:00:00+00:00,275.83,282.49,274.12,282.16,407827.0,15324.0,279.258541,304.0416666666667,38.84128818152487,-8.74671747434462,-6.678372895585919,-2.068344578758702
2022-04-26 04:00:00+00:00,279.47,280.66,270.46,270.61,705193.0,18642.0,272.699137,303.39733333333334,33.931410235964876,-9.687609249139655,-7.280220166296666,-2.4073890828429887
2022-04-27 04:00:00+00:00,271.11,276.96,268.37,269.43,566866.0,17593.0,271.391125,302.442,33.46596865657574,-10.408506118290859,-7.905877356695505,-2.5026287615953535
2022-04-28 04:00:00+00:00,272.78,289.46,272.78,287.31,626073.0,19183.0,283.868593,301.655,45.634927671378456,-9.42837111699015,-8.210376108754435,-1.2179950082357145
2022-04-29 04:00:00+00:00,283.15,288.44,275.215,275.69,542000.0,18368.0,278.733535,300.5236666666667,40.45625390548211,-9.479964821190492,-8.464293851241647,-1.0156709699488449
2022-05-02 04:00:00+00:00,275.62,282.65,272.31,279.93,451315.0,16430.0,277.758997,299.23466666666667,42.99813182192007,-9.07411983364159,-8.586259047721637,-0.48786078591995263
2022-05-03 04:00:00+00:00,279.93,283.89,277.09,279.91,381162.0,12938.0,279.842513,298.21000000000004,42.98880952835669,-8.654336782614507,-8.59987459470021,-0.05446218791429658
2022-05-04 04:00:00+00:00,279.81,288.87,271.39,288.71,788609.0,24161.0,280.270398,297.25399999999996,48.30010219209774,-7.524827705227267,-8.384865216805622,0.860037511578355
2022-05-05 04:00:00+00:00,290.0,292.99,268.581,272.67,902484.0,26695.0,273.806342,296.1286666666667,40.832917266401914,-7.833675833140717,-8.274627340072641,0.4409515069319241
2022-05-06 04:00:00+00:00,266.91,270.16,259.5,261.59,674581.0,22035.0,263.279688,294.483,36.621180004899585,-8.870252846940218,-8.393752441446157,-0.47650040549406114
2022-05-09 04:00:00+00:00,257.84,258.324,248.01,249.17,695182.0,26587.0,250.854619,292.48966666666666,32.5662352903373,-10.572069563199761,-8.829415865796879,-1.7426536974028828
2022-05-10 04:00:00+00:00,255.81,257.52,240.8,250.64,758558.0,25327.0,249.067288,290.231,33.50471284782705,-11.667657365816751,-9.397064165800854,-2.270593200015897
2022-05-11 04:00:00+00:00,246.79,254.08,237.66,238.75,840415.0,24816.0,243.333706,287.2676666666666,29.882212482013088,-13.341549150023013,-10.185961162645286,-3.155587987377727
2022-05-12 04:00:00+00:00,234.39,241.42,230.72,240.54,889971.0,27270.0,238.12731,284.6086666666667,31.090136965996095,-14.358170358161601,-11.02040300174855,-3.3377673564130514
2022-05-13 04:00:00+00:00,246.49,254.74,244.37,254.6,551087.0,19339.0,251.668149,282.507,39.8546996479556,-13.869447141083128,-11.590211829615466,-2.2792353114676622
2022-05-16 04:00:00+00:00,251.98,252.95,246.29,247.99,430030.0,14530.0,248.625973,280.2236666666667,37.4435367600566,-13.85578140529708,-12.04332574475179,-1.8124556605452895
2022-05-17 04:00:00+00:00,254.43,255.435,246.85,252.94,709299.0,20088.0,251.13168,277.8813333333334,40.353710163129115,-13.292302194578099,-12.293121034717053,-0.9991811598610454
2022-05-18 04:00:00+00:00,248.83,250.74,240.85,242.27,511264.0,18163.0,243.513067,275.32166666666666,36.42058717165561,-13.550518742367188,-12.544600576247081,-1.0059181661201073
2022-05-19 04:00:00+00:00,243.09,252.66,243.01,248.0,658161.0,18909.0,248.492232,273.2033333333333,39.813169653925364,-13.141309271348803,-12.663942315267427,-0.4773669560813758
2022-05-20 04:00:00+00:00,252.83,253.765,244.15,252.15,455692.0,16379.0,249.015933,271.238,42.21800099401185,-12.33989091916797,-12.599132036047536,0.25924111687956497
2022-05-23 04:00:00+00:00,253.16,255.19,248.71,254.43,384973.0,13988.0,253.213621,269.6186666666667,43.552443092212066,-11.389493168380568,-12.357204262514141,0.9677110941335734
2022-05-24 04:00:00+00:00,249.77,252.14,245.6994,248.22,441343.0,13288.0,248.681603,268.0693333333333,40.78935073884172,-11.010469367411702,-12.087857283493655,1.0773879160819533
2022-05-25 04:00:00+00:00,245.95,251.12,245.925,247.36,455311.0,19585.0,247.908405,266.6093333333334,40.407026959284806,-10.656641952209213,-11.801614217236766,1.144972265027553
2022-05-26 04:00:00+00:00,248.2,255.0,247.71,252.95,413186.0,15107.0,252.406853,265.181,44.0762875175209,-9.812057601811716,-11.403702894151756,1.59164529234004
2022-05-27 04:00:00+00:00,257.39,265.31,257.03,264.62,576853.0,17793.0,262.41876,264.59066666666666,50.87641817440705,-8.107587724983887,-10.744479860318183,2.6368921353342962
2022-05-31 04:00:00+00:00,263.7,263.7,256.19,260.36,664442.0,15968.0,260.699926,263.8806666666667,48.55538120697468,-7.019611750546318,-9.99950623836381,2.979894487817493
2022-06-01 04:00:00+00:00,262.89,265.01,253.38,254.92,397777.0,14272.0,257.049527,262.66266666666667,45.68889306540052,-6.521173460026375,-9.303839682696324,2.782666222669949
2022-06-02 04:00:00+00:00,254.68,266.95,254.0876,266.75,339719.0,14274.0,263.954299,261.846,52.2856745450552,-5.112640059077364,-8.465599757972532,3.3529596988951678
2022-06-03 04:00:00+00:00,260.42,261.33,256.46,259.09,293398.0,13084.0,258.504859,261.0093333333333,48.20298735269986,-4.5618786758942065,-7.684855541556868,3.122976865662661
2022-06-06 04:00:00+00:00,264.56,267.11,257.615,258.92,559807.0,14046.0,260.39198,260.42266666666666,48.11319642953157,-4.091944501880164,-6.966273333621527,2.874328831741363
2022-06-07 04:00:00+00:00,256.01,264.11,256.01,263.26,575667.0,11527.0,262.515399,259.79266666666666,50.64103877790505,-3.3309197843263405,-6.23920262376249,2.9082828394361497
2022-06-08 04:00:00+00:00,262.6,263.2325,258.59,258.83,296334.0,11092.0,259.883215,259.4,48.0668667797706,-3.0501064610653543,-5.601383391223064,2.5512769301577096
2022-06-09 04:00:00+00:00,256.0,259.245,250.77,250.81,285106.0,11713.0,253.720087,258.7793333333333,43.73278214108861,-3.4351090543957525,-5.168128523857602,1.7330194694618495
2022-06-10 04:00:00+00:00,245.26,245.26,241.33,241.87,450903.0,16923.0,242.804424,257.2646666666667,39.46136920642866,-4.410765114077435,-5.016655841901569,0.6058907278241339
2022-06-13 04:00:00+00:00,232.8,235.95,229.33,230.57,553686.0,20778.0,231.861289,255.76066666666665,34.83061996209716,-6.02632738175879,-5.218590149873013,-0.8077372318857767
2022-06-14 04:00:00+00:00,232.77,233.29,227.29,229.76,558950.0,17807.0,229.841667,254.08833333333334,34.51792916011445,-7.288020584281128,-5.632476236754637,-1.655544347526491
2022-06-15 04:00:00+00:00,234.34,242.8,233.095,238.75,536787.0,16372.0,237.580059,252.71633333333335,40.86347596202438,-7.476321291849558,-6.001245247773621,-1.4750760440759372
2022-06-16 04:00:00+00:00,231.36,235.35,225.92,227.7,579596.0,19535.0,228.238197,250.68266666666668,36.21773298983028,-8.420131575080092,-6.485022513234915,-1.9351090618451767
2022-06-17 04:00:00+00:00,229.01,235.3,228.62,232.6,945279.0,18646.0,232.258063,249.347,39.502293509414685,-8.672744969917886,-6.922567004571509,-1.750177965346377
2022-06-21 04:00:00+00:00,237.94,240.8,234.97,235.33,922456.0,21536.0,237.006149,248.47166666666666,41.31551907988658,-8.554048969065292,-7.248863397470266,-1.3051855715950262
2022-06-22 04:00:00+00:00,232.75,237.665,231.9,235.58,1026463.0,24197.0,235.19033,248.0186666666667,41.48846743779873,-8.343628467325289,-7.467816411441271,-0.8758120558840172
2022-06-23 04:00:00+00:00,239.99,247.0,236.24,246.54,818393.0,19322.0,243.267076,247.882,48.63529353841181,-7.209383020465452,-7.416129733246108,0.2067467127806557
2022-06-24 04:00:00+00:00,249.07,257.88,247.06,257.04,581925.0,17797.0,254.805393,248.49166666666667,54.38379118156682,-5.4009641316668535,-7.013096612930258,1.6121324812634041
2022-06-27 04:00:00+00:00,255.45,256.39,249.93,250.8,465481.0,15281.0,251.589751,248.83366666666663,50.74886297587783,-4.420340054896826,-6.494545301323572,2.0742052464267458
2022-06-28 04:00:00+00:00,250.75,251.75,239.94,240.14,534902.0,15932.0,243.669242,248.35166666666666,45.191823046769386,-4.452040962784707,-6.0860444336157995,1.6340034708310922
2022-06-29 04:00:00+00:00,240.97,242.42,237.11,241.46,365304.0,13502.0,241.032087,248.13400000000001,45.98062533772653,-4.320843201582534,-5.733004187209147,1.4121609856266133
2022-06-30 04:00:00+00:00,238.9,243.25,235.38,239.29,430520.0,14258.0,239.269438,247.679,44.838165021493054,-4.341917967574176,-5.454786943282153,1.1128689757079773
2022-07-01 04:00:00+00:00,239.0,242.56,235.71,240.19,409620.0,13197.0,238.818194,247.6096666666667,45.44361641546324,-4.237154117937138,-5.211260378213151,0.9741062602760131
2022-07-05 04:00:00+00:00,236.53,245.79,236.127,245.19,411897.0,14952.0,243.117931,247.51600000000002,48.80545200083139,-3.70792712328776,-4.910593727228073,1.2026666039403127
2022-07-06 04:00:00+00:00,248.1,250.08,244.26,247.42,616870.0,15172.0,247.164691,247.35833333333332,50.277109688068066,-3.0731432713739935,-4.543103636057257,1.4699603646832635
2022-07-07 04:00:00+00:00,246.67,253.0074,246.35,252.34,331018.0,11870.0,251.51331,247.28866666666667,53.456110825403904,-2.148305287437296,-4.0641439663332655,1.9158386788959696
2022-07-08 04:00:00+00:00,248.99,251.46,246.46,249.65,245142.0,10736.0,249.3273,247.33633333333333,51.51676714168353,-1.6138219064334862,-3.5740795543533097,1.9602576479198235
2022-07-11 04:00:00+00:00,246.26,248.19,242.53,244.34,321877.0,10297.0,245.203153,247.23566666666665,47.8281157126959,-1.6002657314996327,-3.1793167897825745,1.5790510582829418
2022-07-12 04:00:00+00:00,245.63,248.01,237.0,238.6,420672.0,13460.0,240.149179,246.75733333333335,44.14822972106632,-2.029299888101292,-2.9493134094463183,0.9200135213450262
2022-07-13 04:00:00+00:00,233.53,236.9965,232.19,234.47,292183.0,10956.0,234.538813,245.75233333333333,41.6643069046372,-2.6717705248906327,-2.8938048325351815,0.2220343076445488
2022-07-14 04:00:00+00:00,232.68,235.315,227.73,234.4,222803.0,10082.0,232.879007,244.88700000000003,41.621562836036205,-3.1502672286441964,-2.9450973117569847,-0.20516991688721165
2022-07-15 04:00:00+00:00,238.8,241.7,237.04,240.79,459619.0,16318.0,240.337804,244.41600000000003,46.96993206559818,-2.979513737526446,-2.9519805969108774,-0.027533140615568552
2022-07-18 04:00:00+00:00,243.38,243.97,235.74,236.93,405764.0,13828.0,239.248919,243.422,44.328019874732284,-3.119698167704513,-2.985524111069605,-0.1341740566349081
2022-07-19 04:00:00+00:00,241.39,248.06,240.21,247.86,521583.0,15117.0,245.70309,243.0476666666667,52.47886742173082,-2.3220683261892816,-2.8528329540935404,0.5307646279042588
2022-07-20 04:00:00+00:00,249.81,259.22,248.685,257.08,637302.0,18675.0,256.659014,242.98633333333333,58.057365072613386,-0.9351837685783266,-2.4693031169904978,1.5341193484121711
2022-07-21 04:00:00+00:00,257.0,260.89,255.95,260.17,317416.0,13558.0,259.211068,242.88333333333333,59.762179690024595,0.40855978816617267,-1.8937305359591636,2.3022903241253365
2022-07-22 04:00:00+00:00,260.57,265.0735,258.0,260.17,447952.0,14242.0,260.101367,242.928,59.7621796900246,1.4566943720752192,-1.2236455543522873,2.6803399264275063
2022-07-25 04:00:00+00:00,258.33,259.37,255.2,257.92,319694.0,11983.0,257.557772,243.16500000000002,57.77889929115401,2.0817947512395847,-0.5625574932339128,2.6443522444734975
2022-07-26 04:00:00+00:00,257.93,258.76,252.4,253.75,302249.0,11694.0,254.357029,243.561,54.18958307877531,2.215172031197511,-0.007011588347627995,2.222183619545139
2022-07-27 04:00:00+00:00,258.07,267.66,258.07,265.12,436251.0,15487.0,262.788973,244.71266666666668,61.25678095658924,3.2014343214073335,0.6346775936033644,2.566756727803969
2022-07-28 04:00:00+00:00,264.44,277.25,263.36,276.395,451548.0,16660.0,273.376468,246.26716666666664,66.7368621387236,4.837093559361961,1.4751607867550836,3.361932772606877
2022-07-29 04:00:00+00:00,275.93,280.77,275.05,278.99,448354.0,14775.0,278.681315,247.60849999999996,67.86352761790964,6.2704779360003045,2.434224216604128,3.8362537193961765
2022-08-01 04:00:00+00:00,275.42,281.215,274.42,279.21,404215.0,13259.0,278.64793,249.32549999999998,67.9626014628638,7.339591303041772,3.415297633891657,3.9242936691501145
2022-08-02 04:00:00+00:00,274.99,277.78,273.465,276.1,452805.0,13583.0,276.015731,250.77550000000002,64.91587059459974,7.84548250168632,4.30133460745059,3.5441478942357296
2022-08-03 04:00:00+00:00,276.18,283.35,276.18,282.14,722175.0,22796.0,281.19261,252.33583333333337,67.92342391707814,8.634252158724792,5.1679181177054305,3.466334041019361
2022-08-04 04:00:00+00:00,288.93,293.58,282.25,292.63,846487.0,23233.0,289.536103,254.2375,72.35574096589991,9.990647164567179,6.132463927077781,3.8581832374893974
2022-08-05 04:00:00+00:00,286.68,292.41,283.265,285.48,473948.0,15654.0,286.389696,255.53549999999998,65.69266267907935,10.3691259051609,6.979796322694405,3.3893295824664946
2022-08-08 04:00:00+00:00,285.99,287.53,278.86,282.65,496181.0,15552.0,282.91127,256.38916666666665,63.21145682410826,10.321733170239668,7.648183692203458,2.67354947803621
2022-08-09 04:00:00+00:00,281.17,281.29,277.99,279.23,468291.0,15390.0,279.524644,257.33683333333335,60.24985744937934,9.894155008460984,8.097377955454963,1.7967770530060214
2022-08-10 04:00:00+00:00,287.41,289.76,285.85,287.2,549259.0,17587.0,287.350355,258.9055,64.43206912558969,10.082187445717409,8.494339853507451,1.5878475922099575
2022-08-11 04:00:00+00:00,290.51,290.51,279.73,280.14,478802.0,15273.0,282.626727,260.19483333333335,58.554980701801796,9.551418700596798,8.705755622925322,0.8456630776714764
2022-08-12 04:00:00+00:00,283.49,285.07,280.38,284.57,511520.0,16013.0,283.819408,261.70416666666665,60.96122666480198,9.380116479199216,8.8406277941801,0.5394886850191156
2022-08-15 04:00:00+00:00,284.39,286.865,283.085,286.36,400174.0,12820.0,285.616432,263.24316666666664,61.92319798852154,9.281801445577742,8.92886252445963,0.35293892111811154
2022-08-16 04:00:00+00:00,283.77,284.85,279.96,283.72,461123.0,14700.0,282.8051,264.5275,59.5909131828028,8.888400191936114,8.920770057954927,-0.0323698660188132
2022-08-17 04:00:00+00:00,282.22,282.37,278.75,279.99,288246.0,11412.0,280.125975,265.61316666666664,56.36096036164868,8.181337669089373,8.772883580181817,-0.5915459110924441
2022-08-18 04:00:00+00:00,280.0,281.3496,277.7,279.88,279958.0,10788.0,280.017967,266.53116666666665,56.26410668697093,7.5253617589491455,8.523379215935284,-0.9980174569861386
2022-08-19 04:00:00+00:00,275.95,275.99,270.87,271.62,304890.0,11200.0,272.259231,267.26349999999996,49.39926882250546,6.266744031529356,8.072052179054099,-1.8053081475247428
2022-08-22 04:00:00+00:00,268.05,268.38,262.02,262.76,401034.0,12837.0,263.684036,267.8775,43.29695462521058,4.502451008262824,7.3581319448958435,-2.8556809366330196
2022-08-23 04:00:00+00:00,261.53,262.95,257.96,259.36,311295.0,11694.0,259.890669,268.5695,41.193963211760824,2.797635095352973,6.44603257498727,-3.648397479634297
2022-08-24 04:00:00+00:00,261.37,262.05,258.66,260.46,290752.0,9179.0,260.403114,269.43583333333333,42.17257945729983,1.517820518624717,5.460390163714759,-3.9425696450900425
2022-08-25 04:00:00+00:00,262.68,267.42,261.89,267.21,394222.0,12297.0,265.268878,270.5295,47.90195996181503,1.036281228952987,4.575568376762406,-3.5392871478094188
2022-08-26 04:00:00+00:00,267.5,268.42,254.29,254.31,367665.0,12683.0,257.244143,270.98016666666666,39.78856306771556,-0.3818624450513539,3.5840822123996543,-3.965944657451008
2022-08-29 04:00:00+00:00,251.95,253.95,250.7,251.16,297576.0,10819.0,252.163419,271.4545,38.09192994294274,-1.7398740136296738,2.519290967193789,-4.259164980823463
2022-08-30 04:00:00+00:00,253.29,254.4131,246.46,249.79,360071.0,13210.0,249.497135,271.5188333333333,37.346049783228615,-2.893303316491597,1.4367721104567117,-4.330075426948309
2022-08-31 04:00:00+00:00,253.41,254.97,247.17,248.3,346850.0,11727.0,248.965349,271.22616666666664,36.50874538664514,-3.8828755245287994,0.37284258345960963,-4.255718107988409
2022-09-01 04:00:00+00:00,245.24,246.79,239.37,246.49,670142.0,18703.0,244.090487,270.7701666666666,35.46844714464375,-4.758319556187246,-0.6533898444697614,-4.104929711717484
2022-09-02 04:00:00+00:00,248.53,251.56,243.54,244.63,554561.0,20076.0,246.242747,270.25216666666665,34.38417423447885,-5.538358959267896,-1.6303836674293883,-3.9079752918385076
2022-09-06 04:00:00+00:00,243.92,246.58,240.14,241.26,477584.0,16447.0,242.259374,269.6968333333333,32.448666436042274,-6.355217648755428,-2.5753504636945963,-3.7798671850608314
2022-09-07 04:00:00+00:00,242.32,250.89,241.71,249.77,366309.0,13634.0,247.597902,269.56416666666667,41.416651219915536,-6.243922118880903,-3.3090647947318574,-2.9348573241490454
2022-09-08 04:00:00+00:00,247.96,254.92,246.35,254.88,389177.0,14136.0,252.911904,269.2228333333333,46.048363581009006,-5.677933631157231,-3.7828385620169325,-1.8950950691402983
2022-09-09 04:00:00+00:00,256.53,259.57,255.52,258.8,300718.0,11608.0,258.46434,268.6363333333333,49.3561964133186,-4.857083008226596,-3.997687451258865,-0.8593955569677307
2022-09-12 04:00:00+00:00,260.99,262.75,258.32,261.42,369708.0,13351.0,260.995963,268.0506666666667,51.496672465950176,-3.9496122009934993,-3.988072401205792,0.03846020021229268
2022-09-13 04:00:00+00:00,250.96,252.1,247.565,248.76,616531.0,18713.0,249.483487,267.0356666666667,42.21251700654021,-4.203535503577314,-4.0311650216800965,-0.17237048189721715
2022-09-14 04:00:00+00:00,249.63,251.155,244.56,247.0,379060.0,13063.0,247.595395,266.0656666666667,41.10308348185003,-4.4949735839084894,-4.123926734125775,-0.3710468497827142
2022-09-15 04:00:00+00:00,245.72,250.11,240.06,241.45,565025.0,16726.0,242.47905,264.70933333333335,37.73509581627352,-5.114818534778692,-4.322105094256359,-0.7927134405223333
2022-09-16 04:00:00+00:00,240.76,241.71,236.655,240.74,732309.0,15846.0,240.054014,262.9796666666667,37.313868607639975,-5.598801689622519,-4.577444413329591,-1.0213572762929282
2022-09-19 04:00:00+00:00,238.21,241.83,236.93,241.43,304345.0,10272.0,240.306591,261.5113333333333,38.037760134181994,-5.859144028151178,-4.833784336293909,-1.0253596918572692
2022-09-20 04:00:00+00:00,239.71,242.38,238.0,239.35,407042.0,11943.0,239.91456,260.06800000000004,36.66329891187448,-6.162270999612076,-5.099481668957543,-1.0627893306545335
2022-09-21 04:00:00+00:00,242.0,244.86,235.38,235.42,371981.0,10992.0,238.765091,258.60766666666666,34.15227367861715,-6.643042604037447,-5.408193855973524,-1.2348487480639232
2022-09-22 04:00:00+00:00,233.36,234.42,230.16,232.04,346572.0,12493.0,232.235901,256.769,32.115057684886736,-7.21364095389734,-5.769283275558287,-1.4443576783390526
2022-09-23 04:00:00+00:00,231.66,232.81,225.985,229.54,449417.0,15903.0,228.764155,255.0823333333333,30.658344193616884,-7.77791440801667,-6.171009502049964,-1.6069049059667062
2022-09-26 04:00:00+00:00,230.0,234.48,229.48,229.72,408375.0,13462.0,230.909117,253.254,30.901369810293616,-8.117012818987462,-6.560210165437464,-1.5568026535499975
2022-09-27 04:00:00+00:00,232.14,232.945,225.55,227.57,396806.0,14584.0,228.009257,251.29433333333336,29.568353022841876,-8.461696613121404,-6.940507454974252,-1.521189158147152
2022-09-28 04:00:00+00:00,229.62,233.64,227.46,232.19,433128.0,15187.0,231.395347,249.57666666666668,35.96113257879439,-8.266771419202172,-7.205760247819837,-1.0610111713823347
2022-09-29 04:00:00+00:00,228.63,229.42,225.13,227.53,401809.0,14196.0,227.269931,247.828,32.733778274598606,-8.391581920613561,-7.442924582378582,-0.9486573382349786
2022-09-30 04:00:00+00:00,228.07,230.17,221.44,221.7,677600.0,17659.0,223.870864,245.88866666666667,29.20272707028171,-8.858808587866235,-7.726101383476113,-1.1327072043901225
2022-10-03 04:00:00+00:00,224.0,229.23,222.87,227.97,844592.0,25107.0,226.990961,244.43366666666668,37.06557404649686,-8.623743343259406,-7.9056297754327725,-0.7181135678266335
2022-10-04 04:00:00+00:00,233.59,235.95,227.5,233.21,2684181.0,47168.0,231.827679,243.44866666666667,42.784631067459934,-7.923293441151429,-7.909162508576505,-0.014130932574924593
2022-10-05 04:00:00+00:00,229.04,235.49,227.77,233.84,666648.0,17905.0,232.795093,242.59799999999998,43.45000028413576,-7.23395755270613,-7.77412151740243,0.5401639646963003
2022-10-06 04:00:00+00:00,233.06,237.27,231.3,232.23,530413.0,15922.0,232.862689,241.65699999999998,42.1025029141459,-6.739874363152609,-7.567272086552466,0.8273977233998568
2022-10-07 04:00:00+00:00,227.15,227.44,216.74,218.3,626791.0,20648.0,220.016827,240.02666666666667,32.66375856647953,-7.387189535289849,-7.531255576299943,0.14406604101009357
2022-10-10 04:00:00+00:00,218.59,219.14,208.345,209.11,855340.0,23949.0,210.065025,238.52,28.175953283298682,-8.543266213912602,-7.733657703822475,-0.8096085100901274
2022-10-11 04:00:00+00:00,207.97,209.04,199.33,200.33,754958.0,23474.0,202.118229,236.82566666666668,24.686262972824196,-10.052063996720591,-8.197338962402098,-1.8547250343184931
2022-10-12 04:00:00+00:00,202.57,206.43,199.91,201.95,640339.0,20630.0,203.145713,235.23100000000002,26.495223183312874,-10.990386316621766,-8.755948433246033,-2.2344378833757332
2022-10-13 04:00:00+00:00,195.84,207.68,194.23,205.67,859494.0,20709.0,203.138184,233.81,30.616426934874028,-11.303540426896234,-9.265466831976074,-2.03807359492016
2022-10-14 04:00:00+00:00,209.87,211.495,202.44,203.21,689295.0,20314.0,205.191444,232.36733333333333,29.440889923458514,-11.616313129511298,-9.73563609148312,-1.8806770380281783
2022-10-17 04:00:00+00:00,209.31,215.71,209.31,211.8,712525.0,19562.0,212.40921,231.27300000000002,38.343250260412056,-11.043741165696758,-9.997257106325847,-1.0464840593709113
2022-10-18 04:00:00+00:00,217.69,221.15,213.69,216.95,788247.0,18087.0,216.051833,230.46266666666668,42.98755283160169,-10.058464086745829,-10.009498502409844,-0.04896558433598486
2022-10-19 04:00:00+00:00,213.57,217.15,213.11,214.19,513006.0,15411.0,214.502336,229.27666666666667,41.19658560688643,-9.392067924186023,-9.88601238676508,0.4939444625790568
2022-10-20 04:00:00+00:00,214.59,218.0,209.45,210.51,541677.0,15657.0,212.616336,227.7976666666667,38.87119341413943,-9.05649180908435,-9.720108271228934,0.663616462144585
2022-10-21 04:00:00+00:00,210.87,214.69,208.21,214.15,586727.0,16051.0,212.542297,226.3093333333333,42.33825093671252,-8.399997795154718,-9.456086176014091,1.0560883808593733
2022-10-24 04:00:00+00:00,218.08,219.075,212.16,216.07,482866.0,15623.0,215.324086,224.7976666666667,44.138016792529285,-7.636761769481609,-9.092221294707596,1.4554595252259865
2022-10-25 04:00:00+00:00,218.04,219.86,216.1,219.5,493005.0,16674.0,218.249677,223.82233333333335,47.302451804565266,-6.678137968518541,-8.609404629469786,1.9312666609512448
2022-10-26 04:00:00+00:00,217.96,223.56,215.66,218.16,644494.0,18448.0,219.062602,222.861,46.20134409591002,-5.95786988550168,-8.079097680676165,2.1212277951744856
2022-10-27 04:00:00+00:00,220.58,222.26,215.02,216.48,629478.0,18771.0,216.895263,222.02866666666665,44.79351335103196,-5.459678425753452,-7.555213829691623,2.095535403938171
2022-10-28 04:00:00+00:00,216.93,221.11,216.035,220.89,656844.0,18161.0,219.721999,221.36700000000002,49.171896203336225,-4.655344052152913,-6.975239874183882,2.3198958220309693
2022-10-31 04:00:00+00:00,219.03,222.1,217.9001,221.16,768305.0,15704.0,220.737974,220.69133333333332,49.43630281128568,-3.950576733210596,-6.370307245989226,2.4197305127786297
2022-11-01 04:00:00+00:00,223.91,224.23,216.63,219.24,635884.0,17377.0,219.423668,220.021,47.54234146437247,-3.506550181524034,-5.797555833096188,2.2910056515721537
2022-11-02 04:00:00+00:00,220.13,221.84,209.42,209.45,982858.0,26938.0,214.374446,219.15533333333335,39.279062921318214,-3.89967410619667,-5.417979487716284,1.518305381519614
2022-11-03 04:00:00+00:00,211.63,213.55,206.36,212.06,1090958.0,31744.0,211.413614,218.48933333333335,42.165115234761736,-3.9550313223225544,-5.125389854637539,1.1703585323149843
2022-11-04 04:00:00+00:00,216.38,216.41,207.85,213.91,1180599.0,30205.0,213.19676,217.9683333333333,44.18997007071774,-3.805752430998723,-4.861462369909775,1.0557099389110522
2022-11-07 05:00:00+00:00,215.64,222.63,215.43,221.39,1025280.0,20965.0,220.026631,217.6906666666667,51.572579730972265,-3.048730479893152,-4.4989159919064505,1.4501855120132987
2022-11-08 05:00:00+00:00,222.25,231.99,221.96,228.6,924140.0,26491.0,228.430915,217.72499999999997,57.419495106381724,-1.8457220511934338,-3.9682772037638476,2.122555152570414
2022-11-09 05:00:00+00:00,225.43,226.66,222.09,225.6,847129.0,22172.0,225.371661,217.50533333333334,54.4724739949529,-1.1214764497769352,-3.3989170529664654,2.2774406031895302
2022-11-10 05:00:00+00:00,239.56,249.75,239.39,249.19,931307.0,23364.0,246.488048,218.22733333333332,68.26522000815834,1.3405561604471643,-2.45102241028374,3.791578570730904
2022-11-11 05:00:00+00:00,249.08,256.91,248.0,255.71,827099.0,24871.0,254.812558,219.361,70.89016812170726,3.774336055517921,-1.2059507171234078,4.980286772641328
2022-11-14 05:00:00+00:00,252.73,255.33,249.51,251.85,836194.0,21382.0,252.76984,220.157,67.33896075145203,5.33021106099477,0.10128163850022776,5.228929422494542
2022-11-15 05:00:00+00:00,257.74,259.385,251.61,254.21,666176.0,20426.0,254.513253,220.857,68.38184459277433,6.676720412169033,1.4163693932339887,5.260351018935044
2022-11-16 05:00:00+00:00,253.26,257.48,252.3469,252.92,544231.0,17494.0,254.267943,221.493,67.12024408027477,7.5526839162267265,2.6436322978325366,4.90905161839419
2022-11-17 05:00:00+00:00,247.71,248.24,242.58,243.92,363082.0,12437.0,244.595136,221.8826666666667,58.94888785709276,7.434960918935985,3.601898022053226,3.833062896882759
2022-11-18 05:00:00+00:00,248.32,248.68,241.8551,243.76,439439.0,12633.0,244.018463,222.73133333333334,58.81180999622125,7.245235369275861,4.330565491497754,2.914669877778107
2022-11-21 05:00:00+00:00,243.02,244.03,240.32,241.28,294898.0,14270.0,241.494369,223.80366666666666,56.61428360118901,6.816188452940736,4.827690083786351,1.9884983691543852
2022-11-22 05:00:00+00:00,242.41,244.18,238.34,244.03,278949.0,9292.0,242.297712,225.2603333333333,58.46748852256327,6.621736442103298,5.18649935544974,1.435237086653558
2022-11-23 05:00:00+00:00,243.09,247.97,241.67,246.96,260847.0,9621.0,246.287841,226.76066666666665,60.407946786425875,6.627658810340677,5.474731246427928,1.1529275639127485
2022-11-25 05:00:00+00:00,244.79,247.48,244.79,246.44,223954.0,6111.0,246.348378,228.11966666666666,59.8732966397936,6.515288485622449,5.682842694266832,0.8324457913556165
2022-11-28 05:00:00+00:00,246.04,247.06,241.17,241.75,371707.0,13111.0,243.21258,229.40433333333334,55.13364418613487,5.978869701462941,5.742048095706055,0.2368216057568855
2022-11-29 05:00:00+00:00,241.33,241.33,237.94,240.63,483061.0,12607.0,240.598225,230.3653333333333,54.033607539785955,5.401118577674538,5.673862192099752,-0.272743614425214
2022-11-30 05:00:00+00:00,240.8,254.57,240.8,254.3,782310.0,17000.0,250.272784,231.61033333333333,63.58394165881547,5.977397684932356,5.734569290666273,0.24282839426608316
2022-12-01 05:00:00+00:00,254.36,260.07,252.0601,259.61,591217.0,15849.0,257.946316,233.12433333333334,66.49591007651264,6.784369661445652,5.944529364822149,0.8398402966235032
2022-12-02 05:00:00+00:00,254.53,256.795,252.01,256.74,365674.0,13982.0,255.478873,234.66533333333334,63.53855730543698,7.110352040064953,6.177693899870709,0.9326581401942438
2022-12-05 05:00:00+00:00,253.47,253.9,246.84,249.29,507497.0,16241.0,250.147409,235.83666666666667,56.51249869824312,6.690419692372785,6.280239058371125,0.4101806340016605
2022-12-06 05:00:00+00:00,248.92,248.92,241.705,243.9,359467.0,14602.0,244.01579,236.76433333333333,52.02976007005472,5.855197258227946,6.19523069834249,-0.34003344011454395
2022-12-07 05:00:00+00:00,242.33,244.36,240.22,242.92,391222.0,12562.0,242.503473,237.545,51.234005372914424,5.055918174402478,5.967368193554488,-0.9114500191520101
2022-12-08 05:00:00+00:00,244.88,248.55,243.14,244.88,401287.0,14656.0,245.368915,238.43566666666666,52.789195421197995,4.5284383432070285,5.679582223484997,-1.151143880277968
2022-12-09 05:00:00+00:00,241.88,244.29,240.795,242.21,476078.0,14375.0,242.747707,239.29333333333335,50.429837528063565,3.850573081236689,5.3137803950353355,-1.4632073137986463
2022-12-12 05:00:00+00:00,242.19,246.1,241.85,244.86,547991.0,17220.0,244.405544,240.09233333333333,52.689907448167354,3.486996900704497,4.9484236961691686,-1.4614267954646714
2022-12-13 05:00:00+00:00,256.79,262.23,251.75,254.54,770498.0,25059.0,257.147753,241.20499999999998,59.88480489919126,3.9345996435843915,4.7456588856522135,-0.811059242067822
2022-12-14 05:00:00+00:00,255.84,263.1865,252.75,256.1,616611.0,20493.0,257.996155,242.43366666666668,60.9163769132598,4.364891255315541,4.669505359584879,-0.304614104269338
2022-12-15 05:00:00+00:00,250.77,253.54,245.75,248.03,573208.0,17847.0,247.912215,243.71966666666665,53.28305804595963,4.00851127869106,4.537306543406116,-0.5287952647150558
2022-12-16 05:00:00+00:00,246.3,246.86,238.59,242.79,1274265.0,19412.0,242.807498,244.744,48.99034123165524,3.265609459071385,4.2829671265391696,-1.0173576674677847
2022-12-19 05:00:00+00:00,241.38,241.38,234.23,235.4,590129.0,16266.0,236.27364,245.46033333333335,43.649384537064805,2.0568332817730948,3.8377403575859548,-1.78090707581286
2022-12-20 05:00:00+00:00,233.1,238.42,232.47,236.68,432503.0,13867.0,236.422722,245.97,44.77247410894606,1.188454985806942,3.307883283230152,-2.11942829742321
2022-12-21 05:00:00+00:00,237.69,243.06,235.41,241.89,456358.0,13829.0,241.170031,246.413,49.20967564161563,0.9101705090721453,2.828340728398551,-1.9181702193264059
2022-12-22 05:00:00+00:00,237.37,237.82,231.3401,237.21,391988.0,14843.0,235.202292,246.8,45.660806713384176,0.3084357138061762,2.3243597254800763,-2.0159240116739
2022-12-23 05:00:00+00:00,235.36,238.09,233.22,237.55,208888.0,8114.0,236.858024,246.41199999999998,45.96568525110274,-0.13940135614643623,1.8316075091547739,-1.9710088653012101
2022-12-27 05:00:00+00:00,237.6,238.02,233.35,236.86,220263.0,9957.0,236.685373,245.78366666666668,45.40887241185935,-0.5437249709965499,1.3565410131245093,-1.9002659841210592
2022-12-28 05:00:00+00:00,236.93,239.74,233.12,234.39,355416.0,11843.0,236.043509,245.20166666666668,43.38293074997916,-1.0513434729902542,0.8749641159015565,-1.9263075888918109
2022-12-29 05:00:00+00:00,236.34,244.28,235.56,243.56,329188.0,11181.0,242.873533,244.84666666666666,51.95342248957805,-0.7055591828372769,0.5588594561537898,-1.2644186389910668
2022-12-30 05:00:00+00:00,239.71,241.8,238.28,241.59,320918.0,11965.0,240.404669,244.469,50.19548047589404,-0.583756001858859,0.33033636455126014,-0.9140923664101192
2023-01-03 05:00:00+00:00,245.27,248.13,235.7,238.64,484993.0,17227.0,238.871394,244.293,47.598185624128554,-0.7170013044899122,0.12086883074302571,-0.8378701352329379
2023-01-04 05:00:00+00:00,242.39,246.68,239.47,242.94,487877.0,15567.0,243.16459,244.26566666666665,51.53475722046178,-0.47020487430643243,0.0026540897331340796,-0.4728589640395665
2023-01-05 05:00:00+00:00,239.32,240.41,230.94,231.65,560905.0,17661.0,233.615976,243.94466666666668,42.50592690787085,-1.172114168330097,-0.23229956187951217,-0.9398146064505849
2023-01-06 05:00:00+00:00,234.78,241.13,230.0,239.41,363962.0,13650.0,238.222623,243.79066666666668,49.10602098073467,-1.0896543369431697,-0.40377051689224375,-0.685883820050926
2023-01-09 05:00:00+00:00,241.97,253.545,241.4,249.7001,259887.0,10602.0,250.325076,243.88200333333333,56.274179117859106,-0.19176866463783426,-0.3613701464413619,0.16960148180352763
