timestamp,open,high,low,close,volume,trade_count,vwap,30sma,rsi,macd,signal,histogram
2022-01-03 05:00:00+00:00,240.15,247.505,238.0701,244.14,1641943.0,34340.0,244.769768,,,,,
2022-01-04 05:00:00+00:00,245.13,245.45,239.0,241.73,1281835.0,28408.0,241.729128,,,,,
2022-01-05 05:00:00+00:00,241.73,249.0,239.18,239.25,1025077.0,28415.0,242.831716,,,,,
2022-01-06 05:00:00+00:00,240.3,242.45,236.85,237.3,1035179.0,24908.0,238.753298,,,,,
2022-01-07 05:00:00+00:00,235.55,236.9,231.62,232.6,1393453.0,30768.0,233.372937,,,,,
2022-01-10 05:00:00+00:00,232.75,235.55,230.54,235.31,1748790.0,35294.0,233.440968,,,,,
2022-01-11 05:00:00+00:00,235.4,243.71,235.0,241.52,1557679.0,31769.0,235.651697,,,,,
2022-01-12 05:00:00+00:00,223.1,227.59,217.1,225.34,7510624.0,115847.0,221.756548,,,,,
2022-01-13 05:00:00+00:00,225.3,239.64,225.295,236.67,3779507.0,69591.0,235.892204,,,,,
2022-01-14 05:00:00+00:00,235.08,239.47,233.8,239.3,1767127.0,36593.0,236.611403,,,,,
2022-01-18 05:00:00+00:00,238.9029,238.9029,231.365,233.81,1628068.0,29091.0,234.06423,,,,,
2022-01-19 05:00:00+00:00,235.51,235.51,230.65,230.81,1256551.0,25928.0,231.965222,,,,,
2022-01-20 05:00:00+00:00,231.28,233.12,225.62,225.91,1465952.0,29866.0,228.543676,,,,,
2022-01-21 05:00:00+00:00,225.37,226.37,220.29,220.52,2194127.0,34464.0,221.91566,,,,,
2022-01-24 05:00:00+00:00,220.22,224.87,214.88,224.69,1953470.0,36480.0,220.873765,,36.77770224337187,,,
2022-01-25 05:00:00+00:00,221.16,224.91,218.37,222.31,1505724.0,28749.0,222.304979,,35.5392280715939,,,
2022-01-26 05:00:00+00:00,223.14,226.88,218.23,219.6,1651864.0,30205.0,222.023089,,34.12989285716954,,,
2022-01-27 05:00:00+00:00,221.26,223.74,218.2,218.94,1098568.0,23920.0,220.281657,,33.77856960364406,,,
2022-01-28 05:00:00+00:00,218.16,225.23,217.92,225.21,1322899.0,29719.0,222.647653,,40.08805157136006,,,
2022-01-31 05:00:00+00:00,223.03,228.01,221.88,226.0,2512341.0,35177.0,225.352434,,40.852721734699635,,,
2022-02-01 05:00:00+00:00,227.17,231.22,226.95,229.37,1046440.0,24319.0,228.839906,,44.128671204782755,,,
2022-02-02 05:00:00+00:00,228.67,228.765,222.27,224.96,1081920.0,25181.0,224.805794,,40.933632745056045,,,
2022-02-03 05:00:00+00:00,215.0,223.14,212.56,220.17,2001608.0,40868.0,218.937766,,37.73760065155178,,,
2022-02-04 05:00:00+00:00,215.3,223.04,215.27,221.53,1263306.0,26490.0,220.321718,,39.18937261582228,,,
2022-02-07 05:00:00+00:00,220.74,223.43,219.39,221.3,830503.0,19569.0,221.446795,,39.02365293652308,,,
2022-02-08 05:00:00+00:00,220.37,223.38,216.9,222.39,989081.0,19807.0,221.514581,,40.31183528547997,-5.102235484185002,,
2022-02-09 05:00:00+00:00,224.33,228.53,222.205,226.81,969896.0,18247.0,226.446711,,45.35333830876349,-4.512472321814215,,
2022-02-10 05:00:00+00:00,224.47,226.97,219.03,220.04,1256096.0,25461.0,223.437701,,39.80726922207942,-4.539039960164018,,
2022-02-11 05:00:00+00:00,219.24,221.58,214.11,214.59,1066714.0,22753.0,216.479231,,35.99160820387695,-4.942885945080093,,
2022-02-14 05:00:00+00:00,214.87,215.37,211.287,214.12,825541.0,20183.0,213.678746,227.87466666666666,35.67403367958785,-5.240453187449276,,
2022-02-15 05:00:00+00:00,214.01,217.87,214.01,217.37,721237.0,18192.0,216.45359,226.98233333333332,39.64012681705476,-5.1546103922975135,,
2022-02-16 05:00:00+00:00,216.73,216.73,213.39,214.55,745992.0,17244.0,214.85358,226.07633333333334,37.48071775563446,-5.253569907294889,,
2022-02-17 05:00:00+00:00,212.6,214.14,209.07,210.6,1062090.0,23387.0,211.041523,225.12133333333335,34.63466136568181,-5.586332263406291,,
2022-02-18 05:00:00+00:00,209.28,211.5,207.61,209.79,1019166.0,23656.0,209.458735,224.20433333333332,34.06345000011345,-5.847996989551632,-5.131066272360325,-0.7169307171913069
2022-02-22 05:00:00+00:00,208.31,212.26,208.31,209.81,1198800.0,24992.0,210.143197,223.44466666666668,34.09235356147663,-5.98476568394409,-5.301806154677078,-0.6829595292670119
2022-02-23 05:00:00+00:00,210.07,211.5511,208.94,209.08,964644.0,21642.0,209.971137,222.5703333333333,33.51486921726804,-6.081951804235132,-5.45783528458869,-0.6241165196464422
2022-02-24 05:00:00+00:00,204.86,207.05,200.36,203.12,1883274.0,38522.0,202.825494,221.29033333333334,29.17042634506521,-6.564226379343694,-5.679113503539691,-0.885112875804003
2022-02-25 05:00:00+00:00,204.49,209.93,203.88,207.38,991015.0,23483.0,207.431874,220.69166666666666,35.596612411715356,-6.5274417714732635,-5.848779157126406,-0.6786626143468579
2022-02-28 05:00:00+00:00,204.4,211.17,202.58,211.01,1335603.0,26835.0,208.836009,219.83633333333333,40.546525967125405,-6.134662471614973,-5.905955820024119,-0.22870665159085402
2022-03-01 05:00:00+00:00,210.58,213.8,209.41,210.34,760460.0,21213.0,210.832498,218.871,39.93641222039974,-5.8104660119354605,-5.886857858406388,0.07639184647092723
2022-03-02 05:00:00+00:00,210.34,211.055,206.43,207.79,1053916.0,22375.0,207.923746,218.00366666666665,37.61642928826702,-5.69366860321864,-5.848220007368838,0.1545514041501983
2022-03-03 05:00:00+00:00,213.03,213.71,209.19,211.23,913408.0,21410.0,211.168525,217.35100000000003,42.47156370800526,-5.262859595212973,-5.731147924937665,0.46828832972469225
2022-03-04 05:00:00+00:00,208.94,211.36,208.94,209.45,679743.0,18741.0,209.981742,216.80233333333337,40.706185818656124,-5.007349864208919,-5.586388312791916,0.5790384485829971
2022-03-07 05:00:00+00:00,208.23,218.22,205.01,205.78,1272655.0,28532.0,210.023657,216.311,37.26671746404791,-5.042863894172029,-5.477683429067939,0.43481953489590985
2022-03-08 05:00:00+00:00,201.3,209.83,201.01,202.01,1347195.0,26784.0,203.570393,215.555,34.08102717175069,-5.313960482955991,-5.44493883984555,0.1309783568895586
2022-03-09 05:00:00+00:00,206.14,209.695,201.49,202.27,1209395.0,22629.0,204.266321,214.887,34.496900380999335,-5.44505940028867,-5.4449629519341745,-9.644835449584832e-05
2022-03-10 05:00:00+00:00,201.0,203.36,194.94,198.64,1151326.0,25744.0,198.499228,214.18833333333333,31.50813910904118,-5.7752929178537045,-5.511028945118081,-0.2642639727356233
2022-03-11 05:00:00+00:00,201.13,201.66,197.25,197.67,758038.0,16245.0,199.026385,213.47933333333333,30.741680770303745,-6.045586495229685,-5.617940455140403,-0.4276460400892823
2022-03-14 04:00:00+00:00,198.59,201.52,192.67,193.77,1428857.0,26147.0,195.876306,212.43133333333333,27.81227293947775,-6.499570506048713,-5.794266465322066,-0.7053040407266469
2022-03-15 04:00:00+00:00,193.21,197.415,193.09,197.36,1284230.0,21923.0,196.09282,211.47666666666666,34.042854777201356,-6.494805038672752,-5.9343741799922025,-0.5604308586805491
2022-03-16 04:00:00+00:00,201.23,204.2485,198.06,203.8,1039272.0,24774.0,201.980424,210.62433333333334,43.468886168836086,-5.903324344418962,-5.9281642128775545,0.024839868458592207
2022-03-17 04:00:00+00:00,203.04,206.6,202.01,205.32,1029532.0,19885.0,204.772122,209.96966666666668,45.4504171610802,-5.2513856313207725,-5.792808496566199,0.5414228652454263
2022-03-18 04:00:00+00:00,203.13,208.88,203.07,208.57,1940485.0,22874.0,207.861321,209.583,49.52440067799459,-4.421503327539369,-5.518547462760833,1.0970441352214637
2022-03-21 04:00:00+00:00,207.59,209.03,203.99,206.81,1250700.0,18861.0,206.871383,209.09233333333336,47.45737652896001,-3.861321997482264,-5.187102369705119,1.3257803722228552
2022-03-22 04:00:00+00:00,206.66,212.11,205.995,210.92,834711.0,19775.0,210.294653,208.74633333333335,52.448563101066334,-3.050566573677031,-4.759795210499503,1.7092286368224716
2022-03-23 04:00:00+00:00,210.92,213.11,209.38,209.62,945817.0,18107.0,210.508308,208.32066666666665,50.80463947016234,-2.4842987450697365,-4.304695917413549,1.8203971723438128
2022-03-24 04:00:00+00:00,210.51,213.72,210.01,213.01,725069.0,15578.0,212.503718,207.86066666666667,54.784572079458016,-1.7419031671572611,-3.792137367362292,2.050234200205031
2022-03-25 04:00:00+00:00,213.32,214.1163,209.41,210.97,679856.0,15410.0,211.199089,207.55833333333334,52.055390495780564,-1.3031385044947115,-3.294337594788776,1.9911990902940646
2022-03-28 04:00:00+00:00,210.08,212.26,208.23,211.68,1578576.0,29987.0,210.930844,207.46133333333333,52.93419547655942,-0.8878882587677026,-2.8130477275845616,1.925159468816859
2022-03-29 04:00:00+00:00,212.955,215.93,212.66,214.95,699697.0,19015.0,214.473959,207.489,56.85650725735058,-0.29157666158820916,-2.308753514385291,2.017176852797082
2022-03-30 04:00:00+00:00,214.95,216.3599,210.32,211.03,585581.0,15556.0,212.096878,207.27766666666668,51.33367353874255,-0.13376470754059255,-1.8737557530163513,1.7399910454757588
2022-03-31 04:00:00+00:00,212.13,213.235,210.1,210.6,947773.0,21304.0,211.215792,207.14600000000002,50.75130742417009,-0.04290047337175906,-1.507584697087433,1.4646842237156739
2022-04-01 04:00:00+00:00,212.49,212.97,208.49,210.65,674991.0,19716.0,210.508324,207.14766666666665,50.82117218202062,0.032766951955636614,-1.199514367278819,1.2322813192344557
2022-04-04 04:00:00+00:00,212.06,213.495,211.07,211.64,799437.0,17225.0,211.945016,207.20933333333332,52.265112456499125,0.1706514937140753,-0.9254811950802403,1.0961326887943157
2022-04-05 04:00:00+00:00,210.38,214.14,207.35,207.61,1401032.0,21303.0,209.015469,207.136,46.30501184074097,-0.04474553475114362,-0.7493340630144211,0.7045885282632774
2022-04-06 04:00:00+00:00,206.87,210.35,205.52,209.71,1007788.0,23249.0,208.64449,207.157,49.534510609741325,-0.045472602240948845,-0.6085617708597267,0.5630891686187779
2022-04-07 04:00:00+00:00,210.22,212.96,208.37,211.52,680099.0,19288.0,211.067721,207.43699999999998,52.20288648822213,0.09886342866860787,-0.4670767309540598,0.5659401596226676
2022-04-08 04:00:00+00:00,211.18,218.02,210.36,214.75,1409646.0,25377.0,214.721253,207.68266666666668,56.6118110734145,0.4684843824733491,-0.27996450826857805,0.7484488907419271
2022-04-11 04:00:00+00:00,213.12,216.0,210.55,210.62,753580.0,20387.0,212.67924,207.66966666666667,50.23153250287322,0.42327590602437226,-0.139316425409988,0.5625923314343603
2022-04-12 04:00:00+00:00,211.01,212.91,206.62,208.06,974216.0,20124.0,208.71634,207.59366666666668,46.716890329788534,0.1788159782535388,-0.07568994467728266,0.2545059229308214
2022-04-13 04:00:00+00:00,208.56,214.4,208.07,213.98,668256.0,15072.0,212.313692,207.8,54.62368307345535,0.45750046813958534,0.030948137886090944,0.42655233025349437
2022-04-14 04:00:00+00:00,214.4,216.0,212.2,212.55,916693.0,18198.0,213.67601,207.844,52.59346994717654,0.556555262572914,0.13606956282345556,0.42048569974945843
2022-04-18 04:00:00+00:00,216.22,217.66,211.47,212.54,1031060.0,21639.0,213.949553,207.947,52.57875293738221,0.6270220643361029,0.23426006312598502,0.39276200121011784
2022-04-19 04:00:00+00:00,212.98,224.32,212.55,223.02,1445591.0,29068.0,222.172808,208.52166666666665,63.96057064457345,1.5110969424772236,0.48962743899623273,1.0214695034809909
2022-04-20 04:00:00+00:00,224.27,225.5,220.27,220.43,1023747.0,26480.0,222.263,209.13566666666665,60.12012440248442,1.97991803569343,0.7876855583356722,1.192232477357758
2022-04-21 04:00:00+00:00,222.37,224.78,218.3,218.4,932301.0,21894.0,220.350881,209.67333333333335,57.22011730033666,2.1627275185757355,1.062693950383685,1.1000335681920506
2022-04-22 04:00:00+00:00,217.48,220.48,209.705,209.99,1337253.0,27250.0,211.775991,210.05166666666668,47.08658173581976,1.6104246630723935,1.1722400929214267,0.4381845701509668
2022-04-25 04:00:00+00:00,209.82,215.58,208.42,214.54,1036074.0,27244.0,212.863632,210.614,52.03572701612859,1.522319295791192,1.2422559334953798,0.2800633622958122
2022-04-26 04:00:00+00:00,213.0,214.51,206.52,206.99,1102594.0,21689.0,208.366629,211.0546666666667,44.58390126857732,0.8336633038097148,1.1605374075582469,-0.3268741037485321
2022-04-27 04:00:00+00:00,207.62,209.93,206.37,206.94,715057.0,17180.0,207.757759,211.37399999999997,44.53841256767044,0.2806289704474807,0.9845557201360937,-0.703926749688613
2022-04-28 04:00:00+00:00,207.79,211.29,204.86,210.41,870007.0,19623.0,208.743168,211.59433333333334,48.46799715549759,0.12095102869133711,0.8118347818471425,-0.6908837531558054
2022-04-29 04:00:00+00:00,210.67,214.62,206.97,207.44,1038422.0,21365.0,209.09776,211.665,45.49670119552517,-0.2424542080542551,0.600976983866863,-0.8434311919211182
2022-05-02 04:00:00+00:00,206.3,209.12,202.52,207.32,1518957.0,31675.0,206.558971,211.62333333333333,45.37566276037726,-0.5339830492873432,0.3739849772360218,-0.907968026523365
2022-05-03 04:00:00+00:00,209.12,214.775,205.09,205.7,1539516.0,37421.0,208.525849,211.58633333333333,43.68598467082074,-0.8855343288940389,0.12208111601000965,-1.0076154449040486
2022-05-04 04:00:00+00:00,208.47,211.615,203.41,210.1,1085686.0,28514.0,208.004025,211.559,49.21719326278512,-0.7998775328150316,-0.062310613754998606,-0.737566919060033
2022-05-05 04:00:00+00:00,207.63,209.39,199.59,201.18,1371735.0,29861.0,202.565533,211.27766666666668,40.52674584501753,-1.4352190454845868,-0.33689230010091625,-1.0983267453836705
2022-05-06 04:00:00+00:00,198.94,199.26,190.65,193.61,1876263.0,40308.0,193.680869,210.63099999999997,34.895433692672626,-2.5205126061745773,-0.7736163613156486,-1.7468962448589287
2022-05-09 04:00:00+00:00,191.05,193.91,187.16,187.54,1567765.0,36197.0,189.54962,209.85,31.156913026506317,-3.826306562770128,-1.3841544016065446,-2.4421521611635835
2022-05-10 04:00:00+00:00,191.2,197.51,190.92,195.0,1591031.0,39335.0,194.373745,209.29399999999998,39.70635113390489,-4.210660157678149,-1.9494555528208655,-2.261204604857283
2022-05-11 04:00:00+00:00,192.29,198.14,190.51,191.07,1469541.0,26902.0,193.098952,208.49800000000002,37.092944706432874,-4.777311433943083,-2.515026729045309,-2.262284704897774
2022-05-12 04:00:00+00:00,190.56,194.98,188.51,194.32,1305387.0,24050.0,193.206348,207.941,40.576181699995345,-4.9075674317695075,-2.993534869590149,-1.9140325621793584
2022-05-13 04:00:00+00:00,196.93,200.2683,196.235,199.11,1216973.0,25032.0,198.742474,207.558,45.376804738495366,-4.571584895231609,-3.3091448747184415,-1.2624400205131678
2022-05-16 04:00:00+00:00,197.89,200.915,196.47,198.38,826371.0,17914.0,198.599246,207.149,44.78302886884827,-4.314486498853114,-3.510213199545376,-0.8042732993077379
2022-05-17 04:00:00+00:00,200.13,203.06,197.475,202.9,775148.0,16678.0,201.718436,206.8576666666667,49.21431886820154,-3.7033183934414637,-3.5488342383245937,-0.15448415511687008
2022-05-18 04:00:00+00:00,201.05,201.77,195.0,195.73,998373.0,23789.0,197.541241,206.46166666666667,43.280728524791925,-3.7542457365697146,-3.589916537973618,-0.1643291985960964
2022-05-19 04:00:00+00:00,194.055,195.55,191.46,193.09,1153501.0,23434.0,193.462429,205.90766666666667,41.305994462204154,-3.961960940028405,-3.6643254183845757,-0.2976355216438291
2022-05-20 04:00:00+00:00,195.33,199.78,194.495,199.65,961754.0,24633.0,197.650525,205.512,47.692491108495986,-3.5562453764700876,-3.6427094100016784,0.08646403353159071
2022-05-23 04:00:00+00:00,201.09,204.0,198.69,199.4,929338.0,19845.0,200.170187,205.00033333333334,47.48045750829398,-3.21779306454863,-3.557726140911069,0.3399330763624393
2022-05-24 04:00:00+00:00,198.67,202.73,196.52,202.54,906602.0,22657.0,200.348512,204.73100000000002,50.459582113756206,-2.66546953737884,-3.3792748202046234,0.7138052828257835
2022-05-25 04:00:00+00:00,202.54,203.32,198.1,202.36,923167.0,21281.0,201.394814,204.541,50.283497765322245,-2.2167206823326637,-3.1467639926302318,0.930043310297568
2022-05-26 04:00:00+00:00,202.98,205.73,202.34,204.22,531098.0,16523.0,204.240247,204.21566666666666,52.14197398759987,-1.6914989790078323,-2.8557109899057522,1.16421201089792
2022-05-27 04:00:00+00:00,205.26,207.3624,203.13,206.2,1008925.0,22770.0,205.560714,204.004,54.10861259004059,-1.1027754339070555,-2.505123878706013,1.4023484447989576
2022-05-31 04:00:00+00:00,204.96,204.96,199.15,200.0,1742259.0,22825.0,200.495846,203.58599999999998,47.523151422529274,-1.123544446333426,-2.228807992231496,1.1052635458980697
2022-06-01 04:00:00+00:00,202.0,202.22,198.47,200.0,1047293.0,22701.0,200.286071,202.81866666666667,47.523151422529274,-1.1270125393018589,-2.0084489016455684,0.8814363623437096
2022-06-02 04:00:00+00:00,199.33,200.23,193.86,198.51,1090958.0,24794.0,196.928716,202.08800000000002,45.96395395222089,-1.2357466572765645,-1.8539084527717677,0.6181617954952032
2022-06-03 04:00:00+00:00,198.1,204.64,197.8457,200.62,847134.0,23178.0,201.304894,201.49533333333332,48.53883049613492,-1.1385355342393666,-1.7108338690652876,0.572298334825921
2022-06-06 04:00:00+00:00,203.52,203.54,195.71,197.11,800501.0,19541.0,197.772051,201.06599999999997,44.72118582971799,-1.3293982095322576,-1.6345467371586817,0.3051485276264241
2022-06-07 04:00:00+00:00,195.76,201.47,195.48,201.08,785544.0,17297.0,199.636015,200.6173333333333,49.55400922305063,-1.1470894997528092,-1.5370552896775074,0.3899657899246982
2022-06-08 04:00:00+00:00,201.08,208.4899,200.0,206.73,1552655.0,29322.0,205.899121,200.60866666666666,55.514757642024094,-0.5404705448002574,-1.3377383407020575,0.7972677959018002
2022-06-09 04:00:00+00:00,205.98,206.53,202.18,202.22,891628.0,20276.0,203.373676,200.45133333333334,50.39580298128536,-0.418812155081838,-1.1539531035780137,0.7351409484961757
2022-06-10 04:00:00+00:00,199.39,200.26,195.945,197.5,991784.0,25148.0,197.325416,200.02100000000002,45.65144447768458,-0.6952471813128795,-1.0622119191249868,0.36696473781210726
2022-06-13 04:00:00+00:00,194.17,195.46,191.75,192.16,1040981.0,23635.0,192.533423,199.51166666666668,40.95398310243456,-1.3298871912510606,-1.1157469735502015,-0.21414021770085911
2022-06-14 04:00:00+00:00,191.97,194.4,189.67,194.18,818021.0,22217.0,192.871517,199.07366666666667,43.32951265314117,-1.650817259535927,-1.2227610307473467,-0.4280562287885803
2022-06-15 04:00:00+00:00,196.17,199.2525,193.39,197.26,751858.0,18804.0,196.582292,198.79233333333332,46.841300024127996,-1.637747458225931,-1.3057583162430637,-0.33198914198286733
2022-06-16 04:00:00+00:00,193.32,193.89,188.535,191.53,1023311.0,24602.0,191.039689,198.17333333333332,41.66805463826723,-2.065937813801014,-1.457794215754654,-0.6081435980463601
2022-06-17 04:00:00+00:00,192.11,204.26,192.11,201.74,1884680.0,31979.0,200.810897,198.192,51.86850397811422,-1.5633982027695197,-1.4789150131576272,-0.0844831896118925
2022-06-21 04:00:00+00:00,204.22,207.54,201.97,206.89,1319005.0,25621.0,206.433442,198.63466666666667,56.04390432782552,-0.7410278727275283,-1.3313375850716076,0.5903097123440793
2022-06-22 04:00:00+00:00,205.31,209.62,204.61,207.0,987595.0,21131.0,207.49596,199.28333333333333,56.13144145033786,-0.07950094323334156,-1.0809702567039545,1.001469313470613
2022-06-23 04:00:00+00:00,207.73,211.91,207.7,211.37,769113.0,22062.0,210.154225,199.829,59.5756514376391,0.7882993684014821,-0.7071163316828672,1.4954157000843493
2022-06-24 04:00:00+00:00,211.38,212.71,207.19,211.97,1782365.0,25853.0,211.151579,200.52566666666664,60.039547991363335,1.5070796767375896,-0.2642771299987759,1.7713568067363654
2022-06-27 04:00:00+00:00,210.32,213.68,208.13,213.57,970495.0,20172.0,212.7016,201.16733333333332,61.31445995284043,2.180687272422716,0.22471575048552256,1.9559715219371936
2022-06-28 04:00:00+00:00,213.75,213.88,202.33,202.51,1655122.0,29377.0,204.74966,201.28066666666666,49.546906591216924,1.8013121719204719,0.5400350347725125,1.2612771371479594
2022-06-29 04:00:00+00:00,202.07,205.923,199.87,205.23,1259000.0,26208.0,204.289102,201.50900000000001,51.987396336975756,1.70053325076438,0.772134677970886,0.928398572793494
2022-06-30 04:00:00+00:00,203.58,207.09,200.4,203.94,1185353.0,23558.0,204.357599,201.54366666666664,50.733984900331556,1.4992901273428174,0.9175657678452722,0.5817243594975452
2022-07-01 04:00:00+00:00,205.37,210.75,203.92,210.63,800386.0,18301.0,208.777576,202.04033333333334,56.580552427790295,1.85821029984902,1.1056946742460219,0.7525156256029981
2022-07-05 04:00:00+00:00,208.98,212.73,206.775,212.58,898318.0,19504.0,211.075945,202.69,58.13991400046487,2.2737949330108904,1.3393147259989957,0.9344802070118947
2022-07-06 04:00:00+00:00,213.11,216.8,211.17,215.98,969511.0,22791.0,214.889173,203.23433333333335,60.784451997647494,2.844708307334173,1.6403934422660313,1.2043148650681417
2022-07-07 04:00:00+00:00,215.83,219.91,215.13,217.96,900598.0,21977.0,218.303113,203.853,62.278980075934015,3.417535500238955,1.9958218538606163,1.4217136463783389
2022-07-08 04:00:00+00:00,216.38,220.785,215.9,218.8,919017.0,20546.0,219.380261,204.39499999999998,62.92453204606971,3.8943940074977945,2.375536284588052,1.5188577229097424
2022-07-11 04:00:00+00:00,217.56,218.0,214.52,215.26,608420.0,15654.0,215.649072,204.825,58.38939496913971,3.941227379196363,2.6886745035097146,1.2525528756866482
2022-07-12 04:00:00+00:00,216.66,218.56,214.04,215.58,711078.0,19056.0,215.878505,205.20366666666666,58.67930910927966,3.958532985180142,2.9426461998438,1.0158867853363418
2022-07-13 04:00:00+00:00,211.92,216.345,211.92,214.53,635105.0,16240.0,214.607932,205.4813333333333,57.26933381593766,3.843219337615551,3.1227608273981504,0.7204585102174006
2022-07-14 04:00:00+00:00,212.98,215.05,210.26,214.27,1062899.0,16403.0,213.404625,205.957,56.90471131330121,3.6883357751348456,3.2358758169454895,0.452459958189356
2022-07-15 04:00:00+00:00,215.37,217.3567,213.75,217.01,732084.0,16726.0,216.484979,206.524,59.80882702109401,3.743531436722492,3.33740694090089,0.4061244958216017
2022-07-18 04:00:00+00:00,217.57,218.79,213.05,214.34,1056143.0,24945.0,215.719673,207.05166666666668,55.85862128260716,3.531123121023654,3.376150176925443,0.15497294409821105
2022-07-19 04:00:00+00:00,217.74,222.2,216.28,220.26,1075178.0,25915.0,220.342796,207.70633333333333,61.87170134087722,3.7967163423875263,3.46026341001786,0.33645293236966634
2022-07-20 04:00:00+00:00,217.0,220.7,204.67,207.49,1991502.0,40800.0,209.751084,208.05233333333337,46.99890305356783,2.942845318186727,3.3567797916516335,-0.41393447346490664
2022-07-21 04:00:00+00:00,208.27,214.68,207.94,214.06,1136962.0,25218.0,213.066442,208.485,53.22826120256396,2.7644239138335536,3.238308616088018,-0.47388470225446433
2022-07-22 04:00:00+00:00,214.44,215.31,205.29,206.25,841069.0,20800.0,208.022412,208.469,46.266830008377795,1.9701117148237017,2.9846692358351548,-1.014557521011453
2022-07-25 04:00:00+00:00,205.99,207.955,204.175,207.57,776937.0,19665.0,206.683481,208.6473333333333,47.51619448604274,1.430635072125682,2.6738624030932603,-1.2432273309675783
2022-07-26 04:00:00+00:00,206.7,214.02,206.7,210.85,916183.0,21438.0,211.091868,209.09233333333333,50.5904648276494,1.2533170748878888,2.3897533374521864,-1.1364362625642976
2022-07-27 04:00:00+00:00,209.65,213.67,209.65,212.92,847661.0,18976.0,212.325631,209.78433333333334,52.482174486986295,1.265238107537641,2.1648502914692775,-0.8996121839316364
2022-07-28 04:00:00+00:00,212.36,215.22,208.73,214.2,852636.0,20733.0,212.97523,210.45166666666668,53.663557464094545,1.3622675421488282,2.004333741605188,-0.6420661994563597
2022-07-29 04:00:00+00:00,212.51,216.69,211.59,215.06,1152012.0,22730.0,214.80411,211.04500000000002,54.48237458094354,1.4913673266203205,1.9017404586082145,-0.41037313198789405
2022-08-01 04:00:00+00:00,213.9,214.64,208.81,209.26,1116702.0,23947.0,210.493421,211.636,48.28521575414181,1.112840179677761,1.7439604028221238,-0.6311202231443629
2022-08-02 04:00:00+00:00,209.51,213.46,208.55,209.15,685275.0,16986.0,210.341466,211.88299999999998,48.17329970533099,0.794816458515669,1.554131613960833,-0.759315155445164
2022-08-03 04:00:00+00:00,210.0,217.03,210.0,213.6,1005540.0,21954.0,214.043265,212.10666666666665,52.926704553486246,0.8915805919810396,1.4216214095648743,-0.5300408175838347
2022-08-04 04:00:00+00:00,214.74,218.86,214.74,217.3,991287.0,20134.0,217.546969,212.45,56.499224342261016,1.2523891798302316,1.3877749636179457,-0.13538578378771415
2022-08-05 04:00:00+00:00,215.83,219.07,215.06,218.2,670485.0,16946.0,217.614878,212.67766666666665,57.34718022329111,1.5925966013094524,1.428739291156247,0.16385731015320526
2022-08-08 04:00:00+00:00,216.79,222.22,215.38,217.56,932205.0,21341.0,218.315976,212.864,56.503699259996004,1.7899374973252407,1.500978932390046,0.2889585649351947
2022-08-09 04:00:00+00:00,216.34,218.6,214.29,217.59,561414.0,16715.0,216.750239,212.99800000000002,56.53597076096933,1.9265443247185203,1.586092010855741,0.3404523138627793
2022-08-10 04:00:00+00:00,220.6,221.62,216.98,221.04,925561.0,18653.0,220.018592,213.61566666666667,60.19361996573164,2.2868312199728678,1.7262398526791665,0.5605913672937013
2022-08-11 04:00:00+00:00,221.22,222.82,216.9201,218.22,653058.0,16479.0,218.72744,214.04866666666666,56.04215310210121,2.318089257907502,1.8446097337248337,0.47347952418266837
2022-08-12 04:00:00+00:00,218.58,222.1675,218.58,220.99,768446.0,19740.0,220.694914,214.61700000000002,59.031116433588124,2.5371308630368503,1.9831139595872371,0.5540169034496132
2022-08-15 04:00:00+00:00,220.99,222.5,217.96,222.38,670044.0,16267.0,220.601114,215.00866666666667,60.483180805236024,2.7907146748841853,2.1446341026466267,0.6460805722375587
2022-08-16 04:00:00+00:00,221.74,222.135,217.55,219.64,607479.0,17382.0,219.479519,215.244,56.25083486243155,2.7390129357345643,2.2635098692642144,0.4755030664703499
2022-08-17 04:00:00+00:00,218.81,219.6492,216.61,217.58,485644.0,13471.0,217.884202,215.2973333333333,53.234753029743594,2.5029615681872883,2.3114002090488293,0.19156135913845906
2022-08-18 04:00:00+00:00,216.94,216.98,214.33,216.34,514481.0,14263.0,215.908494,215.2433333333333,51.44657894319472,2.19057988058546,2.2872361433561554,-0.09665626277069528
2022-08-19 04:00:00+00:00,215.79,216.61,212.46,214.09,623398.0,15840.0,214.112852,215.08633333333333,48.2776932028646,1.7413853403779456,2.1780659827605136,-0.436680642382568
2022-08-22 04:00:00+00:00,212.25,212.82,207.195,207.7,760651.0,19048.0,208.902772,214.83433333333332,40.624522915190745,0.85986385912841,1.914425558034093,-1.054561698905683
2022-08-23 04:00:00+00:00,207.47,207.67,200.15,202.81,872939.0,23362.0,202.580517,214.40866666666668,35.930446409644645,-0.2306713624674046,1.4854061739337934,-1.716077536401198
2022-08-24 04:00:00+00:00,201.74,202.9,200.15,201.78,698840.0,17556.0,201.926313,213.98366666666666,35.01274561615507,-1.1646158083049727,0.9554017774860402,-2.120017585791013
2022-08-25 04:00:00+00:00,202.49,205.06,200.6895,204.83,673256.0,15628.0,203.801567,213.66899999999998,39.90724113448668,-1.6397618464021377,0.43636905270840454,-2.0761308991105425
2022-08-26 04:00:00+00:00,205.33,206.29,198.53,198.59,973346.0,18884.0,200.091265,213.05499999999998,34.22754692359949,-2.491118293955168,-0.14912841662430992,-2.341989877330858
2022-08-29 04:00:00+00:00,197.19,198.61,195.62,197.11,479702.0,15721.0,197.315532,212.48066666666665,33.026933191887665,-3.2478093193148823,-0.7688645971624245,-2.4789447221524576
2022-08-30 04:00:00+00:00,196.6,197.775,195.17,196.08,623007.0,17979.0,196.237506,211.6746666666667,32.18090283134744,-3.8858115834079285,-1.3922539944115253,-2.4935575889964032
2022-08-31 04:00:00+00:00,197.89,198.4899,193.65,195.38,871303.0,19312.0,195.630161,211.271,31.588667241903934,-4.397228609880756,-1.9932489175053716,-2.4039796923753842
2022-09-01 04:00:00+00:00,194.77,201.41,193.65,199.79,915599.0,23455.0,198.978048,210.79533333333333,39.18232973343654,-4.396005726235501,-2.473800279251398,-1.922205446984103
2022-09-02 04:00:00+00:00,201.71,201.71,194.705,196.03,761421.0,22081.0,197.06785,210.45466666666667,35.55825141514687,-4.644893715103308,-2.90801896642178,-1.7368747486815277
2022-09-06 04:00:00+00:00,196.06,198.0,194.42,194.69,766328.0,22010.0,195.468848,210.02533333333335,34.3392620569318,-4.8938527523632445,-3.305185723610073,-1.5886670287531715
2022-09-07 04:00:00+00:00,195.42,201.25,194.45,200.67,765711.0,19165.0,199.445602,209.686,43.62703270213765,-4.556098690360471,-3.555368316960153,-1.0007303734003186
2022-09-08 04:00:00+00:00,201.16,208.05,201.16,207.98,1038804.0,24916.0,206.301927,209.52133333333333,52.476463729535396,-3.656421306280123,-3.5755789148241472,-0.08084239145597572
2022-09-09 04:00:00+00:00,208.39,212.92,208.09,211.84,1053076.0,24824.0,211.652538,209.44266666666667,56.37115288613092,-2.6019570161170975,-3.3808545350827375,0.77889751896564
2022-09-12 04:00:00+00:00,212.1,216.17,211.08,212.88,955638.0,25466.0,213.480838,209.36999999999998,57.38450939775684,-1.663194885463838,-3.037322605158958,1.37412771969512
2022-09-13 04:00:00+00:00,208.9,209.9672,203.29,203.91,1059503.0,26337.0,204.705814,209.19166666666666,47.20126917248536,-1.6242992573399135,-2.7547179355951497,1.1304186782552361
2022-09-14 04:00:00+00:00,204.9,205.065,200.745,204.11,840863.0,20644.0,203.281068,209.02366666666666,47.42529104814482,-1.5593605258200967,-2.515646453640139,0.9562859278200424
2022-09-15 04:00:00+00:00,203.32,208.71,202.64,206.72,1020636.0,23323.0,206.261271,208.79433333333336,50.3838819875932,-1.2825069837368517,-2.2690185596594814,0.9865115759226297
2022-09-16 04:00:00+00:00,206.54,208.51,204.23,208.26,1900721.0,25484.0,207.350461,208.493,52.09680339751635,-0.9281344708940082,-2.000841741906387,1.0727072710123786
2022-09-19 04:00:00+00:00,206.88,210.18,205.5316,209.26,843912.0,19712.0,208.592705,208.19500000000002,53.226034443863256,-0.5601430779727821,-1.712702009119666,1.152558931146884
2022-09-20 04:00:00+00:00,207.78,207.95,202.65,204.2,947131.0,21380.0,204.86942,207.74966666666666,47.16714405511882,-0.6690940598381871,-1.5039804192633703,0.8348863594251832
2022-09-21 04:00:00+00:00,205.53,209.25,199.295,199.34,1068467.0,23363.0,204.033695,207.14133333333334,42.19851485394334,-1.134521819877051,-1.4300886993861066,0.2955668795090556
2022-09-22 04:00:00+00:00,197.49,201.675,195.58,200.62,711949.0,20656.0,199.706714,206.46066666666667,43.87541998875067,-1.3841359131282616,-1.4208981421345377,0.036762229006276126
2022-09-23 04:00:00+00:00,200.28,200.62,194.45,197.78,1443578.0,29527.0,197.295187,205.7793333333333,41.031116795189924,-1.790481588317931,-1.4948148313712164,-0.2956667569467146
2022-09-26 04:00:00+00:00,197.44,199.805,194.63,195.75,1021416.0,26207.0,196.602432,204.938,39.08090578342742,-2.25037655790166,-1.6459271766773051,-0.604449381224355
2022-09-27 04:00:00+00:00,197.02,200.95,195.4984,197.79,849168.0,20972.0,197.801505,204.1183333333333,42.061183261725276,-2.4223127698786016,-1.8012042953175647,-0.6211084745610369
2022-09-28 04:00:00+00:00,282.96,283.44,265.02,276.61,16278565.0,285020.0,273.438997,206.01733333333334,80.91360568300001,3.758219403300444,-0.6893195555939629,4.447538958894407
2022-09-29 04:00:00+00:00,269.29,271.38,260.3602,264.28,6183961.0,110320.0,266.717411,207.574,72.70067337585428,7.57409823524074,0.9633640025729778,6.610734232667762
2022-09-30 04:00:00+00:00,265.51,271.49,257.0201,267.0,3749327.0,71217.0,266.808828,209.26266666666666,73.34346599212628,10.69441243992054,2.9095736900424907,7.78483874987805
2022-10-03 04:00:00+00:00,269.0,269.5,260.69,264.3,2498819.0,55670.0,264.642873,210.93633333333335,71.54267357172583,12.801844794699065,4.888027910973806,7.913816883725259
2022-10-04 04:00:00+00:00,266.0,269.87,264.5,267.45,2162048.0,46593.0,267.158929,212.928,72.39426829224918,14.558359092093099,6.8220941471976655,7.736264944895433
2022-10-05 04:00:00+00:00,265.28,266.427,257.51,261.69,1574736.0,35200.0,261.792768,214.89066666666668,68.36549840760458,15.309151101822408,8.519505538122615,6.789645563699793
2022-10-06 04:00:00+00:00,261.97,266.305,259.12,262.26,1246259.0,30187.0,262.813079,216.90666666666667,68.55200675428765,15.768385284922886,9.96928148748267,5.799103797440216
2022-10-07 04:00:00+00:00,261.4,265.98,256.4756,257.89,1778234.0,41187.0,260.111908,218.67533333333333,65.36995858033444,15.599883459318733,11.095401881849883,4.50448157746885
2022-10-10 04:00:00+00:00,257.58,258.39,252.3,254.78,1191670.0,29376.0,255.322861,220.54833333333332,63.12428472354251,15.041998741716412,11.884721253823189,3.1572774878932233
2022-10-11 04:00:00+00:00,251.97,258.8199,250.31,254.07,1239104.0,27565.0,254.220291,222.44700000000003,62.595602219318785,14.37685260978617,12.383147525015787,1.993705084770383
2022-10-12 04:00:00+00:00,254.51,256.12,250.94,253.67,1591755.0,28609.0,253.477958,224.36666666666665,62.27913598942283,13.65997911485752,12.638513842984134,1.021465271873387
2022-10-13 04:00:00+00:00,251.87,271.99,251.77,269.94,3415054.0,61659.0,266.280223,226.852,69.11822235120098,14.240548551994806,12.958920784786269,1.281627767208537
2022-10-14 04:00:00+00:00,270.65,272.62,264.03,264.63,1479049.0,31188.0,266.244324,229.01333333333335,64.97754486195853,14.109535449444309,13.189043717717878,0.9204917317264307
2022-10-17 04:00:00+00:00,266.05,274.01,264.75,269.55,1658304.0,32418.0,268.92847,231.464,66.95299561936089,14.238576061982343,13.398950186570772,0.8396258754115706
2022-10-18 04:00:00+00:00,270.03,273.705,267.28,270.28,1348974.0,31543.0,270.179868,233.98366666666666,67.24818277962692,14.235646900159026,13.566289529288424,0.6693573708706015
2022-10-19 04:00:00+00:00,269.3,269.3,261.91,264.45,1158540.0,21939.0,264.385235,236.10966666666667,62.4504986287093,13.606051153429576,13.574241854116655,0.0318092993129202
2022-10-20 04:00:00+00:00,263.42,265.99,260.325,262.65,1030931.0,21445.0,262.892709,237.93199999999996,61.003414181472195,12.814133674898756,13.422220218273075,-0.6080865433743199
2022-10-21 04:00:00+00:00,264.3,268.59,261.92,267.615,1575220.0,26052.0,266.86526,239.7911666666667,63.514760453569984,12.443723870637882,13.226520948746037,-0.782797078108155
2022-10-24 04:00:00+00:00,267.94,275.835,267.94,274.62,1849354.0,37096.0,273.58846,241.8491666666667,66.76659488109789,12.570511358802264,13.095319030757285,-0.5248076719550205
2022-10-25 04:00:00+00:00,278.6,279.63,265.46,273.56,2431473.0,47343.0,270.812963,244.17083333333332,65.8107433763675,12.442034190169778,12.964662062639785,-0.5226278724700073
2022-10-26 04:00:00+00:00,280.0,284.755,278.44,280.43,2060120.0,43236.0,281.130344,246.71483333333333,68.91669017841944,12.747620064430123,12.921253662997854,-0.17363359856773108
2022-10-27 04:00:00+00:00,281.065,281.46,275.16,277.87,1399384.0,25679.0,278.770355,249.08649999999997,66.49261718083747,12.637550648942636,12.864513060186813,-0.22696241124417682
2022-10-28 04:00:00+00:00,278.01,285.35,272.28,284.29,1539440.0,32980.0,281.127205,251.62083333333334,69.39951238433343,12.919433008330543,12.875497049815559,0.04393595851498411
2022-10-31 04:00:00+00:00,283.28,284.29,279.955,283.44,1085935.0,22984.0,282.709455,254.0935,68.55155358642041,12.925244737100797,12.885446587272607,0.03979814982819008
2022-11-01 04:00:00+00:00,283.44,286.82,280.0,280.04,1068692.0,24311.0,282.036501,256.6215,65.12385138994367,12.511276778307092,12.810612625479505,-0.29933584717241324
2022-11-02 04:00:00+00:00,280.18,287.37,277.88,278.37,1484728.0,29197.0,281.705088,259.2558333333333,63.445778770829214,11.911144881493726,12.63071907668235,-0.7195741951886241
2022-11-03 04:00:00+00:00,276.01,282.5899,274.63,280.25,869145.0,21347.0,280.406944,261.91016666666667,64.55310338717413,11.455188040611574,12.395612869468195,-0.9404248288566208
2022-11-04 04:00:00+00:00,282.52,283.3,276.641,281.82,894500.0,20655.0,281.052286,264.7115,65.49319179022481,11.092655609258145,12.135021417426186,-1.0423658081680411
2022-11-07 05:00:00+00:00,281.82,287.96,281.0925,284.62,1266145.0,24928.0,285.216519,267.67383333333333,67.1656745055005,10.905570022194809,11.889131138379911,-0.9835611161851023
2022-11-08 05:00:00+00:00,285.0,292.45,284.89,286.16,1472691.0,32615.0,288.037983,270.61949999999996,68.08197973895513,10.757561997889411,11.662817310281811,-0.9052553123924003
2022-11-09 05:00:00+00:00,286.39,289.78,282.18,282.31,800713.0,21106.0,284.94592,270.8095,63.324178201475526,10.211885488842313,11.372630945993912,-1.1607454571515987
2022-11-10 05:00:00+00:00,288.75,291.85,286.77,290.7,1439080.0,31458.0,289.998649,271.69016666666664,68.49172775896926,10.337274144274431,11.165559585650016,-0.8282854413755842
2022-11-11 05:00:00+00:00,290.7,291.005,283.44,289.45,1263457.0,32668.0,287.758862,272.4385,66.97758434495839,10.217994325661152,10.976046533652243,-0.7580522079910903
2022-11-14 05:00:00+00:00,300.11,305.48,295.73,299.06,2686171.0,50618.0,301.073718,273.5971666666666,72.08662439989794,10.774706783150293,10.935778583551855,-0.16107180040156166
2022-11-15 05:00:00+00:00,300.67,303.791,297.01,299.78,1282195.0,33369.0,300.226719,274.67483333333337,72.43077522441996,11.145524728098792,10.977727812461243,0.16779691563754895
2022-11-16 05:00:00+00:00,300.17,303.56,299.0,300.01,804067.0,19091.0,300.787684,275.95216666666664,72.54721540768156,11.327384659575785,11.047659181884153,0.27972547769163114
2022-11-17 05:00:00+00:00,297.07,302.93,296.79,302.05,959921.0,24612.0,300.729496,277.2785,73.61178805734353,11.503515549940118,11.138830455495347,0.3646850944447717
2022-11-18 05:00:00+00:00,303.21,304.14,299.72,302.89,847509.0,20801.0,302.302336,278.7785,74.05788382596513,11.577424189969861,11.22654920239025,0.3508749875796102
2022-11-21 05:00:00+00:00,304.2,305.87,300.405,301.63,969866.0,22638.0,302.572088,280.3401666666667,72.08925155819645,11.402880541104594,11.261815470133119,0.14106507097147514
2022-11-22 05:00:00+00:00,302.25,307.0,301.6,306.72,869193.0,22014.0,304.674641,282.09516666666667,74.98240089097932,11.54222234850522,11.317896845807539,0.22432550269768115
2022-11-23 05:00:00+00:00,307.0,307.4,302.108,303.45,997998.0,24902.0,304.485255,283.7545,69.96482689474774,11.25900328195587,11.306118133037206,-0.04711485108133573
2022-11-25 05:00:00+00:00,304.35,307.527,302.7,305.15,470765.0,11058.0,305.219006,284.9281666666667,71.04944581839379,11.04441280779946,11.253777067989658,-0.20936426019019727
2022-11-28 05:00:00+00:00,296.03,303.11,290.31,291.9,2142301.0,49660.0,293.494945,285.83716666666663,54.52303042572968,9.693444056733313,10.941710465738389,-1.2482664090050761
2022-11-29 05:00:00+00:00,291.1,293.97,288.44,291.41,1104148.0,27531.0,291.433466,286.56583333333333,54.022583296040594,8.485437838015002,10.450455940193713,-1.9650181021787105
2022-11-30 05:00:00+00:00,306.28,311.88,301.2,305.17,4066263.0,70322.0,306.071138,287.72883333333334,64.01205105298317,8.53995789072269,10.068356330299508,-1.5283984395768186
2022-12-01 05:00:00+00:00,305.51,306.2775,299.17,301.85,1927908.0,40829.0,302.180049,288.97550000000007,60.591367715152565,8.220508269445588,9.698786718128725,-1.4782784486831364
2022-12-02 05:00:00+00:00,299.24,305.06,297.78,298.9,1682653.0,35240.0,300.506162,290.1838333333333,57.64374475098635,7.641218585887259,9.287273091680431,-1.6460545057931721
2022-12-05 05:00:00+00:00,299.18,299.7,290.23,292.75,1498385.0,35558.0,292.850143,291.02166666666665,51.967857367733885,6.609681442519502,8.751754761848245,-2.142073319328743
2022-12-06 05:00:00+00:00,292.22,295.065,288.53,291.47,1036051.0,28485.0,290.971662,291.5833333333333,50.845695990005574,5.624064803783824,8.126216770235361,-2.502151966451537
2022-12-07 05:00:00+00:00,292.56,293.6,287.1,292.15,1112760.0,30499.0,291.308629,292.20300000000003,51.445533088930766,4.842011143192792,7.469375644826847,-2.627364501634055
2022-12-08 05:00:00+00:00,291.86,292.32,286.72,289.1,1695560.0,39058.0,289.01017,292.49199999999996,48.58187194722186,3.9308065812688255,6.7616618321152435,-2.830855250846418
2022-12-09 05:00:00+00:00,289.1,292.97,285.14,285.37,982783.0,25507.0,287.292262,292.742,45.263566206394074,2.8745544990632084,5.984240365504837,-3.1096858664416285
2022-12-12 05:00:00+00:00,285.0,290.86,282.57,290.59,1067277.0,24329.0,288.59232,292.952,50.37229342218227,2.4306583719896935,5.273523966801808,-2.842865594812115
2022-12-13 05:00:00+00:00,293.75,294.685,288.14,291.24,940189.0,26802.0,290.910299,293.21200000000005,50.98575318939229,2.1070285473937815,4.6402248829202035,-2.533196335526422
2022-12-14 05:00:00+00:00,290.15,294.18,287.15,289.05,896859.0,21970.0,290.004894,293.5123333333333,48.797127084184034,1.6547598409737247,4.043131874530908,-2.388372033557183
2022-12-15 05:00:00+00:00,287.58,287.9,282.04,283.44,1090243.0,30693.0,283.815707,293.6813333333333,43.63040172162668,0.8340392323429455,3.4013133460933154,-2.56727411375037
2022-12-16 05:00:00+00:00,280.56,285.59,279.07,284.98,3041585.0,30218.0,284.095854,293.839,45.341295321847234,0.3043687927336691,2.781924435421386,-2.477555642687717
2022-12-19 05:00:00+00:00,284.9,285.5,281.59,284.38,863419.0,24980.0,283.921343,293.9243333333333,44.77114227453057,-0.1619470080170231,2.1931501467337045,-2.3550971547507276
2022-12-20 05:00:00+00:00,284.94,288.89,283.85,287.51,873226.0,22294.0,287.382287,294.02066666666667,48.41529248264242,-0.2757619857217719,1.6993677202426092,-1.975129705964381
2022-12-21 05:00:00+00:00,288.09,288.3,284.87,286.86,797010.0,19426.0,286.889605,294.044,47.711240669455584,-0.4136425296702555,1.2767656702600365,-1.690408199930292
2022-12-22 05:00:00+00:00,283.61,283.65,278.305,280.61,946899.0,24470.0,280.65127,293.9873333333333,41.46704512717087,-1.0155302204598229,0.8183064921160648,-1.8338367125758877
2022-12-23 05:00:00+00:00,280.45,280.45,276.065,279.16,624756.0,16843.0,278.416074,293.60266666666666,40.15406553261858,-1.5911911722697596,0.33640695923889996,-1.9275981315086597
2022-12-27 05:00:00+00:00,279.89,279.89,273.38,274.77,638552.0,18195.0,275.082167,293.11333333333334,36.39658510785398,-2.3742737849725017,-0.20572918960338038,-2.1685445953691214
2022-12-28 05:00:00+00:00,275.64,276.92,272.64,274.04,521042.0,15131.0,274.245131,292.2793333333333,35.79672019012918,-3.018976415608904,-0.7683786348044852,-2.250597780804419
2022-12-29 05:00:00+00:00,274.83,279.14,274.3,276.0,594085.0,17729.0,276.781444,291.4866666666666,38.71716862406396,-3.3333277482657877,-1.2813684574967459,-2.051959290769042
2022-12-30 05:00:00+00:00,274.975,277.15,272.2,276.92,640440.0,18061.0,275.410158,290.717,40.09461478337882,-3.468237450509548,-1.7187422560993064,-1.7494951944102417
2023-01-03 05:00:00+00:00,276.73,278.0,272.39,272.63,1090336.0,26299.0,274.099735,289.73633333333333,36.02802459111425,-3.8766340838856763,-2.1503206216565807,-1.7263134622290957
2023-01-04 05:00:00+00:00,275.38,275.4441,269.88,270.81,1088711.0,29424.0,272.102778,288.66700000000003,34.432471219745,-4.297609975175931,-2.5797784923604508,-1.71783148281548
2023-01-05 05:00:00+00:00,269.33,272.795,265.32,271.59,1193770.0,31207.0,270.339628,287.66566666666665,35.745820278632166,-4.516236556954141,-2.967070105279189,-1.5491664516749517
2023-01-06 05:00:00+00:00,276.01,292.59,272.44,279.25,3729267.0,80118.0,281.865428,286.75,46.97804830876293,-4.025003975077084,-3.178656879238768,-0.8463470958383157
2023-01-09 05:00:00+00:00,280.54,281.99,269.06,276.8,1259353.0,35116.0,275.791924,285.8616666666666,44.31003136381576,-3.7897077473948,-3.3008670528699744,-0.4888406945248258
