timestamp,open,high,low,close,volume,trade_count,vwap,30sma,rsi,macd,signal,histogram
2022-01-03 05:00:00+00:00,2423.0,2466.0,2396.605,2461.42,388999.0,17565.0,2438.876818,,,,,
2022-01-04 05:00:00+00:00,2475.0,2518.25,2441.73,2464.93,381596.0,20271.0,2472.929167,,,,,
2022-01-05 05:00:00+00:00,2479.2,2480.54,2412.8,2414.53,227107.0,16389.0,2438.805274,,,,,
2022-01-06 05:00:00+00:00,2412.99,2460.15,2412.99,2429.97,247070.0,14803.0,2435.051635,,,,,
2022-01-07 05:00:00+00:00,2435.0,2466.26,2423.77,2434.58,229627.0,13368.0,2444.631767,,,,,
2022-01-10 05:00:00+00:00,2433.74,2433.74,2362.41,2426.4,325547.0,17689.0,2402.610843,,,,,
2022-01-11 05:00:00+00:00,2392.07,2474.26,2392.07,2469.42,289092.0,13818.0,2449.068589,,,,,
2022-01-12 05:00:00+00:00,2480.0,2494.945,2417.01,2436.1,278116.0,15110.0,2447.524184,,,,,
2022-01-13 05:00:00+00:00,2442.84,2495.0,2441.77,2458.98,251823.0,13617.0,2468.492997,,,,,
2022-01-14 05:00:00+00:00,2458.98,2460.0,2402.78,2450.95,275408.0,12932.0,2435.872084,,,,,
2022-01-18 05:00:00+00:00,2424.14,2450.0,2376.605,2384.21,349280.0,14643.0,2401.160324,,,,,
2022-01-19 05:00:00+00:00,2372.16,2413.8,2366.73,2377.09,272682.0,14459.0,2388.267187,,,,,
2022-01-20 05:00:00+00:00,2418.75,2482.53,2410.36,2433.64,556387.0,22961.0,2454.255596,,,,,
2022-01-21 05:00:00+00:00,2433.64,2433.64,2339.31,2345.86,580292.0,22887.0,2370.954391,,,,,
2022-01-24 05:00:00+00:00,2317.32,2356.35,2218.67,2349.62,575760.0,25872.0,2291.773305,,36.41026887732768,,,
2022-01-25 05:00:00+00:00,2285.09,2367.9,2235.03,2329.02,450651.0,18284.0,2311.891208,,34.547057925909556,,,
2022-01-26 05:00:00+00:00,2375.0,2424.675,2320.99,2370.63,430902.0,19974.0,2381.283622,,41.103154681298044,,,
2022-01-27 05:00:00+00:00,2419.41,2438.94,2342.07,2359.65,330219.0,16056.0,2382.071324,,39.96555022189956,,,
2022-01-28 05:00:00+00:00,2359.72,2414.85,2341.26,2412.94,301389.0,15750.0,2387.930271,,47.552527109457536,,,
2022-01-31 05:00:00+00:00,2405.78,2470.0,2373.125,2456.13,378307.0,19829.0,2445.609812,,52.762952033126446,,,
2022-02-01 05:00:00+00:00,2464.96,2477.1,2435.58,2465.64,366436.0,17389.0,2462.296702,,53.85013100626363,,,
2022-02-02 05:00:00+00:00,2485.0,2487.44,2438.07,2440.98,366738.0,18312.0,2459.006798,,50.59813471990048,,,
2022-02-03 05:00:00+00:00,2439.82,2470.84,2426.18,2437.52,459506.0,19060.0,2444.886397,,50.14060369851877,,,
2022-02-04 05:00:00+00:00,2408.41,2469.98,2391.27,2442.93,312624.0,16543.0,2435.447254,,50.888387548252474,,,
2022-02-07 05:00:00+00:00,2467.4,2501.39,2454.16,2483.05,431739.0,24513.0,2484.528528,,56.14165646527235,,,
2022-02-08 05:00:00+00:00,2485.0,2546.86,2476.24,2541.38,448754.0,20330.0,2522.916041,,62.43330140314789,22.95455481235058,,
2022-02-09 05:00:00+00:00,2596.08,2639.47,2587.2,2626.98,674162.0,30316.0,2611.311629,,69.37615712240621,35.45086042745652,,
2022-02-10 05:00:00+00:00,2580.8,2658.27,2580.8,2628.38,459880.0,23350.0,2633.287653,,69.47551958449199,44.949095762056004,,
2022-02-11 05:00:00+00:00,2680.0,2687.0,2512.45,2530.01,566119.0,24361.0,2587.626768,,55.78045643571019,44.03131323774414,,
2022-02-14 05:00:00+00:00,2521.57,2580.85,2514.14,2545.66,430713.0,18483.0,2549.858305,2446.9533333333334,57.22508997783764,44.05890455644294,,
2022-02-15 05:00:00+00:00,2573.48,2659.9,2573.48,2635.16,444391.0,19743.0,2634.178463,2452.7446666666665,64.38997319672518,50.71802704765787,,
2022-02-16 05:00:00+00:00,2633.8,2715.66,2632.22,2703.26,495237.0,23456.0,2684.002236,2460.689,68.68774294961797,60.789783676983916,,
2022-02-17 05:00:00+00:00,2664.81,2676.405,2612.14,2623.95,319347.0,17724.0,2636.813149,2467.6696666666667,59.65746422429304,61.661276378854836,,
2022-02-18 05:00:00+00:00,2625.02,2639.0,2582.98,2616.41,318758.0,16372.0,2614.375416,2473.8843333333334,58.86513057445672,61.03989571645934,47.294856846222906,13.745038870236435
2022-02-22 05:00:00+00:00,2588.46,2617.75,2486.84,2518.22,491097.0,25617.0,2541.789155,2476.672333333334,49.62237523821253,52.02462715513593,48.240810908005514,3.7838162471304173
2022-02-23 05:00:00+00:00,2536.73,2556.76,2465.0101,2469.83,518015.0,26262.0,2499.581503,2478.12,45.80528862328583,40.50833837170421,46.69431640074526,-6.1859780290410455
2022-02-24 05:00:00+00:00,2161.61,2297.55,2138.72,2295.0,1518143.0,60312.0,2225.589147,2472.3059999999996,35.25395545404551,17.077418802100965,40.770936881016404,-23.69351807891544
2022-02-25 05:00:00+00:00,2319.26,2336.72,2250.01,2281.46,521894.0,28815.0,2277.73247,2467.1513333333332,34.58941365508832,-2.554867684648343,32.10577596788345,-34.660643652531796
2022-02-28 05:00:00+00:00,2241.8,2241.8,2153.66,2172.25,781948.0,39567.0,2183.593821,2457.5936666666666,29.7227448598165,-26.619082251934742,20.360804323919815,-46.97988657585456
2022-03-01 05:00:00+00:00,2148.45,2148.45,2063.23,2072.0,802018.0,41659.0,2098.438593,2444.962,26.093416994309507,-53.16661124622533,5.655321209890785,-58.821932456116116
2022-03-02 05:00:00+00:00,2091.16,2193.31,2088.68,2163.52,558322.0,30525.0,2163.568584,2437.605666666667,34.01478580396808,-66.0593292759836,-8.687608887284092,-57.37172038869951
2022-03-03 05:00:00+00:00,2173.09,2198.02,2089.89,2102.06,436431.0,25000.0,2125.342326,2428.438,31.567845990002425,-80.31044078903051,-23.012175267633374,-57.298265521397134
2022-03-04 05:00:00+00:00,2048.29,2059.97,1963.71,1985.04,716763.0,37689.0,1997.513872,2413.4846666666663,27.509977212805282,-99.89555162359375,-38.38885053882545,-61.506701084768295
2022-03-07 05:00:00+00:00,1970.26,1979.05,1815.97,1817.16,1048220.0,50365.0,1864.0061,2395.8613333333333,22.951781217494272,-127.49373758658749,-56.209827948377864,-71.28390963820962
2022-03-08 05:00:00+00:00,1843.39,1981.78,1796.45,1899.53,1174415.0,42289.0,1887.844904,2380.858333333333,29.154338885214955,-141.09250165917092,-73.18636269053647,-67.90613896863445
2022-03-09 05:00:00+00:00,2009.54,2082.99,2007.495,2035.47,750369.0,39500.0,2049.327846,2371.0733333333333,38.02199214976303,-139.29469571422442,-86.40802929527406,-52.886666418950355
2022-03-10 05:00:00+00:00,1976.01,2061.15,1966.12,2030.36,621254.0,27413.0,2028.305889,2359.7309999999998,37.830304733519405,-136.70638968084222,-96.4677013723877,-40.23868830845453
2022-03-11 05:00:00+00:00,2062.0,2080.75,2010.64,2017.975,324082.0,21708.0,2031.982,2348.3418333333334,37.3389662065662,-134.10858421672947,-103.99587794125605,-30.112706275473414
2022-03-14 04:00:00+00:00,2010.2,2040.475,1985.75,2000.2,376076.0,21705.0,2012.315423,2334.583833333333,36.604165157171636,-131.9629123093282,-109.5892848148705,-22.373627494457708
2022-03-15 04:00:00+00:00,2032.72,2101.26,2015.09,2080.18,462620.0,28940.0,2076.561475,2322.0521666666664,42.12326180509984,-122.3978085378958,-112.15098955947556,-10.246818978420237
2022-03-16 04:00:00+00:00,2137.2,2239.72,2130.01,2202.44,717815.0,39471.0,2186.758861,2313.278833333333,49.378182695235644,-103.75600007266667,-110.4719916621138,6.715991589447128
2022-03-17 04:00:00+00:00,2167.18,2189.61,2120.03,2161.14,384671.0,22895.0,2154.117363,2303.9508333333333,47.22466775724445,-91.26277691532005,-106.63014871275504,15.367371797434998
2022-03-18 04:00:00+00:00,2161.14,2209.38,2134.09,2186.31,500641.0,23605.0,2177.89358,2295.5771666666665,48.69327257295421,-78.42674422035861,-100.98946781427577,22.562723593917156
2022-03-21 04:00:00+00:00,2204.5,2204.5,2142.0,2161.39,306592.0,18169.0,2160.527793,2286.1924999999997,47.29015452512843,-69.46419160498544,-94.68441257241771,25.22022096743227
2022-03-22 04:00:00+00:00,2171.0,2217.22,2164.01,2201.96,266709.0,15228.0,2194.520231,2276.822833333333,49.825015511421874,-58.41428067721472,-87.43038619337712,29.016105516162398
2022-03-23 04:00:00+00:00,2204.82,2208.815,2152.02,2159.75,287110.0,17500.0,2170.612291,2264.101833333333,47.27752728228864,-52.45843273463424,-80.43599550162855,27.97756276699431
2022-03-24 04:00:00+00:00,2164.0,2265.97,2161.99,2261.99,335310.0,16723.0,2229.570347,2251.9355,53.48163535139209,-39.03845576839967,-72.15648755498279,33.11803178658312
2022-03-25 04:00:00+00:00,2266.97,2298.08,2226.18,2247.93,244133.0,14998.0,2256.604088,2239.2538333333337,52.56555410319329,-29.200941555328427,-63.56537835505192,34.36443679972349
2022-03-28 04:00:00+00:00,2260.77,2280.79,2220.7,2276.82,512065.0,28938.0,2258.253939,2230.8141666666666,54.297814544227016,-18.856097752433925,-54.62352223452832,35.7674244820944
2022-03-29 04:00:00+00:00,2340.35,2420.89,2340.35,2371.92,536728.0,28160.0,2382.491952,2225.0228333333334,59.53626650983331,-2.949954057830837,-44.288808599188826,41.33885454135799
2022-03-30 04:00:00+00:00,2368.044,2368.044,2317.93,2327.99,246324.0,14998.0,2331.584929,2214.7838333333334,56.32460671305345,6.041354581049745,-34.22277596314112,40.26413054419086
2022-03-31 04:00:00+00:00,2364.33,2389.46,2347.8,2348.45,354263.0,18210.0,2364.262384,2202.956833333333,57.475193530301084,14.64911656785307,-24.44839745694228,39.09751402479535
2022-04-01 04:00:00+00:00,2377.62,2418.29,2350.0,2367.83,281842.0,16071.0,2375.618934,2194.4194999999995,58.58805479655484,22.772131041071134,-15.004291757339598,37.776422798410735
2022-04-04 04:00:00+00:00,2375.67,2379.96,2334.04,2374.97,291834.0,14034.0,2366.133255,2186.3715,59.01362121737949,29.446377354378,-6.114157934996078,35.56053528937408
2022-04-05 04:00:00+00:00,2347.53,2372.62,2292.57,2298.0,354663.0,18837.0,2313.610873,2179.0308333333332,52.72356601604988,28.199859481847852,0.7486455483727079,27.451213933475145
2022-04-06 04:00:00+00:00,2237.62,2239.04,2194.59,2221.93,397246.0,26481.0,2218.745283,2170.7675,47.351819880729686,20.833614886767464,4.76563941605166,16.067975470715805
2022-04-07 04:00:00+00:00,2208.18,2224.64,2171.23,2211.39,280373.0,20175.0,2199.328546,2167.9805,46.64272154750707,13.984122797894997,6.609336092420328,7.374786705474669
2022-04-08 04:00:00+00:00,2203.45,2228.08,2166.38,2168.465,274405.0,17280.0,2189.038744,2164.214,43.768092650367215,5.034131870170313,6.294295247970325,-1.260163377800012
2022-04-11 04:00:00+00:00,2150.0,2209.56,2144.95,2169.21,223390.0,15642.0,2182.25826,2164.1126666666664,43.83279370789726,-1.9759081087613595,4.640254576623988,-6.616162685385348
2022-04-12 04:00:00+00:00,2195.98,2232.37,2172.82,2181.38,274669.0,16942.0,2200.169474,2167.7586666666666,44.94715827522098,-6.4747609913001725,2.417251463039156,-8.892012454339328
2022-04-13 04:00:00+00:00,2192.25,2272.31,2190.685,2260.11,326850.0,21131.0,2249.313084,2170.9783333333335,51.63261978853583,-3.6452609876905626,1.2047489728932124,-4.850009960583775
2022-04-14 04:00:00+00:00,2277.0,2307.46,2213.445,2227.29,401910.0,21360.0,2247.674505,2175.1526666666664,48.963272403181826,-4.0049944778802455,0.16280028273852076,-4.167794760618766
2022-04-18 04:00:00+00:00,2210.0,2226.18,2173.0,2199.31,328603.0,16827.0,2196.119458,2182.295,46.744536508528206,-6.473218785260997,-1.1644035308613827,-5.308815254399614
2022-04-19 04:00:00+00:00,2204.81,2252.99,2204.81,2239.38,339042.0,18454.0,2237.497553,2196.369,50.2232452484311,-5.136776646766975,-1.9588781540425013,-3.177898492724474
2022-04-20 04:00:00+00:00,2260.0,2284.25,2243.77,2251.8,264040.0,17731.0,2263.811828,2208.1113333333333,51.285429155585085,-3.0403985992661546,-2.175182243087232,-0.8652163561789226
2022-04-21 04:00:00+00:00,2316.07,2337.895,2224.28,2239.32,388577.0,19424.0,2267.603309,2214.9063333333334,50.12790421080784,-2.3588443045086933,-2.2119146553715243,-0.146929649137169
2022-04-22 04:00:00+00:00,2226.0,2263.96,2209.82,2213.87,308819.0,17745.0,2230.30336,2221.023333333333,47.76054830861768,-3.8281810330659027,-2.5351679309104,-1.293013102155503
2022-04-25 04:00:00+00:00,2192.07,2266.655,2186.51,2246.04,414000.0,19476.0,2241.003852,2228.6255,50.91607083067403,-2.3694769767157595,-2.502029740071472,0.13255276335571242
2022-04-26 04:00:00+00:00,2231.84,2243.27,2158.95,2159.96,441224.0,20309.0,2187.139308,2233.9508333333333,43.36737848869551,-8.066395713459315,-3.6149029347490407,-4.451492778710274
2022-04-27 04:00:00+00:00,2188.0,2278.97,2184.0,2259.8,422624.0,26084.0,2254.130982,2239.9381666666663,52.21618435145698,-4.473424402207456,-3.786607228240724,-0.6868171739667321
2022-04-28 04:00:00+00:00,2285.81,2363.45,2259.215,2317.8,483455.0,21135.0,2311.000783,2243.7835,56.47121463061975,3.0193414331292843,-2.4254174959667223,5.444758929096007
2022-04-29 04:00:00+00:00,2292.54,2315.2,2206.19,2210.31,470431.0,22899.0,2245.28657,2245.4225,47.94943872923794,0.28063271228893427,-1.8842074543155911,2.1648401666045256
2022-05-02 04:00:00+00:00,2207.0,2224.59,2116.0,2192.92,592542.0,26724.0,2167.578708,2245.6428333333333,46.721061150187985,-3.255513809306649,-2.158468725313803,-1.097045083992846
2022-05-03 04:00:00+00:00,2203.76,2205.465,2061.691,2105.93,616982.0,29299.0,2098.025949,2243.7941666666666,41.05514233578905,-12.92827232270156,-4.312429444791354,-8.615842877910206
2022-05-04 04:00:00+00:00,2088.0,2109.6135,1997.244,2103.33,868489.0,42243.0,2077.114309,2240.5065,40.89550959363904,-20.566721046042858,-7.563287765041656,-13.003433281001202
2022-05-05 04:00:00+00:00,2300.0,2308.0,2156.7,2171.91,1035564.0,46146.0,2213.710482,2240.911833333333,46.774258956464,-20.84611282591368,-10.219852777216062,-10.626260048697617
2022-05-06 04:00:00+00:00,2145.14,2244.975,2082.7,2194.23,686938.0,34300.0,2182.679104,2238.6531666666665,48.567279864774235,-19.046934159705415,-11.985269053713933,-7.061665105991482
2022-05-09 04:00:00+00:00,2105.35,2143.205,2020.915,2023.57,661526.0,32162.0,2052.337891,2231.1745,38.02080771047317,-31.034165299744927,-15.795048302920133,-15.239116996824794
2022-05-10 04:00:00+00:00,2099.82,2099.82,2013.59,2044.98,486663.0,26220.0,2051.163112,2223.4465,39.78733712552539,-38.36428467955102,-20.30889557824631,-18.05538910130471
2022-05-11 04:00:00+00:00,2063.6,2136.07,2011.55,2072.15,456097.0,23021.0,2091.356617,2213.454166666667,42.04482205281443,-41.50264847080052,-24.547646156757153,-16.95500231404337
2022-05-12 04:00:00+00:00,2051.44,2114.78,2001.93,2053.05,433005.0,21746.0,2049.327377,2204.2895,40.884381572041946,-45.01216256969019,-28.640549439343765,-16.371613130346425
2022-05-13 04:00:00+00:00,2104.3,2124.99,2072.21,2101.89,298901.0,16528.0,2098.226876,2196.070833333333,45.06004621943018,-43.35275438426561,-31.582990428328138,-11.76976395593747
2022-05-16 04:00:00+00:00,2086.11,2094.59,2033.61,2046.01,285424.0,13829.0,2052.313507,2185.3435,41.452288893769015,-46.01626359073589,-34.46964506080969,-11.5466185299262
2022-05-17 04:00:00+00:00,2125.0,2161.0,2109.86,2146.59,402456.0,19809.0,2137.246472,2177.730833333333,49.31802123841843,-39.55518090531223,-35.4867522297102,-4.0684286756020285
2022-05-18 04:00:00+00:00,2120.0,2134.06,2042.0,2050.38,355362.0,18710.0,2069.938431,2169.476833333333,43.322389955813016,-41.71717958875206,-36.73283770151858,-4.984341887233484
2022-05-19 04:00:00+00:00,2059.62,2142.43,2042.58,2103.39,356253.0,20850.0,2107.797822,2165.5255,47.13579758220535,-38.70692579841307,-37.127655320897475,-1.5792704775155926
2022-05-20 04:00:00+00:00,2127.77,2132.28,2052.85,2115.9,424377.0,20287.0,2097.390506,2162.3424999999997,48.02455674772065,-34.90941156611416,-36.68400656994081,1.7745950038266542
2022-05-23 04:00:00+00:00,2157.39,2157.39,2094.66,2106.65,294825.0,16472.0,2115.832572,2160.282,47.390132983936546,-32.27421481355941,-35.80204821866454,3.5278334051051274
2022-05-24 04:00:00+00:00,2089.43,2094.74,2019.345,2050.06,336663.0,18781.0,2045.825425,2156.3103333333333,43.59573624853389,-34.35610664772821,-35.512859904477274,1.156753256749063
2022-05-25 04:00:00+00:00,2038.07,2167.365,2038.07,2147.22,352962.0,21964.0,2128.117187,2155.1716666666666,50.869198004362005,-27.845040630080348,-33.97929604959789,6.134255419517544
2022-05-26 04:00:00+00:00,2170.82,2252.0,2158.37,2221.51,301864.0,16930.0,2211.193797,2153.8849999999998,55.58530298872168,-16.500187874030416,-30.483474414484398,13.983286540453982
2022-05-27 04:00:00+00:00,2263.61,2274.17,2238.5,2265.98,306412.0,22062.0,2255.20785,2155.174666666667,58.17352951322078,-3.8762697560532615,-25.162033482798172,21.28576372674491
2022-05-31 04:00:00+00:00,2243.32,2269.0014,2195.04,2243.56,377260.0,21082.0,2241.895063,2156.6496666666667,56.38940064438666,4.269948367787038,-19.27563711268113,23.54558548046817
2022-06-01 04:00:00+00:00,2265.0,2276.8,2197.15,2238.57,255841.0,17022.0,2234.655328,2156.6226666666666,55.977903283202956,10.205589936404522,-13.379391702864002,23.584981639268523
2022-06-02 04:00:00+00:00,2259.55,2383.9,2256.85,2372.36,478180.0,22400.0,2348.841727,2160.6413333333335,63.639324066968385,25.412424898297104,-5.621028382631781,31.033453280928885
2022-06-03 04:00:00+00:00,2317.36,2378.93,2310.9,2335.87,299488.0,16925.0,2337.775604,2163.8596666666667,60.544417177513566,34.12612835962818,2.328402965820211,31.797725393807973
2022-06-06 04:00:00+00:00,2366.44,2393.31,2332.75,2347.3,205437.0,14107.0,2354.781508,2168.307333333333,61.18124305722632,41.4759971300773,10.15792179867163,31.318075331405673
2022-06-07 04:00:00+00:00,2302.03,2346.015,2300.0,2326.73,233919.0,12910.0,2322.083024,2170.9970000000003,59.32546457930281,45.120868706582314,17.150511180253766,27.97035752632855
2022-06-08 04:00:00+00:00,2303.45,2355.0,2300.37,2345.8,268987.0,14647.0,2336.137084,2177.1916666666666,60.521033713843856,48.98359294792817,23.51712753378865,25.466465414139524
2022-06-09 04:00:00+00:00,2330.0,2336.055,2276.23,2277.84,371110.0,16344.0,2295.198841,2177.793,54.38587789652332,46.03041572450502,28.019785171931925,18.010630552573094
2022-06-10 04:00:00+00:00,2199.83,2208.2,2096.53,2104.96,427178.0,23744.0,2131.582534,2170.6983333333333,42.56503763385022,29.40111259248397,28.296050656042336,1.1050619364416328
2022-06-13 04:00:00+00:00,2006.45,2016.15,1913.43,1979.32,725056.0,35429.0,1971.44361,2162.998666666667,36.37695133582004,6.014836775743788,23.83980787998263,-17.82497110423884
2022-06-14 04:00:00+00:00,1983.35,1995.855,1903.02,1951.51,578527.0,25886.0,1942.814379,2154.951666666667,35.158545461742435,-14.59475067926087,16.15289616813393,-30.747646847394797
2022-06-15 04:00:00+00:00,1992.9,2003.88,1931.61,1973.24,370207.0,19225.0,1972.430782,2150.5286666666666,36.93596862466982,-28.842094119172998,7.153898110672544,-35.99599222984554
2022-06-16 04:00:00+00:00,1902.86,1909.27,1832.295,1846.24,552732.0,23571.0,1856.477257,2141.959,31.501063350474254,-49.806911980993846,-4.238263907660735,-45.56864807333311
2022-06-17 04:00:00+00:00,1851.92,1922.46,1850.505,1906.87,564359.0,21523.0,1899.029957,2133.1243333333337,36.31858548429464,-60.828157747594105,-15.55624267564741,-45.271915071946694
2022-06-21 04:00:00+00:00,1949.58,1953.87,1913.38,1937.29,602831.0,21705.0,1933.764807,2124.5596666666665,38.64995492732443,-66.34317186390376,-25.71362851329868,-40.62954335060508
2022-06-22 04:00:00+00:00,1896.67,1946.665,1882.225,1889.84,438642.0,22055.0,1913.059268,2120.102,36.410770048494555,-73.69318951213609,-35.30954071306616,-38.383648799069924
2022-06-23 04:00:00+00:00,1871.64,1876.24,1795.01,1835.06,601268.0,27140.0,1833.915295,2113.1046666666666,33.96433036932915,-82.98185645007152,-44.84400386046724,-38.13785258960428
2022-06-24 04:00:00+00:00,1867.83,1933.02,1853.33,1931.05,505099.0,22624.0,1919.287321,2108.4013333333332,41.395000191780994,-81.65631793762668,-52.20646667589914,-29.449851261727545
2022-06-27 04:00:00+00:00,1939.91,1949.6,1891.005,1896.24,344266.0,18933.0,1909.149547,2103.1743333333334,39.65246221098317,-82.46410038015483,-58.25799341675028,-24.20610696340455
2022-06-28 04:00:00+00:00,1921.76,1954.0,1835.33,1838.42,405121.0,23887.0,1870.593957,2094.3920000000003,36.87573154863954,-86.76963818691979,-63.96032237078418,-22.80931581613561
2022-06-29 04:00:00+00:00,1823.84,1833.85,1760.0,1810.33,422069.0,22202.0,1797.966652,2086.536,35.572457346399176,-91.39489272855144,-69.44723644233764,-21.9476562862138
2022-06-30 04:00:00+00:00,1752.63,1783.92,1703.05,1748.99,639874.0,32527.0,1745.55536,2073.282666666667,32.84277729930753,-98.87034978847873,-75.33185911156586,-23.538490676912872
2022-07-01 04:00:00+00:00,1743.1,1767.98,1719.745,1767.98,356287.0,19738.0,1755.142917,2063.869333333333,34.518049423565316,-102.08558993755582,-80.68260527676385,-21.402984660791972
2022-07-05 04:00:00+00:00,1711.53,1797.16,1689.46,1787.96,525639.0,26534.0,1760.364308,2053.355,36.31801592602762,-101.84743803227389,-84.91557182786586,-16.931866204408024
2022-07-06 04:00:00+00:00,1793.69,1807.45,1746.13,1750.86,389396.0,20011.0,1767.160177,2041.1869999999997,34.425720404464,-103.45974137677058,-88.62440573764681,-14.83533563912377
2022-07-07 04:00:00+00:00,1783.19,1799.0,1760.81,1785.92,334792.0,19721.0,1782.88482,2030.496,37.727772589960175,-100.74710449423355,-91.04894548896416,-9.698159005269389
2022-07-08 04:00:00+00:00,1763.66,1781.5,1725.6,1769.48,230758.0,16130.0,1764.980317,2021.1433333333332,36.792193157385476,-98.78515702792401,-92.59618779675614,-6.188969231167874
2022-07-11 04:00:00+00:00,1737.66,1751.29,1713.995,1724.55,351069.0,17849.0,1728.639763,2007.0543333333335,34.28954116493675,-99.70642146853174,-94.01823453111126,-5.6881869374204825
2022-07-12 04:00:00+00:00,1732.4,1762.33,1717.03,1738.25,322707.0,17242.0,1742.887107,1990.9456666666667,35.7252100371597,-98.19907683973679,-94.85440299283637,-3.3446738469004202
2022-07-13 04:00:00+00:00,1692.53,1747.53,1678.01,1738.03,288665.0,17519.0,1726.576016,1973.3473333333334,35.71171676407364,-95.91658088453005,-95.06683857117511,-0.8497423133549376
2022-07-14 04:00:00+00:00,1691.4,1709.195,1669.34,1673.91,537414.0,22758.0,1684.632119,1954.3590000000002,31.926822642016973,-98.15021988390345,-95.68351483372078,-2.466705050182668
2022-07-15 04:00:00+00:00,1709.24,1723.31,1680.4301,1698.59,480964.0,21883.0,1699.673658,1936.3596666666667,34.79154945234214,-96.8129259958464,-95.90939706614591,-0.9035289297004852
2022-07-18 04:00:00+00:00,1744.91,1790.0,1729.1504,1738.79,444379.0,18002.0,1761.923093,1915.2406666666668,39.27430700773717,-91.45506980439632,-95.018531613796,3.5634618093996835
2022-07-19 04:00:00+00:00,1773.62,1842.47,1773.62,1834.8,446920.0,22051.0,1817.584838,1898.5383333333332,48.39822032317474,-78.55617883041782,-91.72606105712036,13.16988222670254
2022-07-20 04:00:00+00:00,1827.25,1849.08,1806.555,1834.8,475633.0,17840.0,1827.875095,1881.4550000000002,48.39822032317474,-67.55498300943282,-86.89184544758285,19.336862438150035
2022-07-21 04:00:00+00:00,1814.72,1831.57,1785.9,1829.41,337871.0,14569.0,1815.296977,1864.8776666666668,47.92935093320086,-58.59592664815477,-81.23266168769725,22.636735039542472
2022-07-22 04:00:00+00:00,1853.02,1857.59,1797.04,1809.88,307918.0,13021.0,1818.306149,1847.0136666666665,46.18349870873022,-52.46691181640517,-75.47951171343882,23.012599897033652
2022-07-25 04:00:00+00:00,1818.83,1843.99,1803.5201,1834.67,339752.0,12414.0,1824.528979,1832.2413333333332,48.73606393279652,-45.08951373664263,-69.40151211807958,24.31199838143695
2022-07-26 04:00:00+00:00,1820.63,1824.5525,1794.75,1795.8,300380.0,15381.0,1803.815704,1821.9360000000001,45.12218031756527,-41.896401124444765,-63.900489919352616,22.00408879490785
2022-07-27 04:00:00+00:00,1836.76,1903.16,1836.76,1877.58,406652.0,21041.0,1873.299906,1818.544666666667,53.01605829143723,-32.39346217044999,-57.5990843695721,25.205622199122104
2022-07-28 04:00:00+00:00,1886.6,1913.26,1857.07,1912.93,320491.0,15321.0,1893.1325,1817.2586666666668,55.964696886099446,-21.759040344152936,-50.43107556448827,28.67203522033533
2022-07-29 04:00:00+00:00,1913.61,1946.46,1900.01,1935.69,398661.0,18174.0,1926.362615,1816.007,57.800989499382666,-11.363649564642174,-42.61759036451905,31.25394079987688
2022-08-01 04:00:00+00:00,1923.75,1924.58,1862.99,1906.67,408274.0,19924.0,1897.36815,1818.0213333333334,54.67055777841112,-5.404598104174511,-35.174991912450146,29.770393808275635
2022-08-02 04:00:00+00:00,1906.67,1972.2,1902.8,1956.3,440044.0,19996.0,1942.610815,1819.669,58.781941777122526,3.2848535882621945,-27.48302281230768,30.767876400569875
2022-08-03 04:00:00+00:00,1935.01,1974.065,1922.64,1966.48,613479.0,28528.0,1959.586073,1820.642,59.591537451690684,10.867474104122493,-19.812923429021648,30.68039753314414
2022-08-04 04:00:00+00:00,1900.83,1954.42,1875.57,1947.25,804844.0,36216.0,1923.705767,1822.5556666666669,57.30190434657943,15.150410700832253,-12.820256603050868,27.970667303883122
2022-08-05 04:00:00+00:00,1933.76,1955.92,1904.0,1924.97,383613.0,19463.0,1924.128262,1825.5526666666667,54.68049796649725,16.5560116161937,-6.945002959201956,23.501014575395658
2022-08-08 04:00:00+00:00,1922.88,1989.49,1922.88,1955.8,349736.0,19163.0,1963.834293,1826.3776666666668,57.57285640427098,19.92796661693319,-1.5704090439749265,21.498375660908117
2022-08-09 04:00:00+00:00,1951.65,1957.21,1919.295,1957.21,299368.0,15173.0,1946.090531,1828.4099999999999,57.70580324932073,22.455191000795594,3.234710964979178,19.220480035816415
2022-08-10 04:00:00+00:00,2000.02,2027.209,1980.64,2023.69,464068.0,22605.0,2014.064826,1834.5856666666666,63.51141334098985,29.482558355664423,8.484280443116226,20.998277912548197
2022-08-11 04:00:00+00:00,2061.61,2098.68,2050.875,2063.76,378414.0,18703.0,2069.683867,1843.0333333333333,66.49658415318636,37.848814165255135,14.357187187544008,23.491626977711128
2022-08-12 04:00:00+00:00,2083.96,2122.99,2072.35,2120.98,329586.0,18318.0,2104.364577,1855.433,70.24069060321904,48.53680587743838,21.193110925522884,27.3436949519155
2022-08-15 04:00:00+00:00,2102.0,2157.97,2100.0,2129.76,377625.0,19402.0,2130.836637,1867.4923333333334,70.78028376806209,57.05786142541774,28.366061025501857,28.691800399915884
2022-08-16 04:00:00+00:00,2116.27,2161.05,2115.2,2151.34,263713.0,15378.0,2144.104379,1879.6049999999998,72.11842661438865,64.80515153935653,35.65387912827279,29.15127241108374
2022-08-17 04:00:00+00:00,2112.62,2143.0644,2101.64,2129.65,256431.0,15711.0,2121.457047,1892.2313333333334,68.71235248697377,68.40618907547014,42.20434111771226,26.201847957757877
2022-08-18 04:00:00+00:00,2118.87,2154.73,2108.71,2144.73,215953.0,12956.0,2137.366529,1904.1916666666666,69.78095231272253,71.65092003310338,48.093656900790485,23.55726313231289
2022-08-19 04:00:00+00:00,2121.79,2129.3,2083.92,2086.92,236377.0,14542.0,2094.457619,1914.7730000000001,61.15755119879687,68.76492952944727,52.22791142652184,16.53701810292543
2022-08-22 04:00:00+00:00,2018.43,2042.06,1969.08,1972.67,464992.0,23625.0,1991.332215,1923.0436666666667,48.42189329977218,56.60621982396833,53.10357310601114,3.502646717957191
2022-08-23 04:00:00+00:00,1975.97,2012.1,1975.64,1992.83,323594.0,17461.0,1994.429211,1931.5296666666666,50.38525825398232,48.043285213419495,52.09151552749282,-4.048230314073322
2022-08-24 04:00:00+00:00,1971.98,2019.16,1970.49,1990.96,229332.0,14345.0,1997.91392,1939.9606666666666,50.19439311705874,40.63775769560016,49.80076396111429,-9.163006265514134
2022-08-25 04:00:00+00:00,2000.0,2033.95,1994.96,2008.54,250385.0,14058.0,2012.07052,1951.115,52.03397366418138,35.77499103411105,46.99560937571365,-11.220618341602595
2022-08-26 04:00:00+00:00,2013.53,2020.84,1908.0,1910.96,383985.0,19436.0,1940.800334,1958.194,42.623414384705626,23.773279364464088,42.35114337346374,-18.577864008999654
2022-08-29 04:00:00+00:00,1897.0,1921.3656,1886.1,1898.66,320446.0,16927.0,1903.90741,1963.5230000000001,41.60206963755886,13.118111767282699,36.50453705222753,-23.386425284944835
2022-08-30 04:00:00+00:00,1921.0,1924.99,1869.89,1880.23,325328.0,17439.0,1883.985339,1965.0373333333332,40.05336692282448,3.1503524046215716,29.833700122706343,-26.68334771808477
2022-08-31 04:00:00+00:00,1891.62,1916.8983,1873.42,1875.81,389569.0,21334.0,1886.348443,1966.4043333333334,39.67193405441196,-5.04763971603461,22.857432154958154,-27.905071870992764
2022-09-01 04:00:00+00:00,1859.0,1873.525,1801.91,1852.51,576803.0,27850.0,1833.009802,1967.1743333333332,37.63716856187512,-13.2717345146566,15.631598821035205,-28.903333335691805
2022-09-02 04:00:00+00:00,1863.86,1872.9,1818.96,1837.91,337447.0,22556.0,1843.542875,1968.1086666666667,36.37809091812641,-20.728541157284553,8.359570825371254,-29.088111982655807
2022-09-06 04:00:00+00:00,1837.91,1848.56,1780.09,1814.85,338426.0,21135.0,1809.999873,1967.448,34.41955325196828,-28.174090052138126,1.0528386498693774,-29.226928702007505
2022-09-07 04:00:00+00:00,1824.19,1880.79,1807.145,1872.45,395047.0,20539.0,1851.815711,1970.003,42.715684531369355,-29.09155325976235,-4.976039732056968,-24.11551352770538
2022-09-08 04:00:00+00:00,1843.3,1912.35,1829.79,1906.02,461887.0,20192.0,1891.152986,1970.951,46.929432155432984,-26.800887074741468,-9.341009200593868,-17.4598778741476
2022-09-09 04:00:00+00:00,1920.0,1984.99,1918.05,1981.03,527517.0,22365.0,1964.768724,1973.221,54.910495585524124,-18.717078672519847,-11.216223094979064,-7.500855577540783
2022-09-12 04:00:00+00:00,2010.21,2030.95,2000.26,2013.32,411733.0,20355.0,2016.530968,1975.8086666666668,57.849139952739996,-9.594470053428495,-10.891872486668952,1.2974024332404568
2022-09-13 04:00:00+00:00,1941.0,1967.785,1913.48,1920.8,395471.0,23429.0,1934.374645,1976.2796666666666,48.16324839925829,-9.718301248688704,-10.657158239072903,0.938856990384199
2022-09-14 04:00:00+00:00,1916.78,1970.04,1897.12,1967.38,302984.0,17086.0,1946.666623,1976.6490000000001,52.477363845406714,-5.98878664385029,-9.72348392002838,3.7346972761780908
2022-09-15 04:00:00+00:00,1955.62,2015.05,1947.24,1956.77,379481.0,17911.0,1973.583302,1976.3253333333332,51.42745972470283,-3.844935752380252,-8.547774286498754,4.702838534118502
2022-09-16 04:00:00+00:00,1934.0,1934.62,1854.39,1876.45,789166.0,24357.0,1881.91537,1973.9653333333333,44.21561597754347,-8.528757011172956,-8.543970831433596,0.01521382026063911
2022-09-19 04:00:00+00:00,1849.1,1910.0,1849.1,1902.99,267534.0,13608.0,1894.756192,1973.2326666666668,46.867028149654224,-9.98407273232192,-8.83199121161126,-1.1520815207106594
2022-09-20 04:00:00+00:00,1887.73,1926.45,1878.83,1896.63,310471.0,16446.0,1904.07651,1971.2603333333334,46.299119845195676,-11.517849177868356,-9.36916280486268,-2.1486863730056758
2022-09-21 04:00:00+00:00,1888.21,1890.84,1805.89,1806.7,372588.0,19900.0,1837.521306,1966.2433333333333,39.0868265920169,-19.762171473633998,-11.447764538616944,-8.314406935017054
2022-09-22 04:00:00+00:00,1806.0,1806.08,1715.0,1720.58,580043.0,26455.0,1738.854935,1956.1396666666667,33.67662643807982,-32.8661599221839,-15.731443615330335,-17.134716306853562
2022-09-23 04:00:00+00:00,1696.15,1698.9,1646.0434,1669.88,629052.0,26419.0,1671.904758,1943.0103333333332,30.959755178405956,-46.80271884999729,-21.945698662263727,-24.857020187733564
2022-09-26 04:00:00+00:00,1677.68,1714.3,1669.0,1669.25,449098.0,19779.0,1682.175023,1927.9526666666668,30.926367465879423,-57.23856736779953,-29.00427240337089,-28.234294964428642
2022-09-27 04:00:00+00:00,1696.5,1710.63,1655.39,1669.16,401298.0,20900.0,1676.112517,1912.5993333333333,30.921237285272653,-64.76969008268429,-36.157355939233575,-28.612334143450717
2022-09-28 04:00:00+00:00,1661.88,1735.99,1652.94,1726.88,381921.0,19468.0,1712.900229,1898.4506666666668,38.02207036444897,-65.32758178143786,-41.991401107674434,-23.336180673763423
2022-09-29 04:00:00+00:00,1690.55,1697.495,1659.69,1678.92,344949.0,18718.0,1677.859487,1883.4263333333333,34.81932347835675,-68.84607149662747,-47.36233518546505,-21.483736311162424
2022-09-30 04:00:00+00:00,1658.97,1701.76,1641.87,1643.21,498456.0,20847.0,1667.583492,1866.7089999999998,32.61631053463084,-73.66681333620159,-52.62323081561236,-21.043582520589226
2022-10-03 04:00:00+00:00,1672.44,1694.0,1626.22,1678.93,386980.0,19693.0,1674.469628,1853.1093333333333,36.915862229923256,-73.75478129215071,-56.849540910920034,-16.905240381230676
2022-10-04 04:00:00+00:00,1728.99,1765.53,1727.2,1759.04,466112.0,22034.0,1753.120263,1845.9883333333335,45.33953815775885,-66.59265041670164,-58.798162812076356,-7.794487604625289
2022-10-05 04:00:00+00:00,1726.81,1745.0,1709.57,1726.71,350529.0,16515.0,1728.055194,1837.1176666666665,42.8526144703061,-62.80143505369506,-59.5988172604001,-3.202617793294962
2022-10-06 04:00:00+00:00,1723.67,1732.91,1692.605,1709.73,371455.0,20166.0,1709.503916,1827.7433333333333,41.56314681486603,-60.469953671810345,-59.77304454268214,-0.6969091291282012
2022-10-07 04:00:00+00:00,1680.77,1699.025,1668.12,1685.16,443509.0,20484.0,1684.27509,1816.964,39.70152085328495,-59.9141781883186,-59.80127127180943,-0.11290691650916784
2022-10-10 04:00:00+00:00,1699.25,1701.65,1657.6125,1671.33,279476.0,13649.0,1679.065423,1808.9763333333333,38.65207855171013,-59.8992067617844,-59.82085836980443,-0.07834839197997212
2022-10-11 04:00:00+00:00,1671.33,1671.33,1620.84,1634.61,304594.0,17707.0,1642.59308,1800.1746666666666,35.9359767028093,-62.13409573801232,-60.28350584344601,-1.850589894566312
2022-10-12 04:00:00+00:00,1643.98,1682.56,1629.01,1675.62,290717.0,14492.0,1666.411021,1793.3543333333334,40.92853049263949,-59.90554327507948,-60.2079133297727,0.3023700546932204
2022-10-13 04:00:00+00:00,1626.23,1710.91,1616.85,1692.13,476390.0,22805.0,1681.903398,1787.2316666666666,42.859152309128525,-56.15980509728229,-59.39829168327462,3.2384865859923337
2022-10-14 04:00:00+00:00,1715.27,1735.86,1667.25,1670.49,388862.0,20081.0,1689.893852,1781.1643333333334,40.96911289243356,-54.311379971119095,-58.38090934084352,4.069529369724428
2022-10-17 04:00:00+00:00,1703.26,1751.99,1701.335,1747.49,318893.0,18021.0,1739.064501,1778.1503333333335,49.5023969139703,-46.10180039966781,-55.92508755260838,9.823287152940573
2022-10-18 04:00:00+00:00,1800.11,1815.59,1750.48,1773.96,367634.0,20018.0,1776.574392,1776.7873333333334,52.06755633540273,-37.03285001861991,-52.14664004581069,15.113790027190781
2022-10-19 04:00:00+00:00,1750.87,1799.98,1750.87,1771.82,313693.0,15455.0,1772.837518,1773.4330000000002,51.83829079372518,-29.676232483398508,-47.65255853332826,17.976326049929753
2022-10-20 04:00:00+00:00,1769.61,1827.0,1763.57,1773.62,345152.0,18053.0,1790.03276,1769.0196666666666,52.02962302519667,-23.430720369098026,-42.80819090048222,19.37747053138419
2022-10-21 04:00:00+00:00,1772.03,1829.3,1760.02,1822.79,307076.0,17196.0,1806.096826,1763.745,57.049228675332955,-14.348102953402986,-37.11617331106637,22.768070357663383
2022-10-24 04:00:00+00:00,1813.02,1828.6437,1764.0,1808.56,313772.0,16225.0,1798.228121,1756.919666666667,55.2474635066893,-8.203737708018934,-31.333686190456884,23.12994848243795
2022-10-25 04:00:00+00:00,1802.28,1880.229,1802.28,1874.61,324795.0,18717.0,1858.356835,1755.3799999999999,61.349273462859934,1.9726594239259612,-24.672417067580316,26.645076491506277
2022-10-26 04:00:00+00:00,1874.61,1918.05,1847.52,1851.52,375541.0,20256.0,1874.441616,1751.518,58.35392804488252,8.08120236862419,-18.121693180339417,26.202895548963607
2022-10-27 04:00:00+00:00,1869.37,1875.85,1823.115,1833.74,375669.0,22208.0,1841.145732,1747.4170000000001,56.083211774945575,11.356656785483437,-12.226023187174846,23.582679972658283
2022-10-28 04:00:00+00:00,1839.01,1874.72,1813.54,1871.72,459577.0,21270.0,1854.945065,1747.2593333333332,59.69147010185735,16.82321900056718,-6.416174749626441,23.23939375019362
2022-10-31 04:00:00+00:00,1870.91,1885.34,1837.84,1869.48,357672.0,19007.0,1867.384382,1746.1423333333335,59.38158792404778,20.735731060811304,-0.9857935875388915,21.721524648350197
2022-11-01 04:00:00+00:00,1891.25,1927.0,1886.0362,1889.52,348982.0,20119.0,1897.230767,1745.9053333333331,61.316428857132735,25.163417363728513,4.24404860271459,20.919368761013924
2022-11-02 04:00:00+00:00,1862.79,1884.725,1771.32,1778.18,604962.0,34891.0,1825.917661,1744.9546666666668,47.71668392035289,19.463816406028627,7.2880021633773975,12.17581424265123
2022-11-03 04:00:00+00:00,1849.0,1902.7,1822.76,1825.73,742663.0,36196.0,1855.43945,1748.4596666666666,52.5563560003379,18.569669599784675,9.544335650658853,9.025333949125821
2022-11-04 04:00:00+00:00,1884.83,1916.15,1852.1,1874.4,438721.0,25544.0,1879.121634,1755.2769999999998,56.949050993233,21.540014186348117,11.943471357796707,9.59654282855141
2022-11-07 05:00:00+00:00,1876.01,1886.83,1797.92,1833.82,433886.0,23982.0,1828.577252,1760.7626666666665,52.577938862083,20.384585994210056,13.631694285079377,6.7528917091306795
2022-11-08 05:00:00+00:00,1835.79,1892.95,1830.5748,1859.19,317821.0,21423.0,1859.050721,1767.097,54.90815685651533,21.2708506756494,15.15952556319338,6.111325112456019
2022-11-09 05:00:00+00:00,1840.0,1882.34,1830.07,1865.82,359559.0,19241.0,1866.5452,1771.7283333333332,55.52323048332038,22.25170362349354,16.577961175253414,5.673742448240127
2022-11-10 05:00:00+00:00,1946.86,1955.3,1916.4,1946.51,516229.0,26467.0,1941.577542,1780.6480000000001,62.268826141512065,29.203406604015072,19.103050261005748,10.100356343009324
2022-11-11 05:00:00+00:00,1936.31,2033.38,1936.31,2015.77,442819.0,25895.0,2002.674666,1793.0666666666666,66.90815825822766,39.84210943372295,23.25086209554919,16.591247338173762
2022-11-14 05:00:00+00:00,1996.51,2019.52,1974.01,1979.25,411743.0,22448.0,1996.542234,1803.0773333333334,62.54143232816565,44.80995798197,27.562681272833355,17.247276709136646
2022-11-15 05:00:00+00:00,2029.62,2061.96,1975.22,2001.9,411103.0,23274.0,2020.420876,1811.1726666666666,64.10609143635065,49.99832983051692,32.04981098437007,17.948518846146854
2022-11-16 05:00:00+00:00,2008.95,2028.83,1990.0,2013.78,302529.0,16394.0,2010.48125,1820.7416666666666,64.93345140895288,54.44120430068347,36.528089647632754,17.913114653050712
2022-11-17 05:00:00+00:00,1960.92,1972.45,1902.46,1940.76,495148.0,22095.0,1935.615843,1828.4426666666666,56.3377156103308,51.47671900750129,39.517815519606465,11.958903487894823
2022-11-18 05:00:00+00:00,1959.77,1972.2,1925.5,1940.28,306105.0,14986.0,1944.089383,1836.9466666666667,56.28496942001225,48.52919669509356,41.32009175470388,7.209104940389679
2022-11-21 05:00:00+00:00,1922.94,1948.42,1900.01,1919.49,280051.0,16347.0,1917.117035,1845.2186666666666,53.92981841692167,44.00838352502933,41.857750108768975,2.150633416260355
2022-11-22 05:00:00+00:00,1930.0,1950.05,1899.31,1946.97,327116.0,16286.0,1932.122802,1855.6306666666667,56.519620475882,42.15705259663105,41.9176106063414,0.23944199028964874
2022-11-23 05:00:00+00:00,1954.88,2002.0,1951.735,1969.45,254420.0,15189.0,1977.919634,1865.425,58.571312113749215,42.019433748494066,41.93797523477193,0.08145851372213286
2022-11-25 05:00:00+00:00,1968.48,1996.28,1963.22,1984.63,168803.0,8832.0,1982.068631,1875.175,59.94575733249139,42.643698938717534,42.079119975561056,0.5645789631564782
2022-11-28 05:00:00+00:00,1986.02,2004.9,1978.06,1984.9,331380.0,20942.0,1989.090765,1885.6553333333334,59.971194898779345,42.668365980189265,42.1969691764867,0.471396803702568
2022-11-29 05:00:00+00:00,1985.21,2027.565,1985.21,2017.16,284743.0,19493.0,2015.532537,1894.6443333333332,62.99512184148944,44.7748901183204,42.71255336485344,2.0623367534669583
2022-11-30 05:00:00+00:00,2032.0,2084.7,2012.2,2079.45,443999.0,21344.0,2055.636612,1904.8273333333334,68.01890263363236,50.88404845881223,44.3468523836452,6.5371960751670315
2022-12-01 05:00:00+00:00,2083.7,2100.635,2048.0,2060.29,291983.0,19662.0,2066.948918,1914.443,65.09165880504366,53.56211783146205,46.18990547320857,7.372212358253478
2022-12-02 05:00:00+00:00,2031.64,2094.49,2024.73,2085.44,270497.0,19030.0,2071.260317,1924.837,67.09353700390888,57.056193632467284,48.363163105060316,8.693030527406968
2022-12-05 05:00:00+00:00,2056.07,2086.88,2046.77,2056.52,278968.0,16840.0,2061.978651,1932.6280000000002,62.64478359515679,56.83649582832663,50.05782964971358,6.778666178613051
2022-12-06 05:00:00+00:00,2058.04,2074.95,2023.51,2042.19,262827.0,16951.0,2039.8139,1940.4156666666665,60.50399261673702,54.87352466179641,51.02096865213015,3.8525560096662588
2022-12-07 05:00:00+00:00,1976.3,1987.64,1940.2599,1955.56,415397.0,20214.0,1959.732699,1943.1140000000003,49.4927206804175,45.799589706118695,49.97669286292786,-4.177103156809167
2022-12-08 05:00:00+00:00,1962.39,2020.785,1948.64,2010.76,314147.0,16561.0,1997.194946,1948.4219999999998,55.100035019277946,42.571867564705826,48.49572780328346,-5.923860238577632
2022-12-09 05:00:00+00:00,2001.65,2031.21,1991.29,2019.98,242026.0,14188.0,2019.470011,1954.63,55.97913054676856,40.293374518702194,46.85525714636721,-6.561882627665014
2022-12-12 05:00:00+00:00,2020.04,2081.9,2015.0,2080.0,334979.0,20370.0,2061.332366,1961.5726666666667,61.29212273087596,42.83696686706139,46.051599090506045,-3.214632223444653
2022-12-13 05:00:00+00:00,2152.37,2152.37,2038.32,2047.83,418357.0,26896.0,2070.312336,1967.5176666666666,57.300248759667134,41.77537150617991,45.19635357364082,-3.420982067460912
2022-12-14 05:00:00+00:00,2057.04,2069.66,1988.01,2006.8,397198.0,20634.0,2018.153972,1971.427,52.595306591800274,37.19451620627342,43.595986100167345,-6.401469893893925
2022-12-15 05:00:00+00:00,1966.84,1976.22,1952.31,1965.69,342282.0,21683.0,1964.235476,1977.6773333333333,48.314678300222916,29.902227681204295,40.85723441637474,-10.955006735170443
2022-12-16 05:00:00+00:00,1949.38,1972.275,1928.01,1938.55,806781.0,25011.0,1940.812796,1981.4379999999999,45.671923450703204,21.683115843258747,37.02241070175154,-15.339294858492792
2022-12-19 05:00:00+00:00,1952.06,1959.45,1919.6,1931.44,278501.0,17186.0,1937.935963,1983.3393333333333,44.977825625803256,14.429360234118803,32.50380060822499,-18.07444037410619
2022-12-20 05:00:00+00:00,1924.72,1963.105,1924.72,1958.51,245346.0,15177.0,1946.874293,1987.4956666666667,48.205280685214284,10.741211420871196,28.151282770754232,-17.410071349883037
2022-12-21 05:00:00+00:00,1975.58,1997.49,1967.84,1970.9,251010.0,14789.0,1980.351083,1991.2193333333335,49.66073005228641,8.717605240453395,24.264547264694066,-15.546942024240671
2022-12-22 05:00:00+00:00,1947.7,1947.7,1907.38,1932.99,252746.0,14283.0,1926.904445,1993.4583333333333,45.45217112707667,4.008653329978642,20.213368477750983,-16.20471514777234
2022-12-23 05:00:00+00:00,1926.42,1973.34,1918.72,1971.52,157901.0,10707.0,1960.00986,1994.2920000000001,50.08241422782964,3.3472391171567324,16.840142605632135,-13.492903488475402
2022-12-27 05:00:00+00:00,1977.88,2012.3899,1962.185,1998.27,231467.0,13995.0,1994.197632,1993.7086666666667,53.0613837959742,4.9247950573428625,14.45707309597428,-9.532278038631418
2022-12-28 05:00:00+00:00,2007.49,2030.0,1955.35,1958.84,240864.0,15908.0,1983.156465,1993.0283333333332,48.4697142291887,2.9592358075474294,12.157505638288912,-9.198269830741483
2022-12-29 05:00:00+00:00,1984.8,2013.07,1974.58,2003.51,206694.0,13483.0,2002.520517,1993.0819999999999,53.39056046626692,4.948963052778254,10.71579712118678,-5.766834068408526
2022-12-30 05:00:00+00:00,1979.29,2017.6,1978.0,2015.28,196587.0,13818.0,2006.135472,1993.132,54.62021984113474,7.390385104708457,10.050714717891116,-2.6603296131826593
2023-01-03 05:00:00+00:00,2038.83,2049.0,2005.57,2032.21,266999.0,15515.0,2028.361505,1996.1803333333332,56.40195495446503,10.569500557306583,10.15447188577421,0.41502867153237233
2023-01-04 05:00:00+00:00,2068.83,2113.595,2056.775,2110.44,367974.0,21125.0,2095.857003,2001.8523333333333,63.52790148139681,19.180380179059284,11.959653544431225,7.220726634628059
2023-01-05 05:00:00+00:00,2085.49,2153.465,2085.49,2144.94,376675.0,20888.0,2133.844276,2009.3673333333334,66.15513556915406,28.460352758164163,15.259793387177814,13.20055937098635
2023-01-06 05:00:00+00:00,2165.12,2191.2,2151.16,2179.25,349617.0,18812.0,2173.661134,2017.1100000000001,68.57918654631436,38.14363209782573,19.8365611293074,18.30707096851833
