timestamp,open,high,low,close,volume,trade_count,vwap,30sma,rsi,macd,signal,histogram
2022-01-03 05:00:00+00:00,565.0301,567.47,555.51,566.71,2712301.0,76286.0,563.139978,,,,,
2022-01-04 05:00:00+00:00,564.23,568.72,561.79,564.23,2096503.0,60230.0,564.674424,,,,,
2022-01-05 05:00:00+00:00,563.69,565.05,549.77,550.01,2484521.0,83745.0,555.341967,,,,,
2022-01-06 05:00:00+00:00,546.2,553.5172,543.55,549.8,2497895.0,66772.0,549.599584,,,,,
2022-01-07 05:00:00+00:00,547.55,548.365,534.24,536.18,2319074.0,72349.0,538.694592,,,,,
2022-01-10 05:00:00+00:00,529.29,530.41,508.5,518.8,4903042.0,135808.0,515.214154,,,,,
2022-01-11 05:00:00+00:00,518.8,522.47,510.29,522.03,2457299.0,75422.0,518.136398,,,,,
2022-01-12 05:00:00+00:00,522.03,530.03,522.01,525.8,1726474.0,52554.0,526.214666,,,,,
2022-01-13 05:00:00+00:00,527.64,529.05,515.23,516.88,2419510.0,65110.0,519.020888,,,,,
2022-01-14 05:00:00+00:00,511.57,512.98,501.86,502.99,3867045.0,98528.0,506.101421,,,,,
2022-01-18 05:00:00+00:00,494.461,495.08,486.86,488.07,3801769.0,106970.0,490.441806,,,,,
2022-01-19 05:00:00+00:00,489.885,496.24,487.1,490.16,2704562.0,66815.0,491.690106,,,,,
2022-01-20 05:00:00+00:00,490.7496,499.8799,481.84,482.82,2880918.0,81468.0,490.168022,,,,,
2022-01-21 05:00:00+00:00,481.9238,494.61,481.32,481.61,3273777.0,93463.0,485.663715,,,,,
2022-01-24 05:00:00+00:00,475.5513,489.21,469.01,488.9,4328784.0,135914.0,480.907445,,14.814144885592825,,,
2022-01-25 05:00:00+00:00,479.9,482.64,472.37,477.32,3074526.0,94450.0,477.193526,,13.312660594049504,,,
2022-01-26 05:00:00+00:00,483.23,493.87,478.77,483.47,3018808.0,90939.0,485.948331,,18.062492016787843,,,
2022-01-27 05:00:00+00:00,486.92,495.7899,480.31,482.52,2335339.0,78719.0,486.580434,,17.899339900886915,,,
2022-01-28 05:00:00+00:00,483.74,492.725,475.901,492.43,1912103.0,63884.0,487.089539,,25.462836826655334,,,
2022-01-31 05:00:00+00:00,492.0,506.42,490.63,505.13,2473854.0,71273.0,501.403141,,33.87068326546225,,,
2022-02-01 05:00:00+00:00,505.0,509.68,496.94,508.41,2336648.0,66758.0,504.959903,,35.882297362632414,,,
2022-02-02 05:00:00+00:00,511.11,523.99,510.34,522.02,2544437.0,73316.0,518.266034,,43.55494883353797,,,
2022-02-03 05:00:00+00:00,515.88,526.44,514.21,521.77,2658206.0,76836.0,521.500154,,43.45208925330626,,,
2022-02-04 05:00:00+00:00,518.11,522.0,510.8034,519.77,2379998.0,67615.0,518.041906,,42.58563617393272,,,
2022-02-07 05:00:00+00:00,521.3,522.0,514.23,515.89,1860505.0,46818.0,517.116727,,40.88246659840796,,,
2022-02-08 05:00:00+00:00,515.89,523.39,510.5,521.15,1458303.0,48513.0,518.953572,,44.14386840663552,-1.3419495162233375,,
2022-02-09 05:00:00+00:00,528.0,534.242,525.68,528.83,2186631.0,57396.0,529.450003,,48.6023920009404,0.13689960943725055,,
2022-02-10 05:00:00+00:00,520.87,524.47,514.7498,518.48,2467310.0,64312.0,519.538599,,43.556509877116746,0.4683409516562733,,
2022-02-11 05:00:00+00:00,518.4,521.35,507.38,509.67,2230873.0,62532.0,513.499771,,39.77146297416243,0.01988797531328146,,
2022-02-14 05:00:00+00:00,508.99,511.53,501.44,506.56,1645173.0,58052.0,505.641412,513.2803333333334,38.49959078872576,-0.5797818833635802,,
2022-02-15 05:00:00+00:00,513.34,516.0,510.7632,513.92,1952256.0,40465.0,513.5035,511.52066666666667,43.13431885151708,-0.45587898764472357,,
2022-02-16 05:00:00+00:00,511.49,514.55,501.71,512.4,1712629.0,55543.0,509.536424,509.79299999999995,42.423267728329236,-0.47486242846161986,,
2022-02-17 05:00:00+00:00,509.64,518.21,507.03,515.01,1967821.0,56587.0,514.154418,508.6263333333333,44.12646759393712,-0.2761188287772711,,
2022-02-18 05:00:00+00:00,514.89,517.9,510.3305,512.67,2083254.0,51075.0,513.711768,507.38866666666667,42.9011530202131,-0.30392804465111567,-0.3119323503016492,0.008004305650533505
2022-02-22 05:00:00+00:00,510.0,514.58,498.16,502.18,2339141.0,66424.0,504.123338,506.25533333333334,37.829769598336206,-1.1590614411943534,-0.48135816848019003,-0.6777032727141634
2022-02-23 05:00:00+00:00,502.94,507.97,494.775,495.24,2023069.0,63512.0,499.523,505.47,34.89116210141677,-2.369447305253118,-0.8589759958347757,-1.5104713094183424
2022-02-24 05:00:00+00:00,483.265,506.545,482.98,505.58,2864398.0,94906.0,495.771392,504.9216666666667,42.10689546919378,-2.465909765068375,-1.1803627496814957,-1.285547015386879
2022-02-25 05:00:00+00:00,508.58,518.25,505.2461,517.49,1884744.0,60678.0,514.510492,504.6446666666667,49.10374121121422,-1.5632987604783466,-1.2569499518408658,-0.3063488086374808
2022-02-28 05:00:00+00:00,514.3,519.63,511.3,519.25,2256999.0,58728.0,516.923727,504.72366666666665,50.06418768979195,-0.6979106655946907,-1.1451420945916309,0.44723142899694013
2022-03-01 05:00:00+00:00,519.46,529.36,519.19,522.93,2182598.0,65605.0,524.183977,505.3883333333333,52.09957251390803,0.28161460151466144,-0.8597907553703724,1.1414053568850338
2022-03-02 05:00:00+00:00,524.0,533.09,519.77,528.0,2483075.0,70859.0,528.09552,506.71933333333334,54.83117814946313,1.4502840888337687,-0.39777578652954426,1.848059875363313
2022-03-03 05:00:00+00:00,534.49,538.96,529.54,533.05,3722177.0,99895.0,533.165565,508.149,57.43493267368669,2.7522298798805878,0.23222534675248213,2.520004533128106
2022-03-04 05:00:00+00:00,519.5,529.92,511.78,525.5,4266990.0,109502.0,521.791127,509.57166666666666,52.55703805787945,3.1386292332091443,0.8135061240438146,2.3251231091653297
2022-03-07 05:00:00+00:00,523.45,545.29,523.4222,528.52,3743648.0,107098.0,532.979828,511.13533333333334,54.231471619865154,3.6465075956949704,1.3801064183740457,2.2664011773209247
2022-03-08 05:00:00+00:00,526.22,539.73,522.41,523.36,3515152.0,90191.0,529.178546,512.284,50.92435789882669,3.5912384199137932,1.8223328186819954,1.7689056012317979
2022-03-09 05:00:00+00:00,527.62,530.86,515.71,527.65,2662289.0,75082.0,525.268705,513.9616666666667,53.46514556902154,3.8492327873797194,2.22771281242154,1.6215199749581792
2022-03-10 05:00:00+00:00,523.11,534.37,518.14,532.72,1721102.0,59473.0,527.626513,515.6033333333332,56.341898594087475,4.411943670296068,2.664558983996446,1.7473846862996223
2022-03-11 05:00:00+00:00,536.62,542.65,526.43,527.42,1656210.0,52960.0,532.364194,517.1,52.67592775739324,4.3797434370219435,3.0075958746015456,1.3721475624203978
2022-03-14 04:00:00+00:00,527.77,535.31,523.54,525.95,1852511.0,56584.0,527.755151,518.2173333333334,51.67169046112639,4.187338770644601,3.243544453810157,0.943794316834444
2022-03-15 04:00:00+00:00,530.0,543.85,527.92,542.32,2464935.0,69353.0,538.101204,519.457,60.66499653057536,5.294744359429956,3.653784434934117,1.6409599244958386
2022-03-16 04:00:00+00:00,544.53,551.62,531.26,543.39,2891331.0,87493.0,543.584449,520.6229999999999,61.17358307399561,6.187386979025973,4.160504943752489,2.026882035273484
2022-03-17 04:00:00+00:00,543.35,553.17,543.2,552.79,1914075.0,58537.0,549.383787,521.6486666666667,65.40536417549166,7.566096872110961,4.841623329424184,2.724473542686777
2022-03-18 04:00:00+00:00,552.96,562.55,549.51,561.35,3510638.0,66542.0,557.699657,522.9680000000001,68.7460204943622,9.242908362452681,5.7218803360298836,3.5210280264227976
2022-03-21 04:00:00+00:00,560.14,566.75,550.84,555.53,3029110.0,76511.0,557.100934,524.16,64.20624662021709,9.98704376528508,6.574913021880923,3.4121307434041563
2022-03-22 04:00:00+00:00,556.96,560.35,552.325,559.42,1747248.0,50761.0,557.407662,525.611,65.8304386024229,10.76655675878294,7.413241769261328,3.3533149895216123
2022-03-23 04:00:00+00:00,556.89,560.69,551.91,554.02,1473790.0,51630.0,555.209606,526.7066666666667,61.648465513864394,10.82382127780511,8.095357670970085,2.7284636068350245
2022-03-24 04:00:00+00:00,555.51,558.26,549.22,558.11,1573370.0,45224.0,555.429815,527.6826666666667,63.53781130686149,11.071606057348845,8.690607348245837,2.3809987091030074
2022-03-25 04:00:00+00:00,559.82,560.4299,550.225,555.71,1963618.0,58182.0,554.272057,528.9236666666667,61.61949826019886,10.948114291380534,9.142108736872778,1.806005554507756
2022-03-28 04:00:00+00:00,556.74,565.26,553.5,565.21,3801468.0,111075.0,559.736367,530.775,65.9958855326945,11.4844314058912,9.610573270676463,1.8738581352147374
2022-03-29 04:00:00+00:00,568.0,571.22,564.53,569.98,2005873.0,59490.0,568.409423,532.889,67.97072442534395,12.154258986708442,10.11931041388286,2.0349485728255825
2022-03-30 04:00:00+00:00,570.95,578.25,568.5901,576.47,2086497.0,63398.0,575.441651,534.9739999999999,70.48255299343225,13.058263399180987,10.707101010942486,2.3511623882385013
2022-03-31 04:00:00+00:00,578.7,586.32,575.51,575.85,3415100.0,82396.0,580.31777,537.089,69.91843976509304,13.56825815654065,11.279332440062118,2.2889257164785324
2022-04-01 04:00:00+00:00,577.38,582.99,572.31,575.57,1927848.0,58404.0,576.656591,539.1076666666667,69.64733311294108,13.790866491719498,11.781639250393596,2.0092272413259025
2022-04-04 04:00:00+00:00,573.94,579.69,571.47,575.13,2197690.0,57817.0,574.990525,541.1896666666667,69.19329554384444,13.773014144731746,12.179914229261227,1.5930999154705194
2022-04-05 04:00:00+00:00,572.59,583.98,572.1,575.32,1818204.0,59929.0,578.162444,543.6276666666666,69.28640708820153,13.617226532194536,12.46737668984789,1.1498498423466454
2022-04-06 04:00:00+00:00,574.03,586.8,570.366,584.78,2377986.0,76639.0,581.181449,546.6123333333333,73.56974094864498,14.094632516307001,12.792827855139713,1.3018046611672887
2022-04-07 04:00:00+00:00,592.56,612.27,588.78,608.05,4490583.0,127835.0,602.964697,550.028,80.69991887618254,16.16434224726345,13.467130733564462,2.6972115136989867
2022-04-08 04:00:00+00:00,606.38,608.0,597.725,600.58,3029302.0,88852.0,602.117483,552.7976666666667,73.8156721281147,17.005803235935673,14.174865234038705,2.8309380018969676
2022-04-11 04:00:00+00:00,598.79,601.0,582.8,584.67,2498288.0,85795.0,588.994783,554.9783333333332,61.735978324497516,16.202095426651113,14.580311272561188,1.6217841540899247
2022-04-12 04:00:00+00:00,586.69,591.7343,578.76,581.36,2132769.0,71076.0,584.735054,556.9259999999999,59.55249535574492,15.123724972919376,14.688994012632826,0.4347309602865508
2022-04-13 04:00:00+00:00,582.47,593.49,582.47,591.09,2201270.0,63085.0,589.522708,559.029,63.6251890543854,14.882680030845563,14.727731216275373,0.15494881457019005
2022-04-14 04:00:00+00:00,591.78,596.28,587.05,590.39,2202230.0,61954.0,592.422864,560.9403333333333,63.13268010711703,14.468383508926195,14.675861674805539,-0.2074781658793441
2022-04-18 04:00:00+00:00,585.38,592.11,579.6,582.12,2156758.0,62122.0,584.125488,562.8276666666667,57.47241659162474,13.319195253759517,14.404528390596335,-1.0853331368368178
2022-04-19 04:00:00+00:00,583.35,594.83,582.0,594.3,2322924.0,58295.0,590.527334,565.0203333333334,62.767054670640334,13.238672315908047,14.17135717565868,-0.9326848597506316
2022-04-20 04:00:00+00:00,599.15,605.28,597.305,603.53,1782770.0,65673.0,602.299912,567.6926666666666,66.20110870322776,13.761012779803082,14.089288296487561,-0.32827551668447974
2022-04-21 04:00:00+00:00,607.28,609.18,591.15,591.74,2018892.0,72982.0,597.708115,569.8290000000001,58.74751036625364,13.072920405022273,13.886014718194506,-0.8130943131722326
2022-04-22 04:00:00+00:00,590.35,591.9,571.05,571.7,2863214.0,90080.0,579.367722,571.1283333333334,48.70882253323435,10.786205064040018,13.26605278736361,-2.4798477233235907
2022-04-25 04:00:00+00:00,570.31,570.33,553.53,568.21,3120437.0,95985.0,563.429908,572.4879999999999,47.19627983465134,8.593294696443763,12.33150116917964,-3.738206472735877
2022-04-26 04:00:00+00:00,565.25,568.34,553.31,553.76,2038145.0,72369.0,558.474505,573.4150000000001,41.456215395856496,5.6245666911025864,10.990114273564231,-5.3655475824616445
2022-04-27 04:00:00+00:00,556.19,563.62,552.85,554.08,2236385.0,73270.0,556.922777,573.807,41.625531689419724,3.260069630608996,9.444105344973185,-6.184035714364189
2022-04-28 04:00:00+00:00,555.47,564.8,545.8,562.0,2093892.0,71316.0,557.163812,574.4273333333333,45.80335660103702,2.002186524745298,7.955721580927608,-5.95353505618231
2022-04-29 04:00:00+00:00,560.93,561.575,529.7,531.72,2941862.0,92645.0,540.514681,573.725,35.37827759087946,-1.421649943093712,6.080247276123345,-7.5018972192170565
2022-05-02 04:00:00+00:00,532.23,539.195,518.265,528.95,3274931.0,102288.0,528.078398,572.645,34.60239363125737,-4.3089104242428675,4.002415736050103,-8.311326160292971
2022-05-03 04:00:00+00:00,530.0,534.27,523.7021,528.08,2383041.0,67898.0,528.462719,571.73,34.34760461025266,-6.591306408912487,1.8836713070575848,-8.474977715970072
2022-05-04 04:00:00+00:00,531.6,546.1391,522.81,544.43,2439408.0,75058.0,535.969333,571.2303333333333,42.86249442135704,-7.000120283979413,0.10691298885018519,-7.107033272829598
2022-05-05 04:00:00+00:00,541.57,542.34,512.17,517.32,3946210.0,114753.0,520.144972,570.0070000000001,34.80249094697473,-9.403263687134768,-1.7951223463468056,-7.608141340787962
2022-05-06 04:00:00+00:00,514.4,516.4362,498.82,503.36,3528392.0,105565.0,505.777307,568.1820000000001,31.516020400782736,-12.292526881206413,-3.8946032533187274,-8.397923627887685
2022-05-09 04:00:00+00:00,496.1,507.05,494.34,498.83,3249656.0,105720.0,500.499511,566.286,30.509209660565148,-14.77747637079301,-6.071177876813584,-8.706298493979427
2022-05-10 04:00:00+00:00,509.7,510.63,495.63,501.46,2705930.0,90506.0,501.548854,564.161,31.870018026978244,-16.346169260118245,-8.126176153474518,-8.219993106643727
2022-05-11 04:00:00+00:00,503.92,508.0,487.81,489.08,2743068.0,84666.0,494.734243,561.4643333333333,28.99197609525862,-18.376499367024167,-10.176240796184448,-8.200258570839718
2022-05-12 04:00:00+00:00,486.79,497.2558,479.7611,486.18,2793936.0,90681.0,487.074266,558.4546666666666,28.346214935180726,-19.98913407338034,-12.138819451623627,-7.850314621756715
2022-05-13 04:00:00+00:00,493.11,498.7942,489.6,497.42,1994533.0,68427.0,495.640462,555.8403333333333,34.44126996817606,-20.12815973706813,-13.736687508712528,-6.391472228355603
2022-05-16 04:00:00+00:00,496.14,497.675,489.62,494.53,1560741.0,56807.0,494.020286,553.139,33.648726053152444,-20.238243550646075,-15.036998717099237,-5.201244833546838
2022-05-17 04:00:00+00:00,489.19,493.56,480.23,490.47,2575449.0,83551.0,488.660534,550.3169999999999,32.5166821277828,-20.417730942473327,-16.113145162174057,-4.30458578029927
2022-05-18 04:00:00+00:00,460.0,463.8599,424.551,429.4,9459479.0,261214.0,436.974531,545.453,21.046657409859904,-25.197355184589014,-17.92998716665705,-7.267368017931965
2022-05-19 04:00:00+00:00,430.37,430.5253,418.72,422.93,5733073.0,147036.0,424.12853,540.0580000000001,20.232391248621397,-29.171051041692863,-20.178199941664214,-8.992851100028648
2022-05-20 04:00:00+00:00,428.8,428.85,406.5101,416.43,5078630.0,138627.0,414.448916,533.6706666666666,19.419531240909023,-32.47043040504559,-22.63664603434049,-9.8337843707051
2022-05-23 04:00:00+00:00,420.0,430.0,416.67,429.48,3672958.0,91799.0,424.723175,527.9673333333334,25.85980194671113,-33.64435520077723,-24.83818786762784,-8.806167333149386
2022-05-24 04:00:00+00:00,424.8,438.73,424.35,437.71,3451174.0,92857.0,433.096921,523.0686666666667,29.67700863643944,-33.52416117805103,-26.575382529712478,-6.948778648338553
2022-05-25 04:00:00+00:00,436.33,443.26,430.8252,440.11,3204871.0,89599.0,438.173134,518.3603333333333,30.795980950700965,-32.856497357646674,-27.83160549529932,-5.024891862347353
2022-05-26 04:00:00+00:00,449.1,468.045,447.51,464.99,5910474.0,151141.0,459.945299,514.157,41.235099465206744,-29.974236559806855,-28.26013170820083,-1.7141048516060238
2022-05-27 04:00:00+00:00,456.8,474.88,455.12,470.76,5706193.0,136704.0,468.394009,510.1693333333333,43.36863396180304,-26.914183381330588,-27.99094204282678,1.0767586614961928
2022-05-31 04:00:00+00:00,470.76,470.8,458.03,466.22,4390258.0,78785.0,466.062914,506.306,42.07425102087888,-24.572156721483566,-27.307184978558137,2.735028257074571
2022-06-01 04:00:00+00:00,469.38,470.5,456.695,456.99,2296327.0,70852.0,460.898191,501.729,39.49351625913011,-23.193507267512416,-26.484449436348996,3.2909421688365796
2022-06-02 04:00:00+00:00,460.9,491.13,457.88,487.61,4914558.0,115363.0,478.104258,497.865,50.36940237787927,-19.40643425066878,-25.06884639921295,5.6624121485441705
2022-06-03 04:00:00+00:00,485.03,488.15,475.59,476.39,2491639.0,72210.0,479.447115,494.0199999999999,47.033291595559476,-17.113241040883395,-23.47772532754704,6.364484286663647
2022-06-06 04:00:00+00:00,480.5,481.0,468.91,472.47,2273433.0,57542.0,473.561018,490.71233333333333,45.8897107320512,-15.434263556967437,-21.86903297343112,6.434769416463684
2022-06-07 04:00:00+00:00,459.91,473.73,459.59,471.78,2423130.0,63222.0,468.257352,487.49799999999993,45.679174203943504,-13.997979048976674,-20.294822188540234,6.29684313956356
2022-06-08 04:00:00+00:00,471.78,474.4298,466.89,467.99,1688444.0,50842.0,469.730419,484.63900000000007,44.472260700859806,-13.015499972357418,-18.838957745303674,5.823457772946256
2022-06-09 04:00:00+00:00,467.34,484.24,467.15,472.05,3075346.0,76366.0,477.104277,481.9046666666666,46.11473811800225,-11.77355197817019,-17.42587659187698,5.652324613706789
2022-06-10 04:00:00+00:00,465.0,468.1889,457.76,463.31,2534100.0,75744.0,463.445677,478.61499999999995,43.155399647380776,-11.36355224508128,-16.21341172251784,4.84985947743656
2022-06-13 04:00:00+00:00,450.0,458.635,448.9,452.25,3091211.0,87222.0,452.777221,475.966,39.68477833203957,-11.795107414369738,-15.32975086088822,3.5346434465184817
2022-06-14 04:00:00+00:00,452.25,458.76,450.28,454.8,2223529.0,61235.0,454.354665,473.4943333333333,40.86559388113681,-11.795384456810893,-14.622877580072755,2.8274931232618616
2022-06-15 04:00:00+00:00,458.5,464.36,451.39,458.79,2199911.0,62326.0,458.345536,471.18466666666666,42.75409379086131,-11.342890578873721,-13.966880179832948,2.623989600959227
2022-06-16 04:00:00+00:00,450.31,457.77,447.97,451.76,2902078.0,73111.0,452.048629,468.0956666666667,40.31138571137558,-11.419906593836117,-13.457485462633583,2.037578868797466
2022-06-17 04:00:00+00:00,451.05,455.6875,443.2,446.69,3620921.0,64302.0,448.38739,465.74133333333333,38.59860112368658,-11.754549835258672,-13.116898337158602,1.3623485018999304
2022-06-21 04:00:00+00:00,450.55,464.82,449.14,463.11,2420099.0,61785.0,460.413438,464.39966666666663,46.52340689918872,-10.572922177281896,-12.608103105183261,2.035180927901365
2022-06-22 04:00:00+00:00,459.39,464.7229,458.5,459.96,1826540.0,46634.0,461.41224,463.10400000000004,45.31510505826521,-9.777938431832467,-12.042070170513103,2.2641317386806357
2022-06-23 04:00:00+00:00,466.37,476.28,465.71,474.95,1791460.0,55819.0,472.713313,462.2203333333334,51.73870728148251,-7.84787494543383,-11.203231125497249,3.355356180063419
2022-06-24 04:00:00+00:00,480.0,484.83,476.676,484.46,2229178.0,60661.0,480.885662,462.0663333333333,55.32418714754136,-5.4876499923245206,-10.060114898862702,4.5724649065381815
2022-06-27 04:00:00+00:00,485.81,487.24,477.35,481.75,2033156.0,47060.0,481.812308,461.91866666666664,54.09095053940002,-3.7921159123405914,-8.80651510155828,5.014399189217688
2022-06-28 04:00:00+00:00,483.5,487.24,467.89,468.61,1755979.0,55217.0,473.38812,460.9583333333333,48.451353920280866,-3.4686961526684854,-7.738951311780321,4.270255159111835
2022-06-29 04:00:00+00:00,470.95,472.9736,466.415,469.84,1267106.0,39044.0,470.141811,460.1353333333334,48.98751384272264,-3.077655644063043,-6.806692178236865,3.7290365341738223
2022-06-30 04:00:00+00:00,468.3,482.09,464.72,479.28,3844746.0,80799.0,477.21525,459.7623333333333,53.02572253740036,-1.9831634433713816,-5.841986431263769,3.8588229878923874
2022-07-01 04:00:00+00:00,481.18,491.25,478.0,485.76,2659811.0,66134.0,484.381606,461.64099999999996,55.622658531089954,-0.5861320788025068,-4.790815560771517,4.20468348196901
2022-07-05 04:00:00+00:00,485.56,490.9,478.46,488.26,2490345.0,64666.0,485.648308,463.8186666666667,56.61909458977198,0.714517931373166,-3.6897488623425803,4.404266793715746
2022-07-06 04:00:00+00:00,488.26,497.02,487.78,492.65,2262272.0,61979.0,492.596828,466.35933333333327,58.38609176064755,2.0756024928341503,-2.5366785913072345,4.612281084141385
2022-07-07 04:00:00+00:00,492.06,495.53,489.22,494.95,2125209.0,59104.0,493.275777,468.5416666666667,59.32097163874771,3.301801479815424,-1.3689825770827029,4.6707840568981265
2022-07-08 04:00:00+00:00,497.32,505.52,497.0,501.54,2607818.0,76057.0,501.751291,470.6693333333333,61.958046050012555,4.7505693302445025,-0.1450721956172618,4.895641525861764
2022-07-11 04:00:00+00:00,501.12,505.55,494.84,498.9,1858108.0,51139.0,499.739792,472.62899999999996,60.27237316523774,5.6209080241106335,1.0081238483283173,4.612784175782316
2022-07-12 04:00:00+00:00,497.01,501.9,488.04,490.57,1775333.0,51136.0,494.314775,473.4816666666667,55.17180518975524,5.5742399577765696,1.9213470702179678,3.6528928875586018
2022-07-13 04:00:00+00:00,484.32,497.32,483.82,492.22,2008384.0,53950.0,491.426302,474.197,55.96669181411538,5.605776487483183,2.6582329536710114,2.947543533812172
2022-07-14 04:00:00+00:00,496.09,513.27,493.62,511.94,3715592.0,92722.0,506.051795,475.72100000000006,64.14880103647745,7.139706515173714,3.554527665971552,3.585178849202162
2022-07-15 04:00:00+00:00,516.92,524.8,515.78,522.95,4265057.0,88119.0,521.226297,477.91966666666667,67.75172829278978,9.138429966895103,4.671308126156262,4.467121840738841
2022-07-18 04:00:00+00:00,521.86,528.53,515.665,516.3,2464070.0,59471.0,521.936562,478.87600000000003,63.59462127811037,10.069755406655247,5.750997582256059,4.318757824399188
2022-07-19 04:00:00+00:00,522.41,525.58,516.97,520.23,2390998.0,55666.0,520.426486,480.33733333333333,64.96283934025217,10.998175561377195,6.8004331780802865,4.197742383296909
2022-07-20 04:00:00+00:00,521.26,526.16,516.81,524.2,1740535.0,49315.0,522.950231,482.06166666666667,66.33909218667753,11.916930092155098,7.82373256089525,4.0931975312598485
2022-07-21 04:00:00+00:00,524.04,529.74,521.596,529.46,1716080.0,45081.0,526.552657,483.9843333333334,68.12554681039207,12.920547686443683,8.843095586004937,4.077452100438746
2022-07-22 04:00:00+00:00,530.71,537.11,526.07,529.72,1795582.0,53898.0,530.969302,486.042,68.215342602715,13.580355799502343,9.790547628704418,3.789808170797924
2022-07-25 04:00:00+00:00,531.42,532.29,526.0,529.14,1452116.0,42706.0,528.003952,487.945,67.75677297535736,13.896269782103843,10.611692059384303,3.28457772271954
2022-07-26 04:00:00+00:00,515.0,519.685,508.76,511.93,3334847.0,83946.0,513.180768,489.5656666666667,55.77547067763367,12.612541195457084,11.01186188659886,1.6006793088582238
2022-07-27 04:00:00+00:00,513.1,525.3193,511.17,522.31,2052041.0,54428.0,519.268665,491.901,60.33161053675621,12.291072460101816,11.267704001299451,1.0233684588023646
2022-07-28 04:00:00+00:00,520.28,539.18,520.28,536.18,2083253.0,63431.0,532.825536,494.6136666666667,65.45320699412551,13.005579035420624,11.615279008123686,1.390300027296938
2022-07-29 04:00:00+00:00,532.0,542.12,531.9,541.3,2129251.0,56159.0,538.997627,497.364,67.13979585751596,13.82559895585075,12.0573429976691,1.7682559581816513
2022-08-01 04:00:00+00:00,541.42,552.71,541.25,546.81,2255729.0,57733.0,547.529632,500.5323333333333,68.89948284490622,14.750052181762214,12.595884834487723,2.154167347274491
2022-08-02 04:00:00+00:00,544.03,551.0399,540.765,543.46,1984204.0,54424.0,545.15189,503.758,66.56552805900895,15.03901066722824,13.084510001035827,1.9545006661924127
2022-08-03 04:00:00+00:00,545.0,548.7,542.1168,547.01,1693324.0,48954.0,546.151137,506.5546666666667,67.80994640610825,15.377208789263136,13.543049758681288,1.8341590305818478
2022-08-04 04:00:00+00:00,547.0,547.2,540.67,543.28,2000678.0,51803.0,543.418338,509.332,65.06954083734004,15.16939012374337,13.868317831693705,1.301072292049664
2022-08-05 04:00:00+00:00,537.24,541.6,533.35,540.67,1711415.0,50609.0,538.369897,511.5226666666666,63.14650611787853,14.62549356102852,14.01975297756067,0.6057405834678509
2022-08-08 04:00:00+00:00,543.84,547.5,538.6737,541.9,1345699.0,40991.0,542.551602,513.4373333333333,63.691098769833474,14.130811142251446,14.041964610498827,0.08884653175261903
2022-08-09 04:00:00+00:00,543.64,545.0,533.89,535.82,1873591.0,52394.0,537.209693,515.2396666666667,59.04627970947043,13.097190316802312,13.853009751759524,-0.7558194349572123
2022-08-10 04:00:00+00:00,544.48,549.91,537.29,539.82,2336567.0,56537.0,541.691594,517.6133333333333,61.05836037681466,12.457206019748924,13.573849005357404,-1.1166429856084807
2022-08-11 04:00:00+00:00,543.24,543.49,531.81,532.2,2340166.0,67410.0,535.716645,519.6919999999999,55.46759779765615,11.205968111575999,13.100272826601124,-1.8943047150251253
2022-08-12 04:00:00+00:00,536.18,538.4,533.73,537.21,1916753.0,42887.0,536.623772,521.623,58.17896375694032,10.497608290510925,12.579739919383085,-2.08213162887216
2022-08-15 04:00:00+00:00,536.4,547.0,535.68,545.75,1847952.0,55105.0,543.964204,523.6226666666666,62.38330084105958,10.5042482222633,12.16464157995913,-1.6603933576958294
2022-08-16 04:00:00+00:00,551.1,559.97,548.9678,553.02,2497958.0,71291.0,553.792877,525.7813333333334,65.55766367481971,10.969686935490813,11.925650651065467,-0.9559637155746543
2022-08-17 04:00:00+00:00,550.0,559.45,549.0101,556.32,1832270.0,53236.0,555.242383,527.9036666666667,66.92217468277352,11.47258408191692,11.835037337235757,-0.36245325531883665
2022-08-18 04:00:00+00:00,559.06,564.75,556.42,560.96,1619184.0,54986.0,559.69501,530.1039999999999,68.79418685421244,12.10599256892408,11.889228383573423,0.216764185350657
2022-08-19 04:00:00+00:00,558.65,559.26,553.165,554.53,1616955.0,52207.0,555.731614,531.8703333333334,63.4363716618697,11.951358277332247,11.901654362325187,0.04970391500705951
2022-08-22 04:00:00+00:00,553.0,553.0,544.285,545.47,1860941.0,53851.0,547.359622,533.4226666666667,56.731890818095074,10.971273196713923,11.715578129202935,-0.7443049324890119
2022-08-23 04:00:00+00:00,545.74,546.01,536.88,542.07,1358904.0,48289.0,541.355457,535.1393333333333,54.40795245935299,9.807146444699924,11.333891792302333,-1.526745347602409
2022-08-24 04:00:00+00:00,542.75,545.22,539.36,543.22,1145789.0,43441.0,543.083357,536.8393333333333,55.078234782759594,8.875056864692283,10.842124806780323,-1.9670679420880397
2022-08-25 04:00:00+00:00,545.74,550.91,539.55,550.77,1483254.0,46859.0,546.375769,538.1336666666667,59.30795799259467,8.645926203835188,10.402885086191295,-1.7569588823561073
2022-08-26 04:00:00+00:00,550.0,552.67,531.67,531.82,1886777.0,65779.0,537.629297,538.4293333333334,47.27585650300604,6.856197894572915,9.69354764786762,-2.8373497532947045
2022-08-29 04:00:00+00:00,527.03,535.5,524.0,531.06,1579865.0,54409.0,530.717961,538.9213333333333,46.86520998577891,5.315229015298314,8.817883921353758,-3.5026549060554437
2022-08-30 04:00:00+00:00,534.28,536.01,521.51,524.14,1872517.0,62128.0,525.931566,539.0516666666666,43.18682484990714,3.495322012843303,7.753371539651668,-4.258049526808365
2022-08-31 04:00:00+00:00,525.54,526.32,520.26,522.1,2178577.0,60324.0,522.949692,538.9816666666667,42.13685340221116,1.8669011760156309,6.576077466924461,-4.70917629090883
2022-09-01 04:00:00+00:00,519.72,529.58,517.03,529.17,2280579.0,64584.0,524.676087,538.972,46.95057353123799,1.1337862619652697,5.487619225932623,-4.353832963967354
2022-09-02 04:00:00+00:00,532.7,534.84,516.05,519.11,1901354.0,65068.0,523.242131,538.6183333333333,41.642045722449474,-0.256019283367209,4.3388915240726575,-4.594910807439867
2022-09-06 04:00:00+00:00,520.16,523.15,512.5289,518.9,1932835.0,68122.0,518.846353,538.2769999999999,41.53646885660755,-1.358732809956905,3.1993666572667454,-4.55809946722365
2022-09-07 04:00:00+00:00,520.0,531.66,518.9,529.64,1826829.0,52058.0,527.162625,538.8673333333332,48.69995065249795,-1.3504458828125507,2.2894041492508865,-3.6398500320634373
2022-09-08 04:00:00+00:00,524.33,533.0261,521.56,529.12,1600248.0,46457.0,527.829717,539.0943333333333,48.390789037009064,-1.3700450608866959,1.5575143072233701,-2.927559368110066
2022-09-09 04:00:00+00:00,532.12,538.06,529.53,536.58,1931148.0,53030.0,534.82936,539.1076666666667,53.000468648729004,-0.7746877780572277,1.0910738901672505,-1.8657616682244782
2022-09-12 04:00:00+00:00,537.73,542.6,537.0,539.52,1522447.0,48045.0,539.654452,539.0483333333334,54.71707677200705,-0.06488149916742714,0.859882812300315,-0.9247643114677422
2022-09-13 04:00:00+00:00,530.79,532.24,508.6882,510.3,2871281.0,90931.0,516.410761,537.8313333333333,39.33858015734111,-1.8389662493344758,0.32011299997335685,-2.159079249307833
2022-09-14 04:00:00+00:00,513.86,514.01,503.1201,508.0,2022327.0,76185.0,508.249106,536.6493333333333,38.42316842084782,-3.391437592065472,-0.42219711843440894,-2.969240473631063
2022-09-15 04:00:00+00:00,508.4,509.055,500.53,503.5,1748873.0,60785.0,503.885039,535.199,36.62730966430481,-4.928086791161604,-1.323375052979848,-3.604711738181756
2022-09-16 04:00:00+00:00,499.57,506.44,497.3,504.14,3001009.0,64084.0,502.912359,533.8943333333333,37.07774806005138,-6.024799562064231,-2.263659954796725,-3.7611396072675065
2022-09-19 04:00:00+00:00,502.16,506.71,498.89,506.57,1441346.0,47325.0,503.463133,532.7576666666668,38.854825805415715,-6.621542621180879,-3.1352364880735557,-3.4863061331073233
2022-09-20 04:00:00+00:00,503.0,503.43,493.42,499.52,1843072.0,57154.0,498.549833,531.345,35.70425214096298,-7.576010344179053,-4.023391259294655,-3.552619084884398
2022-09-21 04:00:00+00:00,502.5,506.43,493.0,493.07,2081709.0,67600.0,498.83528,529.92,33.06281781536228,-8.752006305568784,-4.969114268549481,-3.7828920370193035
2022-09-22 04:00:00+00:00,494.0,494.0,484.41,487.17,3133101.0,100794.0,486.237241,528.1650000000001,30.816938822103054,-10.044287969841946,-5.984149008807974,-4.060138961033972
2022-09-23 04:00:00+00:00,478.94,482.32,463.53,466.4,5377805.0,141394.0,471.205722,525.9716666666667,24.506067990183794,-12.59916063592675,-7.30715133423173,-5.292009301695021
2022-09-26 04:00:00+00:00,466.47,484.1096,465.21,480.3,4001938.0,102158.0,478.722896,524.0746666666666,34.21535458011027,-13.348429412649352,-8.515406949915254,-4.833022462734098
2022-09-27 04:00:00+00:00,485.49,488.4,475.43,478.3,2412425.0,72486.0,480.733824,521.8263333333333,33.54681602187219,-13.942888660364702,-9.600903292005144,-4.341985368359557
2022-09-28 04:00:00+00:00,481.53,491.55,474.19,488.29,2417555.0,72116.0,485.891322,519.6686666666667,39.867115119069204,-13.452816690223074,-10.371285971648732,-3.081530718574342
2022-09-29 04:00:00+00:00,485.61,489.01,474.0663,478.98,1963927.0,60762.0,479.81953,517.0906666666666,36.393260209336624,-13.658226779824645,-11.028674133283914,-2.6295526465407306
2022-09-30 04:00:00+00:00,480.66,483.83,471.87,472.27,2435859.0,61535.0,475.739529,514.1343333333333,34.08782123102826,-14.198781957947517,-11.662695698216636,-2.5360862597308813
2022-10-03 04:00:00+00:00,474.5,480.84,470.4,477.73,2338532.0,62909.0,476.213974,511.5743333333333,37.55431110482153,-14.024928813081488,-12.135142321189607,-1.889786491891881
2022-10-04 04:00:00+00:00,483.83,488.02,480.73,486.13,2175570.0,58266.0,485.177826,509.59633333333335,42.559429334994334,-13.05880536553019,-12.319874930057724,-0.7389304354724668
2022-10-05 04:00:00+00:00,481.3,483.87,474.8214,480.32,1587657.0,50537.0,479.454258,507.53799999999995,40.161672176421455,-12.616528529237542,-12.379205649893688,-0.23732287934385354
2022-10-06 04:00:00+00:00,483.45,493.88,481.92,482.49,2430635.0,63448.0,486.420327,505.51366666666667,41.48761705558534,-11.953131822407272,-12.293990884396406,0.34085906198913385
2022-10-07 04:00:00+00:00,478.26,479.105,466.12,468.15,2568079.0,72318.0,470.529984,502.75966666666665,35.83637179075407,-12.441090165233618,-12.32341074056385,-0.11767942466976855
2022-10-10 04:00:00+00:00,469.69,470.25,461.61,466.31,1616272.0,50546.0,465.960236,500.57599999999996,35.174300898204905,-12.82839553166184,-12.424407698783448,-0.4039878328783928
2022-10-11 04:00:00+00:00,465.0,477.25,463.7,472.02,2340580.0,61841.0,471.652423,498.608,38.94404163250007,-12.530148789898647,-12.445555917006487,-0.08459287289215922
2022-10-12 04:00:00+00:00,474.32,479.74,466.3,466.38,2041111.0,53108.0,471.835233,496.6826666666667,36.67539550373496,-12.603600501737674,-12.477164833952726,-0.12643566778494808
2022-10-13 04:00:00+00:00,458.19,471.74,449.03,467.99,3373815.0,90794.0,461.426099,494.879,37.789487293159226,-12.38908431583684,-12.45954873032955,0.07046441449270979
2022-10-14 04:00:00+00:00,472.03,473.39,453.79,454.65,2304031.0,65840.0,458.288763,492.39500000000004,32.66198667091173,-13.143989477130049,-12.59643687968965,-0.547552597440399
2022-10-17 04:00:00+00:00,461.65,466.8799,460.48,464.17,2097536.0,54899.0,464.37472,490.5636666666667,39.02088181922899,-12.826220136523546,-12.64239353105643,-0.18382660546711627
2022-10-18 04:00:00+00:00,473.2,476.5205,468.83,473.27,1863980.0,56558.0,472.620383,489.04266666666666,44.42347062763083,-11.705161876657826,-12.45494720017671,0.7497853235188838
2022-10-19 04:00:00+00:00,467.81,474.8667,466.95,471.43,1207647.0,37238.0,470.983485,487.1023333333334,43.5826648819982,-10.840228346829576,-12.132003429507284,1.2917750826777077
2022-10-20 04:00:00+00:00,471.0,472.08,462.91,464.62,1716508.0,48322.0,466.953394,484.95233333333334,40.52545629140783,-10.582286369364965,-11.822060017478822,1.2397736481138573
2022-10-21 04:00:00+00:00,463.71,479.57,462.28,478.18,2508437.0,54465.0,474.221098,483.0056666666667,48.301932686585495,-9.177889818709048,-11.29322597772487,2.115336159015822
2022-10-24 04:00:00+00:00,481.61,498.0,481.01,496.97,2366202.0,67349.0,493.301123,481.5873333333333,56.742390914236324,-6.474070414990479,-10.329394865177992,3.8553244501875135
2022-10-25 04:00:00+00:00,493.32,500.19,490.5001,499.06,2131186.0,62204.0,496.908163,481.2126666666667,57.57214047060127,-4.115191162333531,-9.0865541246091,4.971362962275569
2022-10-26 04:00:00+00:00,498.0,507.42,495.69,499.45,2088652.0,58980.0,501.186753,480.92766666666665,57.73505799377798,-2.1890585152395374,-7.707055002735188,5.51799648749565
2022-10-27 04:00:00+00:00,499.81,503.01,494.14,496.54,1576567.0,49312.0,497.494977,480.6956666666667,56.006946967936386,-0.8871704468298276,-6.343078091554116,5.455907644724288
2022-10-28 04:00:00+00:00,497.3,512.82,495.97,510.87,2366467.0,64981.0,507.996145,480.92,62.03351796135401,1.2860714352214018,-4.817248186199013,6.103319621420415
2022-10-31 04:00:00+00:00,509.635,509.635,500.5,501.5,2190933.0,53559.0,503.129034,480.751,56.57598482704709,2.2266333492476633,-3.4084718791096775,5.635105228357341
2022-11-01 04:00:00+00:00,503.7,507.3852,499.78,499.96,1586311.0,47820.0,501.896503,480.76566666666673,55.70850912424649,2.815317089875066,-2.163714085312729,4.979031175187795
2022-11-02 04:00:00+00:00,497.8,503.235,483.27,483.51,2447403.0,70436.0,490.466211,480.447,47.35578558480739,1.9322024468922905,-1.3445307788717251,3.2767332257640156
2022-11-03 04:00:00+00:00,480.88,491.325,479.7126,486.29,2010383.0,52283.0,486.811931,480.41766666666666,48.75417659677761,1.440050490744568,-0.7876145249484665,2.2276650156930344
2022-11-04 04:00:00+00:00,490.4,492.63,476.49,486.41,1987258.0,58523.0,484.766286,481.08466666666664,48.81737726129892,1.0476231690819304,-0.4205669861423872,1.4681901552243177
2022-11-07 05:00:00+00:00,477.05,490.0,474.5,488.55,2036031.0,59578.0,483.391347,481.35966666666667,50.00160823221131,0.8989393909236583,-0.1566657107291781,1.0556051016528363
2022-11-08 05:00:00+00:00,490.73,498.26,484.51,492.76,1709877.0,48937.0,492.469346,481.84166666666675,52.33796655909599,1.108045383638114,0.09627650814428029,1.0117688754938337
2022-11-09 05:00:00+00:00,491.9,497.58,486.8601,489.97,1640520.0,47153.0,491.526004,481.8976666666667,50.64884933630531,1.0366834647261953,0.2843578994606633,0.7523255652655321
2022-11-10 05:00:00+00:00,504.95,514.85,501.4,513.13,3098310.0,71331.0,508.87934,483.036,61.69907688578748,2.81648044033966,0.7907824076364627,2.0256980327031977
2022-11-11 05:00:00+00:00,513.13,516.84,506.71,515.47,2393502.0,68703.0,512.791905,484.476,62.61001979393914,4.365478293708122,1.5057215848507948,2.8597567088573275
2022-11-14 05:00:00+00:00,515.77,520.6999,509.42,509.68,1820240.0,55715.0,513.97396,485.54100000000005,58.8784976152508,5.067451218213819,2.2180675115233996,2.849383706690419
2022-11-15 05:00:00+00:00,520.0,529.8,520.0,526.47,2500415.0,80506.0,526.386551,486.8856666666667,65.3311521080677,6.899054492761479,3.1542649077710156,3.7447895849904635
2022-11-16 05:00:00+00:00,521.31,528.56,520.17,524.11,1833590.0,54183.0,524.307939,488.3453333333334,63.815356555715645,8.067187491421237,4.13684942450106,3.930338066920177
2022-11-17 05:00:00+00:00,519.0,521.79,512.96,521.32,1903715.0,56320.0,518.124669,489.6396666666667,61.98439362363475,8.667893544599963,5.043058248520841,3.624835296079122
2022-11-18 05:00:00+00:00,526.87,529.54,518.19,523.67,1584684.0,43840.0,523.073918,491.49033333333335,62.94868075354209,9.227217164103422,5.879890031637357,3.3473271324660647
2022-11-21 05:00:00+00:00,525.74,527.28,522.08,523.37,1268524.0,48706.0,524.262153,493.39233333333334,62.729926100283215,9.536348579223272,6.611181741154541,2.9251668380687317
2022-11-22 05:00:00+00:00,529.96,532.8,526.68,531.95,1809067.0,56745.0,530.304265,495.39000000000004,66.33339446796381,10.354313664240578,7.35980812577175,2.994505538468829
2022-11-23 05:00:00+00:00,534.0,536.8,530.4,534.49,1288249.0,43842.0,534.283475,497.6603333333333,67.34010892250572,11.079792706185856,8.10380504185457,2.975987664331285
2022-11-25 05:00:00+00:00,534.16,535.86,533.07,533.66,744222.0,25619.0,534.024264,499.84933333333333,66.63887376555599,11.455711696813239,8.774186372846305,2.681525323966934
2022-11-28 05:00:00+00:00,530.89,536.2499,528.94,530.92,1691350.0,50612.0,531.813918,502.39166666666665,64.25991366251597,11.401110202896575,9.29957113885636,2.1015390640402156
2022-11-29 05:00:00+00:00,531.04,533.72,528.0,528.96,1685739.0,49340.0,529.819997,504.5513333333334,62.53999640627891,11.072050796518624,9.654067070388813,1.4179837261298118
2022-11-30 05:00:00+00:00,527.41,542.58,522.14,539.25,3595211.0,69556.0,535.357498,506.7506666666667,67.46357854894634,11.508918204096972,10.025037297130446,1.483880906966526
2022-12-01 05:00:00+00:00,519.14,519.14,495.6673,503.86,6970367.0,199717.0,504.353717,507.83166666666665,45.37458561494865,8.89690357238078,9.799410552180513,-0.9025069797997336
2022-12-02 05:00:00+00:00,498.52,498.97,492.11,494.53,3632096.0,112735.0,494.870977,508.82866666666666,41.515352308086875,6.004790643573301,9.04048657045907,-3.0356959268857686
2022-12-05 05:00:00+00:00,492.5,492.7,484.73,488.66,2455346.0,87107.0,487.585235,509.178,39.253285061249535,3.2021974299084945,7.872828742348955,-4.67063131244046
2022-12-06 05:00:00+00:00,490.66,491.47,477.17,481.16,2995894.0,82421.0,482.050294,508.651,36.5156024385742,0.3716506393743657,6.372593121754037,-6.0009424823796715
2022-12-07 05:00:00+00:00,479.09,486.54,478.87,481.97,2072184.0,58874.0,482.288984,508.0813333333333,37.026429443423694,-1.7856341753105198,4.740947662341126,-6.526581837651646
2022-12-08 05:00:00+00:00,482.9,483.33,473.5,481.42,2901019.0,87722.0,479.567807,507.4803333333333,36.80984206057686,-3.49934012213987,3.092890105444927,-6.592230227584797
2022-12-09 05:00:00+00:00,475.1,490.09,470.5,483.02,4211131.0,102037.0,483.281648,507.0296666666666,37.94701360447096,-4.674473383933332,1.5394174075692755,-6.213890791502608
2022-12-12 05:00:00+00:00,482.73,487.82,480.67,487.68,2276351.0,62644.0,484.702693,506.2566666666667,41.262466527426646,-5.170153593213911,0.19750320741263838,-5.367656800626549
2022-12-13 05:00:00+00:00,497.04,497.97,481.5501,488.2,2623422.0,70094.0,488.371629,505.8133333333334,41.63719650222494,-5.45810642278451,-0.9336187186267915,-4.524487704157719
2022-12-14 05:00:00+00:00,488.855,491.69,481.04,483.52,2133319.0,61800.0,486.085983,505.26533333333333,39.212515422038805,-5.994843181875012,-1.9458636112764358,-4.0489795705985765
2022-12-15 05:00:00+00:00,475.34,476.6999,463.16,463.91,3439381.0,109795.0,466.285637,504.612,31.052572038042854,-7.911376617836254,-3.1389662125883997,-4.772410405247854
2022-12-16 05:00:00+00:00,461.26,464.79,456.88,461.45,4888192.0,73909.0,461.32576,503.784,30.20346696241043,-9.519015331277842,-4.414976036326289,-5.104039294951553
2022-12-19 05:00:00+00:00,460.92,463.41,455.355,458.63,1939248.0,57284.0,459.157531,502.85800000000006,29.21718538792942,-10.89503978960073,-5.7109887869811775,-5.184051002619553
2022-12-20 05:00:00+00:00,456.56,460.25,452.53,457.82,1993675.0,50786.0,457.110016,501.83366666666666,28.92501359320194,-11.913577017180216,-6.951506433020986,-4.96207058415923
2022-12-21 05:00:00+00:00,459.38,463.69,456.2,462.06,1464350.0,45724.0,461.289596,500.8103333333333,32.71785978016193,-12.237575391868631,-8.008720224790515,-4.228855167078116
2022-12-22 05:00:00+00:00,458.65,460.4,453.39,458.71,1907717.0,60542.0,456.738542,499.7683333333333,31.296801045170483,-12.619197190933676,-8.930815618019148,-3.688381572914528
2022-12-23 05:00:00+00:00,457.52,463.1799,454.8,462.65,1229523.0,39778.0,461.138481,498.0856666666667,34.879270505281966,-12.46007811964921,-9.63666811834516,-2.823410001304051
2022-12-27 05:00:00+00:00,464.4,464.7,457.11,458.5,1230835.0,44376.0,459.82714,496.18666666666667,32.93143299411956,-12.524471119416091,-10.214228718559346,-2.3102424008567457
2022-12-28 05:00:00+00:00,457.54,460.46,452.8,452.99,1324141.0,45061.0,455.177237,494.29699999999997,30.496310469629876,-12.87173661929711,-10.7457302987069,-2.1260063205902107
2022-12-29 05:00:00+00:00,455.63,459.0,453.46,456.53,1464967.0,44203.0,456.89985,491.96566666666666,33.87917642591964,-12.714731109297361,-11.139530460824991,-1.5752006484723697
2022-12-30 05:00:00+00:00,454.65,456.7,450.75,456.5,1802608.0,54660.0,454.50602,489.71199999999993,33.864133941181976,-12.44921703611476,-11.401467775882946,-1.0477492602318144
2023-01-03 05:00:00+00:00,458.0,458.8,447.9,453.28,1974220.0,65720.0,452.463967,487.444,32.21099203240573,-12.356187867255187,-11.592411794157394,-0.7637760730977927
2023-01-04 05:00:00+00:00,457.18,459.51,452.59,456.56,2097397.0,58910.0,456.18306,485.207,35.65668254253147,-11.880838086897938,-11.650097052705505,-0.23074103419243386
2023-01-05 05:00:00+00:00,454.54,456.43,449.62,450.19,2165088.0,56681.0,451.966702,482.7676666666667,32.23033023959975,-11.88116702722317,-11.69631104760904,-0.18485597961413092
2023-01-06 05:00:00+00:00,463.08,484.42,462.22,482.87,5174491.0,126518.0,479.300253,481.1316666666667,55.73233800580019,-9.139075262210497,-11.184863890529332,2.045788628318835
2023-01-09 05:00:00+00:00,482.93,486.87,479.99,480.83,1339520.0,49525.0,483.87264,479.343,54.46263814042953,-7.049298805152603,-10.357750873453988,3.308452068301385
