timestamp,open,high,low,close,volume,trade_count,vwap,30sma,rsi,macd,signal,histogram
2022-01-03 05:00:00+00:00,62.9,63.35,62.5,63.16,17178547.0,122024.0,62.987423,,,,,
2022-01-04 05:00:00+00:00,62.44,62.81,61.11,61.25,29678129.0,187780.0,61.736467,,,,,
2022-01-05 05:00:00+00:00,61.19,61.64,60.25,60.29,24595858.0,179250.0,60.832423,,,,,
2022-01-06 05:00:00+00:00,60.0,61.13,59.91,60.92,19571143.0,144290.0,60.805599,,,,,
2022-01-07 05:00:00+00:00,60.87,61.5,60.67,61.13,20120560.0,123822.0,61.12903,,,,,
2022-01-10 05:00:00+00:00,60.865,61.895,60.52,61.82,24600496.0,155386.0,61.314727,,,,,
2022-01-11 05:00:00+00:00,61.595,62.43,61.44,62.37,22804164.0,133789.0,62.097438,,,,,
2022-01-12 05:00:00+00:00,62.4,62.8175,61.9201,62.12,13393914.0,99955.0,62.225095,,,,,
2022-01-13 05:00:00+00:00,62.08,62.15,61.21,61.5,14879219.0,106471.0,61.641374,,,,,
2022-01-14 05:00:00+00:00,61.4722,61.5,60.94,61.36,18794672.0,121093.0,61.32779,,,,,
2022-01-18 05:00:00+00:00,59.98,60.22,59.49,59.73,26508445.0,152580.0,59.745157,,,,,
2022-01-19 05:00:00+00:00,57.995,59.49,57.78,58.9,24297125.0,167144.0,58.9706,,,,,
2022-01-20 05:00:00+00:00,58.99,59.34,58.02,58.08,17631598.0,122364.0,58.518755,,,,,
2022-01-21 05:00:00+00:00,58.07,58.34,56.61,56.68,25746162.0,182148.0,57.18155,,,,,
2022-01-24 05:00:00+00:00,56.16,57.0,54.87,56.9,33457507.0,233416.0,56.205677,,21.17863720073663,,,
2022-01-25 05:00:00+00:00,56.09,56.6851,55.07,56.11,25107375.0,177746.0,55.977861,,19.640042038885966,,,
2022-01-26 05:00:00+00:00,56.11,56.45,54.855,55.33,28180891.0,195447.0,55.683647,,18.23170731707316,,,
2022-01-27 05:00:00+00:00,55.51,56.53,54.4,54.62,25829961.0,183373.0,55.115069,,17.034314716979083,,,
2022-01-28 05:00:00+00:00,54.5,55.66,53.445,55.61,30957275.0,180980.0,54.744738,,24.481998785083462,,,
2022-01-31 05:00:00+00:00,55.43,55.86,54.87,55.67,29853934.0,159172.0,55.586961,,24.921881463292138,,,
2022-02-01 05:00:00+00:00,55.45,55.5,54.735,55.37,22376917.0,140177.0,55.25055,,24.16398544226449,,,
2022-02-02 05:00:00+00:00,55.225,56.315,55.17,56.17,23268192.0,137490.0,55.827012,,30.255072977459136,,,
2022-02-03 05:00:00+00:00,55.87,56.15,55.06,55.2,19197313.0,120952.0,55.441018,,27.38317162255234,,,
2022-02-04 05:00:00+00:00,54.8935,55.62,54.39,55.15,19655455.0,131022.0,55.122588,,27.2396373579124,,,
2022-02-07 05:00:00+00:00,55.33,55.53,54.695,55.17,14412013.0,91238.0,55.19343,,27.40355732387458,,,
2022-02-08 05:00:00+00:00,55.06,55.49,54.71,55.34,15181728.0,99954.0,55.195919,,28.870424617997884,-2.24963074531653,,
2022-02-09 05:00:00+00:00,55.82,56.38,55.4826,56.29,18419007.0,110204.0,56.139686,,36.58206785325903,-2.064335811454555,,
2022-02-10 05:00:00+00:00,55.24,56.025,54.75,54.87,18868704.0,123710.0,55.195025,,31.14638847673241,-2.0089128768167654,,
2022-02-11 05:00:00+00:00,54.87,55.09,53.77,53.9,19085487.0,127694.0,54.296127,,28.077302624424945,-2.0199756730200136,,
2022-02-14 05:00:00+00:00,53.41,53.65,52.7,53.18,20273523.0,141783.0,53.181602,57.806333333333335,26.02720597560193,-2.06305933758928,,
2022-02-15 05:00:00+00:00,53.76,54.3,53.64,54.27,16840329.0,111590.0,54.08816,57.51,33.89627849553692,-1.986352130769319,,
2022-02-16 05:00:00+00:00,54.13,54.44,53.385,54.25,19889715.0,157248.0,54.239159,57.276666666666664,33.8251768287499,-1.905212841884513,,
2022-02-17 05:00:00+00:00,55.5,57.06,55.4,55.77,32441259.0,210059.0,56.167403,57.126,43.52154021101136,-1.6986767854433253,,
2022-02-18 05:00:00+00:00,55.46,57.69,55.38,57.21,34601477.0,202986.0,56.869834,57.00233333333334,50.86661712049391,-1.402630851930212,-1.9331985615805014,0.5305677096502894
2022-02-22 05:00:00+00:00,56.93,57.14,55.735,56.3,24128545.0,165457.0,56.406882,56.84133333333333,46.730633982072135,-1.2272942276458068,-1.7920176947935624,0.5647234671477557
2022-02-23 05:00:00+00:00,56.61,56.99,54.37,54.44,22071044.0,162766.0,55.17278,56.595333333333336,39.636527006951624,-1.2243120379341335,-1.6784765634216767,0.45416452548754327
2022-02-24 05:00:00+00:00,54.07,54.83,53.21,54.73,27746891.0,214441.0,54.041042,56.34066666666667,41.13693264214038,-1.184889387442837,-1.579759128225909,0.3948697407830719
2022-02-25 05:00:00+00:00,54.755,56.22,54.49,56.04,17872584.0,131040.0,55.785086,56.138000000000005,47.4867514666375,-1.0359982579987417,-1.4710069541804756,0.4350086961817339
2022-02-28 05:00:00+00:00,55.41,56.0,54.75,55.77,22478523.0,124424.0,55.558505,55.947,46.376319699263306,-0.9290778772889965,-1.3626211388021798,0.43354326151318334
2022-03-01 05:00:00+00:00,55.53,55.85,54.27,54.62,16440645.0,124570.0,54.781538,55.72233333333333,41.883853593290496,-0.9264584579034221,-1.2753886026224284,0.3489301447190063
2022-03-02 05:00:00+00:00,54.77,56.38,54.71,56.15,17604966.0,134854.0,55.950921,55.602999999999994,48.966880879266455,-0.7917969930525786,-1.1786702807084586,0.38687328765588
2022-03-03 05:00:00+00:00,56.74,57.0,55.835,56.07,15930620.0,122318.0,56.224591,55.50866666666666,48.633118437990206,-0.6836514352001828,-1.0796665116068036,0.3960150764066208
2022-03-04 05:00:00+00:00,55.67,56.895,55.25,56.51,15781417.0,129099.0,56.233937,55.45633333333333,50.62643767555928,-0.5560313948861904,-0.9749394882626811,0.4189080933764907
2022-03-07 05:00:00+00:00,56.31,56.44,55.52,55.59,20281920.0,149368.0,55.809603,55.42,46.55817109204214,-0.5230979570916219,-0.8845711820284692,0.3614732249368473
2022-03-08 05:00:00+00:00,55.7,55.855,54.0701,54.4,22254416.0,176576.0,54.811551,55.336666666666666,41.87120985891702,-0.5862629507615083,-0.8249095357750771,0.23864658501356883
2022-03-09 05:00:00+00:00,55.64,56.245,55.26,55.92,18247259.0,128216.0,55.734957,55.330333333333336,48.941608323810755,-0.5078165731437636,-0.7614909432488144,0.2536743701050508
2022-03-10 05:00:00+00:00,54.4,55.16,53.97,54.71,17986973.0,122465.0,54.629079,55.309666666666665,44.320137931136834,-0.5370928690484575,-0.7166113284087431,0.17951845936028554
2022-03-11 05:00:00+00:00,55.29,56.21,54.6,54.69,19652858.0,119272.0,55.087109,55.312,44.2457670417549,-0.555504863058701,-0.6843900353387348,0.12888517228003382
2022-03-14 04:00:00+00:00,54.73,55.4,53.995,54.3,17044617.0,119263.0,54.474681,55.26833333333334,42.73967209151347,-0.5947107858523779,-0.6664541854414635,0.0717433995890856
2022-03-15 04:00:00+00:00,54.42,55.725,54.42,55.6,18215566.0,128607.0,55.229515,55.266,48.974587645196586,-0.5149466423334417,-0.6361526768198591,0.12120603448641742
2022-03-16 04:00:00+00:00,55.93,56.0,54.6,55.81,20742603.0,157236.0,55.562154,55.28066666666666,49.923168195186996,-0.4298328929401549,-0.5948887200439184,0.16505582710376343
2022-03-17 04:00:00+00:00,55.49,56.3,55.35,56.17,18172917.0,114391.0,55.990857,55.28066666666667,51.58480930592662,-0.3295320021854238,-0.5418173764722195,0.21228537428679572
2022-03-18 04:00:00+00:00,56.03,56.42,55.54,55.97,50864928.0,173567.0,55.977488,55.306333333333335,50.58066280751786,-0.2631477487201934,-0.48608345092181426,0.22293570220162084
2022-03-21 04:00:00+00:00,56.06,56.545,55.52,56.0,28820239.0,127433.0,55.981485,55.334666666666664,50.73557464754139,-0.20574529658965446,-0.4300158200553823,0.22427052346572784
2022-03-22 04:00:00+00:00,56.36,56.72,56.09,56.17,28833554.0,115558.0,56.208104,55.36800000000001,51.66028168216188,-0.1448659361273812,-0.3729858432697821,0.22811990714240094
2022-03-23 04:00:00+00:00,55.9,56.09,54.45,54.48,19310613.0,114881.0,54.823711,55.33933333333333,43.016094139090356,-0.23033235244751893,-0.3444551451053295,0.11412279265781056
2022-03-24 04:00:00+00:00,54.66,54.69,53.68,54.5,20159492.0,125531.0,54.230006,55.279666666666664,43.13735550020584,-0.2930729082260015,-0.33417869772946396,0.04110578950346244
2022-03-25 04:00:00+00:00,54.605,55.18,54.395,54.97,17943380.0,112454.0,54.799765,55.283,46.04317832112221,-0.30139587462537065,-0.3276221331086453,0.026226258483274645
2022-03-28 04:00:00+00:00,54.8,55.16,54.42,55.14,29903690.0,188020.0,54.913915,55.324333333333335,47.09626509188604,-0.2909207528627604,-0.3202818570594684,0.029361104196707954
2022-03-29 04:00:00+00:00,55.67,56.3138,55.04,55.67,20039827.0,130941.0,55.507202,55.407333333333334,50.34976456799254,-0.2371192101386299,-0.3036493276753007,0.06653011753667076
2022-03-30 04:00:00+00:00,55.75,56.94,55.59,56.05,16125420.0,108708.0,56.142748,55.46666666666667,52.60053033207121,-0.16195140076629855,-0.27530974229350025,0.1133583415272017
2022-03-31 04:00:00+00:00,56.04,56.88,55.72,55.76,27402072.0,132107.0,56.112316,55.517,50.711182956673866,-0.12434754555132344,-0.2451173029450649,0.12076975739374146
2022-04-01 04:00:00+00:00,56.17,56.19,54.885,55.66,17381598.0,123233.0,55.467701,55.51333333333333,50.04367329302315,-0.10144597755610363,-0.21638303786727264,0.11493706031116901
2022-04-04 04:00:00+00:00,55.46,56.12,54.99,55.87,19568313.0,106762.0,55.735785,55.468666666666664,51.487811186695986,-0.0655949373597764,-0.1862254177657734,0.120630480405997
2022-04-05 04:00:00+00:00,55.2,55.59,54.665,54.92,16002478.0,107637.0,55.036828,55.42266666666667,45.13173377031082,-0.11254247068334422,-0.17148882834928758,0.05894635766594336
2022-04-06 04:00:00+00:00,54.69,54.76,53.8432,54.35,16502048.0,131547.0,54.344891,55.419666666666664,41.797678156928626,-0.19351227632792245,-0.17589351794501457,-0.017618758382907884
2022-04-07 04:00:00+00:00,54.43,54.85,53.735,54.63,13495322.0,111244.0,54.293635,55.41633333333333,43.9866987665311,-0.23240870780070821,-0.1871965559161533,-0.04521215188455491
2022-04-08 04:00:00+00:00,54.84,54.91,54.01,54.3,15692166.0,104496.0,54.495329,55.358333333333334,41.982598491018976,-0.2865593739654102,-0.2070691195260047,-0.0794902544394055
2022-04-11 04:00:00+00:00,53.92,53.95,52.785,52.88,20842740.0,148735.0,53.145048,55.26199999999999,34.66388978945166,-0.438995828949551,-0.253454461410714,-0.18554136753883704
2022-04-12 04:00:00+00:00,51.7,52.9501,51.48,51.82,24658156.0,173912.0,52.074969,55.16866666666667,30.403142076875724,-0.6379817030374184,-0.3303599097360549,-0.3076217933013635
2022-04-13 04:00:00+00:00,51.84,52.36,51.405,52.15,16922951.0,125718.0,51.910903,55.035333333333334,33.157704619502155,-0.7602870835559727,-0.41634534450003846,-0.3439417390559343
2022-04-14 04:00:00+00:00,52.08,52.38,51.1207,51.17,17979339.0,113657.0,51.478948,54.872,29.432219467000323,-0.9256227852892422,-0.5182008326578793,-0.40742195263136294
2022-04-18 04:00:00+00:00,50.88,51.56,50.8,51.11,13949383.0,106167.0,51.182971,54.692,29.215785309922936,-1.0493972207179922,-0.624440110269902,-0.42495711044809026
2022-04-19 04:00:00+00:00,51.0,51.935,50.92,51.83,15427249.0,95963.0,51.634521,54.56666666666667,35.35875573885674,-1.076976653367666,-0.7149474188894548,-0.3620292344782111
2022-04-20 04:00:00+00:00,52.22,53.67,52.162,53.02,19367002.0,133830.0,53.079508,54.52066666666667,44.00780978183393,-0.9913824578269015,-0.7702344266769442,-0.2211480311499573
2022-04-21 04:00:00+00:00,53.34,53.83,52.73,52.78,17015967.0,115499.0,53.218573,54.416000000000004,42.76502313500314,-0.9321689717727111,-0.8026213356960976,-0.12954763607661346
2022-04-22 04:00:00+00:00,52.92,52.96,51.29,51.36,17617679.0,124381.0,51.760996,54.30433333333333,36.24337654319952,-0.9884299844450908,-0.8397830654458962,-0.14864691899919458
2022-04-25 04:00:00+00:00,51.45,51.98,50.54,51.94,18472553.0,134427.0,51.353612,54.21266666666667,40.25131663581661,-0.9749771597930348,-0.8668218843153239,-0.10815527547771087
2022-04-26 04:00:00+00:00,51.875,51.94,50.87,50.9,19117807.0,131907.0,51.209379,54.099333333333334,35.894101279029954,-1.0362893095979047,-0.9007153693718402,-0.1355739402260645
2022-04-27 04:00:00+00:00,50.91,51.11,49.245,49.29,30289313.0,232687.0,49.811097,53.889,30.406606621745652,-1.2009493778541724,-0.9607621710683066,-0.2401872067858658
2022-04-28 04:00:00+00:00,49.53,50.78,49.205,50.63,19984996.0,150033.0,50.203047,53.71633333333333,38.79368778080319,-1.2093759341477792,-1.0104849236842013,-0.19889101046357793
2022-04-29 04:00:00+00:00,50.51,50.64,48.87,48.98,20101755.0,138646.0,49.445834,53.47666666666667,33.448284137086034,-1.333819806638239,-1.0751519002750087,-0.2586679063632302
2022-05-02 04:00:00+00:00,49.34,49.9144,48.93,49.86,22254453.0,170284.0,49.518004,53.273,38.32900328765632,-1.345918911220359,-1.1293053024640787,-0.21661360875628022
2022-05-03 04:00:00+00:00,49.77,50.36,49.53,49.92,15699801.0,126239.0,49.969593,53.07033333333333,38.65931686896765,-1.3352738346254966,-1.1704990088963623,-0.16477482572913438
2022-05-04 04:00:00+00:00,50.03,51.655,49.67,51.58,23610111.0,151763.0,50.829374,52.91733333333333,47.10109052151985,-1.1792952266423313,-1.1722582524455563,-0.00703697419677507
2022-05-05 04:00:00+00:00,51.15,51.21,49.155,49.61,24446258.0,176399.0,49.818009,52.755,40.05587698054574,-1.2008014998561833,-1.1779669019276817,-0.02283459792850162
2022-05-06 04:00:00+00:00,49.15,49.835,48.85,49.33,21475652.0,161749.0,49.263847,52.58266666666667,39.15932619034393,-1.226302978871523,-1.18763411731645,-0.038668861555072986
2022-05-09 04:00:00+00:00,49.0,49.42,48.67,48.96,21938147.0,180498.0,49.026319,52.382333333333335,37.95052516617166,-1.2618234769163408,-1.2024719892364282,-0.05935148767991261
2022-05-10 04:00:00+00:00,49.705,50.235,49.15,49.55,21395437.0,165821.0,49.61699,52.196,41.074160715744654,-1.2282076451632378,-1.20761912042179,-0.020588524741447678
2022-05-11 04:00:00+00:00,49.09,49.64,48.575,48.65,23473610.0,176761.0,48.959183,51.961999999999996,37.93684224436024,-1.2596686585172066,-1.2180290280408734,-0.04163963047633312
2022-05-12 04:00:00+00:00,48.63,48.78,47.47,48.29,25615654.0,192764.0,48.144243,51.70333333333333,36.72837119142573,-1.2986803509339353,-1.2341592926194858,-0.06452105831444954
2022-05-13 04:00:00+00:00,48.71,49.63,48.53,49.55,15219701.0,123313.0,49.236022,51.49633333333333,43.510911287389526,-1.213932470623007,-1.23011392822019,0.016181457597183035
2022-05-16 04:00:00+00:00,49.66,49.66,48.88,49.0,16961997.0,130951.0,49.268025,51.27433333333333,41.42350482129989,-1.1775752143039213,-1.2196061854369362,0.042030971133014905
2022-05-17 04:00:00+00:00,49.68,50.72,49.51,50.61,15271207.0,133862.0,50.350624,51.099000000000004,49.118627267631496,-1.0072374754293918,-1.1771324434354273,0.16989496800603554
2022-05-18 04:00:00+00:00,50.47,50.47,48.23,48.36,40050240.0,266824.0,47.086333,50.880333333333326,41.01037553492316,-1.0417906717478687,-1.1500640890979157,0.10827341735004703
2022-05-19 04:00:00+00:00,43.055,43.93,41.02,41.7159,91123508.0,575377.0,41.972124,50.45919666666667,26.89290167555191,-1.5870036811512591,-1.2374520075085844,-0.3495516736426747
2022-05-20 04:00:00+00:00,41.86,43.0,41.52,42.94,45773877.0,298867.0,42.305139,50.06952999999999,31.566963755047126,-1.8984303559698503,-1.3696476772008377,-0.5287826787690126
2022-05-23 04:00:00+00:00,43.34,43.82,42.94,43.35,27227515.0,169347.0,43.389594,49.70453,33.109554287053626,-2.0880845273408823,-1.5133350472288467,-0.5747494801120356
2022-05-24 04:00:00+00:00,43.4,44.06,42.499,43.77,30081863.0,190955.0,43.333474,49.400863333333334,34.73260193200073,-2.179373869271572,-1.646542811637392,-0.5328310576341801
2022-05-25 04:00:00+00:00,43.75,44.42,43.19,44.0,25262204.0,160549.0,43.865867,49.14019666666666,35.65338246846645,-2.2077131101657415,-1.7587768713430618,-0.44893623882267963
2022-05-26 04:00:00+00:00,44.05,45.5256,44.05,44.99,28205997.0,178954.0,45.100864,48.90153,39.60310412611127,-2.1257827363914785,-1.8321780443527451,-0.2936046920387334
2022-05-27 04:00:00+00:00,45.12,45.64,44.95,45.62,23823229.0,130347.0,45.420791,48.71653,42.04119683578192,-1.98711041806245,-1.8631645190946862,-0.12394589896776376
2022-05-31 04:00:00+00:00,45.27,45.605,44.735,45.04,43201561.0,166910.0,45.10039,48.51419666666666,40.42334060483328,-1.9020866881116447,-1.870948952898078,-0.031137735213566664
2022-06-01 04:00:00+00:00,45.55,45.8,44.765,45.23,20438518.0,156263.0,45.209466,48.29419666666666,41.22132597669116,-1.7986397579437963,-1.8564871139072219,0.057847355963425606
2022-06-02 04:00:00+00:00,45.18,45.8,44.895,45.79,20264770.0,139362.0,45.443613,48.05319666666666,43.618367400604015,-1.6524219094311619,-1.81567407301201,0.16325216358084815
2022-06-03 04:00:00+00:00,45.55,45.74,45.12,45.25,17298743.0,108443.0,45.378233,47.80219666666666,41.84620996777654,-1.5621096701756088,-1.76496119244473,0.20285152226912118
2022-06-06 04:00:00+00:00,45.603,46.09,45.125,45.33,12500639.0,96880.0,45.490748,47.60119666666667,42.220739256530855,-1.4671686317824992,-1.705402680312284,0.2382340485297847
2022-06-07 04:00:00+00:00,44.82,45.65,44.715,45.57,14553833.0,91051.0,45.420198,47.38886333333333,43.398458998303546,-1.3569194577505002,-1.6357060357999273,0.2787865780494272
2022-06-08 04:00:00+00:00,45.45,45.63,44.88,44.92,16158567.0,94515.0,45.127723,47.18953,40.96317093444097,-1.3069302819960669,-1.5699508850391555,0.2630206030430886
2022-06-09 04:00:00+00:00,44.83,45.27,44.24,44.26,18357333.0,108715.0,44.700303,47.021863333333336,38.59495225833054,-1.3055207536187154,-1.5170648587550675,0.21154410513635202
2022-06-10 04:00:00+00:00,43.8,43.99,43.29,43.49,20080664.0,136617.0,43.60278,46.783863333333336,35.98136310593928,-1.350963194307468,-1.4838445258655477,0.13288133155807968
2022-06-13 04:00:00+00:00,43.06,43.84,42.89,43.24,28697336.0,188193.0,43.32683,46.592530000000004,35.1491105877671,-1.3911136741142442,-1.4652983555152872,0.07418468140104295
2022-06-14 04:00:00+00:00,43.63,43.7,42.57,42.91,22489599.0,160638.0,43.053255,46.36086333333333,34.03018693296164,-1.4330422417792121,-1.4588471327680723,0.025804890988860185
2022-06-15 04:00:00+00:00,43.37,44.425,43.0999,43.8,21785674.0,158880.0,43.737615,46.156863333333334,39.61343814342243,-1.378564142465116,-1.4427905347074812,0.06422639224236515
2022-06-16 04:00:00+00:00,42.81,43.4099,42.81,43.32,27032133.0,175127.0,43.153159,45.88153,37.75742846062456,-1.3584623365356592,-1.425924895073117,0.06746255853745775
2022-06-17 04:00:00+00:00,43.36,44.0001,43.24,43.39,59670110.0,173827.0,43.449784,45.67419666666667,38.21208425651577,-1.3216479605335465,-1.405069508165203,0.08342154763165643
2022-06-21 04:00:00+00:00,43.805,44.28,43.7,44.14,23273972.0,129096.0,44.070342,45.50119666666667,43.014986700239014,-1.2179142134033043,-1.3676384492128233,0.149724235809519
2022-06-22 04:00:00+00:00,43.47,44.115,43.17,43.57,19926859.0,131664.0,43.71214,45.32153,40.44203576639867,-1.1682320558123322,-1.3277571705327251,0.15952511472039288
2022-06-23 04:00:00+00:00,43.41,43.46,42.715,42.93,34351513.0,182101.0,43.027592,45.100863333333336,37.714269155036725,-1.167048233701891,-1.2956153831665582,0.12856714946466719
2022-06-24 04:00:00+00:00,43.44,44.215,43.24,44.105,22950857.0,149143.0,44.000173,44.94936333333333,45.04316410641039,-1.0590888490432562,-1.2483100763418977,0.18922122729864155
2022-06-27 04:00:00+00:00,44.29,44.29,43.625,43.77,22725492.0,110138.0,43.881218,44.798696666666665,43.472594753635256,-0.9891595436948393,-1.1964799698124862,0.2073204261176469
2022-06-28 04:00:00+00:00,43.91,44.4713,42.99,43.06,20065932.0,102335.0,43.399574,44.58236333333333,40.267908439267735,-0.9797373296048235,-1.1531314417709537,0.1733941121661302
2022-06-29 04:00:00+00:00,43.14,43.26,42.6938,42.88,13421911.0,93260.0,42.903011,44.37836333333334,39.47344514831356,-0.9755491296242695,-1.1176149793416168,0.14206584971734726
2022-06-30 04:00:00+00:00,42.37,43.14,42.19,42.64,24897499.0,133244.0,42.619273,44.112696666666665,38.385991035749505,-0.9802957065098852,-1.0901511247752704,0.10985541826538525
2022-07-01 04:00:00+00:00,42.52,42.7,41.57,42.6,24337066.0,152384.0,42.26403,43.92069666666667,38.19711801024457,-0.97603395670221,-1.0673276911606584,0.09129373445844835
2022-07-05 04:00:00+00:00,41.52,41.97,40.82,41.96,24448142.0,150633.0,41.518904,43.92883333333334,35.21180335151266,-1.012626215893313,-1.0563873961071892,0.043761180213876205
2022-07-06 04:00:00+00:00,42.12,42.93,42.01,42.69,17250440.0,116001.0,42.55129,43.9205,40.886870903894845,-0.9715218467023803,-1.0394142862262274,0.06789243952384716
2022-07-07 04:00:00+00:00,42.88,43.36,42.79,43.22,22316703.0,108975.0,43.182937,43.91616666666666,44.67589390864444,-0.88596689253054,-1.00872480748709,0.12275791495655008
2022-07-08 04:00:00+00:00,43.03,43.605,42.94,43.39,11816977.0,78470.0,43.329103,43.9035,45.87430147547318,-0.7952789154155084,-0.9660356290727738,0.1707567136572654
2022-07-11 04:00:00+00:00,43.34,43.68,43.07,43.25,15130654.0,93523.0,43.305825,43.8785,45.009613893147765,-0.7263321650784746,-0.9180949362739141,0.1917627711954395
2022-07-12 04:00:00+00:00,43.58,43.83,42.66,42.86,17383764.0,103869.0,43.195077,43.8075,42.6006660252121,-0.6951478773206503,-0.8735055244832615,0.17835764716261115
2022-07-13 04:00:00+00:00,41.854,43.05,41.8,42.7,16854195.0,110686.0,42.60925,43.710166666666666,41.61658996975207,-0.6755573626691245,-0.8339158921204342,0.15835852945130968
2022-07-14 04:00:00+00:00,41.79,42.47,41.35,42.33,17336231.0,123247.0,41.988955,43.61983333333333,39.352710253030615,-0.6820256789658572,-0.8035378494895189,0.1215121705236617
2022-07-15 04:00:00+00:00,42.5,43.13,42.5,43.07,19897839.0,100418.0,42.886405,43.54783333333333,45.71326845066485,-0.6202897367030005,-0.7668882269322153,0.14659849022921478
2022-07-18 04:00:00+00:00,43.3,43.32,42.405,42.6,16743800.0,99107.0,42.842635,43.441500000000005,42.65349496394346,-0.6023451695545887,-0.73397961545669,0.13163444590210127
2022-07-19 04:00:00+00:00,42.82,44.09,42.65,44.03,22846595.0,124077.0,43.817558,43.40083333333334,52.96829063739301,-0.4673476292581995,-0.680653218216992,0.21330558895879248
2022-07-20 04:00:00+00:00,44.08,44.315,43.66,44.13,15599216.0,96660.0,44.056972,43.36083333333333,53.59685497418999,-0.34827721872104433,-0.6141780183178025,0.26590079959675816
2022-07-21 04:00:00+00:00,44.29,44.69,44.07,44.58,15364579.0,85738.0,44.439243,43.32783333333334,56.41945186367556,-0.21512202848570894,-0.5343668203513838,0.3192447918656749
2022-07-22 04:00:00+00:00,44.79,44.92,44.25,44.46,14828290.0,84758.0,44.525815,43.3125,55.450811057604525,-0.11791927797671065,-0.4510773118764492,0.3331580338997386
2022-07-25 04:00:00+00:00,44.66,44.66,44.11,44.34,12948040.0,77519.0,44.361732,43.31516666666666,54.444180643725595,-0.04999211700268802,-0.370860272901697,0.32086815589900897
2022-07-26 04:00:00+00:00,44.37,44.54,43.75,43.83,19513029.0,112429.0,44.033458,43.326499999999996,50.26757302839256,-0.03688688128796258,-0.3040655945789501,0.2671787132909875
2022-07-27 04:00:00+00:00,44.19,44.79,43.83,44.64,22257122.0,131381.0,44.339593,43.37316666666666,56.03613545635316,0.03841650146617326,-0.23556917536992544,0.2739856768360987
2022-07-28 04:00:00+00:00,44.88,45.865,44.71,45.62,17576191.0,103196.0,45.496705,43.463499999999996,61.80811493403013,0.1751537215559722,-0.15342459598474592,0.3285783175407181
2022-07-29 04:00:00+00:00,45.11,45.49,44.83,45.37,23693951.0,120744.0,45.226993,43.51583333333334,59.656400757960775,0.26034494844621037,-0.07067068709855466,0.33101563554476504
2022-08-01 04:00:00+00:00,45.06,45.427,44.76,45.28,14137645.0,93327.0,45.229619,43.58116666666667,58.86196095834144,0.31694383050042063,0.006852216421240405,0.31009161407918023
2022-08-02 04:00:00+00:00,45.52,45.7,44.9019,44.92,15005410.0,105982.0,45.191286,43.63216666666667,55.668524141306044,0.32895783973947346,0.07127334108488702,0.2576844986545864
2022-08-03 04:00:00+00:00,44.9,45.82,44.79,45.71,14943774.0,91652.0,45.504084,43.6845,60.70647437714402,0.3976416607701907,0.13654700502194778,0.2610946557482429
2022-08-04 04:00:00+00:00,45.9,45.93,45.005,45.38,15249317.0,91056.0,45.367277,43.74483333333333,57.753940841890504,0.4205974560418895,0.19335709522593614,0.22724036081595334
2022-08-05 04:00:00+00:00,44.91,45.07,44.54,45.01,19533387.0,111998.0,44.889375,43.814166666666665,54.550400211351445,0.40427396280983174,0.23554046874271528,0.16873349406711646
2022-08-08 04:00:00+00:00,45.49,45.52,44.855,45.02,15466668.0,84144.0,45.05983,43.84466666666666,54.62365922092452,0.3876755112712189,0.265967477248416,0.12170803402280289
2022-08-09 04:00:00+00:00,45.15,45.18,44.7249,44.92,11202303.0,81967.0,44.920089,43.883,53.691645350177126,0.36227586392591604,0.28522915458391607,0.07704670934199997
2022-08-10 04:00:00+00:00,45.71,46.06,45.43,46.02,18935426.0,111117.0,45.912347,43.98166666666667,61.47790455448311,0.4259966431975286,0.3133826523066386,0.11261399089089003
2022-08-11 04:00:00+00:00,46.185,46.425,45.77,45.9,15849321.0,96331.0,46.02171,44.08233333333333,60.287028321283074,0.4614930184878503,0.343004725542881,0.11848829294496932
2022-08-12 04:00:00+00:00,46.09,46.61,45.97,46.61,16951843.0,96526.0,46.444368,44.214666666666666,64.65014649606469,0.5406825658692966,0.3825402936081641,0.15814227226113253
2022-08-15 04:00:00+00:00,46.39,46.62,46.025,46.59,15456070.0,100863.0,46.386288,44.34766666666666,64.435390457252,0.5949685922693533,0.42502595334040194,0.16994263892895134
2022-08-16 04:00:00+00:00,46.57,47.01,46.4401,46.77,21193218.0,120927.0,46.761601,44.50800000000001,65.5447157161451,0.6450790848361336,0.46903657963954826,0.17604250519658537
2022-08-17 04:00:00+00:00,46.36,47.1,46.225,46.66,27959788.0,185682.0,46.877352,44.64033333333334,64.22628140088833,0.6682131848832,0.5088719006882786,0.15934128419492144
2022-08-18 04:00:00+00:00,49.795,50.0,49.11,49.37,39999935.0,234488.0,49.515134,44.845333333333336,76.67460949381525,0.894905563155028,0.5860786331816285,0.30882692997339956
2022-08-19 04:00:00+00:00,49.01,49.46,48.535,48.7,23130410.0,130441.0,48.82666,45.02233333333333,70.17318773360677,1.0088679043861717,0.6706364874225371,0.33823141696363457
2022-08-22 04:00:00+00:00,48.47,48.5,47.515,47.71,20534051.0,108909.0,47.811763,45.171,61.83052347273423,1.0076832098591595,0.7380458319098617,0.26963737794929776
2022-08-23 04:00:00+00:00,47.59,48.04,47.39,47.41,13996621.0,97783.0,47.601202,45.32266666666667,59.52124497957476,0.9713398371116782,0.7847046329502251,0.18663520416145307
2022-08-24 04:00:00+00:00,47.09,47.405,46.87,47.07,14946488.0,99479.0,47.128924,45.468333333333334,56.92629693443712,0.9046737776985623,0.8086984618998926,0.09597531579866969
2022-08-25 04:00:00+00:00,47.25,47.43,46.84,47.27,23039278.0,106638.0,47.17767,45.633,58.083935333934626,0.8580872778427207,0.8185762250884583,0.039511052754262366
2022-08-26 04:00:00+00:00,47.08,47.27,45.88,45.89,20669823.0,120196.0,46.197388,45.727000000000004,48.41507851809094,0.701723640886236,0.7952057082480138,-0.09348206736177789
2022-08-29 04:00:00+00:00,45.72,46.0,45.49,45.71,13655721.0,97015.0,45.75332,45.830666666666666,47.30886309515508,0.5568606929472679,0.7475367051878647,-0.19067601224059683
2022-08-30 04:00:00+00:00,45.75,45.87,44.9608,45.24,14277970.0,102430.0,45.290996,45.871,44.452797349610066,0.3995252130184781,0.6779344067539874,-0.2784091937355093
2022-08-31 04:00:00+00:00,45.78,45.83,44.585,44.72,22937087.0,112130.0,44.86496,45.89066666666666,41.46983247693772,0.2302221992506972,0.5883919652533294,-0.3581697660026322
2022-09-01 04:00:00+00:00,44.57,45.34,44.4,45.29,16236428.0,121046.0,44.981512,45.91433333333334,45.76596029153418,0.14042385855798045,0.4987983439142596,-0.35837448535627914
2022-09-02 04:00:00+00:00,45.71,45.92,44.275,44.59,14704857.0,101301.0,44.961554,45.91866666666667,41.71636389478918,0.0126283054960723,0.40156433623062215,-0.38893603073454985
2022-09-06 04:00:00+00:00,44.66,44.787,43.98,44.47,14349977.0,111149.0,44.461938,45.923,41.04585224361738,-0.09721297744982138,0.30180887349453345,-0.39902185094435483
2022-09-07 04:00:00+00:00,44.75,45.165,44.35,45.02,18277290.0,100612.0,44.907182,45.96266666666667,45.37920482608584,-0.13828847859034,0.21378940307755875,-0.3520778816678988
2022-09-08 04:00:00+00:00,44.76,45.47,44.62,45.37,14219690.0,83460.0,45.093244,45.986999999999995,47.998678739802656,-0.1409739740298761,0.14283672765607178,-0.2838107016859479
2022-09-09 04:00:00+00:00,45.66,45.89,45.395,45.77,15499423.0,92435.0,45.742144,45.992000000000004,50.89696341221227,-0.10956262174997278,0.09235685777486288,-0.20191947952483566
2022-09-12 04:00:00+00:00,46.11,46.73,45.97,46.4,17923005.0,88879.0,46.390464,46.02633333333333,55.13798675102034,-0.0334476007699962,0.06719596606589108,-0.10064356683588728
2022-09-13 04:00:00+00:00,45.72,45.91,44.02,44.11,22945060.0,139222.0,44.470537,45.98733333333334,41.20625570651086,-0.15611021851195517,0.02253472915032183,-0.178644947662277
2022-09-14 04:00:00+00:00,44.04,44.27,43.5604,43.96,27543863.0,103606.0,43.983571,45.95533333333333,40.48467437688355,-0.2624001871871471,-0.034452254117171954,-0.22794793306997513
2022-09-15 04:00:00+00:00,43.81,43.87,43.09,43.29,18109479.0,112957.0,43.44647,45.87466666666667,37.33940561397181,-0.3961327815943534,-0.10678835961260824,-0.28934442198174515
2022-09-16 04:00:00+00:00,43.11,43.58,42.785,43.3,32694315.0,118192.0,43.194768,45.80533333333334,37.41755570952311,-0.49559697628268395,-0.1845500829466234,-0.31104689333606056
2022-09-19 04:00:00+00:00,42.895,43.44,42.76,43.3,13667537.0,89229.0,43.158333,45.748333333333335,37.41755570952311,-0.5678769353543629,-0.2612154534281713,-0.3066614819261916
2022-09-20 04:00:00+00:00,43.01,43.02,42.2625,42.58,16813923.0,109968.0,42.553533,45.667,33.888274067674516,-0.6754708983267079,-0.34406654240787865,-0.3314043559188293
2022-09-21 04:00:00+00:00,42.32,42.865,41.57,41.59,21407405.0,151564.0,42.175537,45.556000000000004,29.735204430066872,-0.8310448476830885,-0.44146220346292064,-0.38958264422016786
2022-09-22 04:00:00+00:00,41.34,41.55,41.14,41.15,16745671.0,120272.0,41.295672,45.39366666666667,28.08765873880209,-0.9785623880884273,-0.548882240388022,-0.4296801477004053
2022-09-23 04:00:00+00:00,41.25,41.25,40.12,40.66,19067689.0,136997.0,40.635909,45.219,26.337531236088708,-1.1220754195958733,-0.6635208762295923,-0.458554543366281
2022-09-26 04:00:00+00:00,40.66,41.19,40.37,40.58,22694823.0,133842.0,40.697913,45.018,26.05211691634365,-1.2281089865080261,-0.7764384982852791,-0.451670488222747
2022-09-27 04:00:00+00:00,41.14,41.46,40.225,40.52,15027873.0,112782.0,40.664346,44.815666666666665,25.82606670875036,-1.3019744991997868,-0.8815456984681806,-0.42042880073160616
2022-09-28 04:00:00+00:00,40.85,41.57,40.592,41.34,23209296.0,124408.0,41.158835,44.63466666666667,34.225787223505094,-1.2795959179845084,-0.9611557423714463,-0.31844017561306215
2022-09-29 04:00:00+00:00,41.05,41.1,40.15,40.57,19496426.0,127821.0,40.493799,44.431666666666665,30.709038767737624,-1.3089050532946445,-1.0307056045560858,-0.2781994487385586
2022-09-30 04:00:00+00:00,40.66,41.04,39.96,40.0,27893235.0,125092.0,40.381963,44.11933333333333,28.38399964050099,-1.3624218396111942,-1.0970488515671075,-0.2653729880440867
2022-10-03 04:00:00+00:00,40.67,41.53,40.47,41.29,22268477.0,129789.0,41.20217,43.87233333333334,39.540503224025855,-1.2859187879832916,-1.1348228388503445,-0.1510959491329471
2022-10-04 04:00:00+00:00,41.56,42.035,41.39,41.82,22889355.0,116669.0,41.757643,43.676,43.43907380928908,-1.1690469522294293,-1.1416676615261614,-0.027379290703267944
2022-10-05 04:00:00+00:00,41.585,42.25,41.4,41.99,14289744.0,95294.0,41.885832,43.49533333333333,44.67146276417524,-1.0505969731945868,-1.1234535238598466,0.07285655066525987
2022-10-06 04:00:00+00:00,41.65,42.09,41.37,41.52,18194014.0,110631.0,41.635369,43.31033333333333,41.950032521650705,-0.9833145454813064,-1.0954257281841386,0.11211118270283227
2022-10-07 04:00:00+00:00,41.25,41.25,40.0809,40.27,19055395.0,102581.0,40.443453,43.077000000000005,35.71773983288085,-1.019109628663422,-1.0801625082799955,0.06105287961657346
2022-10-10 04:00:00+00:00,40.625,40.805,39.6,39.89,16628441.0,100131.0,40.010749,42.876999999999995,34.06108408159288,-1.0658538148754744,-1.0773007695990913,0.011446954723616898
2022-10-11 04:00:00+00:00,39.81,40.11,39.27,39.58,19384653.0,125733.0,39.69636,42.672666666666665,32.72748963722562,-1.1150596152994368,-1.0848525387391605,-0.030207076560276214
2022-10-12 04:00:00+00:00,39.7,39.86,39.25,39.27,17269418.0,109471.0,39.476999,42.47366666666667,31.4033728542601,-1.1656332809843093,-1.1010086871881903,-0.06462459379611896
2022-10-13 04:00:00+00:00,39.03,40.8,38.605,40.61,26238414.0,175519.0,40.163904,42.33666666666667,42.275227009970685,-1.0850783662817491,-1.0978226230069021,0.012744256725153003
2022-10-14 04:00:00+00:00,40.84,40.96,39.92,40.2,19559040.0,130249.0,40.233632,42.167,40.17704761852663,-1.0423065286511815,-1.086719404135758,0.04441287548457651
2022-10-17 04:00:00+00:00,41.04,41.525,40.95,41.3,27845187.0,137186.0,41.265384,42.05733333333333,47.67978432545974,-0.9091684048249391,-1.0512092042735943,0.14204079944865522
2022-10-18 04:00:00+00:00,41.92,42.22,41.26,41.79,18223318.0,130388.0,41.766623,41.967999999999996,50.64896230298913,-0.7554086963590834,-0.9920491026906921,0.23664040633160877
2022-10-19 04:00:00+00:00,41.63,42.235,41.47,41.88,19071943.0,102515.0,41.869145,41.86333333333334,51.196792770310886,-0.6191535550099516,-0.917469993154544,0.2983164381445924
2022-10-20 04:00:00+00:00,41.56,42.615,41.455,41.71,16830456.0,116431.0,41.891631,41.74133333333334,50.066252406730854,-0.5189063239813123,-0.8377572593198978,0.31885093533858544
2022-10-21 04:00:00+00:00,41.85,42.97,41.81,42.8,25035034.0,160436.0,42.628049,41.64233333333333,56.672689560276716,-0.3475000167767561,-0.7397058108112695,0.3922057940345134
2022-10-24 04:00:00+00:00,43.115,43.73,42.9,43.54,18784097.0,112430.0,43.426255,41.547000000000004,60.494110637105926,-0.15021587276432768,-0.6218078232018812,0.47159195043755353
2022-10-25 04:00:00+00:00,43.34,44.4,43.2,44.36,19165167.0,107157.0,44.179841,41.55533333333333,64.25621249159425,0.07147644374414597,-0.4831509698126758,0.5546274135568218
2022-10-26 04:00:00+00:00,44.93,45.23,44.28,44.38,19991637.0,144656.0,44.591211,41.56933333333334,64.34539612229895,0.2459479003391749,-0.3373311957823057,0.5832790961214807
2022-10-27 04:00:00+00:00,44.77,45.085,44.36,44.42,18102450.0,120972.0,44.585714,41.60699999999999,64.53598046367112,0.38303011960491773,-0.19325893270486105,0.5762890523097788
2022-10-28 04:00:00+00:00,44.69,45.71,44.65,45.64,17962188.0,117853.0,45.436881,41.684999999999995,69.83255047548585,0.5833876404586533,-0.03792961807215818,0.6213172585308115
2022-10-31 04:00:00+00:00,45.305,45.64,45.055,45.43,17783908.0,98103.0,45.415883,41.756,67.95129134108902,0.7169624771337055,0.11304880096901458,0.6039136761646909
2022-11-01 04:00:00+00:00,45.58,45.79,45.06,45.46,12088885.0,89440.0,45.4086,41.852000000000004,68.08357057188445,0.8158377767835745,0.2536065961319266,0.5622311806516479
2022-11-02 04:00:00+00:00,45.47,46.21,44.55,44.57,15102313.0,107233.0,45.133325,41.95133333333333,60.15158950297188,0.8130097320444847,0.3654872233144382,0.44752250873004645
2022-11-03 04:00:00+00:00,44.03,44.15,43.39,43.85,17901446.0,102016.0,43.812226,42.041333333333334,54.60879112690233,0.7440930618694708,0.44120839102544473,0.30288467084402604
2022-11-04 04:00:00+00:00,44.5,45.08,43.8315,44.52,19648166.0,116985.0,44.422998,42.169999999999995,58.446051427869214,0.7350661201441042,0.49997993684917663,0.2350861832949276
2022-11-07 05:00:00+00:00,44.832,44.98,44.405,44.55,21382988.0,106969.0,44.591251,42.30233333333334,58.61475573466331,0.722010070414612,0.5443859635622638,0.1776241068523482
2022-11-08 05:00:00+00:00,44.69,45.35,44.18,44.61,17498385.0,108559.0,44.775333,42.43866666666667,58.973506593594436,0.7083392614195461,0.5771766231337203,0.13116263828582575
2022-11-09 05:00:00+00:00,44.51,44.72,43.89,43.91,19311651.0,107889.0,44.099577,42.52433333333333,53.181374503471666,0.6337158154955489,0.588484461606086,0.045231353889462866
2022-11-10 05:00:00+00:00,45.7,45.81,44.645,45.66,27194151.0,141773.0,45.383199,42.693999999999996,62.9724638237702,0.7076294596805042,0.6123134612209697,0.09531599845953442
2022-11-11 05:00:00+00:00,45.18,45.32,43.92,44.79,25974305.0,176970.0,44.518901,42.85366666666666,56.631749082793775,0.6880731471794803,0.6274653984126719,0.06060774876680841
2022-11-14 05:00:00+00:00,44.832,45.44,44.68,44.74,21091267.0,119150.0,44.943893,42.968666666666664,56.281009449824715,0.6609213565056891,0.6341565900312754,0.026764766474413615
2022-11-15 05:00:00+00:00,45.04,45.24,44.445,44.9,19291294.0,118433.0,44.914018,43.071333333333335,57.19461336880052,0.6448802514876988,0.6363013223225602,0.008578929165138582
2022-11-16 05:00:00+00:00,44.94,44.98,44.301,44.39,24939624.0,159365.0,44.654034,43.15133333333334,53.366445429942026,0.5842796107871351,0.6258969800154752,-0.04161736922834014
2022-11-17 05:00:00+00:00,46.188,46.845,45.1601,46.59,38887821.0,256997.0,46.27409,43.32033333333334,64.42732309654534,0.7056405947307169,0.6418457029585236,0.06379489177219333
2022-11-18 05:00:00+00:00,46.91,48.04,46.86,47.79,30843249.0,187136.0,47.680591,43.571,68.77745668815068,0.888408994176757,0.6911583612021703,0.19725063297458667
2022-11-21 05:00:00+00:00,47.61,48.29,47.56,47.62,17049535.0,122891.0,47.765145,43.82866666666667,67.5177872123879,1.0079180365441474,0.7545102962705658,0.2534077402735816
2022-11-22 05:00:00+00:00,48.0,48.42,47.76,48.38,16367811.0,113178.0,48.267282,44.122,70.14990636688593,1.1506910123414613,0.8337464394847449,0.3169445728567164
2022-11-23 05:00:00+00:00,48.4,48.99,48.32,48.57,12065557.0,86164.0,48.637013,44.431999999999995,70.78722618964912,1.2645935886801922,0.9199158693238344,0.3446777193563578
2022-11-25 05:00:00+00:00,48.75,49.05,48.345,48.4,8492585.0,45105.0,48.559882,44.69166666666667,69.36029617983422,1.3258609224079194,1.0011048799406514,0.32475604246726797
2022-11-28 05:00:00+00:00,48.29,48.47,47.92,48.08,14978278.0,86216.0,48.127246,44.95433333333333,66.63727664392695,1.3332258029933683,1.0675290645511948,0.26569673844217356
2022-11-29 05:00:00+00:00,48.25,48.41,47.84,48.28,13779538.0,93765.0,48.187136,45.187,67.49616964061155,1.339756968090306,1.1219746452590171,0.21778232283128895
2022-11-30 05:00:00+00:00,48.17,49.83,47.96,49.72,29856870.0,135504.0,49.344469,45.45133333333333,72.90479799149998,1.4444778869771966,1.186475293602653,0.25800259337454357
2022-12-01 05:00:00+00:00,49.88,50.46,49.69,49.97,18559513.0,138166.0,50.036241,45.721,73.72232431591782,1.5300059244301423,1.2551814197681508,0.2748245046619915
2022-12-02 05:00:00+00:00,49.23,49.84,48.915,49.7,12352130.0,105770.0,49.462645,45.98733333333334,71.22291415647939,1.5580406440935022,1.315753264633221,0.24228737946028112
2022-12-05 05:00:00+00:00,49.55,49.64,49.165,49.33,13795904.0,90831.0,49.389397,46.205,67.82918072747012,1.5327340495950637,1.3591494216255897,0.17358462796947394
2022-12-06 05:00:00+00:00,49.44,49.44,48.261,48.59,15443791.0,110585.0,48.624709,46.373333333333335,61.51583477663288,1.4364085519157186,1.3746012476836156,0.06180730423210301
2022-12-07 05:00:00+00:00,48.4,48.55,48.06,48.18,15165176.0,91360.0,48.23321,46.50066666666667,58.27920196160975,1.3118639762191933,1.362053793390731,-0.05018981717153781
2022-12-08 05:00:00+00:00,48.66,49.2,48.62,48.99,16015797.0,130689.0,48.927552,46.65433333333333,62.47933358146236,1.2639516849900758,1.3424333717106,-0.07848168672052425
2022-12-09 05:00:00+00:00,49.1,49.17,48.44,48.46,14303159.0,94284.0,48.722527,46.789,58.3406956797658,1.1697303549958633,1.307892768367653,-0.13816241337178958
2022-12-12 05:00:00+00:00,48.8,49.32,48.37,49.3,15425338.0,96342.0,48.975897,46.910999999999994,62.57227575024795,1.1495885112112632,1.2762319169363752,-0.126643405725112
2022-12-13 05:00:00+00:00,50.33,50.71,49.23,49.64,22668722.0,166661.0,49.773704,47.05133333333333,64.15918727194135,1.1478296477194903,1.2505514630929984,-0.10272181537350811
2022-12-14 05:00:00+00:00,49.74,50.06,48.82,49.3,18900181.0,138738.0,49.491789,47.17933333333333,61.35754951231367,1.1062484338986494,1.2216908572541287,-0.11544242335547938
2022-12-15 05:00:00+00:00,48.96,49.05,47.74,48.15,19373088.0,140291.0,48.139987,47.29866666666667,52.93740771173786,0.9693258483250844,1.17121785546832,-0.20189200714323552
2022-12-16 05:00:00+00:00,47.41,48.0,47.08,47.81,66021392.0,155080.0,47.725358,47.43066666666667,50.72121849635454,0.8238813627808312,1.1017505569308224,-0.2778691941499911
2022-12-19 05:00:00+00:00,47.66,47.96,47.14,47.4,17986272.0,97587.0,47.439379,47.52666666666667,48.10585688643717,0.6678336164110519,1.0149671688268682,-0.34713355241581634
2022-12-20 05:00:00+00:00,47.41,47.56,46.79,47.37,15086163.0,92011.0,47.306703,47.620666666666665,47.91118597194625,0.5355701841679377,0.9190877718950822,-0.3835175877271445
2022-12-21 05:00:00+00:00,47.69,47.96,47.42,47.66,15599986.0,90480.0,47.717235,47.72233333333334,50.016845743569974,0.4489755271778293,0.8250653229516317,-0.3760897957738024
2022-12-22 05:00:00+00:00,47.49,47.49,46.685,47.32,23119117.0,92230.0,47.216598,47.836,47.58796353717479,0.3488916731009297,0.7298305929814913,-0.3809389198805616
2022-12-23 05:00:00+00:00,47.25,47.49,47.01,47.48,9554363.0,75401.0,47.346717,47.89666666666667,48.84685487024932,0.27926595639565477,0.639717665664324,-0.3604517092686692
2022-12-27 05:00:00+00:00,47.67,47.71,47.215,47.53,12066167.0,66215.0,47.543901,47.98800000000001,49.25702856941705,0.22552197941692498,0.5568785284148442,-0.3313565489979192
2022-12-28 05:00:00+00:00,47.69,47.77,46.98,47.07,9847362.0,72358.0,47.200129,48.065666666666665,45.631798566672664,0.1441496672037701,0.4743327561726294,-0.3301830889688593
2022-12-29 05:00:00+00:00,47.26,47.74,47.26,47.5,11396466.0,81276.0,47.57115,48.15233333333333,49.382104912292284,0.11305569419113937,0.40207734377633136,-0.289021649585192
2022-12-30 05:00:00+00:00,47.27,47.67,46.95,47.64,13181453.0,81371.0,47.411374,48.260666666666665,50.577444330343596,0.09857402651240221,0.34137668032354557,-0.24280265381114335
2023-01-03 05:00:00+00:00,47.86,48.05,47.31,47.94,17708654.0,126589.0,47.788994,48.30566666666667,53.131587881433056,0.11003626378390408,0.2951085970156173,-0.18507233323171324
2023-01-04 05:00:00+00:00,48.28,48.48,47.17,47.55,18325776.0,117948.0,47.737981,48.29766666666667,49.54679779348,0.0866515634834144,0.25341719030917675,-0.16676562682576235
2023-01-05 05:00:00+00:00,47.49,47.49,46.76,46.88,17323170.0,98134.0,46.924162,48.272999999999996,44.04840230732506,0.01389544144191035,0.2055128405357235,-0.19161739909381315
2023-01-06 05:00:00+00:00,47.46,48.585,47.275,48.32,20823079.0,113506.0,48.177993,48.271,55.4829529941283,0.0716062239855546,0.17873151722568972,-0.10712529324013512
2023-01-09 05:00:00+00:00,48.255,49.21,48.22,48.72,7488916.0,71552.0,48.812769,48.275999999999996,58.0477002139875,0.1479140311181979,0.17256802000419136,-0.02465398888599346
