timestamp,open,high,low,close,volume,trade_count,vwap,30sma,rsi,macd,signal,histogram
2022-01-03 05:00:00+00:00,531.8,532.79,513.0,520.79,923570.0,26326.0,520.789346,,,,,
2022-01-04 05:00:00+00:00,517.0988,519.8,502.95,512.27,757153.0,27563.0,510.069851,,,,,
2022-01-05 05:00:00+00:00,507.34,514.33,487.66,488.05,603923.0,25565.0,497.318148,,,,,
2022-01-06 05:00:00+00:00,486.13,494.435,480.4,483.0,746752.0,23699.0,486.101991,,,,,
2022-01-07 05:00:00+00:00,483.0,492.0,471.15,471.49,1233256.0,27670.0,476.807545,,,,,
2022-01-10 05:00:00+00:00,444.17,462.99,435.47,462.34,1403550.0,38119.0,449.872812,,,,,
2022-01-11 05:00:00+00:00,464.07,482.7,462.29,481.17,1214131.0,30556.0,476.072919,,,,,
2022-01-12 05:00:00+00:00,486.46,501.395,483.65,490.38,1105358.0,33497.0,492.746269,,,,,
2022-01-13 05:00:00+00:00,489.16,489.16,455.23,455.78,1102050.0,32979.0,462.684267,,,,,
2022-01-14 05:00:00+00:00,453.12,465.77,437.97,447.34,881416.0,26328.0,447.056594,,,,,
2022-01-18 05:00:00+00:00,438.81,442.96,428.55,429.87,920472.0,25737.0,432.159037,,,,,
2022-01-19 05:00:00+00:00,435.06,448.4399,434.23,435.23,840601.0,22826.0,439.592481,,,,,
2022-01-20 05:00:00+00:00,438.01,454.95,433.95,434.64,850402.0,21340.0,440.250424,,,,,
2022-01-21 05:00:00+00:00,434.44,434.44,421.18,422.1,893859.0,25696.0,426.155423,,,,,
2022-01-24 05:00:00+00:00,415.395,427.52,402.59,426.83,1177601.0,31327.0,417.209785,,22.400422982023258,,,
2022-01-25 05:00:00+00:00,416.0,418.72,399.16,406.23,1003700.0,27498.0,405.474303,,19.81761192359052,,,
2022-01-26 05:00:00+00:00,413.34,417.6,390.01,395.83,921466.0,24795.0,404.605876,,18.648563237850155,,,
2022-01-27 05:00:00+00:00,400.15,401.88,382.02,383.52,985097.0,26338.0,388.140198,,17.344349720299007,,,
2022-01-28 05:00:00+00:00,386.96,414.0,382.04,413.39,1450737.0,29883.0,402.856564,,30.11589829979374,,,
2022-01-31 05:00:00+00:00,415.0,432.2499,415.0,430.48,909441.0,21985.0,427.720444,,36.19088405366562,,,
2022-02-01 05:00:00+00:00,434.1,438.7115,424.69,435.04,823237.0,19609.0,433.19248,,37.74592603252203,,,
2022-02-02 05:00:00+00:00,439.0,441.65,425.84,435.67,654754.0,19177.0,433.687484,,37.97083961471476,,,
2022-02-03 05:00:00+00:00,431.42,438.09,416.8,418.73,696149.0,19172.0,423.576101,,34.37464139750827,,,
2022-02-04 05:00:00+00:00,414.13,424.845,412.51,420.35,819943.0,17198.0,420.472662,,35.008563434805325,,,
2022-02-07 05:00:00+00:00,419.39,432.44,416.37,420.86,593282.0,17739.0,424.878457,,35.22071203717775,,,
2022-02-08 05:00:00+00:00,418.0,426.79,413.16,425.53,481282.0,14118.0,422.136361,,37.240901595474135,-17.820829996300006,,
2022-02-09 05:00:00+00:00,430.77,450.305,430.77,447.88,907746.0,23126.0,446.422852,,45.93142969747874,-14.778576510128119,,
2022-02-10 05:00:00+00:00,437.96,455.23,427.22,442.27,1080528.0,29370.0,444.154835,,44.2741723951601,-12.674149117712716,,
2022-02-11 05:00:00+00:00,426.08,447.02,417.61,420.56,1111293.0,31072.0,427.242525,,38.48689269877024,-12.612798321743867,,
2022-02-14 05:00:00+00:00,418.04,423.535,403.92,407.0,774087.0,26737.0,411.001777,442.15400000000005,35.37644595581179,-13.502705267104432,,
2022-02-15 05:00:00+00:00,415.2,421.88,410.9,417.51,717132.0,21207.0,417.179813,438.71133333333336,39.460367681099584,-13.207644266835928,,
2022-02-16 05:00:00+00:00,416.52,416.52,403.0,413.63,517520.0,18199.0,411.609075,435.42333333333335,38.49323800734268,-13.135472323413751,,
2022-02-17 05:00:00+00:00,410.64,413.57,386.91,387.25,1064360.0,25260.0,392.60791,432.06333333333333,32.6365101629837,-15.033622825593909,,
2022-02-18 05:00:00+00:00,387.0,391.97,379.0,381.24,1084013.0,25497.0,384.925302,428.67133333333334,31.462040382673905,-16.828884639830846,-14.399409252073731,-2.4294753877571154
2022-02-22 05:00:00+00:00,384.66,400.54,380.58,390.96,675268.0,21195.0,392.41008,425.98699999999997,35.50448540287249,-17.268262019762062,-14.973179805611398,-2.295082214150664
2022-02-23 05:00:00+00:00,397.7,398.73,375.39,376.31,731115.0,21538.0,381.892617,423.1193333333333,32.4024493944104,-18.584375214639635,-15.695418887417047,-2.888956327222589
2022-02-24 05:00:00+00:00,368.89,410.865,365.73,408.72,1397243.0,34998.0,394.737117,420.7043333333333,44.04900526036782,-16.818317173992284,-15.919998544732096,-0.8983186292601886
2022-02-25 05:00:00+00:00,410.0,412.405,398.17,411.34,644836.0,21852.0,408.038357,418.06966666666665,44.87583393695555,-15.033988883753011,-15.74279661253628,0.7088077287832686
2022-02-28 05:00:00+00:00,409.35,414.48,403.27,413.91,798958.0,19684.0,410.969573,416.674,45.723137377717535,-13.259669124918787,-15.246171115012782,1.9865019900939949
2022-03-01 05:00:00+00:00,414.98,430.025,403.9,408.41,664084.0,20010.0,413.47676,415.3763333333333,44.15880686032686,-12.15717166002105,-14.628371224014437,2.4711995639933875
2022-03-02 05:00:00+00:00,414.74,424.0,410.415,420.08,577451.0,19444.0,420.017928,415.05,48.2078230289035,-10.223908157209223,-13.747478610653395,3.5235704534441723
2022-03-03 05:00:00+00:00,426.0,433.2,420.82,423.95,704231.0,18131.0,425.031478,414.67400000000004,49.51513962265409,-8.284013297089302,-12.654785547940577,4.3707722508512745
2022-03-04 05:00:00+00:00,422.94,434.99,421.05,432.06,1113881.0,23741.0,429.277233,414.58799999999997,52.236033274400754,-6.022796374806319,-11.328387713313726,5.305591338507407
2022-03-07 05:00:00+00:00,436.69,439.7699,418.68,420.81,1119553.0,27681.0,424.954993,414.54499999999996,48.34372797945468,-5.079987716324695,-10.07870771391592,4.998719997591225
2022-03-08 05:00:00+00:00,411.66,416.405,393.0,400.8,1084564.0,30358.0,403.273886,413.6773333333333,42.305460058496124,-5.879667682285572,-9.23889970758985,3.3592320253042782
2022-03-09 05:00:00+00:00,404.13,412.28,400.01,412.24,1010810.0,25397.0,407.057435,413.87766666666664,46.42543446702398,-5.526600217641942,-8.496439809600268,2.9698395919583263
2022-03-10 05:00:00+00:00,401.27,409.98,401.21,405.58,617884.0,17268.0,404.799378,414.2026666666667,44.43600871593721,-5.718281261381094,-7.940808099956434,2.22252683857534
2022-03-11 05:00:00+00:00,413.69,414.95,390.06,390.26,581026.0,16839.0,397.002516,414.4273333333333,40.17158859113138,-7.02540138098999,-7.757726756163146,0.732325375173156
2022-03-14 04:00:00+00:00,388.4,417.0,388.37,407.29,1015385.0,33231.0,408.60915,414.224,46.336724877485665,-6.610918268079729,-7.528365058546464,0.9174467904667347
2022-03-15 04:00:00+00:00,412.41,418.2,403.29,416.08,833233.0,24892.0,412.418206,413.74399999999997,49.24397073092998,-5.509646105337197,-7.124621267904611,1.614975162567414
2022-03-16 04:00:00+00:00,422.01,439.075,420.36,437.32,852288.0,27250.0,432.14104,413.82,55.51537553767556,-2.889679070649038,-6.277632828453497,3.3879537578044587
2022-03-17 04:00:00+00:00,435.42,456.665,434.575,454.73,792493.0,23873.0,450.191651,414.45533333333333,59.890163687869425,0.5847643789858807,-4.905153386965621,5.4899177659515015
2022-03-18 04:00:00+00:00,455.29,469.43,450.0,468.05,996449.0,23305.0,464.528547,416.09933333333333,62.89659318434339,4.362806803868068,-3.051561348798883,7.414368152666951
2022-03-21 04:00:00+00:00,465.02,467.08,447.66,460.34,589233.0,18906.0,457.712338,417.4323333333333,60.08902613890087,6.658050221609187,-1.1096390347172693,7.767689256326457
2022-03-22 04:00:00+00:00,455.21,468.475,454.67,464.71,448609.0,14642.0,464.451865,418.89400000000006,61.14762714859427,8.729046628994865,0.8580980980251576,7.870948530969708
2022-03-23 04:00:00+00:00,459.98,459.98,444.84,449.31,733999.0,22072.0,450.740826,419.68666666666667,55.55533657506584,9.023655818496536,2.4912096421194336,6.5324461763771025
2022-03-24 04:00:00+00:00,453.13,469.96,442.0934,468.39,665328.0,18727.0,461.757538,420.37033333333335,60.38891918880492,10.673692581570549,4.1277062300096565,6.5459863515608925
2022-03-25 04:00:00+00:00,481.52,486.655,475.73,480.97,960885.0,26428.0,480.363932,421.66033333333337,63.22846110388199,12.848351668519456,5.871835317711617,6.976516350807839
2022-03-28 04:00:00+00:00,478.78,495.345,478.78,495.08,1236735.0,36055.0,490.250897,424.14433333333335,66.15874133225313,15.531308484009116,7.803729950971117,7.727578533038
2022-03-29 04:00:00+00:00,500.0,516.0,498.28,515.29,836659.0,25240.0,510.335285,427.75399999999996,69.86315225696474,19.068538940771532,10.0566917489312,9.011847191840332
2022-03-30 04:00:00+00:00,513.55,522.43,506.8,519.02,713748.0,21609.0,517.881161,431.1376666666667,70.5048788472176,21.920117914693435,12.42937698208365,9.490740932609786
2022-03-31 04:00:00+00:00,519.97,520.76,508.32,511.6,904711.0,24787.0,513.492039,434.40333333333336,67.42893591387006,23.3125502399634,14.606011633659602,8.706538606303798
2022-04-01 04:00:00+00:00,522.5,536.54,517.34,531.57,900733.0,22140.0,528.285416,439.214,71.08520435223568,25.730865591785005,16.830982425284684,8.89988316650032
2022-04-04 04:00:00+00:00,530.49,539.06,520.89,522.2,820731.0,19659.0,523.794171,443.91266666666667,67.26953476922549,26.584863481767286,18.781758636581205,7.8031048451860805
2022-04-05 04:00:00+00:00,521.82,523.44,506.26,516.42,1040830.0,24277.0,514.902672,448.0946666666667,64.95338693163194,26.489906119425655,20.323388133150097,6.166517986275558
2022-04-06 04:00:00+00:00,508.62,511.89,500.82,508.89,540810.0,20990.0,507.561966,452.514,61.96034040056274,25.512946292868264,21.361299765093733,4.151646527774531
2022-04-07 04:00:00+00:00,504.28,520.71,502.365,512.52,523251.0,15545.0,510.915319,455.974,62.84908607689937,24.746348750205073,22.038309562116,2.708039188089071
2022-04-08 04:00:00+00:00,510.01,514.81,501.89,505.99,370405.0,13505.0,508.402175,459.129,60.127600773069844,23.34281678657777,22.299211007008356,1.0436057795694147
2022-04-11 04:00:00+00:00,498.75,501.82,490.01,492.49,423465.0,18645.0,494.190856,461.74833333333333,54.840543139023055,20.900245398703646,22.019417885347416,-1.1191724866437696
2022-04-12 04:00:00+00:00,501.17,508.78,488.51,490.43,622392.0,18524.0,494.769025,464.4823333333334,54.059401943869574,18.58403994781986,21.332342297841905,-2.748302350022044
2022-04-13 04:00:00+00:00,493.59,502.91,493.48,498.8,495258.0,15080.0,499.439449,467.10633333333334,56.75471654249833,17.22525744416083,20.510925327105692,-3.2856678829448605
2022-04-14 04:00:00+00:00,499.4,500.0,487.52,492.11,408588.0,13375.0,492.203977,469.37833333333333,54.02634357289585,15.430709813725343,19.494882224429624,-4.0641724107042805
2022-04-18 04:00:00+00:00,489.88,491.99,476.11,480.63,335224.0,13605.0,481.118724,470.99733333333336,49.618316455244674,12.933093182315986,18.182524416006896,-5.24943123369091
2022-04-19 04:00:00+00:00,477.89,495.99,477.89,491.79,496590.0,17123.0,491.512772,473.3633333333334,53.58311952544736,11.719141768165514,16.88984788643862,-5.170706118273106
2022-04-20 04:00:00+00:00,491.74,502.53,482.99,496.39,537289.0,18238.0,495.985175,476.54966666666667,55.14983910569817,11.001440326672537,15.712166374485404,-4.710726047812868
2022-04-21 04:00:00+00:00,499.12,503.78,470.21,472.41,468807.0,18946.0,479.662481,478.55533333333335,46.36418702253313,8.400831615227276,14.24989942263378,-5.849067807406504
2022-04-22 04:00:00+00:00,466.9,466.96,439.455,440.65,612592.0,22966.0,446.355602,479.72433333333333,37.779862578017074,3.7340204411294167,12.146723626332907,-8.41270318520349
2022-04-25 04:00:00+00:00,439.94,450.115,435.35,442.49,609387.0,25013.0,441.813027,481.4653333333333,38.49040231921292,0.18191458745019418,9.753761818556365,-9.57184723110617
2022-04-26 04:00:00+00:00,436.28,437.8,419.745,423.5,652615.0,21453.0,425.358265,482.0056666666667,34.15522927523894,-4.118019224833631,6.979405609878366,-11.097424834711997
2022-04-27 04:00:00+00:00,425.44,430.62,411.02,413.02,705051.0,22997.0,415.911213,481.9036666666667,32.01237386184444,-8.275995639302892,3.9283253600421144,-12.204320999345006
2022-04-28 04:00:00+00:00,415.0,417.67,398.27,413.23,1147134.0,34425.0,410.015585,481.1006666666666,32.104296113528775,-11.422603990932032,0.8581394898472854,-12.280743480779318
2022-04-29 04:00:00+00:00,412.38,431.48,405.22,408.58,1352269.0,38648.0,417.290786,479.5623333333333,31.101549633122318,-14.1286634802035,-2.1392211041628717,-11.989442376040628
2022-05-02 04:00:00+00:00,408.96,413.79,397.52,407.14,681559.0,24475.0,405.11667,477.53200000000004,30.780919887111907,-16.202656943533498,-4.951908272036997,-11.2507486714965
2022-05-03 04:00:00+00:00,405.42,407.53,393.03,395.4,692114.0,24608.0,396.826087,475.36733333333336,28.226085658174938,-18.57945915048964,-7.677418447727526,-10.902040702762115
2022-05-04 04:00:00+00:00,397.35,409.73,377.96,406.03,877152.0,27211.0,397.638198,473.4113333333333,33.60009526851907,-19.38191718556368,-10.018318195294757,-9.363598990268923
2022-05-05 04:00:00+00:00,400.99,408.835,372.3,379.29,720313.0,25800.0,381.318285,471.07733333333334,27.934066327441258,-21.922852487282,-12.399225053692206,-9.523627433589795
2022-05-06 04:00:00+00:00,372.21,373.7975,347.68,351.89,1309038.0,33934.0,354.358159,467.194,23.551481299005488,-25.84953567253376,-15.089287177460518,-10.760248495073244
2022-05-09 04:00:00+00:00,342.77,348.55,322.0,330.02,1485480.0,40156.0,328.292731,462.1623333333333,20.752786660059854,-30.376030639069768,-18.14663586978237,-12.2293947692874
2022-05-10 04:00:00+00:00,340.62,345.745,318.73,327.43,806468.0,28689.0,328.799354,456.57399999999996,20.442961443429724,-33.78287392465694,-21.273883480757284,-12.508990443899656
2022-05-11 04:00:00+00:00,327.2,337.95,313.38,314.94,961973.0,31696.0,322.548832,449.89566666666667,18.972001493319482,-37.063416397129515,-24.43179006403173,-12.631626333097785
2022-05-12 04:00:00+00:00,309.6,320.7852,302.61,311.52,1099652.0,34527.0,310.724241,442.979,18.57781652477432,-39.484087378159245,-27.442249526857236,-12.04183785130201
2022-05-13 04:00:00+00:00,316.5,337.6805,316.48,334.74,1175296.0,31954.0,333.099831,437.0836666666666,29.315957068916603,-39.078355669528264,-29.769470755391442,-9.308884914136822
2022-05-16 04:00:00+00:00,334.78,339.19,323.09,324.585,615636.0,20996.0,328.977105,430.18416666666667,27.601519309451632,-39.12522278476581,-31.640621161266317,-7.484601623499493
2022-05-17 04:00:00+00:00,333.69,338.15,321.39,332.16,452994.0,18602.0,329.146341,423.84950000000003,30.850120982296133,-38.11179704559561,-32.93485633813218,-5.17694070746343
2022-05-18 04:00:00+00:00,327.06,329.1,306.89,308.49,1016205.0,25088.0,313.809989,416.9185,26.802963286991243,-38.77168517535574,-34.10222210557689,-4.66946306977885
2022-05-19 04:00:00+00:00,311.0,321.455,305.01,316.12,802047.0,27894.0,315.218124,410.49283333333335,29.9912441919182,-38.23818801006411,-34.92941528647434,-3.308772723589769
2022-05-20 04:00:00+00:00,324.7,325.855,309.23,321.23,727908.0,23954.0,317.741132,404.11650000000003,32.12361547608363,-36.97680774654424,-35.33889377848832,-1.6379139680559192
2022-05-23 04:00:00+00:00,322.77,325.62,311.64,323.92,595216.0,21859.0,320.876357,398.04749999999996,33.27576835828735,-35.35257183926751,-35.34162939064416,-0.010942448623353584
2022-05-24 04:00:00+00:00,296.33,306.48,282.93,288.13,2105288.0,51527.0,290.425529,391.23549999999994,26.76595840791937,-36.532186762748495,-35.57974086506503,-0.952445897683468
2022-05-25 04:00:00+00:00,287.805,303.19,267.57,281.32,2926526.0,64471.0,282.987454,384.2651666666667,25.734330257412793,-37.58331313570085,-35.980455319192195,-1.6028578165086529
2022-05-26 04:00:00+00:00,284.53,284.53,272.58,280.63,1669568.0,43526.0,279.291868,376.99283333333335,25.62655544319699,-38.033588064530136,-36.39108186825979,-1.6425061962703467
2022-05-27 04:00:00+00:00,285.63,289.72,278.3401,289.08,1491697.0,38024.0,286.240859,370.22516666666667,29.519393582005137,-37.278862290085556,-36.56863795262494,-0.7102243374606161
2022-05-31 04:00:00+00:00,305.67,324.94,295.76,297.93,2395362.0,55519.0,305.869329,364.1351666666667,33.448361203078946,-35.55673967717212,-36.36625829753437,0.8095186203622546
2022-06-01 04:00:00+00:00,299.12,301.73,278.9,283.85,952806.0,29930.0,285.606878,357.2038333333333,30.532203334772944,-34.92548418640331,-36.07810347530816,1.1526192889048517
2022-06-02 04:00:00+00:00,285.0,312.97,281.01,311.83,1205604.0,31196.0,306.737537,351.0518333333333,41.455463920207876,-31.80087678837748,-35.222658137922025,3.4217813495445455
2022-06-03 04:00:00+00:00,308.02,308.02,291.8,292.79,926823.0,26414.0,295.13847,345.0645,37.172057463393756,-30.509279803731943,-34.27998247108401,3.7707026673520687
2022-06-06 04:00:00+00:00,301.57,303.2,290.05,296.32,971233.0,26426.0,296.10214,340.2535,38.44200109817877,-28.868065302328887,-33.19759903733299,4.329533735004105
2022-06-07 04:00:00+00:00,292.87,309.7,292.87,308.4,809147.0,24243.0,305.041407,335.78383333333335,42.709662004015016,-26.28958596017742,-31.81599642190188,5.52641046172446
2022-06-08 04:00:00+00:00,307.75,310.8499,304.51,305.89,784755.0,19219.0,306.634488,331.86350000000004,42.05722661152381,-24.170041336438544,-30.286805404809215,6.116764068370671
2022-06-09 04:00:00+00:00,302.02,304.85,296.2,296.45,652968.0,21940.0,300.168252,327.9778333333333,39.60668103261018,-22.98703581827914,-28.826851487503202,5.839815669224063
2022-06-10 04:00:00+00:00,292.17,294.74,289.16,293.85,963180.0,25929.0,292.417525,323.9985,38.93380502865549,-22.005626528344806,-27.462606495671526,5.4569799673267205
2022-06-13 04:00:00+00:00,70.83,71.82,67.64,68.06,2706585.0,60053.0,68.866722,312.6478333333334,15.039040442555674,-38.997677637047616,-29.769620723946748,-9.228056913100868
2022-06-14 04:00:00+00:00,68.97,70.02,67.155,69.31,3290902.0,44146.0,68.928271,301.3868333333333,15.348781739091507,-51.766405113814216,-34.16897760192025,-17.59742751189397
2022-06-15 04:00:00+00:00,70.37,73.33,69.6436,71.51,2931880.0,44266.0,71.441084,290.5905,15.929706141387925,-61.004964759556515,-39.536175033447506,-21.46878972610901
2022-06-16 04:00:00+00:00,69.23,70.17,67.11,67.99,4178379.0,56628.0,68.013547,279.32250000000005,15.743543063939597,-67.8287369633768,-45.194687419433365,-22.634049543943433
2022-06-17 04:00:00+00:00,67.8,70.3,67.74,68.81,6240387.0,47362.0,68.887508,268.97316666666666,15.989848176798176,-72.33660707220034,-50.62307134998676,-21.713535722213578
2022-06-21 04:00:00+00:00,70.05,71.8,69.56,70.46,3140144.0,38903.0,70.514012,259.5921666666666,16.518676050004487,-74.9124414073504,-55.48094536145949,-19.43149604589091
2022-06-22 04:00:00+00:00,69.95,72.66,69.62,71.52,2377496.0,32536.0,71.70732,250.9755,16.880661613164932,-75.99228379064633,-59.583213047296866,-16.40907074334946
2022-06-23 04:00:00+00:00,72.55,75.58,71.87,75.21,2305024.0,31140.0,74.512658,242.56816666666666,18.210216181879773,-75.67794624148337,-62.80215968613417,-12.875786555349201
2022-06-24 04:00:00+00:00,76.32,77.73,75.14,77.7,2840516.0,38340.0,76.9508,234.66016666666667,19.150029551362252,-74.37061116744988,-65.11584998239732,-9.254761185052558
2022-06-27 04:00:00+00:00,77.44,77.89,75.57,76.6,2661992.0,39033.0,76.648625,226.8295,19.04591237969187,-72.58656675141283,-66.60999333620043,-5.9765734152124
2022-06-28 04:00:00+00:00,77.15,78.72,74.48,74.7,2222868.0,32447.0,76.146593,218.16150000000002,18.855221400414592,-70.5131807644731,-67.39063082185497,-3.122549942618136
2022-06-29 04:00:00+00:00,74.74,75.68,72.41,75.45,2300823.0,30687.0,74.707432,209.857,19.199125043435572,-68.02533498251782,-67.51757165398755,-0.5077633285302738
2022-06-30 04:00:00+00:00,74.93,75.47,73.71,74.53,3611620.0,41109.0,74.689729,201.26933333333332,19.09223329605308,-65.3743408800455,-67.08892549919914,1.7145846191536407
2022-07-01 04:00:00+00:00,74.26,78.01,74.23,77.63,1981376.0,29708.0,76.783391,193.574,20.694463074524478,-62.30505101765215,-66.13215060288974,3.8270995852375904
2022-07-05 04:00:00+00:00,77.25,78.89,74.75,78.46,2086508.0,32804.0,77.307993,185.65200000000002,21.144726230813376,-59.12409684036217,-64.73053985038423,5.606443010022062
2022-07-06 04:00:00+00:00,78.96,79.88,77.4,78.35,2813989.0,41057.0,78.825834,177.556,21.12760588768093,-55.96689232151262,-62.977810344609914,7.010918023097297
2022-07-07 04:00:00+00:00,78.01,82.06,77.52,81.92,3239494.0,43930.0,81.048068,169.48933333333335,23.298188080929734,-52.57071337003204,-60.89639094969434,8.325677579662305
2022-07-08 04:00:00+00:00,80.21,82.85,79.11,81.24,1658576.0,29200.0,81.337063,162.593,23.167404275660203,-49.36503797078052,-58.59012035391159,9.225082383131067
2022-07-11 04:00:00+00:00,80.1,80.465,77.65,78.43,1748251.0,30184.0,78.765825,155.82999999999998,22.602759420241966,-46.51506393466289,-56.17510907006185,9.66004513539896
2022-07-12 04:00:00+00:00,78.93,80.67,77.38,78.05,1259806.0,23163.0,78.444082,149.0773333333333,22.522816014233698,-43.78240548545776,-53.69656835314103,9.914162867683274
2022-07-13 04:00:00+00:00,76.26,78.44,75.04,76.35,1742943.0,29343.0,76.935629,141.98633333333333,22.145456050509395,-41.27810150975051,-51.21287498446293,9.934773474712415
2022-07-14 04:00:00+00:00,75.81,77.03,73.93,76.5,1584075.0,26447.0,75.806848,134.60533333333333,22.269208340528934,-38.83366846314513,-48.73703368019937,9.903365217054237
2022-07-15 04:00:00+00:00,77.95,79.575,77.32,79.14,2146874.0,28520.0,78.767606,127.78166666666667,24.542570551731174,-36.26536714784865,-46.24270037372923,9.977333225880578
2022-07-18 04:00:00+00:00,79.29,79.91,76.2,76.99,2248306.0,30601.0,77.589895,119.95366666666665,23.928786724175197,-34.01139469685741,-43.796439238354864,9.785044541497456
2022-07-19 04:00:00+00:00,78.27,80.77,76.6097,80.64,2129635.0,28126.0,79.866001,112.882,27.25490871860474,-31.56669953215649,-41.3504912971152,9.783791764958707
2022-07-20 04:00:00+00:00,80.77,83.24,79.935,82.185,2119128.0,28489.0,82.167734,105.74416666666666,28.676487256697328,-29.168357741782188,-38.914064586048596,9.745706844266408
2022-07-21 04:00:00+00:00,82.43,84.2759,81.8,83.99,1983037.0,28202.0,83.79176,98.26383333333334,30.38801748287753,-26.812923487309078,-36.4938363663007,9.68091287899162
2022-07-22 04:00:00+00:00,83.85,86.06,82.55,83.78,2084383.0,28224.0,83.860916,90.86016666666666,30.296926122346463,-24.678689544490453,-34.13080700193865,9.452117457448196
2022-07-25 04:00:00+00:00,83.07,83.72,81.305,82.6,1750614.0,25967.0,82.703682,83.73183333333333,29.757150143884274,-22.819461360863414,-31.868537873723604,9.04907651286019
2022-07-26 04:00:00+00:00,82.82,83.4984,80.78,82.7,2569799.0,38270.0,82.6617,76.69350000000001,29.871178850954593,-21.09477305333951,-29.713784909646783,8.619011856307274
2022-07-27 04:00:00+00:00,82.78,85.83,82.78,85.8,2321415.0,33510.0,84.930349,77.28483333333334,33.47641801293315,-19.255831808945118,-27.62219428950645,8.366362480561332
2022-07-28 04:00:00+00:00,86.06,87.28,84.11,86.99,4316899.0,54864.0,83.97949,77.87416666666667,34.86078118799118,-17.500697423064096,-25.59789491621798,8.097197493153885
2022-07-29 04:00:00+00:00,78.25,85.86,77.51,82.08,9945734.0,106312.0,81.518403,78.2265,31.910103086066556,-16.317834899390206,-23.74188291285243,7.424048013462222
2022-08-01 04:00:00+00:00,82.61,86.21,82.45,83.83,3161886.0,52647.0,84.010936,78.75450000000001,34.05261639660914,-15.065531384837854,-22.006612607249515,6.941081222411661
2022-08-02 04:00:00+00:00,84.03,90.23,83.73,88.3,4298548.0,55113.0,88.083674,79.40416666666667,39.30601843507635,-13.556113743694695,-20.316512834538553,6.760399090843858
2022-08-03 04:00:00+00:00,88.29,91.23,86.84,90.39,3510356.0,50114.0,89.873287,80.0685,41.64664611672612,-12.052312301275464,-18.66367272788594,6.611360426610474
2022-08-04 04:00:00+00:00,90.24,90.78,87.875,89.54,2259352.0,40572.0,89.158028,80.66916666666665,40.95489503225266,-10.804578267456677,-17.091853835800087,6.287275568343411
2022-08-05 04:00:00+00:00,87.4,90.42,87.25,89.09,2220064.0,40425.0,89.110271,81.13183333333335,40.570692249981064,-9.739777206573507,-15.621438509954771,5.881661303381264
2022-08-08 04:00:00+00:00,89.56,94.6,89.5,91.4,3110212.0,39523.0,91.996179,81.5885,43.50078425462811,-8.61026324483801,-14.219203456931421,5.608940212093412
2022-08-09 04:00:00+00:00,90.67,91.237,85.02,85.12,4791688.0,53661.0,86.643538,81.8725,38.0135736124359,-8.128162411628267,-13.00099524787079,4.872832836242523
2022-08-10 04:00:00+00:00,88.0,90.1,87.58,89.73,3512136.0,53766.0,89.204584,82.3735,43.63433495988744,-7.290070164394095,-11.85881023117545,4.568740066781356
2022-08-11 04:00:00+00:00,89.84,91.95,87.84,88.24,2584998.0,33807.0,89.34412,82.79983333333332,42.29927283753323,-6.669227860556575,-10.820893757051676,4.151665896495102
2022-08-12 04:00:00+00:00,88.62,89.9,87.6,89.83,1913666.0,26216.0,89.29339,83.30983333333333,44.2592083630234,-5.979972746603465,-9.852709554962034,3.872736808358569
2022-08-15 04:00:00+00:00,89.91,92.74,89.71,92.295,1920769.0,30340.0,91.838414,83.79866666666666,47.25066016583988,-5.175172041978044,-8.917202052365237,3.742030010387193
2022-08-16 04:00:00+00:00,91.38,91.89,88.875,90.79,2433669.0,30981.0,90.547181,84.20966666666666,45.64016171294755,-4.605710839870056,-8.0549038098662,3.449192969996144
2022-08-17 04:00:00+00:00,89.4,89.88,87.65,88.14,1975500.0,29832.0,88.375456,84.536,42.86943166459823,-4.318461056567571,-7.307615259206475,2.989154202638904
2022-08-18 04:00:00+00:00,88.22,88.53,86.77,87.53,2635064.0,34296.0,87.444466,84.723,42.23384279456952,-4.092855544788506,-6.664663316322882,2.5718077715343757
2022-08-19 04:00:00+00:00,86.67,87.72,84.12,85.11,2222642.0,32548.0,85.053884,84.852,39.71798560016551,-4.062505294308721,-6.14423171192005,2.0817264176113284
2022-08-22 04:00:00+00:00,83.23,85.8,83.23,84.3,2594104.0,35317.0,84.439863,85.04766666666666,38.883074338901636,-4.057045636020462,-5.726794496740132,1.66974886071967
2022-08-23 04:00:00+00:00,84.21,84.6,82.2101,83.63,2008089.0,31886.0,83.410528,85.23366666666666,38.16836229937754,-4.059981281110652,-5.393431853614236,1.3334505725035841
2022-08-24 04:00:00+00:00,84.11,87.23,84.07,85.92,2476636.0,36366.0,86.143475,85.55266666666667,42.08663505825791,-3.8333356323224876,-5.081412609355886,1.2480769770333984
2022-08-25 04:00:00+00:00,86.99,88.43,86.11,88.37,2331049.0,29669.0,87.80301,85.94833333333332,46.027332428158594,-3.416637923074532,-4.748457672099615,1.3318197490250832
2022-08-26 04:00:00+00:00,87.73,88.88,84.23,84.49,3014803.0,41711.0,85.148762,86.12666666666668,41.24128697741401,-3.3607449836571845,-4.470915134411129,1.1101701507539445
2022-08-29 04:00:00+00:00,83.5,84.62,83.2,83.38,2107894.0,27075.0,83.65397,86.33966666666667,39.96109720378457,-3.367202139570594,-4.250172535443022,0.8829703958724284
2022-08-30 04:00:00+00:00,83.515,85.275,82.16,82.74,2377897.0,31216.0,82.918994,86.40966666666667,39.20543090442134,-3.3849426219577907,-4.077126552745976,0.6921839307881852
2022-08-31 04:00:00+00:00,83.5,84.19,81.7614,82.21,2159446.0,29223.0,82.429749,86.4105,38.55521681055082,-3.402546217879845,-3.94221048577275,0.5396642678929049
2022-09-01 04:00:00+00:00,81.685,83.15,79.37,83.08,3928002.0,39788.0,81.333725,86.38016666666667,40.30535987830928,-3.3081610441107614,-3.8154005974403526,0.5072395533295913
2022-09-02 04:00:00+00:00,84.47,85.46,81.28,82.0,2013406.0,36264.0,82.924146,86.32083333333334,38.8268970615141,-3.282666551338849,-3.708853788220052,0.42618723688120275
2022-09-06 04:00:00+00:00,82.04,83.13,81.2,82.03,1668647.0,29086.0,82.13745,86.30183333333333,38.89394941118937,-3.222889765818522,-3.611660983739746,0.3887712179212244
2022-09-07 04:00:00+00:00,82.56,88.5999,82.105,88.37,2818900.0,38064.0,86.921,86.49083333333333,51.0941504018698,-2.633573027694979,-3.416043392530793,0.782470364835814
2022-09-08 04:00:00+00:00,87.32,91.64,87.21,91.59,2637934.0,37931.0,90.597403,86.68383333333333,55.90901290065752,-1.8849793094763072,-3.109830575919896,1.2248512664435887
2022-09-09 04:00:00+00:00,91.6,93.24,91.6,92.89,2642950.0,37841.0,92.588563,86.8805,57.71886019019084,-1.17328931019415,-2.722522322774747,1.549233012580597
2022-09-12 04:00:00+00:00,92.99,94.3,92.68,94.18,1651191.0,27283.0,93.788528,87.28383333333333,59.49560596192766,-0.49942062915890517,-2.2779019840515784,1.7784813548926732
2022-09-13 04:00:00+00:00,89.92,90.6532,88.56,89.17,2861638.0,38487.0,89.465394,87.46183333333333,50.6019808135904,-0.36542755280184736,-1.8954070978016322,1.5299795449997848
2022-09-14 04:00:00+00:00,89.43,90.94,87.29,90.57,1512647.0,27212.0,90.107419,87.53750000000001,52.7284953125541,-0.14460189408561064,-1.545246057058428,1.4006441629728175
2022-09-15 04:00:00+00:00,90.62,93.02,90.31,90.98,1806977.0,30800.0,91.196363,87.55716666666667,53.36169699159734,0.0627640994280938,-1.2236440257611236,1.2864081251892174
2022-09-16 04:00:00+00:00,89.79,90.32,88.03,90.09,2976805.0,33713.0,89.724894,87.57549999999999,51.74148314985726,0.15351792227298233,-0.9482116361543025,1.1017295584272848
2022-09-19 04:00:00+00:00,88.62,89.14,85.42,87.94,2048670.0,35272.0,87.208173,87.53716666666666,47.95359607627962,0.05136188122811802,-0.7482969326778184,0.7996588139059364
2022-09-20 04:00:00+00:00,87.28,88.425,85.62,87.37,2069191.0,24391.0,87.331187,87.40283333333333,46.971810762470206,-0.0747303091201843,-0.6135836079662916,0.5388532988461073
2022-09-21 04:00:00+00:00,87.835,88.64,84.42,84.46,2264297.0,28332.0,85.805409,87.38083333333333,42.219436848679244,-0.40480561142589977,-0.5718280086582133,0.1670223972323135
2022-09-22 04:00:00+00:00,83.64,83.85,79.71,80.96,2708678.0,41836.0,80.984961,87.0885,37.327688204055264,-0.9380007273471591,-0.6450625523960025,-0.2929381749511566
2022-09-23 04:00:00+00:00,80.39,80.78,79.03,80.66,2062514.0,34876.0,80.093186,86.83583333333333,36.93268513091764,-1.3689883454923404,-0.7898477110152702,-0.5791406344770702
2022-09-26 04:00:00+00:00,80.64,81.74,79.12,80.35,1994961.0,30224.0,80.370313,86.51983333333334,36.50283105264683,-1.7157850452301204,-0.9750351778582402,-0.7407498673718802
2022-09-27 04:00:00+00:00,81.54,81.74,78.94,79.64,2782603.0,33454.0,79.763288,86.098,35.48417808112728,-2.0245769319735984,-1.184943528681312,-0.8396334032922865
2022-09-28 04:00:00+00:00,80.66,83.94,80.4,83.33,2799576.0,46393.0,82.579747,85.84933333333333,44.199622643686425,-1.9490768212230591,-1.3377701871896615,-0.6113066340333977
2022-09-29 04:00:00+00:00,82.31,82.9,80.61,82.1,1773277.0,31235.0,81.943774,85.648,42.1553472102813,-1.9658322692535677,-1.4633826036024429,-0.5024496656511248
2022-09-30 04:00:00+00:00,81.79,83.98,80.36,80.54,2030290.0,31545.0,81.376723,85.41499999999999,39.65054097674146,-2.0810015545281573,-1.586906393787586,-0.49409516074057125
2022-10-03 04:00:00+00:00,81.47,85.54,81.06,84.98,2589325.0,40774.0,84.359733,85.41066666666666,48.948235567718996,-1.7933307489224717,-1.628191264814563,-0.16513948410790857
2022-10-04 04:00:00+00:00,87.64,91.57,87.63,90.97,3054854.0,46240.0,90.800267,85.63300000000001,58.285461612161555,-1.069676063631121,-1.5164882245778748,0.4468121609467537
2022-10-05 04:00:00+00:00,89.31,92.13,89.31,91.08,2334004.0,42728.0,91.107726,85.88133333333333,58.43580248324389,-0.4817451727204656,-1.309539614206393,0.8277944414859275
2022-10-06 04:00:00+00:00,91.18,95.31,90.38,95.21,4233943.0,61160.0,93.540841,86.191,63.72233593797336,0.313833105602356,-0.9848650702446433,1.2986981758469993
2022-10-07 04:00:00+00:00,103.63,105.33,100.11,102.14,9426003.0,127773.0,102.843813,86.65,70.50204884167344,1.4863934877002833,-0.49061335865565797,1.9770068463559414
2022-10-10 04:00:00+00:00,101.905,102.77,99.66,100.22,3158805.0,59336.0,100.712138,87.17433333333334,66.77846531677902,2.2349648014499195,0.05450227336545754,2.180462528084462
2022-10-11 04:00:00+00:00,100.45,101.73,97.33,99.68,2703794.0,49019.0,99.758869,87.71766666666667,65.7270347078896,2.75290569055349,0.5941829568030641,2.158722733750426
2022-10-12 04:00:00+00:00,100.68,100.92,97.54,98.32,2082188.0,35302.0,98.643222,88.23700000000001,63.03514792471329,3.01883766132633,1.0791138977077173,1.9397237636186129
2022-10-13 04:00:00+00:00,95.41,103.41,94.65,101.72,3068527.0,60148.0,100.020323,88.88733333333333,66.70627814454696,3.464011283312743,1.5560933748287225,1.9079179084840208
2022-10-14 04:00:00+00:00,102.81,103.97,97.26,97.41,2119438.0,33878.0,98.456404,89.365,58.742061952103974,3.4295004597030925,1.9307747918035965,1.498725667899496
2022-10-17 04:00:00+00:00,99.41,101.6,98.24,99.73,2192973.0,35699.0,99.868112,89.95599999999999,61.41270625901507,3.548450663886939,2.2543099662202652,1.2941406976666738
2022-10-18 04:00:00+00:00,102.31,103.13,96.06,96.93,3681489.0,54071.0,98.223519,90.45266666666667,56.6468693801968,3.3778452607388374,2.47901702512398,0.8988282356148574
2022-10-19 04:00:00+00:00,95.69,97.1,94.59,96.84,2480946.0,40914.0,96.071115,90.73499999999999,56.495108113296176,3.198506608577347,2.6229149418146536,0.5755916667626932
2022-10-20 04:00:00+00:00,95.93,97.45,93.79,94.36,2688362.0,35304.0,95.169612,90.82733333333334,52.33440989974458,2.823714141971294,2.6630747818459817,0.16063936012531244
2022-10-21 04:00:00+00:00,94.18,96.74,91.62,95.68,4012621.0,53356.0,94.724055,90.92033333333332,54.26508920912924,2.603193387314448,2.651098502939675,-0.04790511562522681
2022-10-24 04:00:00+00:00,96.325,99.27,94.85,98.97,1892743.0,32893.0,97.985707,91.08,58.74983199776908,2.6632048372293013,2.6535197697976,0.009685067431701277
2022-10-25 04:00:00+00:00,99.305,102.77,99.305,100.95,2197321.0,35632.0,100.833598,91.47266666666665,61.214791615043914,2.837821160242612,2.690380047886603,0.1474411123560091
2022-10-26 04:00:00+00:00,101.54,104.7961,101.255,102.61,2541451.0,38058.0,103.22605,91.874,63.20023155551946,3.0747106308627963,2.7672461644818416,0.3074644663809547
2022-10-27 04:00:00+00:00,102.18,103.25,99.33,101.25,3774137.0,56689.0,101.414039,92.21633333333332,60.46911797006915,3.1167783285753217,2.837152597300538,0.27962573127478363
2022-10-28 04:00:00+00:00,113.72,121.88,109.89,120.87,9255707.0,118632.0,117.490901,93.24233333333333,76.34830231100645,4.6793467147765995,3.2055914207957503,1.4737552939808491
2022-10-31 04:00:00+00:00,120.0,122.02,116.4103,120.78,4048319.0,57376.0,120.061575,94.337,76.19710003846457,5.843075829723176,3.7330883025812356,2.1099875271419406
2022-11-01 04:00:00+00:00,121.58,123.3604,118.45,119.04,2945353.0,43665.0,119.819908,95.39266666666667,73.17964602058983,6.5494382322628155,4.296358288517552,2.2530799437452638
2022-11-02 04:00:00+00:00,118.33,121.41,115.48,115.95,3210414.0,43710.0,117.59215,96.44233333333334,68.02758292914669,6.781722869782328,4.793431204770507,1.988291665011821
2022-11-03 04:00:00+00:00,114.79,117.33,112.41,112.6,3183409.0,49380.0,114.016462,97.497,62.860562900775086,6.619191199807219,5.15858320377785,1.4606079960293687
2022-11-04 04:00:00+00:00,114.0,116.0,111.59,114.88,3207677.0,44920.0,114.189447,98.63766666666668,64.81912123466405,6.598299535868804,5.446526470196041,1.1517730656727636
2022-11-07 05:00:00+00:00,115.94,116.63,113.41,115.33,1927298.0,30675.0,115.231429,99.80366666666666,65.20908956411257,6.542634562288924,5.6657480886146185,0.8768864736743058
2022-11-08 05:00:00+00:00,115.33,117.76,112.22,115.35,1678274.0,34774.0,115.4763,100.994,65.22753803014078,6.4260579070649015,5.817810052304675,0.6082478547602266
2022-11-09 05:00:00+00:00,114.12,115.4,112.51,113.15,1711843.0,30302.0,113.739378,101.988,61.37235815382267,6.085992916139375,5.871446625071615,0.21454629106776046
2022-11-10 05:00:00+00:00,118.99,120.75,117.04,119.84,3473200.0,47896.0,119.201371,103.24600000000001,67.63644778825983,6.283879399988152,5.953933180054922,0.3299462199332295
2022-11-11 05:00:00+00:00,119.12,122.28,114.59,115.96,3461462.0,54073.0,116.999,104.42666666666668,61.41587075761903,6.057791837191758,5.97470491148229,0.08308692570946796
2022-11-14 05:00:00+00:00,115.75,115.75,112.47,112.99,3395828.0,50788.0,113.714366,105.36033333333333,57.08772363701677,5.574699965061328,5.894703922198098,-0.32000395713677054
2022-11-15 05:00:00+00:00,115.1,116.99,113.7,116.31,2329549.0,41551.0,115.784614,106.205,60.443589504288184,5.3975231425652765,5.795267766271534,-0.3977446237062576
2022-11-16 05:00:00+00:00,116.84,117.0,114.43,114.89,1536145.0,28124.0,115.406636,106.99866666666667,58.34204013644643,5.083922804227186,5.652998773862665,-0.5690759696354792
2022-11-17 05:00:00+00:00,112.67,114.76,111.73,112.64,2162568.0,34558.0,112.961371,107.57966666666667,55.07451535289221,4.600800911748877,5.442559201439908,-0.8417582896910307
2022-11-18 05:00:00+00:00,114.6,115.36,112.615,113.72,1809818.0,26257.0,113.635391,107.96566666666668,56.33855672041009,4.256009675057911,5.205249296163509,-0.9492396211055985
2022-11-21 05:00:00+00:00,112.62,113.55,112.12,112.66,1893740.0,34606.0,112.812417,108.38033333333333,54.71145911261795,3.852814151438963,4.9347622672186,-1.0819481157796371
2022-11-22 05:00:00+00:00,113.67,113.88,110.31,111.01,2654332.0,34547.0,111.126628,108.758,52.184977441512316,3.361389577077233,4.620087729190327,-1.2586981521130935
2022-11-23 05:00:00+00:00,111.67,113.335,110.6,112.92,3529182.0,41764.0,112.59673,109.24466666666666,54.78770388445538,3.0904285620977845,4.314155895771819,-1.2237273336740344
2022-11-25 05:00:00+00:00,112.91,113.02,110.65,112.0,1182919.0,18843.0,112.025219,109.58733333333333,53.283199027594925,2.769528296092858,4.005230375836026,-1.2357020797431684
2022-11-28 05:00:00+00:00,111.62,114.75,111.62,112.57,3268887.0,47131.0,112.824893,110.09266666666667,54.12376152117347,2.5320192182132786,3.710588144311477,-1.1785689260981984
2022-11-29 05:00:00+00:00,112.3,113.71,110.134,110.39,2676990.0,35541.0,111.507833,110.44800000000001,50.38951158825234,2.143178553570138,3.3971062261632095,-1.2539276725930715
2022-11-30 05:00:00+00:00,110.67,116.36,110.285,116.28,4115105.0,51262.0,114.728482,111.093,58.68380211467521,2.28396517182901,3.1744780152963696,-0.8905128434673597
2022-12-01 05:00:00+00:00,116.39,119.98,116.25,118.03,2055590.0,37438.0,117.877948,111.79933333333334,60.78178069003535,2.507841124347152,3.0411506371065262,-0.5333095127593741
2022-12-02 05:00:00+00:00,116.28,118.51,115.305,118.11,1883653.0,33622.0,117.297185,112.591,60.8795766395712,2.6610448919970224,2.9651294880846257,-0.3040845960876033
2022-12-05 05:00:00+00:00,117.6,119.88,115.5,116.56,2387507.0,44274.0,117.458072,113.287,57.868633074650624,2.6271043123267077,2.897524452933042,-0.27042014060633424
2022-12-06 05:00:00+00:00,115.82,119.13,115.08,116.83,2454057.0,43125.0,116.622325,113.88233333333332,58.255928658663365,2.592112640934573,2.8364420905333483,-0.24432944959877512
2022-12-07 05:00:00+00:00,116.31,119.19,116.31,117.91,2169627.0,36591.0,118.107079,114.44766666666668,59.84597842759817,2.6213116147335,2.793415995373379,-0.17210438063987876
2022-12-08 05:00:00+00:00,123.7,125.55,119.16,122.67,5622846.0,89232.0,122.838694,115.11633333333333,65.994047505609,2.994030906288401,2.8335389775563833,0.1604919287320179
2022-12-09 05:00:00+00:00,121.65,122.33,116.01,116.46,3274317.0,54108.0,117.654176,115.62333333333332,54.31076359965949,2.7565428195432276,2.8181397459537525,-0.061596926410524944
2022-12-12 05:00:00+00:00,118.0,118.38,115.17,116.78,2609401.0,41069.0,116.373308,115.48700000000001,54.75526311694027,2.564590126856345,2.7674298221342712,-0.20283969527792634
2022-12-13 05:00:00+00:00,120.5,121.54,118.81,119.56,2932004.0,47229.0,119.839012,115.44633333333333,58.529874493910164,2.6067401240178327,2.7352918825109835,-0.12855175849315081
2022-12-14 05:00:00+00:00,119.72,124.11,118.85,121.49,3255688.0,54081.0,121.855311,115.528,60.96465278468757,2.7640172998678025,2.7410369659823473,0.022980333885455284
2022-12-15 05:00:00+00:00,119.57,119.9,115.775,116.24,2651379.0,43070.0,116.819591,115.53766666666667,52.01793292030488,2.436937966988225,2.680217166183523,-0.24327919919529783
2022-12-16 05:00:00+00:00,114.11,115.41,113.4,114.63,6242204.0,51351.0,114.491078,115.60533333333335,49.61337225873292,2.0244748091254365,2.5490686947719055,-0.5245938856464689
2022-12-19 05:00:00+00:00,114.14,114.29,110.63,112.23,2093632.0,34153.0,112.388772,115.51700000000001,46.18598699215008,1.486795983915286,2.3366141526005815,-0.8498181686852955
2022-12-20 05:00:00+00:00,111.99,114.43,110.21,113.15,2247323.0,36109.0,113.0251,115.44433333333333,47.678124175378976,1.121984414489475,2.0936882049783603,-0.9717037904888852
2022-12-21 05:00:00+00:00,113.87,116.13,112.06,114.76,1948583.0,32655.0,114.58598,115.42466666666665,50.27647628657601,0.9518102855719519,1.8653126210970787,-0.9135023355251268
2022-12-22 05:00:00+00:00,113.78,114.76,111.6,113.68,1742344.0,28629.0,112.913243,115.44233333333334,48.53525264535221,0.7214822895759312,1.6365465547928493,-0.9150642652169181
2022-12-23 05:00:00+00:00,114.47,114.47,111.041,111.44,1078972.0,21039.0,111.705849,115.16233333333334,45.0503039046575,0.3541144033730461,1.3800601245088886,-1.0259457211358425
2022-12-27 05:00:00+00:00,111.45,111.6,108.68,109.88,1746657.0,30251.0,110.019785,114.95966666666666,42.7482338288508,-0.062189375314375184,1.0916102245442358,-1.153799599858611
2022-12-28 05:00:00+00:00,110.48,111.96,109.46,109.77,1187866.0,22824.0,110.227605,114.85233333333333,42.58299587928171,-0.3964195224305769,0.7940042751492733,-1.1904237975798502
2022-12-29 05:00:00+00:00,110.92,113.355,109.72,112.07,1309445.0,22789.0,112.296233,114.711,47.180340425279674,-0.4702873639326697,0.5411459473328847,-1.0114333112655545
2022-12-30 05:00:00+00:00,110.93,113.33,109.4556,113.24,1394067.0,24632.0,112.416271,114.65599999999999,49.39986965776866,-0.4294682954350719,0.3470230987792934,-0.7764913942143653
2023-01-03 05:00:00+00:00,114.3,116.16,112.61,114.73,2061787.0,38806.0,114.261972,114.72566666666667,52.15706883952223,-0.2737329193137583,0.22287189516068306,-0.4966048144744414
2023-01-04 05:00:00+00:00,116.79,117.54,113.39,114.33,2188598.0,38126.0,114.769994,114.746,51.34815960360306,-0.18050739193309084,0.1421960377419283,-0.32270342967501914
2023-01-05 05:00:00+00:00,113.26,114.28,110.87,111.69,2345906.0,38205.0,112.097122,114.71366666666667,46.24985676988102,-0.3160086751313429,0.050555095167274064,-0.366563770298617
2023-01-06 05:00:00+00:00,113.03,117.01,110.78,115.82,2411377.0,42804.0,115.048649,114.87400000000001,53.95246699898317,-0.08911072122533881,0.022621931888751494,-0.11173265311409031
2023-01-09 05:00:00+00:00,112.46,113.69,107.4601,110.41,3412651.0,54925.0,109.904364,114.79033333333334,44.879693388451315,-0.34189311379212484,-0.05028107724742378,-0.291612036544701
