timestamp,open,high,low,close,volume,trade_count,vwap,30sma,rsi,macd,signal,histogram
2022-01-03 05:00:00+00:00,131.93,135.98,131.75,134.95,2032550.0,29179.0,134.144182,,,,,
2022-01-04 05:00:00+00:00,134.32,136.3,133.78,135.76,2109677.0,29946.0,135.429631,,,,,
2022-01-05 05:00:00+00:00,136.3,137.475,133.63,133.68,2046416.0,35879.0,135.317476,,,,,
2022-01-06 05:00:00+00:00,133.28,133.97,129.42,129.69,2268374.0,31660.0,130.91892,,,,,
2022-01-07 05:00:00+00:00,129.09,132.47,127.28,131.78,2435246.0,32715.0,131.295413,,,,,
2022-01-10 05:00:00+00:00,131.41,132.17,128.15,128.9,3044699.0,40560.0,129.421598,,,,,
2022-01-11 05:00:00+00:00,127.57,130.96,127.55,130.8,1797209.0,29834.0,129.837104,,,,,
2022-01-12 05:00:00+00:00,131.2384,132.91,129.97,132.5,1675701.0,25035.0,132.071398,,,,,
2022-01-13 05:00:00+00:00,133.03,133.03,130.51,130.84,1341362.0,21122.0,131.226557,,,,,
2022-01-14 05:00:00+00:00,130.04,130.75,128.72,130.44,1631928.0,25011.0,130.013523,,,,,
2022-01-18 05:00:00+00:00,138.435,142.55,133.45,133.91,8756055.0,105826.0,137.43732,,,,,
2022-01-19 05:00:00+00:00,135.52,138.22,134.7,136.91,3816845.0,48212.0,136.798536,,,,,
2022-01-20 05:00:00+00:00,137.85,141.99,137.85,138.88,3111242.0,44167.0,139.736124,,,,,
2022-01-21 05:00:00+00:00,138.28,140.69,138.09,139.01,3112286.0,45366.0,139.225373,,,,,
2022-01-24 05:00:00+00:00,137.09,139.4,131.9,135.2,4173395.0,56961.0,134.676952,,50.418200066912,,,
2022-01-25 05:00:00+00:00,133.57,134.02,129.54,131.01,2382943.0,42376.0,131.157351,,43.80520090333833,,,
2022-01-26 05:00:00+00:00,131.07,132.33,128.83,129.98,2168562.0,36800.0,130.517812,,42.335190088881575,,,
2022-01-27 05:00:00+00:00,130.77,134.04,130.65,131.06,1775621.0,32530.0,132.040768,,44.44053905250266,,,
2022-01-28 05:00:00+00:00,131.16,132.23,129.58,131.92,2151291.0,34769.0,131.163585,,46.12725409260805,,,
2022-01-31 05:00:00+00:00,131.15,135.7379,129.24,132.66,4468124.0,57791.0,132.313186,,47.60133680583168,,,
2022-02-01 05:00:00+00:00,133.08,133.46,129.0701,129.94,3821589.0,55173.0,129.558033,,42.9494202631851,,,
2022-02-02 05:00:00+00:00,126.165,137.59,125.61,137.17,5722718.0,72342.0,134.468543,,55.420454655069605,,,
2022-02-03 05:00:00+00:00,135.28,139.61,134.29,137.29,3403788.0,52249.0,137.664421,,55.593959695487435,,,
2022-02-04 05:00:00+00:00,135.35,138.38,134.69,137.71,2394285.0,35485.0,137.269385,,56.23597655171081,,,
2022-02-07 05:00:00+00:00,138.0,138.08,135.6,136.4,1725249.0,27662.0,136.62098,,53.63143958949158,,,
2022-02-08 05:00:00+00:00,136.32,137.25,134.25,134.37,2262919.0,33824.0,135.34559,,49.78364071504514,1.0534701144066503,,
2022-02-09 05:00:00+00:00,135.76,135.9999,132.58,135.79,1933962.0,29957.0,134.770167,,52.35851026750416,1.0686758956221922,,
2022-02-10 05:00:00+00:00,133.19,136.9,133.19,134.98,1669475.0,23474.0,135.165069,,50.75965187234782,1.0037952296728747,,
2022-02-11 05:00:00+00:00,134.98,136.42,133.8,134.1,1593235.0,23810.0,134.689591,,49.008684310149405,0.8713241070097695,,
2022-02-14 05:00:00+00:00,133.8806,134.46,132.44,133.4,1622074.0,25342.0,133.342127,133.701,47.60203752088917,0.7017661150998151,,
2022-02-15 05:00:00+00:00,134.4,135.46,133.36,134.5,1697640.0,26035.0,134.351266,133.686,50.029246885195185,0.6486734876478408,,
2022-02-16 05:00:00+00:00,133.75,134.6,131.455,133.29,2333908.0,30215.0,132.967017,133.60366666666667,47.42673094417069,0.5031601927763916,,
2022-02-17 05:00:00+00:00,133.07,133.07,129.925,130.4,1697875.0,29882.0,130.97943,133.49433333333334,41.82977239708931,0.15287872023861837,,
2022-02-18 05:00:00+00:00,130.01,131.17,128.92,129.33,1959145.0,27136.0,129.764288,133.48233333333332,39.94995438728097,-0.20865666388914406,0.6438985776205565,-0.8525552415097005
2022-02-22 05:00:00+00:00,128.05,129.635,126.6,127.09,2103366.0,32780.0,127.748593,133.326,36.274733400035,-0.6682224871927644,0.3814743646578923,-1.0496968518506566
2022-02-23 05:00:00+00:00,127.88,129.25,126.48,126.72,1908796.0,33151.0,127.359512,133.25333333333336,35.69066964580793,-1.050181779100825,0.09514313590614887,-1.1453249150069738
2022-02-24 05:00:00+00:00,123.91,127.67,123.8,127.5,2083600.0,34269.0,126.297479,133.14333333333335,37.95852676987066,-1.2752475288396,-0.17893499704300092,-1.096312531796599
2022-02-25 05:00:00+00:00,128.34,129.03,126.86,128.71,1939912.0,37585.0,128.274768,133.017,41.41027126772677,-1.3405241415541695,-0.4112528259452347,-0.9292713156089348
2022-02-28 05:00:00+00:00,127.76,131.49,127.76,130.09,3381310.0,34659.0,130.014228,132.992,45.15783905847569,-1.2663046883641016,-0.5822631984290081,-0.6840414899350935
2022-03-01 05:00:00+00:00,130.55,131.592,127.53,128.15,1351751.0,24482.0,128.559284,132.91566666666665,41.171016331820006,-1.3484825562252638,-0.7355070699882593,-0.6129754862370045
2022-03-02 05:00:00+00:00,128.24,129.72,127.62,129.26,1580260.0,21826.0,128.895056,132.76066666666665,44.2062044455428,-1.3089525945071045,-0.8501961748920284,-0.4587564196150762
2022-03-03 05:00:00+00:00,130.19,130.3957,127.44,127.84,1263518.0,23069.0,128.289935,132.45833333333334,41.27257105523604,-1.376341341371699,-0.9554252081879625,-0.42091613318373644
2022-03-04 05:00:00+00:00,126.78,127.69,126.24,126.49,1772574.0,30247.0,126.78703,132.04533333333333,38.646746767053436,-1.5211462987001312,-1.0685694262903964,-0.45257687240973477
2022-03-07 05:00:00+00:00,126.47,128.55,125.07,126.26,1988867.0,30821.0,126.810682,131.62033333333332,38.20082808741258,-1.6356100538867793,-1.1819775518096731,-0.45363250207710615
2022-03-08 05:00:00+00:00,125.48,125.87,122.2,122.67,2122646.0,34791.0,123.682516,131.20266666666666,31.995282516568167,-1.9930319697294863,-1.3441884353936357,-0.6488435343358505
2022-03-09 05:00:00+00:00,124.04,125.96,123.29,125.52,2069969.0,34939.0,125.164731,131.01966666666667,40.28811794073014,-2.0230003428856946,-1.4799508168920477,-0.543049525993647
2022-03-10 05:00:00+00:00,124.63,125.9762,122.66,123.68,1187450.0,25114.0,123.794129,130.80966666666666,37.13924776603768,-2.1702063293427045,-1.618001919382179,-0.5522044099605254
2022-03-11 05:00:00+00:00,124.63,125.46,122.17,122.33,1156384.0,24198.0,122.962335,130.51866666666666,34.97908325148832,-2.3684992665458537,-1.7681013888149142,-0.6003978777309396
2022-03-14 04:00:00+00:00,122.18,122.43,118.24,119.13,1891342.0,29010.0,119.79646,130.09233333333333,30.456971100773032,-2.752136191516442,-1.96490834935522,-0.787227842161222
2022-03-15 04:00:00+00:00,119.14,121.11,117.58,120.8,1781823.0,30476.0,119.964471,129.697,35.16757258379903,-2.888123683256765,-2.149551416135529,-0.7385722671212362
2022-03-16 04:00:00+00:00,121.29,123.89,121.13,123.8,1561526.0,31620.0,122.899449,129.49233333333333,42.67905371452734,-2.7224372601671973,-2.2641285849418624,-0.4583086752253349
2022-03-17 04:00:00+00:00,123.44,125.24,122.67,125.18,1267141.0,22747.0,124.483652,129.09266666666667,45.79042483930135,-2.451515563898525,-2.301605980733195,-0.14990958316532987
2022-03-18 04:00:00+00:00,124.27,126.45,123.39,126.28,2674223.0,27036.0,125.76102,128.72566666666665,48.203852078780244,-2.1235681886008706,-2.26599842230673,0.1424302337058596
2022-03-21 04:00:00+00:00,125.09,126.4,124.6377,125.56,1198178.0,21643.0,125.390392,128.32066666666668,46.73714011304149,-1.8998650519590967,-2.1927717482372038,0.29290669627810706
2022-03-22 04:00:00+00:00,125.95,128.18,124.75,127.93,1687799.0,27029.0,127.076611,128.03833333333333,51.9227866386615,-1.5138883488698696,-2.056995068363737,0.5431067194938675
2022-03-23 04:00:00+00:00,127.38,128.06,124.06,124.64,2134781.0,29315.0,125.315193,127.714,45.32566026981295,-1.456682802587764,-1.9369326152085427,0.4802498126207786
2022-03-24 04:00:00+00:00,125.06,125.57,123.63,125.57,2240419.0,30738.0,125.052014,127.37333333333335,47.361628466332995,-1.3210752343885304,-1.8137611390445403,0.4926859046560099
2022-03-25 04:00:00+00:00,126.03,127.51,125.3,127.32,1308219.0,20632.0,126.733992,127.118,51.05509933197104,-1.0601738606211626,-1.663043683359865,0.6028698227387024
2022-03-28 04:00:00+00:00,127.67,128.12,126.15,128.04,2073246.0,40926.0,127.502876,126.916,52.53088239696032,-0.7862463015655976,-1.4876842070010114,0.7014379054354138
2022-03-29 04:00:00+00:00,129.23,129.72,127.3,128.83,1495407.0,26540.0,128.606323,126.76366666666668,54.16394045199148,-0.4996506777862493,-1.2900775011580592,0.7904268233718099
2022-03-30 04:00:00+00:00,128.03,128.87,127.13,127.68,1096969.0,24300.0,127.926759,126.53633333333333,51.392257242531315,-0.3611538138248136,-1.1042927636914102,0.7431389498665966
2022-03-31 04:00:00+00:00,128.18,128.19,125.85,126.51,1744234.0,31098.0,126.999198,126.31033333333335,48.663830280353565,-0.34186249517895817,-0.9518067099889198,0.6099442148099616
2022-04-01 04:00:00+00:00,126.85,127.19,123.34,125.23,2185910.0,33657.0,124.994919,126.138,45.79912088442663,-0.42496060740595,-0.8464374894723259,0.4214768820663759
2022-04-04 04:00:00+00:00,125.81,128.56,125.4501,128.02,1518782.0,26117.0,127.782108,126.09433333333335,52.379449897497366,-0.2626590074993942,-0.7296817930777395,0.4670227855783453
2022-04-05 04:00:00+00:00,127.15,128.73,125.5,125.86,1008896.0,21501.0,126.529093,126.05333333333333,47.56483551876085,-0.30481406161818825,-0.6447082467858293,0.339894185167641
2022-04-06 04:00:00+00:00,125.26,126.99,124.36,124.85,1694104.0,33304.0,125.382709,125.991,45.46062918443472,-0.41493766172131075,-0.5987541297729256,0.1838164680516149
2022-04-07 04:00:00+00:00,124.94,125.08,122.53,123.4,1513349.0,29979.0,123.480235,125.85433333333332,42.55033670379167,-0.6121577169391941,-0.6014348472061793,-0.010722869733014728
2022-04-08 04:00:00+00:00,122.88,124.57,122.23,123.43,1081605.0,28515.0,123.756045,125.67833333333334,42.63216576815949,-0.7573055355066174,-0.632608984866267,-0.12469655064035035
2022-04-11 04:00:00+00:00,123.22,124.72,122.33,122.58,1784310.0,26113.0,122.96264,125.42800000000001,40.85649063671853,-0.9302013416718893,-0.6921274562273916,-0.2380738854444977
2022-04-12 04:00:00+00:00,123.37,124.55,122.95,123.57,2572032.0,31769.0,123.60522,125.27533333333334,43.79291058290977,-0.9760860748022822,-0.7489191799423697,-0.22716689485991248
2022-04-13 04:00:00+00:00,123.99,124.15,122.28,123.62,1524526.0,23466.0,123.538277,125.08733333333333,43.94428429809189,-0.9969235600206474,-0.7985200559580252,-0.1984035040626222
2022-04-14 04:00:00+00:00,123.63,123.96,121.1904,122.6,2031586.0,33468.0,122.493856,124.91266666666667,41.489504864461324,-1.0832557941943293,-0.855467203605286,-0.22778859058904322
2022-04-18 04:00:00+00:00,122.34,123.45,121.15,122.16,1532210.0,23841.0,121.998704,124.76833333333333,40.44006133521604,-1.173649928727059,-0.9191037486296407,-0.25454618009741825
2022-04-19 04:00:00+00:00,120.12,124.31,120.12,124.04,1544735.0,23556.0,123.34482,124.69433333333333,46.649459409458025,-1.0811251061675051,-0.9515080201372137,-0.12961708603029143
2022-04-20 04:00:00+00:00,124.1,124.85,123.13,123.31,1562440.0,28037.0,123.818353,124.71566666666668,44.7006954681917,-1.0545472525249124,-0.9721158666147536,-0.08243138591015886
2022-04-21 04:00:00+00:00,123.43,125.68,123.43,123.74,2427376.0,36302.0,124.416591,124.65633333333334,46.128286105930144,-0.987404521009779,-0.9751735974937588,-0.012230923516020287
2022-04-22 04:00:00+00:00,124.825,128.55,123.6313,128.09,4223545.0,61940.0,126.920433,124.80333333333334,57.9537199971591,-0.5765387966488049,-0.895446637324768,0.3189078406759631
2022-04-25 04:00:00+00:00,127.73,128.68,125.17,128.15,2705486.0,45724.0,127.413639,124.99733333333333,58.09037224256919,-0.24327888386855534,-0.7650130866335255,0.5217342027649702
2022-04-26 04:00:00+00:00,127.77,128.01,124.335,124.63,1897505.0,29656.0,125.182538,125.18066666666667,48.194335724937524,-0.26020312446674154,-0.6640510942001687,0.4038479697334272
2022-04-27 04:00:00+00:00,124.47,124.6,121.01,121.22,2502455.0,38254.0,122.173995,125.19466666666668,40.92148158266782,-0.5425203713802347,-0.6397449496361819,0.09722457825594721
2022-04-28 04:00:00+00:00,122.63,124.295,121.67,123.41,1650327.0,29902.0,123.011388,125.18166666666666,46.50486655846231,-0.582825674558805,-0.6283610946207066,0.04553542006190159
2022-04-29 04:00:00+00:00,123.01,124.0225,117.74,118.05,2996997.0,39714.0,119.389201,124.944,37.23070603773382,-1.035340363094079,-0.709756948315381,-0.3255834147786979
2022-05-02 04:00:00+00:00,118.75,121.57,117.75,120.0,2915034.0,49098.0,119.409119,124.73466666666668,41.779600803551396,-1.222520357096414,-0.8123096300715877,-0.4102107270248263
2022-05-03 04:00:00+00:00,120.045,122.69,120.02,122.51,2304580.0,40262.0,121.933256,124.633,47.09436912015672,-1.1550115733991504,-0.8808500187371003,-0.27416155466205006
2022-05-04 04:00:00+00:00,122.88,123.85,120.35,123.72,1839760.0,33749.0,122.308051,124.49266666666668,49.48822563232245,-0.9924333346232288,-0.9031666819143261,-0.08926665270890266
2022-05-05 04:00:00+00:00,123.09,123.59,118.3,119.61,2110426.0,40246.0,119.889848,124.325,42.46039366766344,-1.1816106878942492,-0.9588554831103109,-0.2227552047839383
2022-05-06 04:00:00+00:00,119.16,119.5,114.39,115.29,2105176.0,37778.0,116.2021,123.98233333333333,36.5801936999144,-1.6609762987146297,-1.0992796462311747,-0.561696652483455
2022-05-09 04:00:00+00:00,114.29,114.79,111.7,112.04,3141597.0,53130.0,112.467547,123.47299999999998,32.889945856726555,-2.276878400654084,-1.3347993971157566,-0.9420790035383275
2022-05-10 04:00:00+00:00,113.06,113.6297,109.24,111.6,6455227.0,80804.0,111.580837,122.925,32.41320160685065,-2.7685751654140205,-1.6215545507754094,-1.147020614638611
2022-05-11 04:00:00+00:00,114.6,126.27,114.11,120.49,7940468.0,115811.0,122.556525,122.64699999999999,48.618665079115814,-2.4130831701072424,-1.7798602746417762,-0.6332228954654662
2022-05-12 04:00:00+00:00,118.32,122.16,118.32,120.95,4510329.0,66422.0,120.688241,122.42266666666667,49.29612173689186,-2.0703691205636687,-1.8379620438261548,-0.23240707673751393
2022-05-13 04:00:00+00:00,121.62,125.28,121.14,124.94,2980719.0,50910.0,124.137134,122.37033333333332,54.8561212102087,-1.4599764137068831,-1.7623649178023006,0.3023885040954175
2022-05-16 04:00:00+00:00,125.0,128.895,124.42,127.39,2870636.0,53162.0,127.503712,122.44233333333334,57.90828649957507,-0.7696690061842446,-1.5638257354786895,0.7941567292944449
2022-05-17 04:00:00+00:00,126.61,132.58,126.55,128.47,3905047.0,62233.0,129.715398,122.45733333333332,59.217251468164406,-0.13390486631682563,-1.2778415616463168,1.1439366953294912
2022-05-18 04:00:00+00:00,126.9,130.11,126.67,128.97,4121021.0,60415.0,128.671951,122.561,59.839920002172455,0.4056129625401894,-0.9411506568090156,1.346763619349205
2022-05-19 04:00:00+00:00,129.02,133.14,128.45,130.02,3510832.0,55283.0,130.873477,122.73333333333333,61.18032578429165,0.9074504300202761,-0.5714304394431572,1.4788808694634334
2022-05-20 04:00:00+00:00,130.82,132.58,126.5201,130.76,4663097.0,79523.0,129.490269,122.97866666666667,62.13940883975511,1.349317956621249,-0.18728076023027596,1.536598716851525
2022-05-23 04:00:00+00:00,134.56,137.73,132.62,133.77,4571978.0,71809.0,134.265973,123.32333333333332,65.83669964117365,1.9202475805209218,0.2342249079199636,1.6860226726009582
2022-05-24 04:00:00+00:00,132.7,137.79,132.485,136.68,4895898.0,64882.0,135.848265,123.79333333333334,68.98962977616432,2.5778107037412354,0.702942067084218,1.8748686366570175
2022-05-25 04:00:00+00:00,135.96,137.66,134.47,137.35,2722420.0,41961.0,136.598052,124.25266666666667,69.68337792171353,3.1170660201817384,1.1857668577037221,1.9312991624780163
2022-05-26 04:00:00+00:00,137.48,139.25,137.33,138.68,1678675.0,33832.0,138.554447,124.75466666666667,71.06709848328723,3.6101342479321943,1.6706403357494168,1.9394939121827774
2022-05-27 04:00:00+00:00,139.0,140.16,137.55,138.53,2405894.0,37979.0,138.72919,125.28566666666667,70.67530287439192,3.943334320979659,2.1251791327954654,1.8181551881841935
2022-05-31 04:00:00+00:00,137.9,139.26,136.32,138.65,2862740.0,36221.0,138.459031,125.83533333333335,70.8139277925427,4.169022875977163,2.5339478814318053,1.6350749945453575
2022-06-01 04:00:00+00:00,139.42,140.105,137.48,139.53,2113392.0,39889.0,139.076624,126.35166666666667,71.86431953749886,4.368533591419919,2.900865023429428,1.4676685679904904
2022-06-02 04:00:00+00:00,138.73,141.74,137.62,141.5,2852969.0,46844.0,139.805111,126.958,74.11060899774671,4.63221254407253,3.2471345275580488,1.3850780165144814
2022-06-03 04:00:00+00:00,140.69,142.79,140.16,141.0,2843643.0,46180.0,141.09983,127.53333333333333,72.52789718443272,4.746123831261087,3.5469323882986563,1.199191442962431
2022-06-06 04:00:00+00:00,141.46,142.225,139.87,140.35,1631976.0,34415.0,140.529284,127.942,70.42237338298156,4.729431833118099,3.783432277262545,0.9459995558555541
2022-06-07 04:00:00+00:00,139.03,141.02,138.72,140.97,1841770.0,27521.0,140.537881,128.36933333333334,71.27885842578817,4.711916087187063,3.9691290392474485,0.7427870479396148
2022-06-08 04:00:00+00:00,140.63,141.465,138.75,139.22,1691255.0,33802.0,139.757424,128.85566666666668,65.51237744778874,4.50489473539281,4.0762821784765215,0.4286125569162884
2022-06-09 04:00:00+00:00,138.33,140.18,135.78,135.81,2232590.0,37379.0,137.070905,129.34199999999998,56.00467796571415,4.01933789583444,4.064893321948105,-0.045555426113665476
2022-06-10 04:00:00+00:00,133.53,134.98,132.75,133.44,2037283.0,38278.0,133.830702,129.67633333333333,50.51723170827083,3.4040516210142187,3.932724981761328,-0.5286733607471095
2022-06-13 04:00:00+00:00,131.26,131.91,128.67,128.76,2783775.0,43297.0,129.419864,130.03333333333333,41.806212195029325,2.509863780388571,3.648152741486777,-1.138288961098206
2022-06-14 04:00:00+00:00,129.16,129.77,126.28,127.37,2441342.0,39722.0,127.600058,130.279,39.620928991432514,1.6698036342529008,3.252482920040002,-1.5826792857871013
2022-06-15 04:00:00+00:00,127.65,130.6,127.05,129.26,2176394.0,38700.0,128.918629,130.504,43.9138621773499,1.1433769826166724,2.8306617325553365,-1.687284749938664
2022-06-16 04:00:00+00:00,126.87,128.73,126.03,127.98,2328916.0,40373.0,127.713015,130.646,41.74892239215454,0.6157962500513179,2.387688636054533,-1.771892386003215
2022-06-17 04:00:00+00:00,127.76,129.54,125.85,128.54,3725220.0,41141.0,128.157977,130.94366666666667,43.071248543224,0.24010426584712263,1.958171762013051,-1.7180674961659284
2022-06-21 04:00:00+00:00,129.78,130.94,128.58,130.39,2222486.0,33887.0,130.213661,131.447,47.325321205870004,0.09060081080571081,1.5846575717715832,-1.4940567609658724
2022-06-22 04:00:00+00:00,129.2,130.73,128.85,129.03,2082607.0,36400.0,129.604136,132.01333333333335,44.68195533727274,-0.13605404212765393,1.240515248991736,-1.3765692911193899
2022-06-23 04:00:00+00:00,128.98,130.0,127.71,128.96,2042475.0,36699.0,128.84577,132.59199999999998,44.54404488776589,-0.3176662027777013,0.9288789586378485,-1.2465451614155498
2022-06-24 04:00:00+00:00,130.2,131.05,128.54,130.2,6902712.0,49773.0,129.968332,132.91566666666668,47.62776156043091,-0.357417426047391,0.6716196817008007,-1.0290371077481917
2022-06-27 04:00:00+00:00,129.12,129.79,123.24,125.6,3592917.0,56194.0,125.425289,133.07066666666665,38.97045843702391,-0.7514399807338918,0.38700774921386216,-1.138447729947754
2022-06-28 04:00:00+00:00,125.911,126.57,122.61,122.88,3246058.0,42182.0,123.782605,133.002,34.92761318918045,-1.268563748870207,0.05589344959704834,-1.3244571984672553
2022-06-29 04:00:00+00:00,123.05,123.8,121.675,122.83,1968242.0,29632.0,122.613905,132.85,34.85602929859108,-1.6632497353147073,-0.2879351873853028,-1.3753145479294044
2022-06-30 04:00:00+00:00,122.43,123.35,121.07,121.65,2317103.0,33640.0,121.850695,132.62266666666667,33.130315967413296,-2.047653288964213,-0.6398788077010849,-1.407774481263128
2022-07-01 04:00:00+00:00,120.9,123.0175,120.71,122.73,1185292.0,21855.0,122.122101,132.41466666666665,36.241701939137215,-2.239335237960688,-0.9597700937530056,-1.2795651442076825
2022-07-05 04:00:00+00:00,121.52,125.0,120.54,124.75,1773113.0,29932.0,123.830902,132.23899999999998,41.7051532884661,-2.202854312097969,-1.2083869374219984,-0.9944673746759707
2022-07-06 04:00:00+00:00,124.89,125.27,123.5,124.35,1517666.0,29954.0,124.326364,132.02533333333335,40.95672720415009,-2.181077469190157,-1.4029250437756302,-0.7781524254145269
2022-07-07 04:00:00+00:00,124.14,126.345,123.765,125.6,1770121.0,28040.0,125.534153,131.75300000000001,44.31949634584371,-2.0394451567217544,-1.530229066364855,-0.5092160903568994
2022-07-08 04:00:00+00:00,124.83,126.45,124.2,125.63,1385980.0,23696.0,125.574279,131.38466666666667,44.401340351711305,-1.9028449671043859,-1.6047522465127613,-0.2980927205916246
2022-07-11 04:00:00+00:00,125.3,125.61,123.68,123.84,1268288.0,22224.0,124.204988,130.9343333333333,40.56956101680742,-1.9169292063830312,-1.6671876384868154,-0.24974156789621582
2022-07-12 04:00:00+00:00,123.73,124.98,121.725,121.98,1249684.0,24575.0,122.503231,130.37766666666667,36.99673096612571,-2.0544945880812975,-1.744649028405712,-0.3098455596755856
2022-07-13 04:00:00+00:00,120.25,122.385,119.54,121.68,1725950.0,33180.0,121.052549,129.816,36.43932025354217,-2.162792313479301,-1.8282776854204297,-0.3345146280588711
2022-07-14 04:00:00+00:00,121.05,122.4,120.19,122.29,1315421.0,23996.0,121.680002,129.27066666666667,38.469324317415456,-2.174332784221562,-1.8974887051806562,-0.2768440790409059
2022-07-15 04:00:00+00:00,122.75,124.12,122.72,123.16,1244683.0,21790.0,123.116948,128.725,41.34656332153482,-2.0891940329886154,-1.9358297707422483,-0.15336426224636712
2022-07-18 04:00:00+00:00,124.12,125.22,123.19,123.62,1584532.0,27215.0,124.016167,128.129,42.86777160262658,-1.9619862474586682,-1.9410610660855323,-0.020925181373135926
2022-07-19 04:00:00+00:00,124.71,126.88,124.09,126.75,1853153.0,25128.0,125.905024,127.654,51.99171528183015,-1.590276600704911,-1.870904173009408,0.2806275723044971
2022-07-20 04:00:00+00:00,126.79,128.27,126.22,127.59,1365142.0,27966.0,127.506248,127.22866666666667,54.10978921977861,-1.2139197367159937,-1.7395072857507252,0.5255875490347315
2022-07-21 04:00:00+00:00,128.11,130.38,127.22,130.21,2306137.0,32328.0,129.688134,126.86999999999999,60.032714673396036,-0.6962165556794844,-1.5308491397364772,0.8346325840569928
2022-07-22 04:00:00+00:00,130.01,132.02,129.77,130.16,1477834.0,27063.0,130.693428,126.568,59.87389397024594,-0.2866631624949889,-1.2820119442881797,0.9953487817931908
2022-07-25 04:00:00+00:00,130.0,130.85,129.51,129.92,1404630.0,20554.0,130.185724,126.37166666666667,59.06613166660787,0.018333520626697464,-1.0219428513052042,1.0402763719319017
2022-07-26 04:00:00+00:00,130.72,133.46,129.77,130.75,1571292.0,29209.0,130.733641,126.282,61.02447822811492,0.32329293309379636,-0.7528956944254042,1.0761886275192005
2022-07-27 04:00:00+00:00,130.46,132.96,129.81,132.18,1691300.0,32206.0,131.873166,126.39599999999999,64.20213184076445,0.6726110718290954,-0.46779434117450425,1.1404054130035997
2022-07-28 04:00:00+00:00,132.49,133.62,131.4,133.18,1441725.0,26490.0,132.926124,126.58966666666667,66.27294844558173,1.0184003705894753,-0.17055539882170834,1.1889557694111836
2022-07-29 04:00:00+00:00,132.17,132.94,130.07,131.23,2530747.0,37276.0,131.465531,126.65533333333335,59.094201597287196,1.1221566545687836,0.08798701185639005,1.0341696427123934
2022-08-01 04:00:00+00:00,130.59,131.85,129.79,130.87,1652039.0,30382.0,130.8267,126.75166666666668,57.84837925641696,1.1619411317084882,0.30277783582680967,0.8591632958816786
2022-08-02 04:00:00+00:00,129.75,130.6,128.73,128.89,2184851.0,38855.0,129.414291,126.76333333333334,51.42671754849851,1.021921093778559,0.4466064874171596,0.5753146063613994
2022-08-03 04:00:00+00:00,131.14,134.92,130.41,133.28,2210807.0,43645.0,133.443998,126.85966666666667,61.60389619380049,1.2507723906279864,0.607439668059325,0.6433327225686614
2022-08-04 04:00:00+00:00,133.37,133.8,131.99,133.24,1666349.0,25791.0,133.007959,127.0,61.47750223583057,1.412627140118218,0.7684771624711036,0.6441499776471143
2022-08-05 04:00:00+00:00,132.1,132.68,131.21,132.56,1178640.0,27312.0,132.153287,127.11999999999999,59.251868041566134,1.4690930875522668,0.9086003474873363,0.5604927400649304
2022-08-08 04:00:00+00:00,132.75,133.42,130.59,131.05,1585769.0,26555.0,131.374724,127.14833333333333,54.53088105350037,1.3761351479344341,1.002107307576756,0.3740278403576782
2022-08-09 04:00:00+00:00,130.05,130.58,128.06,129.28,1619928.0,39323.0,128.907649,127.271,49.54740190530257,1.1464258203371855,1.0309710101288418,0.1154548102083437
2022-08-10 04:00:00+00:00,130.84,132.2,130.102,131.16,1640549.0,28034.0,131.13437,127.54700000000001,54.3222951978566,1.1033609531845059,1.0454489987399747,0.05791195444453123
2022-08-11 04:00:00+00:00,131.99,132.28,129.59,129.68,1435351.0,26345.0,130.416295,127.77533333333332,50.28743777620996,0.9389840805926895,1.0241560151105176,-0.08517193451782812
2022-08-12 04:00:00+00:00,130.15,131.56,129.79,131.37,999465.0,20511.0,130.969267,128.09933333333333,54.44813327736704,0.9343129230852298,1.0061873967054602,-0.07187447362023036
2022-08-15 04:00:00+00:00,130.95,132.1,129.855,131.6,1133153.0,21964.0,131.257054,128.395,55.00013045254547,0.9383533219260016,0.9926205817495685,-0.05426725982356684
2022-08-16 04:00:00+00:00,131.26,135.81,130.54,135.11,2036997.0,39858.0,134.09566,128.74033333333333,62.47373308924978,1.2108253914231852,1.036261543684292,0.17456384773889333
2022-08-17 04:00:00+00:00,134.68,135.78,133.0,133.17,1599650.0,29017.0,133.479546,129.03433333333334,56.85348912464199,1.2557442448306517,1.080158083913564,0.17558616091708767
2022-08-18 04:00:00+00:00,133.17,133.62,131.98,132.47,1190470.0,26684.0,132.715174,129.26333333333335,54.93317018022724,1.2207861471318893,1.1082836965572291,0.11250245057466013
2022-08-19 04:00:00+00:00,131.74,131.88,130.12,130.48,1220777.0,23832.0,130.813662,129.425,49.78498302369577,1.020738792557296,1.0907747157572425,-0.07003592319994656
2022-08-22 04:00:00+00:00,129.89,130.24,127.63,128.12,1775033.0,23507.0,128.367329,129.56766666666667,44.46312529967702,0.6641120755252814,1.0054421877108504,-0.34133011218556897
2022-08-23 04:00:00+00:00,127.06,127.44,126.28,126.73,1124728.0,23374.0,126.894278,129.726,41.63979943900042,0.26625225932610874,0.8576042020339021,-0.5913519427077933
2022-08-24 04:00:00+00:00,126.47,127.02,125.5,125.61,1426742.0,22670.0,126.103181,129.857,39.46527610819485,-0.13784021501029997,0.6585153186250617,-0.7963555336353617
2022-08-25 04:00:00+00:00,126.26,127.63,125.37,127.61,878482.0,18082.0,127.093401,130.03433333333334,44.9898053959255,-0.2933218947324292,0.4681478759535636,-0.7614697706859928
2022-08-26 04:00:00+00:00,133.69,135.85,131.99,132.17,9512646.0,131305.0,134.794272,130.33466666666666,55.060103230932086,-0.048034642153140794,0.36491137233222276,-0.41294601448536356
2022-08-29 04:00:00+00:00,130.45,131.38,127.6,129.6,2729354.0,53598.0,129.899169,130.534,49.554154438179154,-0.06032486144678728,0.27986412557642076,-0.34018898702320804
2022-08-30 04:00:00+00:00,128.98,129.05,125.895,126.47,1942937.0,33470.0,127.125204,130.52466666666666,43.80838391853507,-0.3189530975150774,0.16010068095812113,-0.4790537784731985
2022-08-31 04:00:00+00:00,127.89,128.805,126.57,126.87,1860780.0,29160.0,127.087491,130.50066666666666,44.69098502556357,-0.4860384323547464,0.030872858295547617,-0.5169112906502941
2022-09-01 04:00:00+00:00,125.88,127.76,125.88,127.68,1497678.0,33574.0,127.048636,130.4163333333333,46.522758040772594,-0.5467914618461407,-0.08466000573279005,-0.46213145611335066
2022-09-02 04:00:00+00:00,127.92,128.45,125.0,125.33,1345723.0,29731.0,126.238654,130.25533333333334,42.16015717711339,-0.7756231349594032,-0.2228526315781127,-0.5527705033812904
2022-09-06 04:00:00+00:00,124.42,125.0599,122.54,124.73,2205425.0,40665.0,124.270612,130.08233333333334,41.10042906626716,-0.9939314471141358,-0.37706839468531733,-0.6168630524288186
2022-09-07 04:00:00+00:00,123.7,125.87,123.45,125.55,2354968.0,35094.0,125.046335,129.909,43.2016664210618,-1.0882307635075819,-0.5193008684497702,-0.5689298950578117
2022-09-08 04:00:00+00:00,125.36,127.19,124.4384,127.14,1718779.0,30668.0,126.249762,129.741,47.13954089218133,-1.0228728972801377,-0.6200152742158437,-0.40285762306429407
2022-09-09 04:00:00+00:00,127.8,129.74,127.65,128.93,1651391.0,32547.0,128.896561,129.59933333333333,51.23824173473952,-0.8172178978451541,-0.6594557989417058,-0.15776209890344828
2022-09-12 04:00:00+00:00,129.76,131.4,129.26,130.85,1707787.0,31587.0,130.65561,129.58666666666667,55.24666501268703,-0.49361676839788515,-0.6262879928329418,0.13267122443505663
2022-09-13 04:00:00+00:00,128.15,129.48,126.735,127.59,2826500.0,45856.0,127.82644,129.47733333333332,48.027524783579636,-0.4945148377096018,-0.5999333618082738,0.10541852409867203
2022-09-14 04:00:00+00:00,127.39,127.72,125.67,126.92,1750776.0,36298.0,126.856467,129.41166666666666,46.677538841242765,-0.5430302499884476,-0.5885527394443086,0.045522489455861015
2022-09-15 04:00:00+00:00,125.2,126.66,123.75,124.41,2305478.0,42282.0,124.71407,129.116,41.92332842872692,-0.7750804419449508,-0.6258582799444371,-0.14922216200051375
2022-09-16 04:00:00+00:00,123.87,123.97,120.0,121.74,5239577.0,46209.0,121.916945,128.73266666666666,37.542864764996665,-1.1610447753360091,-0.7328955790227516,-0.42814919631325754
2022-09-19 04:00:00+00:00,121.19,123.01,120.16,122.93,1722290.0,25792.0,122.201819,128.4116666666667,40.52560049075045,-1.355278429413488,-0.857372149100899,-0.4979062803125891
2022-09-20 04:00:00+00:00,122.55,122.63,119.89,120.54,1521668.0,27073.0,121.040417,128.06133333333335,36.73151446545374,-1.6826662959481098,-1.0224309784703411,-0.6602353174777686
2022-09-21 04:00:00+00:00,121.11,121.18,117.49,117.49,1426416.0,31922.0,118.712278,127.66833333333334,32.54417984448639,-2.1632959202023017,-1.2506039668167332,-0.9126919533855684
2022-09-22 04:00:00+00:00,116.645,118.3,116.4801,117.42,1385434.0,30572.0,117.535259,127.21033333333334,32.452740502097086,-2.520788692251017,-1.50464091190359,-1.016147780347427
2022-09-23 04:00:00+00:00,116.74,117.31,114.07,115.64,1825904.0,36133.0,115.322034,126.74233333333333,30.134143546799763,-2.914142987249292,-1.7865413269727304,-1.1276016602765617
2022-09-26 04:00:00+00:00,115.32,116.57,114.12,114.82,1726266.0,27983.0,115.062198,126.19066666666667,29.102607704608275,-3.2545300504274337,-2.080139071663671,-1.1743909787637627
2022-09-27 04:00:00+00:00,115.53,116.565,114.64,115.14,1268296.0,26389.0,115.25185,125.642,30.108087170794576,-3.4585993443655383,-2.355831126204045,-1.1027682181614935
2022-09-28 04:00:00+00:00,115.83,118.94,115.09,118.35,2091497.0,34831.0,117.901634,125.08333333333333,39.39351240356814,-3.323000080706052,-2.5492649171044466,-0.7737351636016054
2022-09-29 04:00:00+00:00,117.73,118.25,116.1,117.47,1644636.0,30230.0,117.311258,124.56,37.90670989405338,-3.249091824782468,-2.689230298640051,-0.5598615261424169
2022-09-30 04:00:00+00:00,117.7,118.51,115.55,115.71,2185930.0,33068.0,116.42773,124.00133333333333,35.05689466404762,-3.2945586690043456,-2.81029597271291,-0.48426269629143537
2022-10-03 04:00:00+00:00,116.23,120.43,116.01,119.86,2602109.0,39252.0,119.211164,123.64733333333332,45.46750300084473,-2.961581881212325,-2.840553154412793,-0.12102872679953203
2022-10-04 04:00:00+00:00,120.62,123.34,120.62,123.2,2039042.0,37281.0,122.597776,123.48333333333333,52.11994034887087,-2.4005136642104503,-2.7525452563723247,0.3520315921618744
2022-10-05 04:00:00+00:00,122.7,123.74,121.28,122.67,1704897.0,31006.0,122.592977,123.348,51.05559435114219,-1.9758532245171239,-2.5972068500012844,0.6213536254841605
2022-10-06 04:00:00+00:00,122.88,124.7899,122.66,123.66,1558151.0,28882.0,123.838002,123.28299999999999,52.986860737153776,-1.5416508489794296,-2.3860956497969137,0.8444448008174841
2022-10-07 04:00:00+00:00,122.53,123.34,121.57,122.31,1999547.0,37258.0,122.367968,123.10633333333334,50.08466213735361,-1.2915874396666567,-2.1671940077708625,0.8756065681042058
2022-10-10 04:00:00+00:00,122.4,122.47,119.9,120.68,1080062.0,24150.0,121.074728,122.72333333333333,46.75481855365302,-1.2109783589838088,-1.9759508780134518,0.764972519029643
2022-10-11 04:00:00+00:00,120.23,121.27,118.64,119.25,1578763.0,30146.0,119.647331,122.37833333333333,43.99155975298753,-1.2480968472353027,-1.830380071857822,0.5822832246225194
2022-10-12 04:00:00+00:00,119.34,120.2,118.79,118.88,1139785.0,22630.0,119.263665,122.12533333333333,43.27883616972369,-1.2924706275208422,-1.7227981829904262,0.430327555469584
2022-10-13 04:00:00+00:00,116.34,122.16,116.22,121.22,1620989.0,31364.0,120.582216,121.937,48.91570571156926,-1.1258407331289249,-1.603406693018126,0.47756595988920125
2022-10-14 04:00:00+00:00,122.08,123.22,119.56,120.37,1971251.0,33470.0,120.768734,121.69333333333334,47.085224613573665,-1.050266420051173,-1.4927786384247357,0.4425122183735626
2022-10-17 04:00:00+00:00,123.2,123.58,120.83,121.03,1700397.0,33460.0,121.500329,121.55,48.69076831005311,-0.9264373551606297,-1.3795103817719145,0.4530730266112848
2022-10-18 04:00:00+00:00,122.59,123.985,122.05,123.37,1513622.0,29164.0,123.072679,121.50466666666668,54.01786863525777,-0.632195924204666,-1.2300474902584648,0.5978515660537989
2022-10-19 04:00:00+00:00,122.38,124.6,121.93,123.84,1347651.0,27315.0,123.592291,121.44766666666666,55.02783257342931,-0.3569674991057781,-1.0554314920279275,0.6984639929221494
2022-10-20 04:00:00+00:00,123.62,125.7,122.29,123.55,1360876.0,27100.0,123.766598,121.328,54.23625894304432,-0.160398590562707,-0.8764249117348835,0.7160263211721765
2022-10-21 04:00:00+00:00,123.26,125.31,122.545,124.99,1605711.0,29061.0,124.404799,121.19666666666666,57.50510766000108,0.11030808810281201,-0.6790783117673445,0.7893863998701565
2022-10-24 04:00:00+00:00,125.65,126.38,123.8,125.67,1352506.0,27528.0,125.447729,121.02399999999999,58.99462377804184,0.3753881572783371,-0.46818501795820816,0.8435731752365452
2022-10-25 04:00:00+00:00,126.2,127.81,125.86,127.74,1634544.0,27800.0,127.081603,121.02900000000001,63.220880877837054,0.7439222495693514,-0.22576356445269627,0.9696858140220477
2022-10-26 04:00:00+00:00,127.75,129.54,126.98,127.25,1355906.0,27519.0,127.827445,121.04,61.60234338660672,0.9850937207424408,0.016407892586331158,0.9686858281561097
2022-10-27 04:00:00+00:00,127.16,129.61,127.11,127.7,2233792.0,34214.0,128.304018,121.14966666666666,62.55056235469243,1.1987170247015086,0.25286971900936667,0.9458473056921419
2022-10-28 04:00:00+00:00,128.42,130.45,127.78,128.24,2207732.0,33990.0,128.550453,121.36633333333334,63.70873151392512,1.3955020403423504,0.48139618327596345,0.9141058570663869
2022-10-31 04:00:00+00:00,127.92,128.68,125.155,125.96,2939305.0,43155.0,126.256924,121.46733333333334,55.8543900280746,1.3518948356126117,0.6554959137432932,0.6963989218693185
2022-11-01 04:00:00+00:00,126.29,127.7,125.275,126.27,2576703.0,45004.0,126.144155,121.65833333333333,56.637170467488865,1.3270527824982992,0.7898072874942944,0.5372454950040048
2022-11-02 04:00:00+00:00,126.0,132.71,123.72,128.66,4873967.0,75843.0,129.877841,122.03066666666668,62.201891535318545,1.4831217974942206,0.9284701894942797,0.5546516079999408
2022-11-03 04:00:00+00:00,127.51,129.37,126.575,126.62,2340820.0,42797.0,127.524433,122.33733333333333,55.63863738113643,1.4257613756534937,1.0279284267261226,0.3978329489273711
2022-11-04 04:00:00+00:00,126.87,129.82,126.615,129.76,2231149.0,41547.0,128.704199,122.808,62.24256465482548,1.615057211810722,1.1453541837430425,0.4697030280676795
2022-11-07 05:00:00+00:00,130.18,133.4,129.96,132.42,2714633.0,54707.0,131.904388,123.39466666666665,66.75728233172873,1.957154437155424,1.3077142344255188,0.6494402027299051
2022-11-08 05:00:00+00:00,130.19,131.47,127.83,129.1,2554485.0,54521.0,129.657413,123.86,57.51369570264993,1.938032269694375,1.43377784147929,0.5042544282150849
2022-11-09 05:00:00+00:00,129.0,129.14,126.0,126.29,2412997.0,41686.0,126.960468,124.12466666666667,51.068344769168306,1.6768051325702515,1.4823832996974824,0.19442183287276915
2022-11-10 05:00:00+00:00,129.62,131.55,128.38,130.3,2564900.0,46294.0,130.002607,124.55233333333332,58.25748056979221,1.7729171461331816,1.5404900689846224,0.23242707714855926
2022-11-11 05:00:00+00:00,130.61,131.41,128.41,131.23,2057814.0,37391.0,130.29435,125.06966666666666,59.735014906328715,1.9022024314473356,1.612832541477165,0.28936988997017066
2022-11-14 05:00:00+00:00,131.19,131.69,129.47,129.56,2413095.0,35430.0,130.618953,125.393,55.90807477975873,1.848597427845064,1.6599855187507448,0.18861190909431924
2022-11-15 05:00:00+00:00,130.93,131.87,127.1,128.78,2264011.0,41549.0,129.13548,125.579,54.162711230004675,1.7233103460729922,1.6726504842151946,0.05065986185779758
2022-11-16 05:00:00+00:00,129.21,130.835,128.363,129.34,1464625.0,29601.0,129.660525,125.80133333333333,55.24302569592069,1.6501844518518567,1.668157277742527,-0.017972825890670396
2022-11-17 05:00:00+00:00,127.28,129.62,126.18,128.65,1437920.0,26843.0,128.347849,125.96766666666666,53.5677719410499,1.5190438287230421,1.6383345879386302,-0.11929075921558807
2022-11-18 05:00:00+00:00,129.79,130.28,128.455,130.08,1648485.0,27499.0,129.748952,126.22666666666667,56.5111922023544,1.5130613595625704,1.6132799422634183,-0.10021858270084794
2022-11-21 05:00:00+00:00,129.5,130.02,126.4,127.86,1846893.0,31848.0,127.977696,126.466,51.09591658263112,1.3140373582594975,1.5534314254626342,-0.23939406720313672
2022-11-22 05:00:00+00:00,128.16,129.65,127.02,129.52,1509397.0,26511.0,128.873472,126.80833333333334,54.599305781776366,1.2755537406202535,1.4978558884941582,-0.22230214787390468
2022-11-23 05:00:00+00:00,130.0,131.62,129.4,130.96,1574777.0,26089.0,130.701707,127.211,57.44711788127546,1.3457383280468207,1.4674323764046906,-0.1216940483578699
2022-11-25 05:00:00+00:00,129.98,130.27,129.15,129.5,781275.0,14405.0,129.60579,127.487,53.7647949054329,1.2689229668790603,1.4277304944995646,-0.15880752762050432
2022-11-28 05:00:00+00:00,129.02,130.135,128.165,128.35,1332045.0,26394.0,128.659611,127.753,50.992196190037824,1.1025414392760808,1.362692683454868,-0.2601512441787872
2022-11-29 05:00:00+00:00,127.79,128.7155,126.905,127.59,1330191.0,25443.0,127.58677,127.97166666666666,49.186938308204155,0.8989941861480588,1.2699529839935062,-0.3709587978454474
2022-11-30 05:00:00+00:00,127.685,131.25,126.74,130.78,2808717.0,34328.0,129.846643,128.21866666666668,56.19671229051223,0.9837478290119179,1.2127119529971886,-0.22896412398527066
2022-12-01 05:00:00+00:00,131.83,132.07,130.13,131.62,1806170.0,35803.0,131.309938,128.478,57.84579647217876,1.1059480012954168,1.1913591626568343,-0.08541116136141746
2022-12-02 05:00:00+00:00,130.58,132.86,130.36,132.28,1233191.0,26837.0,131.94412,128.769,59.14718634712243,1.2417350536395304,1.2014343408533734,0.04030071278615699
2022-12-05 05:00:00+00:00,132.17,133.3398,130.01,130.42,1745235.0,36189.0,131.312123,128.95,54.0801063106658,1.1855940256625104,1.198266277815201,-0.012672252152690522
2022-12-06 05:00:00+00:00,130.16,130.16,126.755,127.41,1943951.0,35576.0,127.845478,129.008,47.05479189007925,0.8879838866416208,1.136209799580485,-0.2482259129388642
2022-12-07 05:00:00+00:00,127.77,128.1,125.3249,126.01,1489849.0,27685.0,126.187949,128.95033333333333,44.18003882309895,0.5330131636293629,1.0155704723902605,-0.48255730876089764
2022-12-08 05:00:00+00:00,127.05,127.48,125.23,126.11,2259573.0,39382.0,126.406186,128.91233333333332,44.44113870343115,0.2568051821966151,0.8638174143515315,-0.6070122321549164
2022-12-09 05:00:00+00:00,126.1,126.1,124.18,124.71,1985510.0,33781.0,124.918578,128.81266666666667,41.51348909298226,-0.07420454892240969,0.6762130216967432,-0.7504175706191529
2022-12-12 05:00:00+00:00,125.75,126.12,123.47,125.6,1666843.0,32309.0,124.720084,128.72466666666665,44.03742467307532,-0.26169987046671395,0.4886304432640518,-0.7503303137307658
2022-12-13 05:00:00+00:00,127.76,128.91,124.45,125.68,2410904.0,42969.0,126.109204,128.71533333333335,44.27023082918648,-0.39923381332374674,0.3110575919464921,-0.7102914052702388
2022-12-14 05:00:00+00:00,125.85,126.63,123.77,124.66,1470089.0,29210.0,125.089681,128.66166666666666,41.87813294120153,-0.5838061752393884,0.13208483850931602,-0.7158910137487045
2022-12-15 05:00:00+00:00,123.63,124.24,121.33,121.73,1686540.0,35520.0,122.154165,128.43066666666667,35.88052489066416,-0.9554932830053247,-0.08543078579361213,-0.8700624972117126
2022-12-16 05:00:00+00:00,120.77,121.99,119.9,121.74,4396516.0,37497.0,121.414963,128.268,35.91425899958527,-1.2350145978304283,-0.3153475482009754,-0.919667049629453
2022-12-19 05:00:00+00:00,121.56,121.69,120.3561,120.79,1606698.0,28048.0,120.886139,127.969,34.07989378751823,-1.5157220143135532,-0.555422441423491,-0.9602995728900623
2022-12-20 05:00:00+00:00,120.54,122.055,120.34,120.42,1181146.0,23232.0,120.840608,127.569,33.36511070088447,-1.747891961537519,-0.7939163454462965,-0.9539756160912225
2022-12-21 05:00:00+00:00,121.16,122.785,120.17,122.5,1615141.0,30437.0,122.21761,127.34899999999999,40.87285140505445,-1.743946570199725,-0.9839223903969823,-0.7600241798027427
2022-12-22 05:00:00+00:00,121.81,122.2,120.26,121.42,1335367.0,26439.0,121.13018,127.18666666666667,38.45040799358946,-1.8071352627960664,-1.1485649648767993,-0.6585702979192671
2022-12-23 05:00:00+00:00,121.02,121.93,120.58,121.51,844674.0,19116.0,121.492321,126.89366666666668,38.77605228628917,-1.828868452006347,-1.2846256623027088,-0.5442427897036382
2022-12-27 05:00:00+00:00,121.32,121.37,120.34,120.82,823502.0,20405.0,120.877797,126.54666666666667,37.15310407574005,-1.8800968087721515,-1.4037198915965974,-0.4763769171755541
2022-12-28 05:00:00+00:00,120.9,121.37,119.47,119.54,898275.0,20823.0,120.047425,126.21266666666666,34.2862437184929,-2.000915643175304,-1.5231590419123386,-0.4777566012629655
2022-12-29 05:00:00+00:00,120.12,122.9,119.42,122.19,1222850.0,25877.0,122.096265,125.993,43.93220471984603,-1.8613758052498497,-1.5908023945798409,-0.27057341067000884
2022-12-30 05:00:00+00:00,121.78,122.33,120.79,122.18,1162791.0,23650.0,121.804616,125.75433333333334,43.90601372306109,-1.7316351823139655,-1.618968952126666,-0.1126662301872996
2023-01-03 05:00:00+00:00,123.59,124.7,122.32,122.8,1676899.0,35174.0,123.055133,125.55933333333334,46.05339670165621,-1.5607941223805426,-1.6073339861774412,0.04653986379689856
2023-01-04 05:00:00+00:00,123.4,126.2,123.4,125.01,1497646.0,31392.0,124.986027,125.39033333333333,52.96528882706043,-1.232861165197619,-1.532439421981477,0.2995782567838581
2023-01-05 05:00:00+00:00,124.555,125.3324,124.04,124.68,928400.0,22151.0,124.695681,125.28433333333334,51.8960529462999,-0.9882087210776831,-1.4235932818007184,0.43538456072303533
2023-01-06 05:00:00+00:00,125.17,125.85,123.01,123.89,2781908.0,46907.0,124.140418,125.09666666666666,49.32873311324688,-0.8482877609144595,-1.3085321776234666,0.4602444167090072
