timestamp,open,high,low,close,volume,trade_count,vwap,30sma,rsi,macd,signal,histogram
2022-01-03 05:00:00+00:00,57.098,57.16,55.75,57.07,10622796.0,90593.0,56.628442,,,,,
2022-01-04 05:00:00+00:00,56.6,57.625,56.6,57.01,8840540.0,75044.0,57.129716,,,,,
2022-01-05 05:00:00+00:00,57.0,57.82,56.87,56.98,8553993.0,75879.0,57.210282,,,,,
2022-01-06 05:00:00+00:00,56.88,57.12,56.58,56.73,5689247.0,46513.0,56.81069,,,,,
2022-01-07 05:00:00+00:00,56.73,57.19,56.24,56.64,8409880.0,65587.0,56.724985,,,,,
2022-01-10 05:00:00+00:00,56.75,57.03,56.251,56.82,8735255.0,73916.0,56.693857,,,,,
2022-01-11 05:00:00+00:00,56.77,56.84,55.11,55.62,9588258.0,75777.0,55.807797,,,,,
2022-01-12 05:00:00+00:00,55.49,56.05,55.245,55.99,8990715.0,76973.0,55.811214,,,,,
2022-01-13 05:00:00+00:00,56.42,56.93,56.215,56.49,10049977.0,77828.0,56.553666,,,,,
2022-01-14 05:00:00+00:00,56.5,56.63,56.02,56.24,7383746.0,64978.0,56.299998,,,,,
2022-01-18 05:00:00+00:00,55.44,56.23,55.33,56.04,10246982.0,72375.0,55.96008,,,,,
2022-01-19 05:00:00+00:00,56.06,56.88,56.0,56.49,8896271.0,64639.0,56.509639,,,,,
2022-01-20 05:00:00+00:00,56.8,57.925,56.54,56.98,8418636.0,77421.0,57.353405,,,,,
2022-01-21 05:00:00+00:00,57.25,57.45,56.485,56.77,9370006.0,81256.0,56.870208,,,,,
2022-01-24 05:00:00+00:00,57.06,57.19,54.65,56.1,10141999.0,84478.0,55.794589,,40.20202020202022,,,
2022-01-25 05:00:00+00:00,55.63,56.08,55.1732,55.46,7935454.0,77308.0,55.600898,,35.288500886645764,,,
2022-01-26 05:00:00+00:00,55.64,56.5,55.29,55.7,8227852.0,90792.0,55.877941,,38.332316737828386,,,
2022-01-27 05:00:00+00:00,56.1,57.15,55.61,56.13,11030246.0,100988.0,56.247804,,43.46339389161285,,,
2022-01-28 05:00:00+00:00,55.92,57.37,55.54,57.33,8420437.0,76252.0,56.674314,,54.772972652331184,,,
2022-01-31 05:00:00+00:00,56.75,57.995,56.66,57.95,9598101.0,83289.0,57.724317,,59.30275028472572,,,
2022-02-01 05:00:00+00:00,57.66,58.21,56.925,57.83,7510141.0,68048.0,57.598859,,58.09004630754735,,,
2022-02-02 05:00:00+00:00,41.06,43.09,40.8,42.86,29678824.0,205548.0,42.291458,,15.501863414020448,,,
2022-02-03 05:00:00+00:00,42.19,44.02,42.19,43.79,25563505.0,172509.0,43.419823,,19.45265785271927,,,
2022-02-04 05:00:00+00:00,42.67,43.895,42.62,43.52,17417383.0,119777.0,43.433281,,19.172386330258973,,,
2022-02-07 05:00:00+00:00,43.1,43.74,43.04,43.64,14365175.0,97978.0,43.47507,,19.725962386484767,,,
2022-02-08 05:00:00+00:00,43.88,44.02,42.96,43.02,14715079.0,100537.0,43.264369,,19.001845862360284,-4.841136815218981,,
2022-02-09 05:00:00+00:00,43.16,43.485,42.54,42.6,10166685.0,79470.0,42.896218,,18.506246338492872,-5.009430033653409,,
2022-02-10 05:00:00+00:00,42.1633,42.91,41.955,42.04,10915244.0,87538.0,42.339027,,17.838195625370176,-5.128868537741305,,
2022-02-11 05:00:00+00:00,42.12,42.74,41.99,42.13,10682401.0,83214.0,42.307856,,18.348342539436388,-5.156817581824512,,
2022-02-14 05:00:00+00:00,42.27,42.35,41.28,42.2,12352483.0,83074.0,42.015158,52.47233333333334,18.770794872536797,-5.114363783521341,,
2022-02-15 05:00:00+00:00,42.33,42.51,41.43,41.74,10169742.0,67406.0,41.867956,51.961333333333336,18.107781293118634,-5.059514069369037,,
2022-02-16 05:00:00+00:00,41.96,42.28,41.56,42.0,9462755.0,70914.0,41.98845,51.461000000000006,19.831411888466988,-4.938141625866585,,
2022-02-17 05:00:00+00:00,41.85,42.005,41.43,41.75,7792257.0,69615.0,41.776488,50.95333333333334,19.408409473188655,-4.80671715730066,,
2022-02-18 05:00:00+00:00,41.99,41.99,41.45,41.63,8683847.0,63545.0,41.695826,50.45,19.196747526391277,-4.658544514893734,-4.9681704577099515,0.3096259428162176
2022-02-22 05:00:00+00:00,41.73,41.96,41.36,41.65,10994146.0,70420.0,41.606058,49.95033333333333,19.354605253398347,-4.487770569818288,-4.872090480131619,0.384319910313331
2022-02-23 05:00:00+00:00,41.72,41.89,40.805,40.97,8161910.0,64978.0,41.167681,49.422000000000004,18.062553944324947,-4.357075649091733,-4.769087513923642,0.4120118648319089
2022-02-24 05:00:00+00:00,40.84,41.4,40.11,41.3,11997746.0,115570.0,40.760285,48.94466666666667,20.82487350486521,-4.178701273604069,-4.651010265859727,0.47230899225565803
2022-02-25 05:00:00+00:00,41.34,42.68,41.29,42.6,7513057.0,62518.0,42.271823,48.498333333333335,30.73181103507862,-3.887625038978655,-4.498333220483513,0.6107081815048581
2022-02-28 05:00:00+00:00,42.15,42.85,41.9,42.56,12598071.0,77196.0,42.465997,48.034000000000006,30.604916424045967,-3.618461321947585,-4.322358840776327,0.7038975188287422
2022-03-01 05:00:00+00:00,42.06,42.645,41.88,42.23,7300032.0,62720.0,42.235805,47.567,29.521892979153165,-3.392666827727261,-4.136420438166514,0.7437536104392528
2022-03-02 05:00:00+00:00,42.34,43.025,42.23,42.76,6740754.0,62422.0,42.737546,47.12433333333333,33.586774101914244,-3.1348202373526206,-3.9361003980037355,0.8012801606511148
2022-03-03 05:00:00+00:00,42.8,43.305,42.765,43.14,6106675.0,58327.0,43.056179,46.67933333333334,36.41828518297641,-2.8667658404795873,-3.722233486498906,0.8554676460193189
2022-03-04 05:00:00+00:00,42.88,44.28,42.54,44.28,8403432.0,74615.0,43.788305,46.256,44.11592669325845,-2.5331418447473837,-3.484415158148602,0.9512733134012183
2022-03-07 05:00:00+00:00,44.17,44.73,43.77,43.83,9545410.0,85669.0,44.077137,45.82466666666667,41.9566013027291,-2.2787852458717524,-3.2432891756932323,0.9645039298214799
2022-03-08 05:00:00+00:00,44.16,44.29,43.095,43.49,7951363.0,76041.0,43.621229,45.40433333333333,40.34961147037758,-2.0806564547769213,-3.0107626315099703,0.930106176733049
2022-03-09 05:00:00+00:00,43.73,43.92,43.255,43.55,8030006.0,69175.0,43.571331,45.007333333333335,40.78066713365812,-1.896929835488642,-2.787996072305705,0.8910662368170632
2022-03-10 05:00:00+00:00,43.31,43.805,43.14,43.6,9624910.0,66053.0,43.529864,44.604,41.162241887179135,-1.7273784404851327,-2.5758725459415905,0.8484941054564579
2022-03-11 05:00:00+00:00,44.24,44.4,43.59,43.63,6146812.0,54836.0,43.898114,44.187333333333335,41.406193541621846,-1.572460641659191,-2.375190165085111,0.8027295234259197
2022-03-14 04:00:00+00:00,43.673,44.12,43.515,43.58,6424554.0,60429.0,43.730608,43.729000000000006,41.100330922637575,-1.437155122446164,-2.1875831565573214,0.7504280341111573
2022-03-15 04:00:00+00:00,43.89,44.015,43.27,43.76,6169293.0,51741.0,43.701338,43.256,42.74015936268114,-1.300409714259935,-2.010148468097844,0.7097387538379092
2022-03-16 04:00:00+00:00,43.64,44.09,42.7103,43.44,8205283.0,80965.0,43.356783,42.77633333333333,40.577287796390124,-1.2039805800483876,-1.8489148904879529,0.6449343104395653
2022-03-17 04:00:00+00:00,43.47,43.745,43.305,43.45,7215816.0,59267.0,43.51336,42.79600000000001,40.6783160323922,-1.1139123913635771,-1.7019143906630778,0.5880019992995007
2022-03-18 04:00:00+00:00,43.31,43.53,42.86,43.25,12793676.0,63957.0,43.229757,42.778000000000006,39.241342287031884,-1.0466064043157814,-1.5708527933936187,0.5242463890778373
2022-03-21 04:00:00+00:00,43.29,43.71,43.21,43.66,8289804.0,73329.0,43.550108,42.782666666666664,43.636949729228,-0.9492401021636283,-1.446530255147621,0.4972901529839926
2022-03-22 04:00:00+00:00,43.81,43.99,43.35,43.63,5562343.0,48823.0,43.583984,42.782333333333334,43.38959602569944,-0.8645315736721813,-1.330130518852533,0.4655989451803517
2022-03-23 04:00:00+00:00,43.62,44.01,43.05,43.7,7002705.0,54485.0,43.591304,42.80499999999999,44.184618486148516,-0.7827282356954299,-1.2206500622211125,0.43792182652568257
2022-03-24 04:00:00+00:00,43.84,44.57,43.78,44.47,4762459.0,45982.0,44.370465,42.867333333333335,52.145847891280006,-0.6482928200646967,-1.1061786137898293,0.4578857937251326
2022-03-25 04:00:00+00:00,44.47,45.545,44.42,45.51,5656370.0,51781.0,45.174731,42.983,60.36821983658382,-0.4526150121481507,-0.9754658934614937,0.522850881313343
2022-03-28 04:00:00+00:00,45.58,46.03,45.32,46.02,17879296.0,122775.0,45.867876,43.11266666666666,63.66523795217187,-0.2534644217617057,-0.8310655991215361,0.5776011773598304
2022-03-29 04:00:00+00:00,46.005,47.02,46.005,46.99,8464033.0,75566.0,46.641388,43.27233333333333,68.95520317201074,-0.017167356111222887,-0.6682859505194735,0.6511185944082506
2022-03-30 04:00:00+00:00,46.95,47.25,46.79,47.23,6125841.0,55632.0,47.042407,43.45533333333333,70.11455284885523,0.1873066110635122,-0.4971674382028764,0.6844740492663886
2022-03-31 04:00:00+00:00,47.4,48.03,47.31,47.63,8071413.0,61010.0,47.716811,43.643,71.99189237050935,0.3772812963307359,-0.32227769129615397,0.69955898762689
2022-04-01 04:00:00+00:00,47.6,47.825,47.285,47.66,10247700.0,64552.0,47.609627,43.839999999999996,72.13328111825382,0.5242155221517208,-0.15297904860657902,0.6771945707582998
2022-04-04 04:00:00+00:00,47.75,47.79,46.83,47.34,6192882.0,52814.0,47.280697,44.03033333333334,68.17962324421721,0.6078338982547464,-0.000816459234313921,0.6086503574890604
2022-04-05 04:00:00+00:00,47.33,48.18,47.33,47.8,8530854.0,58938.0,47.889568,44.23533333333333,70.66843035596443,0.7031151456488018,0.13996986174230924,0.5631452839064925
2022-04-06 04:00:00+00:00,48.06,49.84,47.91,49.71,12321840.0,95693.0,49.23756,44.526666666666664,78.2687369175796,0.9221176597535603,0.29639942134455943,0.6257182384090009
2022-04-07 04:00:00+00:00,49.5,50.13,49.27,50.02,13396548.0,92361.0,49.8072,44.81733333333333,79.21031579664697,1.1079217074452785,0.4587038785647033,0.6492178288805752
2022-04-08 04:00:00+00:00,50.11,50.29,49.25,50.15,5115022.0,55730.0,50.004863,45.069,79.6093130784341,1.2512391612499485,0.6172109351017523,0.6340282261481962
2022-04-11 04:00:00+00:00,49.93,50.14,48.17,48.24,6532214.0,71707.0,48.692863,45.25833333333333,61.0657089816417,1.1969011075499125,0.7331489695913844,0.4637521379585281
2022-04-12 04:00:00+00:00,48.17,48.665,47.755,48.05,7506302.0,67738.0,48.181776,45.452333333333335,59.57899187882997,1.1255319645364992,0.8116255685804074,0.3139063959560918
2022-04-13 04:00:00+00:00,48.06,48.72,47.97,48.64,6980961.0,60354.0,48.416832,45.648333333333326,62.62217479091209,1.1038549212691606,0.8700714391181581,0.23378348215100253
2022-04-14 04:00:00+00:00,48.88,49.35,48.64,49.03,6482180.0,63000.0,49.063992,45.84466666666666,64.52351061787854,1.1054030506606338,0.9171377614266533,0.18826528923398056
2022-04-18 04:00:00+00:00,49.03,49.38,48.815,49.23,5385946.0,50300.0,49.14289,46.00966666666667,65.49291102676402,1.1099732027404343,0.9557048496894096,0.1542683530510247
2022-04-19 04:00:00+00:00,49.33,49.6,49.105,49.5,4275120.0,43879.0,49.428026,46.19866666666667,66.81138085732925,1.1224430004925239,0.9890524798500325,0.13339052064249135
2022-04-20 04:00:00+00:00,50.15,50.66,50.01,50.25,6159241.0,68714.0,50.324394,46.424,70.21570834574652,1.179250471660204,1.027092078212067,0.15215839344813697
2022-04-21 04:00:00+00:00,50.02,50.71,49.7,49.74,5289547.0,54778.0,50.133731,46.630333333333326,65.30985602535053,1.1696352371430265,1.055600709998259,0.11403452714476758
2022-04-22 04:00:00+00:00,49.68,49.86,48.56,48.65,7483241.0,78742.0,49.159687,46.79866666666667,56.26216727493219,1.0618211903031636,1.05684480605924,0.004976384243923659
2022-04-25 04:00:00+00:00,48.65,48.95,47.49,48.77,6195998.0,68718.0,48.282862,46.97,56.968940992829594,0.9748236186730281,1.0404405685819977,-0.0656169499089696
2022-04-26 04:00:00+00:00,48.37,49.34,48.27,48.42,4807106.0,52787.0,48.745017,47.13133333333334,54.21705439852635,0.867633799091891,1.0058792146839766,-0.13824541559208559
2022-04-27 04:00:00+00:00,48.5,48.8527,47.74,47.79,6808359.0,71321.0,48.244721,47.26566666666667,49.57497974810028,0.7235091962965043,0.9494052110064822,-0.2258960147099779
2022-04-28 04:00:00+00:00,47.85,48.5,47.565,48.34,6440722.0,66282.0,48.123894,47.428999999999995,53.3316691761827,0.6462205850317773,0.8887682858115413,-0.24254770077976406
2022-04-29 04:00:00+00:00,48.16,48.3,46.71,46.78,7146117.0,64011.0,47.2117,47.54,43.44508154169508,0.4538580481715897,0.8017862382835511,-0.3479281901119614
2022-05-02 04:00:00+00:00,46.87,47.3,46.07,46.65,6244103.0,74655.0,46.68358,47.65333333333333,42.734130728365734,0.28760411703414945,0.6989498140336707,-0.4113456969995213
2022-05-03 04:00:00+00:00,46.85,47.625,46.535,46.69,4479589.0,51791.0,46.987531,47.754333333333335,43.04298066381484,0.15726153147595312,0.5906121575221271,-0.433350626046174
2022-05-04 04:00:00+00:00,47.24,47.95,46.8,47.92,8065589.0,73761.0,47.493373,47.89733333333333,51.674003724322894,0.15146877605027953,0.5027834812277576,-0.3513147051774781
2022-05-05 04:00:00+00:00,47.64,47.68,46.445,46.9,6958469.0,77986.0,47.016299,48.004000000000005,45.5145147302093,0.06383663118914029,0.41499411122003416,-0.35115748003089386
2022-05-06 04:00:00+00:00,46.86,47.32,46.49,47.06,10852800.0,71414.0,46.966578,48.090333333333334,46.58998829238331,0.007215017623408926,0.33343829250070917,-0.32622327487730024
2022-05-09 04:00:00+00:00,47.06,47.19,46.28,46.73,5543818.0,77830.0,46.724786,48.131,44.63314932535814,-0.06355365417450543,0.25403990316566627,-0.3175935573401717
2022-05-10 04:00:00+00:00,47.22,48.01,46.22,46.76,8774478.0,101282.0,46.900907,48.15566666666667,44.85988619323045,-0.11588177419652368,0.18005556769322828,-0.29593734188975196
2022-05-11 04:00:00+00:00,46.71,48.36,46.6,47.62,9254906.0,92372.0,47.778163,48.17666666666667,51.04858632985173,-0.08695501040527631,0.12665345207352738,-0.2136084624788037
2022-05-12 04:00:00+00:00,47.34,47.695,45.395,45.82,9875384.0,101383.0,45.972695,48.12966666666667,40.741658720736076,-0.20689039478073568,0.05994468270267477,-0.26683507748341045
2022-05-13 04:00:00+00:00,46.16,46.77,45.85,46.73,5525243.0,59497.0,46.481753,48.099666666666664,46.6105312398149,-0.22590654613151884,0.0027744369358360527,-0.2286809830673549
2022-05-16 04:00:00+00:00,46.86,47.255,46.41,46.87,4625590.0,46799.0,46.911904,48.07333333333333,47.47244477350061,-0.22706271546752532,-0.043192993544836224,-0.1838697219226891
2022-05-17 04:00:00+00:00,47.0,47.555,46.37,47.54,5016972.0,51564.0,47.296026,48.08,51.50719673463368,-0.1719336434035128,-0.06894112351657154,-0.10299251988694126
2022-05-18 04:00:00+00:00,47.655,47.89,46.95,47.15,5557794.0,69307.0,47.361767,48.05833333333333,49.14101413730568,-0.15789310382739785,-0.08673151957873682,-0.07116158424866104
2022-05-19 04:00:00+00:00,47.06,47.52,46.415,47.35,5710731.0,58300.0,47.088527,47.97966666666666,50.39940992781948,-0.12913891351759332,-0.09521299836650812,-0.0339259151510852
2022-05-20 04:00:00+00:00,47.37,47.62,46.345,47.15,6079542.0,55581.0,46.937001,47.884,49.09131603225481,-0.12109344916071052,-0.10038908852534861,-0.020704360635361907
2022-05-23 04:00:00+00:00,47.8,48.15,47.41,47.89,4277103.0,47424.0,47.84073,47.80866666666667,53.86277650110465,-0.05437870131231648,-0.09118701108274219,0.03680830977042571
2022-05-24 04:00:00+00:00,47.9,49.02,47.48,48.83,6328873.0,63857.0,48.412687,47.82833333333333,59.10601604312476,0.07349614331319998,-0.05825038020355376,0.13174652351675376
2022-05-25 04:00:00+00:00,48.83,49.19,48.66,49.02,5103601.0,56904.0,48.941882,47.86066666666667,60.093216614848984,0.18800211966296132,-0.008999880230250744,0.19700199989321207
2022-05-26 04:00:00+00:00,49.05,49.495,49.01,49.16,4984384.0,45250.0,49.220039,47.87800000000001,60.8433027658927,0.28674039606617896,0.050148175029035194,0.23659222103714378
2022-05-27 04:00:00+00:00,49.04,49.86,48.94,49.85,5202003.0,50452.0,49.650968,47.90533333333334,64.39533624554409,0.41587448275171823,0.12329343657357181,0.2925810461781464
2022-05-31 04:00:00+00:00,49.47,49.68,48.86,49.15,12073985.0,56340.0,49.18659,47.90266666666667,58.58877455418851,0.4564681463058875,0.18992837852003497,0.26653976778585253
2022-06-01 04:00:00+00:00,49.5,49.5,48.69,49.18,3746911.0,46646.0,49.108069,47.892,58.76040208313153,0.48546354485908694,0.24903541178784538,0.23642813307124155
2022-06-02 04:00:00+00:00,49.48,49.49,48.08,48.99,5162961.0,50647.0,48.810824,47.85,57.14505970198513,0.4874916942114922,0.29672666827257477,0.19076502593891742
2022-06-03 04:00:00+00:00,48.74,49.195,48.67,48.74,3613368.0,39171.0,48.859067,47.81666666666667,55.00249801869726,0.46358221926865895,0.3300977784717916,0.13348444079686733
2022-06-06 04:00:00+00:00,49.1,49.14,48.435,48.55,4383440.0,44917.0,48.702478,47.813333333333325,53.36489519095095,0.4244100412448617,0.34896023102640567,0.07544981021845604
2022-06-07 04:00:00+00:00,48.585,49.13,48.3,49.05,4025626.0,40629.0,48.790026,47.82266666666667,56.9936670512892,0.42876904659664206,0.36492199414045295,0.0638470524561891
2022-06-08 04:00:00+00:00,48.93,49.23,48.06,48.17,5488562.0,50421.0,48.503279,47.81433333333333,49.66838872381003,0.357098534589106,0.3633573022301836,-0.006258767641077578
2022-06-09 04:00:00+00:00,47.922,48.15,46.53,46.66,5240338.0,50834.0,47.261101,47.776666666666664,40.13584335116996,0.17642108461637207,0.3259700587074213,-0.14954897409104922
2022-06-10 04:00:00+00:00,46.12,46.42,45.7,46.01,6559394.0,62142.0,46.105052,47.699,36.85665876327191,-0.01899767060005786,0.2569765128459255,-0.27597418344598335
2022-06-13 04:00:00+00:00,45.26,45.44,43.52,43.68,6615463.0,67963.0,44.25222,47.59566666666667,28.01936939578397,-0.35775598114740603,0.13403001404725917,-0.4917859951946652
2022-06-14 04:00:00+00:00,43.81,43.91,41.725,42.31,9113611.0,77112.0,42.542057,47.451,24.32599704887565,-0.72837567196202,-0.03845112315459667,-0.6899245488074234
2022-06-15 04:00:00+00:00,42.66,43.04,41.65,42.26,7349517.0,71046.0,42.347961,47.30333333333333,24.200617901639276,-1.0144352511249082,-0.233647948748659,-0.7807873023762492
2022-06-16 04:00:00+00:00,41.51,41.73,40.765,41.22,7845738.0,69802.0,41.180752,47.080000000000005,21.69578867363178,-1.3099584513109264,-0.44891004926111244,-0.8610484020498139
2022-06-17 04:00:00+00:00,41.39,41.61,40.17,40.91,14636596.0,76518.0,40.896438,46.880333333333326,20.99812638111453,-1.551294765401849,-0.6693869924892598,-0.8819077729125891
2022-06-21 04:00:00+00:00,41.23,41.888,41.01,41.6,6419612.0,56998.0,41.584218,46.69833333333334,26.651807445775333,-1.6676546152975575,-0.8690405170509194,-0.7986140982466381
2022-06-22 04:00:00+00:00,41.27,42.165,41.11,41.69,5918246.0,48582.0,41.802513,46.53033333333334,27.381798445124602,-1.7326356416796997,-1.0417595419766756,-0.6908760997030241
2022-06-23 04:00:00+00:00,41.95,42.415,41.805,42.23,4899463.0,47508.0,42.159836,46.379333333333335,31.769552178654365,-1.7207246436408639,-1.1775525623095133,-0.5431720813313505
2022-06-24 04:00:00+00:00,42.31,43.36,42.105,43.29,7063630.0,50958.0,43.113009,46.235,39.49754234133135,-1.607224862913668,-1.2634870224303443,-0.3437378404833238
2022-06-27 04:00:00+00:00,43.21,44.155,43.09,43.89,4445243.0,41144.0,43.838939,46.17066666666666,43.405018439132796,-1.4521213325671312,-1.3012138844577017,-0.15090744810942947
2022-06-28 04:00:00+00:00,43.97,44.405,43.6,43.88,5842888.0,51687.0,43.934955,46.07566666666666,43.354761787404485,-1.3148508021524208,-1.3039412679966456,-0.010909534155775225
2022-06-29 04:00:00+00:00,43.94,44.47,43.93,44.34,4820793.0,46344.0,44.218468,45.99133333333334,46.42758346476165,-1.155623454367074,-1.2742777052707313,0.11865425090365722
2022-06-30 04:00:00+00:00,44.15,45.655,43.88,45.32,10661452.0,74438.0,45.230494,45.91733333333333,52.35717020843827,-0.9395265470780743,-1.2073274736322,0.2678009265541257
2022-07-01 04:00:00+00:00,45.19,46.13,45.14,46.07,7682464.0,57541.0,45.801097,45.88133333333334,56.33995836000085,-0.6996839382667233,-1.1057987665591047,0.40611482829238144
2022-07-05 04:00:00+00:00,45.84,45.9,42.745,43.62,8065009.0,72442.0,43.552739,45.757,43.536377420085316,-0.6992410517248686,-1.0244872235922575,0.3252461718673889
2022-07-06 04:00:00+00:00,44.14,44.71,43.54,44.26,4615781.0,54031.0,44.19323,45.660666666666664,46.92925864878875,-0.6398713707963566,-0.9475640530330773,0.30769268223672075
2022-07-07 04:00:00+00:00,44.81,45.13,44.35,44.39,4554267.0,45538.0,44.610726,45.544,47.61780264076777,-0.5756943117122333,-0.8731901047689086,0.2974957930566753
2022-07-08 04:00:00+00:00,44.56,44.7,44.005,44.29,3449768.0,32991.0,44.335098,45.39266666666666,47.11146007970383,-0.5268297291054438,-0.8039180296362156,0.2770883005307718
2022-07-11 04:00:00+00:00,44.235,44.54,43.74,44.43,3807615.0,39751.0,44.274141,45.23966666666667,47.94599015405521,-0.4713736631986336,-0.7374091563486993,0.2660354931500657
2022-07-12 04:00:00+00:00,44.38,44.97,44.0,44.23,3993880.0,40326.0,44.512132,45.07533333333333,46.80966507566812,-0.4385078148306434,-0.6776288880450883,0.23912107321444487
2022-07-13 04:00:00+00:00,43.67,44.26,43.47,43.6,4895213.0,46528.0,43.80895,44.867,43.32631376312656,-0.45801738873229425,-0.6337065881825295,0.1756891994502352
2022-07-14 04:00:00+00:00,42.89,44.22,42.74,44.15,4504104.0,41375.0,43.784465,44.70033333333333,47.0321076393111,-0.4242084521739642,-0.5918069609808164,0.16759850880685223
2022-07-15 04:00:00+00:00,44.31,44.6,43.635,44.23,4905260.0,43738.0,44.180674,44.535333333333334,47.56913792365706,-0.38650391837840914,-0.550746352460335,0.16424243408192585
2022-07-18 04:00:00+00:00,44.3,44.52,43.735,43.76,3669435.0,40790.0,43.977548,44.361000000000004,44.7016463050653,-0.3900516036567865,-0.5186074026996254,0.12855579904283887
2022-07-19 04:00:00+00:00,44.22,44.35,43.62,43.7,7203837.0,51566.0,43.807791,44.193,44.33423361068477,-0.39317242142580966,-0.4935204064448623,0.10034798501905262
2022-07-20 04:00:00+00:00,43.9,44.12,43.09,43.1,8757963.0,65264.0,43.377335,44.01133333333334,40.72910936863807,-0.43900015704055306,-0.4826163565640004,0.04361619952344736
2022-07-21 04:00:00+00:00,43.17,43.285,42.73,43.26,6199937.0,43594.0,43.11164,43.818333333333335,42.08165093431331,-0.45713869455022405,-0.47752082416124514,0.020382129611021094
2022-07-22 04:00:00+00:00,43.48,44.095,43.4709,44.02,4107386.0,41588.0,43.841776,43.68,48.13582538647743,-0.40551346103728747,-0.46311935153645367,0.0576058904991662
2022-07-25 04:00:00+00:00,44.1,44.56,43.88,44.42,3559590.0,32574.0,44.361136,43.605333333333334,51.03677291315709,-0.3285362728315704,-0.4362027357954771,0.1076664629639067
2022-07-26 04:00:00+00:00,44.63,44.965,44.35,44.7,4655737.0,41055.0,44.71413,43.56166666666666,53.01779151486136,-0.24214632454695817,-0.3973914535457733,0.15524512899881515
2022-07-27 04:00:00+00:00,44.54,44.67,44.015,44.46,7058177.0,51386.0,44.393343,43.587666666666664,51.10901990729767,-0.19084768900149385,-0.3560827006369175,0.16523501163542365
2022-07-28 04:00:00+00:00,45.03,46.3,44.81,46.27,8173456.0,66298.0,45.73636,43.71966666666666,62.1705336799999,-0.0040940835000498055,-0.28568497720954394,0.28159089370949414
2022-07-29 04:00:00+00:00,46.02,46.745,46.02,46.49,4580765.0,41427.0,46.515687,43.86066666666667,63.258636363063154,0.1598193576592024,-0.19658411023579467,0.3564034678949971
2022-08-01 04:00:00+00:00,46.41,46.6,45.52,46.11,5677242.0,47267.0,45.952585,44.02366666666667,60.04594539167003,0.2561068758590892,-0.1060459130168179,0.3621527888759071
2022-08-02 04:00:00+00:00,46.28,46.52,45.75,45.83,5300317.0,49870.0,46.131712,44.18766666666667,57.71981953073054,0.30629103540761093,-0.02357852333193214,0.32986955873954305
2022-08-03 04:00:00+00:00,44.27,44.99,43.96,44.31,10693172.0,92891.0,44.347518,44.278,47.06156419069409,0.22086505174439708,0.025310191683333705,0.19555486006106337
2022-08-04 04:00:00+00:00,44.49,45.365,44.43,45.06,6942443.0,59278.0,45.067016,44.39033333333334,51.791816259341545,0.21124794144706982,0.06249774163608093,0.1487501998109889
2022-08-05 04:00:00+00:00,45.0,45.595,44.13,44.77,11593216.0,97989.0,44.904742,44.475,49.93388371186949,0.17817188134008433,0.08563256957688162,0.09253931176320271
2022-08-08 04:00:00+00:00,45.37,45.53,44.7018,44.98,3993606.0,42312.0,45.031804,44.531333333333336,51.29638212465287,0.16697927719540928,0.10190191110058715,0.06507736609482213
2022-08-09 04:00:00+00:00,45.13,45.575,44.965,45.4,4915981.0,46561.0,45.373982,44.58166666666667,53.99306619885935,0.18981151865248336,0.1194838326109664,0.07032768604151696
2022-08-10 04:00:00+00:00,45.56,45.68,44.85,45.53,4985958.0,44409.0,45.35753,44.63666666666666,54.826801959842925,0.21590730305728556,0.13876852670023024,0.07713877635705532
2022-08-11 04:00:00+00:00,45.59,46.3,45.43,45.7,4249044.0,51806.0,45.903014,44.682,55.95097128048996,0.2474534896643803,0.16050551929306026,0.08694797037132004
2022-08-12 04:00:00+00:00,45.5,46.26,45.49,46.17,4870299.0,43805.0,46.043107,44.71033333333334,58.98960572128887,0.3068420576367288,0.18977282696179398,0.1170692306749348
2022-08-15 04:00:00+00:00,46.025,46.75,46.02,46.7,4595239.0,45316.0,46.521244,44.73133333333333,62.15961383696499,0.3921539891519572,0.23024905939982665,0.16190492975213056
2022-08-16 04:00:00+00:00,46.65,47.23,46.57,46.69,5112433.0,51788.0,46.937426,44.833666666666666,62.062136878859846,0.45372710940861083,0.2749446694015835,0.1787824400070273
2022-08-17 04:00:00+00:00,46.42,46.54,45.99,46.25,5554934.0,47043.0,46.235271,44.9,57.76944961377178,0.46169776363351644,0.31229528824797015,0.1494024753855463
2022-08-18 04:00:00+00:00,46.32,46.71,46.135,46.31,6845268.0,50634.0,46.342918,44.964000000000006,58.194092098037515,0.46746739000763426,0.34332970859990297,0.12413768140773129
2022-08-19 04:00:00+00:00,46.26,46.49,46.04,46.14,7242671.0,50791.0,46.222344,45.025666666666666,56.46175104475942,0.45309923528641605,0.3652836139372056,0.08781562134921045
2022-08-22 04:00:00+00:00,45.94,46.03,45.2187,45.35,3908733.0,36497.0,45.532344,45.056333333333335,49.14091629325811,0.37365866694031524,0.3669586245378275,0.006700042402487727
2022-08-23 04:00:00+00:00,45.27,45.36,44.71,45.07,7156234.0,48130.0,45.064107,45.08433333333333,46.82359303241321,0.28482450465273956,0.3505318005608099,-0.06570729590807034
2022-08-24 04:00:00+00:00,44.96,45.54,44.925,45.49,8468117.0,49788.0,45.317586,45.147333333333336,50.5876390032972,0.24548349995845342,0.3295221404403386,-0.0840386404818852
2022-08-25 04:00:00+00:00,45.68,45.94,45.28,45.82,7465196.0,42661.0,45.728284,45.202999999999996,53.379914880178845,0.23818802904460057,0.311255318161191,-0.07306728911659044
2022-08-26 04:00:00+00:00,46.07,46.14,44.67,44.71,7581739.0,57602.0,45.134014,45.21900000000001,44.30974031149198,0.14121080221414672,0.27724641497178215,-0.13603561275763543
2022-08-29 04:00:00+00:00,44.38,45.37,44.24,45.0,5045450.0,39688.0,44.961297,45.26033333333333,46.850684617765815,0.08675615666648184,0.2391483633107221,-0.15239220664424025
2022-08-30 04:00:00+00:00,44.97,45.11,43.88,44.06,4535620.0,40073.0,44.254276,45.272333333333336,40.41399937401032,-0.031882168553671875,0.1849422569378433,-0.21682442549151518
2022-08-31 04:00:00+00:00,44.04,44.69,43.9,43.91,8358856.0,43638.0,44.070995,45.29933333333334,39.48183657641438,-0.1364349057654337,0.12066682439718791,-0.2571017301626216
2022-09-01 04:00:00+00:00,43.72,44.585,43.72,44.45,5398737.0,45671.0,44.304778,45.339000000000006,44.449320767245744,-0.17371770664911423,0.061789918187927485,-0.2355076248370417
2022-09-02 04:00:00+00:00,44.72,45.265,43.99,44.08,6895097.0,60063.0,44.551965,45.341,41.91086265440059,-0.23046385883263554,0.0033391627838148807,-0.23380302161645042
2022-09-06 04:00:00+00:00,44.21,44.91,43.795,43.89,5565736.0,53859.0,44.217656,45.32333333333333,40.62775167219163,-0.28745342126892126,-0.05481935402673235,-0.2326340672421889
2022-09-07 04:00:00+00:00,44.18,45.49,44.11,45.11,10209958.0,70642.0,45.105713,45.337,51.00101926415424,-0.23150560356209127,-0.09015660393380415,-0.14134899962828712
2022-09-08 04:00:00+00:00,44.86,45.675,44.81,45.37,7183082.0,65544.0,45.344922,45.367333333333335,52.890066333584926,-0.16429286201330484,-0.1049838555497043,-0.059309006463600544
2022-09-09 04:00:00+00:00,45.77,46.13,45.43,45.84,6476686.0,55823.0,45.848996,45.353,56.17894432374326,-0.07226814584814178,-0.0984407136093918,0.026172567761250015
2022-09-12 04:00:00+00:00,45.94,46.19,45.6,46.11,7598293.0,48298.0,45.985469,45.340333333333334,57.99322790308504,0.022193020900601823,-0.07431396670739308,0.0965069876079949
2022-09-13 04:00:00+00:00,45.63,45.73,43.82,44.02,7929268.0,63209.0,44.480253,45.27066666666666,43.11330054501111,-0.07077550111563369,-0.0736062735890412,0.002830772473407517
2022-09-14 04:00:00+00:00,44.04,44.71,44.01,44.35,6670378.0,65789.0,44.346673,45.221333333333334,45.491457088088225,-0.1164827419988228,-0.08218156727099753,-0.034301174727825276
2022-09-15 04:00:00+00:00,44.08,44.1,43.105,43.24,5728993.0,48488.0,43.406826,45.18566666666667,39.50852300014931,-0.239512828252046,-0.11364781946720723,-0.12586500878483878
2022-09-16 04:00:00+00:00,43.23,43.405,42.815,43.21,12975374.0,62838.0,43.197132,45.123999999999995,39.357862697145,-0.33556759294329197,-0.1580317741624242,-0.17753581878086777
2022-09-19 04:00:00+00:00,42.94,43.395,42.775,43.39,6484621.0,48528.0,43.200865,45.077999999999996,40.81616341947885,-0.3926410684940649,-0.20495363302875236,-0.18768743546531252
2022-09-20 04:00:00+00:00,42.99,43.165,42.64,42.78,6440952.0,42100.0,42.81789,45.004666666666665,37.52300783859158,-0.48154318103675564,-0.260271542630353,-0.22127163840640263
2022-09-21 04:00:00+00:00,43.02,43.3592,42.07,42.1,6408755.0,49463.0,42.75757,44.89466666666667,34.20948223325017,-0.5999531759800476,-0.32820786930029194,-0.27174530667975566
2022-09-22 04:00:00+00:00,42.06,42.11,41.475,41.68,6492397.0,55449.0,41.755673,44.766333333333336,32.311571306519554,-0.7193917398133323,-0.40644464340290004,-0.3129470964104322
2022-09-23 04:00:00+00:00,41.17,41.89,40.81,41.67,8677264.0,67770.0,41.558353,44.632,32.26567207295885,-0.8055684865224464,-0.4862694120268094,-0.319299074495637
2022-09-26 04:00:00+00:00,41.67,41.7,40.18,40.58,6173011.0,58867.0,40.672034,44.44566666666666,27.6543815268368,-0.9508571799666612,-0.5791869656147798,-0.3716702143518814
2022-09-27 04:00:00+00:00,40.73,41.0,39.73,40.15,8304180.0,72760.0,40.222922,44.227333333333334,26.071410589239917,-1.0881533679361581,-0.6809802460790555,-0.40717312185710264
2022-09-28 04:00:00+00:00,40.37,40.57,39.63,39.68,10338448.0,74083.0,39.914706,43.99366666666667,24.425640951452564,-1.2208138756850602,-0.7889469720002564,-0.43186690368480374
2022-09-29 04:00:00+00:00,39.42,39.47,37.375,37.75,14031140.0,100854.0,37.865843,43.71033333333334,19.095106677531447,-1.4647978760503264,-0.9241171528102705,-0.5406807232400559
2022-09-30 04:00:00+00:00,37.94,38.23,37.36,37.46,9605978.0,71255.0,37.681756,43.41533333333333,18.443778247103154,-1.6623944817376426,-1.071772618595745,-0.5906218631418976
2022-10-03 04:00:00+00:00,38.25,38.84,37.78,38.48,10537729.0,78568.0,38.534099,43.16,27.775263419776962,-1.7168944493645952,-1.2007969847495152,-0.51609746461508
2022-10-04 04:00:00+00:00,38.75,40.04,38.67,40.01,12357292.0,95502.0,39.699203,42.98199999999999,39.042047815687106,-1.6179768234385392,-1.2842329524873202,-0.33374387095121905
2022-10-05 04:00:00+00:00,39.25,39.36,38.165,38.7,9915337.0,72993.0,38.736039,42.769666666666666,34.132448903578066,-1.626540201149595,-1.3526944022197753,-0.27384579892981975
2022-10-06 04:00:00+00:00,38.56,38.665,37.685,37.76,7818558.0,70200.0,37.984208,42.51199999999999,31.10939283964143,-1.6896990845283426,-1.420095338681489,-0.26960374584685365
2022-10-07 04:00:00+00:00,37.69,37.84,36.76,36.96,7119519.0,60647.0,37.02828,42.21666666666667,28.773672385564353,-1.783744373961511,-1.4928251457374935,-0.2909192282240176
2022-10-10 04:00:00+00:00,37.17,37.92,37.17,37.81,11501206.0,78563.0,37.693449,41.986666666666665,34.40861804307433,-1.7692927417628752,-1.54811866494257,-0.2211740768203052
2022-10-11 04:00:00+00:00,37.7,38.24,37.4,37.47,8314983.0,70082.0,37.799122,41.73566666666667,33.27463350084949,-1.7649298647780398,-1.591480904909664,-0.17344895986837572
2022-10-12 04:00:00+00:00,37.54,37.545,35.94,35.96,7563598.0,59022.0,36.427357,41.46566666666667,28.743901860737623,-1.8618543359178048,-1.6455555911112925,-0.21629874480651234
2022-10-13 04:00:00+00:00,35.41,37.42,35.32,37.23,9298059.0,79520.0,36.66437,41.243,36.56704792371692,-1.8152640573416363,-1.6794972843573615,-0.13576677298427486
2022-10-14 04:00:00+00:00,37.58,37.85,36.485,36.59,6825311.0,51243.0,36.718023,40.980999999999995,34.51080050090437,-1.8091290635017074,-1.7054236401862308,-0.10370542331547661
2022-10-17 04:00:00+00:00,37.3,37.85,37.01,37.1,7906186.0,62916.0,37.27917,40.748333333333335,37.52562658823804,-1.7430218282880716,-1.7129432778065992,-0.030078550481472455
2022-10-18 04:00:00+00:00,37.56,38.05,37.27,37.56,7505432.0,65778.0,37.560596,40.537333333333336,40.19967028687667,-1.6346697570718192,-1.6972885736596433,0.06261881658782409
2022-10-19 04:00:00+00:00,36.932,37.46,36.78,36.85,6263270.0,51819.0,37.018866,40.26199999999999,37.5295825901039,-1.5877879946423121,-1.675388457856177,0.08760046321386494
2022-10-20 04:00:00+00:00,36.64,36.67,35.185,35.54,10085720.0,73114.0,35.737575,39.93433333333334,33.153993659707126,-1.63746424351217,-1.6678036149873758,0.030339371475205823
2022-10-21 04:00:00+00:00,35.74,36.99,35.45,36.72,11674862.0,89268.0,36.340426,39.630333333333326,39.9460285614283,-1.563592766204934,-1.6469614452308876,0.08336867902595357
2022-10-24 04:00:00+00:00,36.95,37.26,36.665,36.87,5191302.0,47689.0,36.929105,39.32233333333333,40.76990261346959,-1.4759317196969306,-1.6127555001240963,0.1368237804271657
2022-10-25 04:00:00+00:00,36.87,37.87,36.85,37.76,7483723.0,51623.0,37.597766,39.11366666666667,45.5435652927194,-1.3194345269092125,-1.5540913054811196,0.23465677857190714
2022-10-26 04:00:00+00:00,37.81,38.29,37.36,37.61,13304968.0,75922.0,37.661211,38.888999999999996,44.88694356304031,-1.1937522872389579,-1.4820235018326875,0.2882712145937296
2022-10-27 04:00:00+00:00,38.06,38.55,37.61,37.7,9687821.0,65954.0,37.99181,38.70433333333333,45.39563162647637,-1.0744997941954324,-1.4005187603052365,0.3260189661098041
2022-10-28 04:00:00+00:00,37.75,38.81,37.75,38.76,7588905.0,52606.0,38.52113,38.556000000000004,51.11821520328716,-0.8842649373186546,-1.2972679957079203,0.41300305838926565
2022-10-31 04:00:00+00:00,38.7,38.86,38.39,38.59,6290032.0,52742.0,38.629869,38.396,50.209396004686084,-0.7387046940411892,-1.185555335374574,0.4468506413333848
2022-11-01 04:00:00+00:00,38.9,39.01,38.54,38.76,5368675.0,52407.0,38.764816,38.26200000000001,51.1447959194606,-0.6026822277236192,-1.068980713844383,0.46629848612076374
2022-11-02 04:00:00+00:00,38.49,39.2661,37.98,38.04,8454178.0,84693.0,38.470289,38.126666666666665,47.108204938214236,-0.546679643255743,-0.964520499726655,0.41784085647091196
2022-11-03 04:00:00+00:00,36.12,37.8,36.1,36.96,14922120.0,102175.0,37.154653,37.96933333333334,41.78134090338776,-0.5827268532224394,-0.8881617704258119,0.30543491720337246
2022-11-04 04:00:00+00:00,37.18,37.53,36.38,37.18,12528102.0,92487.0,37.009177,37.81966666666666,43.19056206841041,-0.586778349883275,-0.8278850863173046,0.24110673643402958
2022-11-07 05:00:00+00:00,37.47,37.63,36.025,36.68,11146216.0,83696.0,36.703138,37.68966666666667,40.774870118967854,-0.6231517065277004,-0.7869384103593838,0.16378670383168348
2022-11-08 05:00:00+00:00,36.62,37.82,36.62,37.71,11544213.0,80181.0,37.449414,37.608333333333334,47.312391016993615,-0.5623826645080712,-0.7420272611891214,0.17964459668105026
2022-11-09 05:00:00+00:00,37.57,38.27,37.54,37.69,11904393.0,91429.0,37.870573,37.542,47.20343327105015,-0.5099581140424547,-0.6956134317597881,0.18565531771733335
2022-11-10 05:00:00+00:00,38.99,39.11,38.19,39.0,8648381.0,70508.0,38.732843,37.583666666666666,54.58149131000149,-0.35857183531249603,-0.6282051124703297,0.2696332771578337
2022-11-11 05:00:00+00:00,39.16,39.365,38.46,39.11,7487782.0,64616.0,38.987527,37.63866666666667,55.14828049600825,-0.2271031344806218,-0.5479847168723881,0.32088158239176634
2022-11-14 05:00:00+00:00,39.0,39.07,38.03,38.06,6553758.0,52621.0,38.341559,37.62466666666667,48.87804554564052,-0.20527320494590384,-0.4794424144870913,0.27416920954118745
2022-11-15 05:00:00+00:00,38.42,38.83,37.78,38.24,6882168.0,59808.0,38.242565,37.565666666666665,49.92905237682733,-0.171471713658633,-0.41784827432139965,0.24637656066276664
2022-11-16 05:00:00+00:00,38.31,38.72,38.025,38.06,5964019.0,50376.0,38.234113,37.54433333333334,48.84755467531842,-0.1573939445457171,-0.36575740836626314,0.20836346382054605
2022-11-17 05:00:00+00:00,37.66,37.88,37.24,37.48,5341799.0,42757.0,37.496174,37.535,45.43263586254274,-0.1908384964424812,-0.3307736259815067,0.13993512953902554
2022-11-18 05:00:00+00:00,37.84,38.725,37.595,38.58,7599060.0,60816.0,38.291893,37.589000000000006,52.25060187751004,-0.1271174075132535,-0.2900423822878561,0.1629249747746026
2022-11-21 05:00:00+00:00,38.51,38.83,38.355,38.7,5784330.0,49104.0,38.591359,37.61866666666667,52.941373280181196,-0.0661721964431905,-0.245268345118923,0.1790961486757325
2022-11-22 05:00:00+00:00,39.05,39.52,38.92,39.45,7653647.0,49268.0,39.306419,37.684666666666665,57.11695304620324,0.04216005948284618,-0.1877826641985692,0.22994272368141538
2022-11-23 05:00:00+00:00,39.3,39.88,39.21,39.87,6215564.0,43774.0,39.60113,37.815000000000005,59.29514646671568,0.16005957555614714,-0.11821421624762594,0.2782737918037731
2022-11-25 05:00:00+00:00,39.98,40.27,39.94,40.07,3381201.0,30292.0,40.124042,37.909666666666666,60.32851365395101,0.2665613664904356,-0.04125909970001363,0.3078204661904492
2022-11-28 05:00:00+00:00,40.03,40.41,39.83,40.23,10027553.0,72280.0,40.165801,38.031,61.17762614295017,0.35972873697752306,0.03893846763549371,0.32079026934202937
2022-11-29 05:00:00+00:00,40.01,40.11,39.61,40.0,7992471.0,62137.0,39.879388,38.12766666666666,59.21555348346968,0.4102760644306258,0.11320598699452013,0.2970700774361057
2022-11-30 05:00:00+00:00,39.95,41.39,39.89,41.37,13024818.0,69492.0,41.125006,38.25466666666667,66.17450804959601,0.5544909099915358,0.2014629715939233,0.35302793839761254
2022-12-01 05:00:00+00:00,41.66,42.04,41.175,41.53,7897042.0,60356.0,41.495716,38.41066666666667,66.88515877570984,0.6739242971404948,0.29595523670323765,0.3779690604372572
2022-12-02 05:00:00+00:00,41.18,41.47,40.79,41.45,5769467.0,49575.0,41.190933,38.60766666666666,66.13697021150551,0.7534356483581632,0.3874513190342228,0.3659843293239404
2022-12-05 05:00:00+00:00,41.18,41.79,41.07,41.75,8675586.0,50544.0,41.634112,38.775333333333336,67.60060961663413,0.8310763292454126,0.4761763210764608,0.35490000816895184
2022-12-06 05:00:00+00:00,41.76,42.995,41.76,42.87,19809316.0,128643.0,42.63168,38.97533333333333,72.39729633777671,0.9717796965588406,0.5752969961729367,0.39648270038590383
2022-12-07 05:00:00+00:00,42.87,42.94,42.125,42.31,14466069.0,78293.0,42.469879,39.126999999999995,67.05200965265891,1.0262706003336532,0.66549171700508,0.3607788833285732
2022-12-08 05:00:00+00:00,42.22,42.38,41.57,41.77,9186653.0,66064.0,41.885381,39.26566666666667,62.277076579394084,1.0141905893272067,0.7352314914695054,0.27895909785770134
2022-12-09 05:00:00+00:00,41.83,42.08,41.405,41.42,5334209.0,49857.0,41.655436,39.38966666666667,59.32807687716983,0.9652482378056035,0.7812348407367251,0.18401339706887843
2022-12-12 05:00:00+00:00,41.59,42.53,41.18,42.5,5326053.0,42952.0,42.027454,39.51433333333333,64.85793713775593,1.0020569568379116,0.8253992639569625,0.17665769288094912
2022-12-13 05:00:00+00:00,43.29,43.51,42.19,42.54,8692632.0,62340.0,42.663296,39.645999999999994,65.04748496010333,1.022667127511788,0.8648528366679277,0.15781429084386034
2022-12-14 05:00:00+00:00,42.69,43.65,42.47,42.82,7237028.0,64204.0,42.976045,39.78133333333333,66.4131480486751,1.0494965532247988,0.901781579979302,0.14771497324549687
2022-12-15 05:00:00+00:00,42.7,42.79,41.985,42.38,6088536.0,53335.0,42.333557,39.926,62.29414869502833,1.0234569687751716,0.926116657738476,0.0973403110366956
2022-12-16 05:00:00+00:00,41.85,42.02,40.84,41.93,18626070.0,77546.0,41.74358,40.09166666666667,58.310947220458566,0.9554948217701948,0.9319922905448198,0.023502531225375045
2022-12-19 05:00:00+00:00,41.82,42.32,41.58,41.77,6261042.0,51162.0,41.872936,40.244666666666674,56.91739832465276,0.87859576275752,0.9213129849873599,-0.04271722222983987
2022-12-20 05:00:00+00:00,41.78,42.33,41.43,42.06,7406610.0,51582.0,42.007065,40.424,58.837552088760404,0.8314686280580403,0.903344113601496,-0.07187548554345569
2022-12-21 05:00:00+00:00,42.36,42.722,42.2,42.63,4721872.0,44280.0,42.485045,40.588,62.386050123210865,0.830540318785701,0.888783354638337,-0.058243035852636016
2022-12-22 05:00:00+00:00,42.4,42.55,41.855,42.52,6051859.0,40623.0,42.286837,40.749,61.28800205653553,0.8115732352385976,0.8733413307583893,-0.06176809551979168
2022-12-23 05:00:00+00:00,42.48,43.075,42.375,43.04,3317966.0,37907.0,42.847392,40.88366666666666,64.47151010557626,0.8289457682402812,0.8644622182547677,-0.035516450014486445
2022-12-27 05:00:00+00:00,43.17,43.27,42.86,43.15,6136084.0,38673.0,43.130057,41.01833333333333,65.12486668303241,0.8418849804981221,0.8599467707034386,-0.018061790205316508
2022-12-28 05:00:00+00:00,43.25,43.49,42.85,42.94,3852629.0,36481.0,43.001098,41.181000000000004,62.75232088403285,0.8256762723753681,0.8530926710378245,-0.027416398662456376
2022-12-29 05:00:00+00:00,43.17,43.46,43.04,43.13,3207501.0,35020.0,43.236197,41.34400000000001,64.02916325911687,0.8187244210270563,0.8462190210356708,-0.027494600008614478
2022-12-30 05:00:00+00:00,43.14,43.31,42.85,43.23,6173629.0,50458.0,43.121275,41.516333333333336,64.71474990940419,0.8119248289903211,0.839360182626601,-0.027435353636279802
2023-01-03 05:00:00+00:00,43.25,43.35,42.425,43.16,5154242.0,57398.0,42.934621,41.705666666666666,63.79810253724146,0.7917607631041008,0.829840298722101,-0.03807953561800015
2023-01-04 05:00:00+00:00,43.39,43.96,43.22,43.73,4374049.0,43774.0,43.623318,41.87733333333333,67.79795499821492,0.8124098765766803,0.8263542142930168,-0.013944337716336519
2023-01-05 05:00:00+00:00,43.41,43.48,42.2901,42.78,8047950.0,53651.0,42.725238,42.01333333333333,56.577945076731176,0.7435462489375055,0.8097926212219146,-0.0662463722844091
2023-01-06 05:00:00+00:00,43.24,43.92,43.14,43.67,6971934.0,52303.0,43.657853,42.154,62.79063881836982,0.7521169537907184,0.7982574877356755,-0.046140533944957096
