timestamp,open,high,low,close,volume,trade_count,vwap,30sma,rsi,macd,signal,histogram
2022-01-03 05:00:00+00:00,103.86,107.85,103.53,107.62,4908776.0,52145.0,107.059744,,,,,
2022-01-04 05:00:00+00:00,107.32,110.24,107.29,109.0,5518899.0,58829.0,109.269681,,,,,
2022-01-05 05:00:00+00:00,109.16,110.6,108.28,108.37,3288685.0,53620.0,109.43045,,,,,
2022-01-06 05:00:00+00:00,108.16,109.865,107.64,109.14,2617946.0,41303.0,109.171824,,,,,
2022-01-07 05:00:00+00:00,108.68,109.98,107.83,108.83,2685034.0,34753.0,108.910603,,,,,
2022-01-10 05:00:00+00:00,108.09,108.77,104.41,107.75,3667625.0,51876.0,107.069486,,,,,
2022-01-11 05:00:00+00:00,107.605,109.54,106.38,109.47,2709282.0,38211.0,108.865164,,,,,
2022-01-12 05:00:00+00:00,107.98,109.35,107.05,108.5,3392151.0,48202.0,108.359344,,,,,
2022-01-13 05:00:00+00:00,108.5,110.99,108.19,108.94,3249807.0,48303.0,109.791928,,,,,
2022-01-14 05:00:00+00:00,107.424,109.5,106.92,109.11,3427518.0,48637.0,108.847715,,,,,
2022-01-18 05:00:00+00:00,108.94,109.2,106.07,106.4,4347632.0,52741.0,106.868309,,,,,
2022-01-19 05:00:00+00:00,106.26,107.72,105.93,106.05,3584231.0,44528.0,106.586944,,,,,
2022-01-20 05:00:00+00:00,106.41,109.64,106.11,106.3,4045922.0,41772.0,107.889894,,,,,
2022-01-21 05:00:00+00:00,106.28,107.51,104.74,104.86,4646135.0,58583.0,105.778931,,,,,
2022-01-24 05:00:00+00:00,103.0,104.98,100.25,102.74,7712267.0,84584.0,102.145826,,32.98465829846579,,,
2022-01-25 05:00:00+00:00,101.29,102.42,98.665,101.04,5854442.0,68308.0,100.914611,,29.25030919988582,,,
2022-01-26 05:00:00+00:00,101.53,102.98,98.935,99.97,4759951.0,71403.0,101.164216,,27.165616567773824,,,
2022-01-27 05:00:00+00:00,100.48,102.12,99.144,100.28,3828472.0,57396.0,100.559855,,28.749995524775088,,,
2022-01-28 05:00:00+00:00,100.4,105.0,100.18,104.89,4366180.0,62500.0,103.130642,,47.15859941197933,,,
2022-01-31 05:00:00+00:00,104.7,105.99,103.78,105.7,4182235.0,49889.0,105.299788,,49.62151667242757,,,
2022-02-01 05:00:00+00:00,106.05,108.85,105.41,108.66,4119790.0,58940.0,107.498676,,57.430058347583326,,,
2022-02-02 05:00:00+00:00,107.86,108.58,106.995,108.36,2757837.0,44667.0,108.015886,,56.47464223915075,,,
2022-02-03 05:00:00+00:00,107.95,108.36,106.155,106.28,3601556.0,50486.0,106.630849,,50.234657712118086,,,
2022-02-04 05:00:00+00:00,104.21,105.29,102.3897,104.88,4066130.0,54685.0,104.192885,,46.50968729482377,,,
2022-02-07 05:00:00+00:00,106.67,107.18,104.55,105.89,3945609.0,52101.0,106.106524,,49.42340193513686,,,
2022-02-08 05:00:00+00:00,99.67,102.33,98.745,99.54,8839443.0,105060.0,100.061335,,36.10669926872983,-1.3714775051700911,,
2022-02-09 05:00:00+00:00,100.75,102.91,100.41,102.18,4557957.0,58715.0,102.001877,,42.98481515712882,-1.4730954739122808,,
2022-02-10 05:00:00+00:00,100.53,101.22,98.97,99.18,4214621.0,59219.0,99.894668,,37.98119024451565,-1.775239518095887,,
2022-02-11 05:00:00+00:00,99.39,99.835,96.97,97.4,4480477.0,56166.0,98.066855,,35.351745912971225,-2.1337257120506337,,
2022-02-14 05:00:00+00:00,97.63,98.2,96.6001,97.89,3920936.0,52166.0,97.505203,105.174,36.651885155014845,-2.3511866821057623,,
2022-02-15 05:00:00+00:00,98.77,98.87,96.185,97.07,5229818.0,75108.0,97.098412,104.82233333333333,35.36993886168244,-2.5601810411847907,,
2022-02-16 05:00:00+00:00,96.67,97.2,94.66,96.81,5020704.0,62567.0,96.162558,104.416,34.95249709370741,-2.715487948825796,,
2022-02-17 05:00:00+00:00,96.0,96.66,94.23,94.33,3504472.0,49226.0,95.091498,103.948,31.173239111794217,-3.004056176193231,,
2022-02-18 05:00:00+00:00,93.79,94.86,92.86,94.13,4519352.0,60740.0,94.030253,103.44766666666666,30.883228411239713,-3.211862551752418,-2.288479178810099,-0.9233833729423191
2022-02-22 05:00:00+00:00,93.63,94.7,93.42,93.52,3603469.0,44018.0,93.916798,102.93733333333333,29.967499100567238,-3.3867323610736975,-2.5081298152628184,-0.878602545810879
2022-02-23 05:00:00+00:00,93.7,95.11,92.49,92.6,4745827.0,64111.0,93.520362,102.43233333333333,28.590575043034974,-3.5585336947462167,-2.7182105911594983,-0.8403231035867185
2022-02-24 05:00:00+00:00,90.32,95.71,89.91,95.56,6486240.0,92435.0,93.568323,101.96866666666668,38.39776375210854,-3.4164574325837123,-2.8578599594443412,-0.558597473139371
2022-02-25 05:00:00+00:00,96.09,99.08,95.88,98.05,4680955.0,70725.0,97.946978,101.62033333333333,45.214087579325806,-3.067577655304433,-2.89980349861636,-0.16777415668807283
2022-02-28 05:00:00+00:00,96.57,98.02,96.01,97.67,4207996.0,58742.0,97.340656,101.24466666666667,44.40653728686526,-2.789594038857075,-2.877761606664503,0.08816756780742807
2022-03-01 05:00:00+00:00,97.33,98.33,96.63,97.06,3694914.0,55624.0,97.459474,100.843,43.07649013020372,-2.588671330371483,-2.8199435514058995,0.2312722210344167
2022-03-02 05:00:00+00:00,97.55,99.25,96.7,98.74,3741099.0,58456.0,98.375422,100.58766666666666,47.72072147646096,-2.267735631924097,-2.709501967509539,0.441766335585442
2022-03-03 05:00:00+00:00,99.79,100.22,96.89,98.63,3754055.0,58505.0,98.37007,100.34033333333333,47.44775711452608,-1.999222071808063,-2.5674459883692444,0.5682239165611813
2022-03-04 05:00:00+00:00,97.5,98.29,95.53,97.32,3400965.0,59913.0,96.813883,100.041,44.204866319933444,-1.8705664669102333,-2.4280700840774423,0.557503617167209
2022-03-07 05:00:00+00:00,97.4,97.46,94.7,94.92,3975010.0,57322.0,95.39239,99.70966666666666,38.95226986904735,-1.939903910743439,-2.330436849410642,0.39053293866720296
2022-03-08 05:00:00+00:00,94.66,96.53,93.53,94.2,4040727.0,59723.0,94.935885,99.425,37.5122036275171,-2.0295568492367693,-2.2702608493758674,0.2407040001390981
2022-03-09 05:00:00+00:00,95.85,97.04,94.72,96.27,4236275.0,58198.0,96.15747,99.266,43.930223487802735,-1.9115406973527769,-2.1985168189712496,0.28697612161847275
2022-03-10 05:00:00+00:00,94.73,95.65,94.07,95.05,2675000.0,44792.0,94.856022,99.102,41.241684078848735,-1.8946158980436394,-2.137736634785728,0.24312073674208845
2022-03-11 05:00:00+00:00,96.18,96.25,94.0,94.15,2613789.0,39236.0,94.852854,98.89766666666668,39.32946185916297,-1.9315595350744275,-2.096501214843468,0.1649416797690404
2022-03-14 04:00:00+00:00,94.14,96.25,93.43,93.99,2441017.0,37063.0,94.386519,98.53433333333332,38.9834078165992,-1.9512554383313443,-2.0674520595410435,0.1161966212096992
2022-03-15 04:00:00+00:00,94.96,95.96,94.39,95.45,3180044.0,41250.0,95.272082,98.19266666666665,43.839371589880045,-1.8279829358878175,-2.0195582348103986,0.19157529892258118
2022-03-16 04:00:00+00:00,96.14,98.35,95.76,98.3,2914099.0,46193.0,97.32838,97.84733333333334,51.8885669851426,-1.4832197737353283,-1.9122905425953847,0.42907076886005635
2022-03-17 04:00:00+00:00,97.7,100.2,97.7,100.04,3270827.0,47207.0,99.650628,97.57,56.0318776911821,-1.0573999769066234,-1.7413124294576325,0.6839124525510092
2022-03-18 04:00:00+00:00,99.56,100.7137,98.5958,100.61,4325987.0,42271.0,100.155852,97.381,57.32830854522113,-0.6662602503096906,-1.5263019936280442,0.8600417433183536
2022-03-21 04:00:00+00:00,99.85,100.43,98.745,99.56,2385815.0,32533.0,99.597047,97.20366666666668,54.16026359268492,-0.4359797209211109,-1.3082375390866576,0.8722578181655467
2022-03-22 04:00:00+00:00,99.65,101.27,99.56,100.5,2866038.0,37367.0,100.460627,97.02399999999999,56.47896416065213,-0.17560631788536796,-1.0817112948463998,0.9061049769610319
2022-03-23 04:00:00+00:00,100.26,100.31,98.6,98.78,2294050.0,31032.0,98.992544,96.99866666666667,51.35967029253525,-0.10681682755382838,-0.8867324013878856,0.7799155738340572
2022-03-24 04:00:00+00:00,99.11,99.4,98.33,98.7,2630261.0,33837.0,98.738183,96.88266666666667,51.12754391642858,-0.05808640831911305,-0.7210032027741311,0.662916794455018
2022-03-25 04:00:00+00:00,99.54,100.56,98.7,100.51,1874941.0,31813.0,100.031292,96.927,55.97561353581069,0.12514211282854149,-0.5517741396535967,0.6769162524821382
2022-03-28 04:00:00+00:00,100.04,100.98,99.42,100.74,4808174.0,65437.0,100.492074,97.03833333333334,56.56523877530302,0.2856186793934654,-0.3842955758441843,0.6699142552376497
2022-03-29 04:00:00+00:00,102.22,103.48,101.97,103.0,5136438.0,57774.0,102.946491,97.20866666666667,61.956914597946664,0.5883781696720405,-0.18976082674093936,0.7781389964129799
2022-03-30 04:00:00+00:00,102.47,103.02,101.55,102.14,3668102.0,40172.0,102.206664,97.37766666666667,58.957739292467316,0.7502737455920538,-0.001753912274340741,0.7520276578663946
2022-03-31 04:00:00+00:00,101.86,102.675,101.37,101.4,3760656.0,39693.0,101.854488,97.53066666666668,56.42661194738546,0.8095335415910228,0.16050357849873195,0.6490299630922908
2022-04-01 04:00:00+00:00,102.35,103.09,101.81,102.99,2163188.0,36439.0,102.651337,97.81933333333335,60.364040096382666,0.9735743100620766,0.3231177248114009,0.6504565852506757
2022-04-04 04:00:00+00:00,103.15,103.91,102.741,103.18,1932665.0,34193.0,103.253107,98.12100000000001,60.819657909826866,1.106158110886284,0.4797258020263775,0.6264323088599064
2022-04-05 04:00:00+00:00,103.18,104.74,102.92,103.34,2265550.0,32553.0,103.536048,98.44833333333334,61.223886160239815,1.2101920504393178,0.6258190517089656,0.5843729987303522
2022-04-06 04:00:00+00:00,102.2,103.65,101.43,102.62,2038439.0,40171.0,102.882504,98.78233333333334,58.30855487344243,1.2204728629046286,0.7447498139480981,0.4757230489565305
2022-04-07 04:00:00+00:00,101.9,102.43,99.495,100.78,1706999.0,38708.0,100.633277,98.95633333333332,51.55258811823861,1.067838481070865,0.8093675473726516,0.2584709336982134
2022-04-08 04:00:00+00:00,101.01,101.92,99.06,100.55,2770052.0,38500.0,100.684195,99.03966666666666,50.760854930022816,0.9177364613313443,0.8310413301643902,0.08669513116695415
2022-04-11 04:00:00+00:00,100.0,102.13,99.95,100.6,2311575.0,35230.0,101.051354,99.13733333333333,50.937258366669695,0.7936652326313407,0.8235661106577804,-0.029900878026439703
2022-04-12 04:00:00+00:00,99.87,100.53,98.91,98.97,2892312.0,49364.0,99.483596,99.20100000000001,45.24634092982668,0.557385321454646,0.7703299528171536,-0.21294463136250752
2022-04-13 04:00:00+00:00,98.57,99.36,98.19,99.08,2193376.0,36515.0,98.898317,99.21233333333333,45.687339881734424,0.374688692225547,0.6912017006988324,-0.31651300847328534
2022-04-14 04:00:00+00:00,99.21,100.62,99.19,99.67,2243447.0,36311.0,99.910696,99.24700000000001,48.10180360648103,0.27434587796086873,0.6078305361512396,-0.3334846581903709
2022-04-18 04:00:00+00:00,99.15,100.86,99.03,99.89,2051946.0,33909.0,99.839678,99.33266666666667,49.01201612264306,0.21015312173685174,0.528295053268362,-0.31814193153151027
2022-04-19 04:00:00+00:00,99.96,102.79,99.72,102.45,2679219.0,41692.0,102.123874,99.58366666666666,58.199107922879605,0.3616812686070716,0.49497229633610396,-0.13329102772903234
2022-04-20 04:00:00+00:00,103.0,104.03,101.29,101.49,3047277.0,46804.0,102.285647,99.82666666666667,54.25146690499297,0.39969698175487167,0.47591723341985753,-0.07622025166498586
2022-04-21 04:00:00+00:00,102.12,102.95,100.971,101.44,2422778.0,42618.0,101.664535,99.99900000000001,54.04584607884516,0.4209378170501026,0.4649213501459066,-0.043983533095803995
2022-04-22 04:00:00+00:00,101.04,101.04,97.22,97.36,3010135.0,48772.0,98.408033,100.076,40.54250971934891,0.10731239949453197,0.39339956001563164,-0.28608716052109967
2022-04-25 04:00:00+00:00,97.05,98.27,95.23,97.95,3130461.0,41442.0,97.137115,100.20266666666666,42.769324866860316,-0.09256292650479736,0.2962070627115459,-0.38876998921634326
2022-04-26 04:00:00+00:00,97.37,97.64,95.965,96.1,3550743.0,47570.0,96.406067,100.273,37.96762093514057,-0.3956839035526514,0.15782886945870644,-0.5535127730113578
2022-04-27 04:00:00+00:00,98.76,101.875,95.49,100.93,5744188.0,74864.0,99.772071,100.45566666666667,52.85084403782117,-0.24336348495991444,0.07759039857498226,-0.32095388353489673
2022-04-28 04:00:00+00:00,102.04,105.26,101.77,104.74,4760671.0,66784.0,104.047995,100.67033333333333,60.83362878020113,0.18268087131599486,0.09860849312318479,0.08407237819281008
2022-04-29 04:00:00+00:00,104.16,104.52,97.78,97.92,4658802.0,61307.0,99.540784,100.59966666666668,45.86437742325572,-0.029651110192233432,0.07295657246010115,-0.10260768265233458
2022-05-02 04:00:00+00:00,97.56,98.03,94.57,97.13,4264588.0,71270.0,96.163765,100.48366666666666,44.49844689677197,-0.2586901143916549,0.006627235089749939,-0.26531734948140484
2022-05-03 04:00:00+00:00,97.94,100.71,97.41,99.44,4212132.0,64390.0,99.392644,100.47966666666666,49.25723942358076,-0.25091508788815986,-0.044881229505832024,-0.20603385838232785
2022-05-04 04:00:00+00:00,99.57,102.72,98.5,102.54,3302171.0,59221.0,100.730056,100.54766666666666,54.85180563496843,0.005329335587674677,-0.03483911648713068,0.04016845207480536
2022-05-05 04:00:00+00:00,101.74,101.815,98.64,99.55,3714804.0,59252.0,99.723986,100.57333333333332,49.215571359722134,-0.03248861565590744,-0.034369016320886035,0.0018804006649785973
2022-05-06 04:00:00+00:00,98.7,98.79,94.83,95.71,3309809.0,66266.0,95.822989,100.47366666666667,43.09157164620088,-0.36807261032645044,-0.10110973512199892,-0.2669628752044515
2022-05-09 04:00:00+00:00,94.51,95.46,93.3,93.63,4131401.0,71496.0,94.189655,100.24433333333333,40.17542159329157,-0.792725909736987,-0.23943297004499656,-0.5532929396919904
2022-05-10 04:00:00+00:00,95.05,95.62,91.861,92.78,3201899.0,52753.0,92.975164,99.979,39.01351065659175,-1.1842038405032298,-0.42838714413664325,-0.7558166963665865
2022-05-11 04:00:00+00:00,92.58,94.66,91.825,92.58,3933864.0,54886.0,93.016745,99.63166666666666,38.72968469922261,-1.4933765345166137,-0.6413850222126374,-0.8519915123039763
2022-05-12 04:00:00+00:00,91.325,93.63,91.325,93.55,3254323.0,57655.0,92.827281,99.34533333333334,40.97262130279962,-1.6412083998032756,-0.8413496977307651,-0.7998587020725105
2022-05-13 04:00:00+00:00,94.72,97.145,94.43,96.15,2545422.0,47445.0,96.094154,99.17033333333333,46.61394487935666,-1.5309204492466364,-0.9792638480339394,-0.551656601212697
2022-05-16 04:00:00+00:00,95.64,96.58,94.87,96.25,2994208.0,36074.0,96.064411,98.94566666666667,46.82444429085889,-1.419088915913136,-1.0672288616097787,-0.3518600543033572
2022-05-17 04:00:00+00:00,97.76,98.1,96.38,97.7,1911836.0,35946.0,97.306699,98.76299999999999,49.90861749300566,-1.1996301485901455,-1.093709119005852,-0.10592102958429339
2022-05-18 04:00:00+00:00,96.32,97.39,93.94,94.17,3211198.0,48645.0,94.785981,98.45733333333332,43.32115526102107,-1.2956139616722453,-1.1340900875391309,-0.16152387413311442
2022-05-19 04:00:00+00:00,93.56,95.68,92.58,94.39,2264282.0,48639.0,94.477135,98.18299999999999,43.818853217113634,-1.3385002658058198,-1.1749721231924686,-0.16352814261335125
2022-05-20 04:00:00+00:00,95.35,95.73,93.37,95.59,2821171.0,44003.0,94.889071,98.01,46.574579421123914,-1.2611205865280652,-1.192201815859588,-0.06891877066847729
2022-05-23 04:00:00+00:00,96.6,99.06,96.33,98.83,2564928.0,38231.0,98.341402,97.95266666666666,53.24323609581007,-0.927662198643489,-1.1392938924163682,0.21163169377287927
2022-05-24 04:00:00+00:00,98.16,98.31,95.71,96.9,2224559.0,37868.0,96.747978,97.82933333333334,49.295949771718654,-0.8097940919117548,-1.0733939323154456,0.2635998404036908
2022-05-25 04:00:00+00:00,96.39,98.03,96.18,97.47,2209248.0,38995.0,97.269868,97.77933333333333,50.46398904886561,-0.6627487764733644,-0.9912649011470294,0.328516124673665
2022-05-26 04:00:00+00:00,98.25,99.86,98.01,99.29,2292082.0,37016.0,99.174746,97.78633333333332,54.099872104300985,-0.39480445495927086,-0.8719728119094777,0.4771683569502069
2022-05-27 04:00:00+00:00,99.83,101.37,99.4,101.37,2720250.0,45321.0,100.803026,97.843,57.902805021831234,-0.014451445739283031,-0.7004685386754388,0.6860170929361558
2022-05-31 04:00:00+00:00,100.88,101.385,99.76,100.18,3995213.0,41372.0,100.356864,97.85266666666666,55.09057781009945,0.18878184006827325,-0.5226184629266963,0.7114003029949696
2022-06-01 04:00:00+00:00,100.73,100.83,98.67,99.16,2366804.0,39921.0,99.46376,97.743,52.72672988091732,0.2644913165264029,-0.36519650703607653,0.6296878235624794
2022-06-02 04:00:00+00:00,99.24,100.92,97.915,100.85,2423760.0,41099.0,100.026604,97.72166666666666,56.08867029111222,0.45560852666851304,-0.2010355002951586,0.6566440269636716
2022-06-03 04:00:00+00:00,100.28,100.43,99.28,99.67,1787720.0,31988.0,99.795965,97.66266666666665,53.24155481796976,0.5060210585272245,-0.05962418853068198,0.5656452470579064
2022-06-06 04:00:00+00:00,100.8,102.17,99.87,100.29,1781114.0,31732.0,100.818595,97.76033333333335,54.54708244942211,0.5892101241313128,0.07014267400171698,0.5190674501295958
2022-06-07 04:00:00+00:00,99.62,101.505,99.28,101.24,2039791.0,33361.0,100.901117,97.86999999999999,56.54898323168145,0.7234555729763201,0.20080525379663763,0.5226503191796825
2022-06-08 04:00:00+00:00,101.04,101.475,99.75,100.13,1687548.0,33295.0,100.378702,98.00433333333334,53.57961259136081,0.7318421146870691,0.3070126259747239,0.42482948871234516
2022-06-09 04:00:00+00:00,99.4,99.4,95.78,95.82,2623421.0,45080.0,96.953457,97.834,43.933098219933264,0.3862550221278127,0.32286110520534167,0.06339391692247104
2022-06-10 04:00:00+00:00,94.01,95.23,93.05,94.34,3748305.0,60080.0,94.196161,97.48733333333332,41.19064891047263,-0.006968540670754919,0.2568951760301224,-0.2638637167008773
2022-06-13 04:00:00+00:00,91.88,92.26,89.235,89.62,4720130.0,74807.0,90.219011,97.21066666666665,33.91869829201926,-0.6914944825708318,0.06721724430993159,-0.7587117268807634
2022-06-14 04:00:00+00:00,90.36,91.21,88.97,89.89,3102965.0,54217.0,89.923206,96.96933333333335,34.62964910039173,-1.1983852406683724,-0.18590325268572921,-1.0124819879826432
2022-06-15 04:00:00+00:00,91.04,93.13,90.11,91.47,3176319.0,50791.0,91.746158,96.70366666666668,38.78042493728882,-1.455825176606126,-0.43988763746980863,-1.0159375391363175
2022-06-16 04:00:00+00:00,89.87,89.87,87.03,88.38,4242423.0,66065.0,88.460397,96.23166666666667,34.205996977290184,-1.8874282583054338,-0.7293957616369338,-1.1580324966685
2022-06-17 04:00:00+00:00,88.46,89.7,87.78,89.15,6498006.0,60443.0,88.943014,95.885,36.22479567895449,-2.142645165525053,-1.0120456424145576,-1.1305995231104955
2022-06-21 04:00:00+00:00,90.0,90.57,89.04,89.26,3101716.0,43765.0,89.524367,95.67,36.524435769513836,-2.3094088943663422,-1.2715182928049147,-1.0378906015614275
2022-06-22 04:00:00+00:00,88.34,90.355,87.83,89.36,3488662.0,49155.0,89.340096,95.52766666666666,36.81507453271415,-2.4057689794201877,-1.4983684301279694,-0.9074005492922184
2022-06-23 04:00:00+00:00,89.98,90.87,88.705,89.73,2316047.0,35644.0,89.742346,95.426,37.947200504539914,-2.424332932332206,-1.6835613305688168,-0.740771601763389
2022-06-24 04:00:00+00:00,90.55,94.32,90.33,94.23,3710949.0,51548.0,93.258263,95.48100000000001,49.7418105811469,-2.052275255185421,-1.7573041154921376,-0.2949711396932835
2022-06-27 04:00:00+00:00,93.475,94.085,92.54,93.09,2909028.0,37942.0,93.114459,95.46566666666666,47.28956184362291,-1.8283294938289885,-1.7715091911595078,-0.05682030266948068
2022-06-28 04:00:00+00:00,93.26,94.99,90.395,90.62,2595766.0,40388.0,91.523462,95.28133333333334,42.41093538690775,-1.8290747862838828,-1.783022310184383,-0.046052476099499806
2022-06-29 04:00:00+00:00,90.62,91.04,89.18,90.9,1988759.0,31934.0,90.416141,95.10300000000001,43.12721490767987,-1.7864783654290761,-1.7837135212333217,-0.002764844195754401
2022-06-30 04:00:00+00:00,89.29,90.02,87.8,88.97,3394245.0,43825.0,88.941542,94.812,39.48198096457806,-1.8867064873755197,-1.8043121144617615,-0.08239437291375817
2022-07-01 04:00:00+00:00,88.77,92.9,88.77,92.58,3709996.0,65001.0,91.588993,94.759,48.286618915081384,-1.6557546571355601,-1.7746006229965214,0.1188459658609613
2022-07-05 04:00:00+00:00,91.45,94.56,90.4,94.11,3719277.0,60513.0,93.333486,94.74966666666667,51.50677399508584,-1.3338892100001374,-1.6864583403972448,0.35256913039710747
2022-07-06 04:00:00+00:00,93.85,94.9,93.17,93.86,3973670.0,57970.0,93.943665,94.69200000000001,50.94851129238349,-1.086457429936786,-1.5664581583051531,0.48000072836836716
2022-07-07 04:00:00+00:00,94.02,94.42,92.225,93.35,3192210.0,42962.0,93.247038,94.50933333333334,49.763559847107786,-0.9209031016257683,-1.4373471469692762,0.516444045343508
2022-07-08 04:00:00+00:00,93.35,93.79,92.1,93.06,3382221.0,40947.0,93.175034,94.38133333333333,49.064762476109614,-0.8038345754376337,-1.310644632662948,0.5068100572253142
2022-07-11 04:00:00+00:00,92.31,92.87,91.91,92.59,3283972.0,46391.0,92.491282,94.21866666666668,47.89100514486219,-0.7404465896727146,-1.1966050240649013,0.45615843439218673
2022-07-12 04:00:00+00:00,92.45,94.11,92.205,92.59,3422934.0,43887.0,93.022888,93.99533333333333,47.891005144862184,-0.6823455000885446,-1.09375311926963,0.41140761918108537
2022-07-13 04:00:00+00:00,90.37,92.47,90.21,91.87,3139249.0,49970.0,91.715167,93.67866666666666,45.93851187753687,-0.6864845837466618,-1.0122994121650364,0.3258148284183746
2022-07-14 04:00:00+00:00,90.07,91.92,89.26,91.66,2864306.0,47596.0,90.953682,93.39466666666667,45.357670144100595,-0.6986564061711391,-0.949570810966257,0.25091440479511784
2022-07-15 04:00:00+00:00,93.37,94.81,93.19,94.16,3658727.0,52774.0,94.046111,93.22800000000001,52.979715670224685,-0.5008006384846766,-0.8598167764699409,0.3590161379852643
2022-07-18 04:00:00+00:00,94.87,95.4,93.48,93.97,2475468.0,40970.0,94.559077,92.99866666666667,52.38168961191635,-0.3552350012547265,-0.7589004214268982,0.40366542017217166
2022-07-19 04:00:00+00:00,95.4,97.805,94.99,97.56,3561940.0,48126.0,97.125572,92.92833333333334,61.276065726139926,0.049242178925496205,-0.5972719013564194,0.6465140802819156
2022-07-20 04:00:00+00:00,97.56,98.03,96.58,97.85,2863571.0,40808.0,97.481935,92.847,61.89523448472794,0.38871299326697795,-0.4000749224317399,0.7887879156987179
2022-07-21 04:00:00+00:00,98.06,99.25,97.68,99.18,2444157.0,38862.0,98.729256,92.77833333333334,64.68416304799155,0.7563472438961583,-0.1687904891661603,0.9251377330623185
2022-07-22 04:00:00+00:00,99.79,100.82,98.93,99.87,3051071.0,45076.0,99.900521,92.76966666666667,66.07157039035964,1.0908031696723413,0.08312824260154003,1.0076749270708012
2022-07-25 04:00:00+00:00,100.14,100.34,97.52,98.05,3480907.0,49012.0,98.341786,92.84400000000001,59.438572807996515,1.1952252976203823,0.3055476536053085,0.8896776440150738
2022-07-26 04:00:00+00:00,99.93,103.9399,97.925,102.22,7040216.0,86845.0,102.086243,93.10666666666667,67.49131748222064,1.5960662776637662,0.5636513784170001,1.032414899246766
2022-07-27 04:00:00+00:00,102.57,105.35,102.52,104.46,5086391.0,87659.0,104.235264,93.60133333333333,70.84028284240588,2.0706161477528724,0.8650443322841745,1.2055718154686978
2022-07-28 04:00:00+00:00,104.62,105.905,103.4,105.68,3091503.0,48726.0,105.216879,94.12766666666667,72.5018260412459,2.5161396511246465,1.195263396052269,1.3208762550723776
2022-07-29 04:00:00+00:00,105.52,106.47,104.83,105.68,2883711.0,36746.0,105.627099,94.60133333333333,72.5018260412459,2.836522570847549,1.5235152310113251,1.313007339836224
2022-08-01 04:00:00+00:00,105.0,106.92,103.86,106.13,2918976.0,46947.0,105.91577,95.193,73.15615347172306,3.091107222244716,1.8370336292580034,1.2540735929867126
2022-08-02 04:00:00+00:00,105.4,106.455,104.55,106.23,3213494.0,42311.0,105.853969,95.76233333333333,73.30815294020513,3.2633190463052273,2.122290712667448,1.1410283336377791
2022-08-03 04:00:00+00:00,106.8,108.57,106.54,108.17,2805512.0,44544.0,107.964843,96.39266666666667,76.13175925828034,3.5158118538021483,2.4009949408943885,1.1148169129077599
2022-08-04 04:00:00+00:00,108.26,108.26,105.68,106.66,4693264.0,67145.0,106.773269,96.96933333333332,69.93086509613369,3.553111781569811,2.631418309029473,0.9216934725403378
2022-08-05 04:00:00+00:00,104.55,106.95,104.49,106.08,2943739.0,44950.0,105.96691,97.51433333333333,67.65156235123892,3.495576263079272,2.804249899839433,0.6913263632398388
2022-08-08 04:00:00+00:00,106.95,107.14,104.62,104.99,2674961.0,40358.0,105.495173,97.873,63.46506311122958,3.32371138377097,2.908142196625741,0.41556918714522917
2022-08-09 04:00:00+00:00,104.5,106.04,104.19,105.9,2678984.0,43521.0,105.556101,98.3,65.39066296356256,3.223774952589025,2.9712687478183977,0.25250620477062746
2022-08-10 04:00:00+00:00,107.5,107.87,106.24,106.54,2597206.0,40656.0,106.645479,98.83066666666667,66.71920305572694,3.159793133827222,3.008973625020163,0.15081950880705897
2022-08-11 04:00:00+00:00,108.07,108.79,107.41,107.96,3091008.0,48980.0,108.048024,99.39933333333332,69.51532440975748,3.1869322429588465,3.0445653486079,0.14236689435094663
2022-08-12 04:00:00+00:00,108.28,109.4099,108.23,109.37,2956963.0,35882.0,109.094603,100.07933333333334,72.02834429155925,3.284355394068129,3.092523357699946,0.1918320363681829
2022-08-15 04:00:00+00:00,108.612,110.89,108.612,110.16,2293982.0,38032.0,110.238314,100.66533333333334,73.35373334234629,3.3862754652327425,3.1512737792065053,0.23500168602623717
2022-08-16 04:00:00+00:00,109.57,110.94,108.8807,110.72,2917005.0,44655.0,110.266636,101.219,74.28393133970144,3.4722097037208925,3.2154609641093828,0.2567487396115098
2022-08-17 04:00:00+00:00,109.68,110.19,108.375,108.72,2966840.0,50633.0,108.970787,101.71433333333333,65.4907568385498,3.340423597650698,3.240453490817646,0.09997010683305207
2022-08-18 04:00:00+00:00,108.34,110.835,108.16,110.55,3688276.0,55159.0,110.042866,102.28766666666667,69.09552961670305,3.3450877755426944,3.261380347762656,0.08370742778003848
2022-08-19 04:00:00+00:00,109.47,110.46,109.21,109.48,3195262.0,45874.0,109.790227,102.83500000000001,64.83126333829418,3.2252652622040046,3.254157330650926,-0.028892068446921382
2022-08-22 04:00:00+00:00,108.07,108.505,106.52,106.77,2751261.0,42309.0,107.172485,103.30766666666666,55.49048468643491,2.878449728822389,3.179015810285219,-0.30056608146283015
2022-08-23 04:00:00+00:00,106.52,107.55,105.98,106.01,2869474.0,46824.0,106.492936,103.75500000000001,53.17656714400776,2.51329853054537,3.0458723543372495,-0.5325738237918793
2022-08-24 04:00:00+00:00,105.4,106.53,104.796,106.18,3061657.0,43324.0,105.950717,104.23199999999999,53.642230331057405,2.212131084253727,2.879124100320545,-0.6669930160668183
2022-08-25 04:00:00+00:00,106.56,107.3,105.76,107.27,2610149.0,40829.0,106.623289,104.75233333333333,56.6210868288582,2.0379157792189204,2.7108824361002206,-0.6729666568813002
2022-08-26 04:00:00+00:00,107.34,107.71,103.72,103.83,3142354.0,50069.0,104.757231,105.07466666666667,46.471845170335634,1.6037822407532616,2.489462397030829,-0.8856801562775676
2022-08-29 04:00:00+00:00,102.94,103.95,102.84,103.165,2842901.0,51786.0,103.410136,105.38116666666666,44.80005478472418,1.1923239728299961,2.2300347121906627,-1.0377107393606666
2022-08-30 04:00:00+00:00,103.3,103.54,101.39,101.86,2756539.0,51022.0,102.120846,105.52449999999999,41.634710148327166,0.7522660823165381,1.9344809862158379,-1.1822149038992997
2022-08-31 04:00:00+00:00,102.73,102.9,100.675,101.19,4430331.0,59066.0,101.420466,105.63583333333332,40.06938657655301,0.34547125547761937,1.6166790400681943,-1.271207784590575
2022-09-01 04:00:00+00:00,100.71,103.6,100.64,103.5,4326664.0,73655.0,102.260439,105.77983333333333,47.41061195700515,0.20709386971516608,1.3347620059975887,-1.1276681362824226
2022-09-02 04:00:00+00:00,104.45,105.0,100.83,101.44,3005483.0,54335.0,102.433599,105.83216666666665,42.42024038418519,-0.06801198944019404,1.0542072069100321,-1.1222191963502262
2022-09-06 04:00:00+00:00,101.84,104.565,101.62,104.16,5483147.0,86034.0,103.784199,106.03583333333333,49.91640604145465,-0.06579564559393702,0.8302066364092384,-0.8960022820031754
2022-09-07 04:00:00+00:00,104.24,106.11,104.1,105.75,3636248.0,63814.0,105.306747,106.15349999999998,53.71014990550849,0.06352822090208576,0.676870953307808,-0.6133427324057222
2022-09-08 04:00:00+00:00,104.97,106.02,103.9,105.78,3052246.0,58027.0,105.274556,106.1975,53.78128750026918,0.16651953259095365,0.5748006691644372,-0.4082811365734835
2022-09-09 04:00:00+00:00,105.62,106.68,105.24,106.46,3718684.0,57153.0,106.285602,106.2235,55.4524161993044,0.2995580869615253,0.5197521527238549,-0.22019406576232958
2022-09-12 04:00:00+00:00,107.09,109.16,106.98,109.05,4722524.0,70686.0,108.757144,106.33583333333334,61.205927404139615,0.6069864918164143,0.5371990205423668,0.0697874712740475
2022-09-13 04:00:00+00:00,106.78,108.275,105.7,105.92,5677725.0,73068.0,106.896093,106.32883333333332,52.39836372582693,0.5912453675082219,0.5480082899355379,0.043237077572684024
2022-09-14 04:00:00+00:00,106.26,106.99,104.95,105.9,3755492.0,60728.0,105.94414,106.31783333333333,52.346529031665035,0.5705792972666757,0.5525224914017655,0.018056805864910208
2022-09-15 04:00:00+00:00,105.16,106.87,104.02,104.58,3926036.0,66021.0,105.097168,106.19816666666665,48.9077141364004,0.44258645821967946,0.5305352847653483,-0.08794882654566882
2022-09-16 04:00:00+00:00,103.84,103.95,102.12,103.61,16561505.0,88710.0,103.474318,106.0965,46.490751366019815,0.25988453066753436,0.4764051339457855,-0.21652060327825112
2022-09-19 04:00:00+00:00,102.5,103.79,101.96,103.65,3342035.0,46777.0,103.07355,106.0155,46.60792834804908,0.11697123095383688,0.4045183533473958,-0.2875471223935589
2022-09-20 04:00:00+00:00,103.1,103.38,101.475,102.17,2416124.0,38276.0,102.218143,105.9215,42.86744708653089,-0.1143935620521006,0.30073597026749654,-0.41512953231959715
2022-09-21 04:00:00+00:00,102.76,103.22,99.57,99.59,4091576.0,58066.0,101.337577,105.71116666666666,37.254520794613086,-0.5001706099963172,0.1405546542147338,-0.640725264211051
2022-09-22 04:00:00+00:00,99.399,99.74,97.95,98.56,3930005.0,54516.0,98.649755,105.44516666666667,35.26907519172747,-0.8788828770751707,-0.0633328520432471,-0.8155500250319235
2022-09-23 04:00:00+00:00,98.07,98.22,96.6791,97.95,3968670.0,59992.0,97.648356,105.1115,34.1096736610194,-1.214239976614735,-0.2935142769575447,-0.9207256996571902
2022-09-26 04:00:00+00:00,97.99,98.52,95.69,95.9,3515668.0,48086.0,96.408404,104.6625,30.48301690526877,-1.6266794138424245,-0.5601473043345206,-1.066532109507904
2022-09-27 04:00:00+00:00,96.57,97.39,94.01,95.14,3704133.0,59001.0,95.193022,104.16183333333333,29.241718503919927,-1.991904848549666,-0.8464988131775497,-1.1454060353721163
2022-09-28 04:00:00+00:00,95.46,96.77,93.89,96.17,4448146.0,63271.0,95.716486,103.67683333333335,33.21116914586284,-2.173185119633118,-1.1118360744686633,-1.0613490451644545
2022-09-29 04:00:00+00:00,95.28,96.28,93.97,94.85,4006827.0,64069.0,94.624235,103.2145,30.824610469819646,-2.3957473249591033,-1.3686183245667514,-1.0271290003923519
2022-09-30 04:00:00+00:00,95.12,95.77,93.51,93.57,3931038.0,52334.0,94.15077,102.6485,28.672916311242005,-2.644925721440046,-1.6238798039414104,-1.0210459174986357
2022-10-03 04:00:00+00:00,94.33,95.99,93.21,95.42,3827084.0,55432.0,95.08368,102.17983333333335,35.66311348145669,-2.6624310096067063,-1.8315900450744698,-0.8308409645322365
2022-10-04 04:00:00+00:00,96.66,98.98,96.56,98.73,3416631.0,52001.0,98.418904,101.91183333333333,45.88227846489105,-2.3817593007958777,-1.9416238962187515,-0.4401354045771262
2022-10-05 04:00:00+00:00,97.94,101.03,97.78,100.55,2966957.0,45980.0,99.848186,101.72983333333333,50.53474933267381,-1.9895320725162264,-1.9512055314782466,-0.03832654103797983
2022-10-06 04:00:00+00:00,99.89,100.92,98.87,99.08,3547886.0,56593.0,99.575836,101.49316666666667,47.01877196435665,-1.7768237646331215,-1.9163291781092218,0.13950541347610024
2022-10-07 04:00:00+00:00,98.34,99.035,97.58,98.7,3787235.0,52446.0,98.548074,101.20750000000001,46.12537028201326,-1.6202366429055388,-1.8571106710684853,0.23687402816294645
2022-10-10 04:00:00+00:00,98.57,99.07,97.19,98.49,2966425.0,49282.0,98.406184,101.0295,45.60960491594639,-1.4958423265331504,-1.7848570021614183,0.2890146756282679
2022-10-11 04:00:00+00:00,98.27,98.34,94.57,95.45,4482402.0,62117.0,95.712551,100.77233333333334,38.83910820126556,-1.6238428783606622,-1.7526541774012672,0.12881129904060495
2022-10-12 04:00:00+00:00,94.25,95.41,93.595,93.7,3229364.0,49202.0,94.250386,100.50033333333334,35.566082597825,-1.8452240186430657,-1.7711681456496269,-0.07405587299343885
2022-10-13 04:00:00+00:00,91.72,96.08,91.55,95.65,3822486.0,65594.0,94.676283,100.31566666666667,41.48359326204076,-1.84208703147236,-1.7853519228141737,-0.05673510865818643
2022-10-14 04:00:00+00:00,96.33,96.65,93.986,94.14,2965656.0,47267.0,94.626613,100.00366666666667,38.532526603377924,-1.9390926736437848,-1.816100072980096,-0.12299260066368878
2022-10-17 04:00:00+00:00,96.46,97.5,96.21,97.37,4732716.0,48427.0,97.039582,99.868,47.18722431785121,-1.735332505275025,-1.799946559439082,0.06461405416405697
2022-10-18 04:00:00+00:00,98.62,99.285,96.03,97.17,3227886.0,52827.0,97.321719,99.635,46.748305128384395,-1.5718698946695895,-1.7543312264851836,0.1824613318155941
2022-10-19 04:00:00+00:00,95.35,96.83,95.09,96.23,2452941.0,41394.0,96.039322,99.31766666666667,44.64632597763994,-1.500873605509554,-1.7036397022900578,0.20276609678050384
2022-10-20 04:00:00+00:00,96.46,96.7475,94.5,95.01,3610525.0,55799.0,95.395794,98.95866666666667,42.006383366383304,-1.5254676968455954,-1.6680053012011653,0.14253760435556995
2022-10-21 04:00:00+00:00,94.55,96.89,93.93,96.74,5468260.0,66518.0,96.054875,98.63466666666666,46.80940521947836,-1.38934662656078,-1.6122735662730883,0.22292693971230837
2022-10-24 04:00:00+00:00,97.9,98.67,96.8,97.35,3420617.0,51557.0,97.377499,98.24466666666666,48.43117795772461,-1.2182050857215643,-1.5334598701627835,0.31525478444121924
2022-10-25 04:00:00+00:00,97.71,100.61,97.64,100.08,5327367.0,67696.0,99.426116,98.05,55.03834031179667,-0.8524593761099624,-1.3972597713522195,0.5448003952422571
2022-10-26 04:00:00+00:00,100.91,102.645,100.74,101.76,6244252.0,86802.0,102.049944,97.912,58.557246493995535,-0.42217473893721547,-1.2022427648692187,0.7800680259320032
2022-10-27 04:00:00+00:00,95.895,100.27,95.35,98.81,7085012.0,89448.0,98.602236,97.71966666666667,51.00803844286256,-0.3155736729023175,-1.0249089464758385,0.709335273573521
2022-10-28 04:00:00+00:00,99.68,103.46,99.59,102.6,5651223.0,70375.0,102.360945,97.68599999999999,58.42396897170494,0.07387814433759843,-0.8051515283131512,0.8790296726507496
2022-10-31 04:00:00+00:00,102.72,103.465,100.92,102.74,5315172.0,75852.0,102.627329,97.65566666666668,58.67282607496465,0.38933038696900724,-0.5662551452567195,0.9555855322257267
2022-11-01 04:00:00+00:00,103.27,104.5,102.7,104.02,5208081.0,79030.0,103.743894,97.71733333333333,60.97289058538943,0.7341510284953898,-0.3061739105062976,1.0403249390016875
2022-11-02 04:00:00+00:00,103.81,104.99,100.43,100.56,6111521.0,92363.0,102.759733,97.74966666666667,52.471691513270294,0.71993186127537,-0.10095275614996407,0.8208846174253341
2022-11-03 04:00:00+00:00,99.57,99.8,94.335,94.57,7059466.0,100630.0,95.930814,97.61666666666666,41.64607011285478,0.22275237856709396,-0.036211729206552475,0.2589641077736464
2022-11-04 04:00:00+00:00,95.98,95.98,92.84,94.32,6052638.0,83129.0,94.233741,97.49566666666666,41.26342959029332,-0.1892572147635292,-0.06682082631794782,-0.12243638844558137
2022-11-07 05:00:00+00:00,95.18,96.59,94.7,96.39,4086208.0,50850.0,95.802171,97.51199999999999,45.7111984483064,-0.34477177119333646,-0.12241101529302555,-0.2223607559003109
2022-11-08 05:00:00+00:00,96.3,99.95,95.95,98.48,3868725.0,56010.0,98.455059,97.62333333333332,49.84112243610611,-0.2959609903768978,-0.15712101030980002,-0.1388399800670978
2022-11-09 05:00:00+00:00,98.3,98.3,96.13,96.18,2858136.0,55669.0,96.730332,97.62366666666667,45.71922747287339,-0.4378219342913354,-0.2132611951061071,-0.22456073918522831
2022-11-10 05:00:00+00:00,101.43,101.99,99.89,101.0,5849893.0,72326.0,100.68269,97.82866666666668,54.25688496463857,-0.159475700215296,-0.2025040961279449,0.0430283959126489
2022-11-11 05:00:00+00:00,101.03,101.72,99.97,100.47,5989617.0,79587.0,100.506887,98.05866666666665,53.26480525725478,0.018140018222808862,-0.15837527325779416,0.17651529148060302
2022-11-14 05:00:00+00:00,100.6,102.44,99.45,100.01,3763452.0,52861.0,100.867089,98.21166666666666,52.369772271662434,0.12039575183416673,-0.102621068239402,0.2230168200735687
2022-11-15 05:00:00+00:00,102.25,102.63,99.41,100.35,4591652.0,66741.0,100.758641,98.26566666666666,52.99843367455286,0.22626111860279252,-0.036844630870963097,0.26310574947375565
2022-11-16 05:00:00+00:00,100.97,101.26,99.62,99.98,4188584.0,54065.0,100.124275,98.24666666666667,52.19112743627149,0.2771099259730647,0.025946280497842464,0.25116364547522224
2022-11-17 05:00:00+00:00,98.53,99.06,97.84,98.59,4353172.0,50535.0,98.487241,98.23033333333335,49.161441295386616,0.20290759640876388,0.06133854368002675,0.14156905272873713
2022-11-18 05:00:00+00:00,99.77,100.87,98.39,99.86,3367551.0,40233.0,99.425314,98.26899999999999,51.90835010705991,0.2437700721471856,0.09782484937345853,0.14594522277372707
2022-11-21 05:00:00+00:00,99.67,100.58,99.01,99.38,2720383.0,38253.0,99.570823,98.29866666666666,50.791325451949085,0.2347162275302992,0.12520312500482667,0.10951310252547253
2022-11-22 05:00:00+00:00,99.85,101.11,98.95,100.99,2889194.0,43444.0,100.2782,98.48333333333333,54.34048975436832,0.35338097915489186,0.17083869583483974,0.18254228332005212
2022-11-23 05:00:00+00:00,100.99,102.43,100.77,102.08,2259558.0,35001.0,101.929067,98.76266666666668,56.621585013294,0.5292763716909121,0.24252623100605422,0.28675014068485793
2022-11-25 05:00:00+00:00,102.08,103.48,101.87,102.49,1446651.0,18352.0,102.754758,98.99066666666666,57.48203704500348,0.6937610653109658,0.3327731978670366,0.36098786744392924
2022-11-28 05:00:00+00:00,102.15,102.89,101.47,101.76,2867648.0,44262.0,102.003033,99.24466666666667,55.375849344087,0.7564911122747304,0.41751678074857534,0.3389743315261551
2022-11-29 05:00:00+00:00,101.74,102.75,101.21,101.52,3194498.0,47401.0,101.717809,99.38300000000001,54.666662698617635,0.7778723044853706,0.48958788549593446,0.28828441898943613
2022-11-30 05:00:00+00:00,100.72,104.99,100.72,104.36,5561977.0,54431.0,103.753864,99.62266666666666,61.02719666488628,1.0123120157103926,0.5941327115388262,0.41817930417156646
2022-12-01 05:00:00+00:00,104.36,105.5,103.98,105.03,3086867.0,47634.0,104.944329,99.916,62.36862393207087,1.2379008263201854,0.722886334495098,0.5150144918250874
2022-12-02 05:00:00+00:00,103.37,105.85,103.37,105.46,2881656.0,45988.0,104.989309,100.26433333333333,63.243050377073246,1.4348390588341857,0.8652768793629155,0.5695621794712702
2022-12-05 05:00:00+00:00,104.75,104.75,101.63,102.19,3411840.0,46869.0,102.559315,100.446,53.13205761967476,1.311929251728813,0.9546073538360951,0.35732189789271795
2022-12-06 05:00:00+00:00,102.54,102.61,99.91,100.35,2342199.0,36448.0,100.627767,100.546,48.43924602494713,1.053901006825967,0.9744660844340696,0.07943492239189753
2022-12-07 05:00:00+00:00,100.61,101.15,99.5607,100.49,2361555.0,34666.0,100.53486,100.55966666666667,48.809720999042185,0.8508999487758757,0.9497528573024309,-0.09885290852655515
2022-12-08 05:00:00+00:00,100.98,102.075,100.51,101.46,2063226.0,33375.0,101.404476,100.54966666666665,51.414521593469374,0.759535587639462,0.9117094033698372,-0.15217381573037514
2022-12-09 05:00:00+00:00,101.04,101.86,100.57,100.64,1763317.0,30573.0,101.040525,100.61066666666667,49.138202942125154,0.6138850415908337,0.8521445310140365,-0.23825948942320285
2022-12-12 05:00:00+00:00,101.43,102.72,100.56,102.47,2212246.0,34703.0,102.073283,100.60633333333334,54.029748047079046,0.6387584309648133,0.8094673110041919,-0.17070888003937856
2022-12-13 05:00:00+00:00,106.22,106.23,100.55,101.56,3579926.0,56811.0,102.107145,100.567,51.383369728618085,0.5783742382411106,0.7632486964515757,-0.1848744582104651
2022-12-14 05:00:00+00:00,101.9,103.88,100.98,101.91,3419728.0,51902.0,102.23338,100.49666666666667,52.3500716346777,0.5523937540474435,0.7210777079707493,-0.16868395392330582
2022-12-15 05:00:00+00:00,100.43,101.16,98.1417,98.47,3223041.0,45566.0,98.86902,100.42699999999999,43.247851406403136,0.25132763390654134,0.6271276931579077,-0.3758000592513664
2022-12-16 05:00:00+00:00,97.9,99.21,97.25,98.58,8244309.0,54843.0,98.412881,100.56066666666666,43.58563510597436,0.021360415745931505,0.5059742376755124,-0.4846138219295809
2022-12-19 05:00:00+00:00,98.98,100.23,98.26,98.67,3912366.0,54492.0,98.98986,100.70566666666667,43.87994777278107,-0.15187726703796045,0.3744039367328179,-0.5262812037707784
2022-12-20 05:00:00+00:00,98.54,100.07,98.32,99.56,2942086.0,45962.0,99.524453,100.81133333333334,46.83378896162453,-0.2148768502214864,0.25654777934195705,-0.47142462956344344
2022-12-21 05:00:00+00:00,100.04,101.96,99.9,101.14,2906267.0,53460.0,101.217477,100.9,51.69467915218853,-0.13574687294109822,0.178088848885346,-0.31383572182644426
2022-12-22 05:00:00+00:00,100.38,101.07,97.8,99.54,2259059.0,33695.0,99.248887,101.01199999999999,47.0076640891917,-0.19983880671924226,0.10250331776442835,-0.3023421244836706
2022-12-23 05:00:00+00:00,99.38,100.67,98.82,100.46,1446680.0,26353.0,100.169135,100.99399999999999,49.8247038549087,-0.174385606041497,0.04712553300324328,-0.2215111390447403
2022-12-27 05:00:00+00:00,100.5,101.19,100.07,100.82,1560726.0,28521.0,100.751224,101.00566666666667,50.92408349443501,-0.12373839062685477,0.012952748277223671,-0.13669113890407844
2022-12-28 05:00:00+00:00,100.99,101.815,99.88,99.91,1906464.0,26802.0,100.42309,101.00233333333333,48.05763766552734,-0.1552399923318859,-0.020685799844598243,-0.13455419248728767
2022-12-29 05:00:00+00:00,100.5,102.02,100.05,101.5,1943700.0,33342.0,101.508629,101.04066666666667,53.032264976212566,-0.05131401084913989,-0.026811442045506576,-0.024502568803633315
2022-12-30 05:00:00+00:00,100.69,101.1,99.75,101.07,1955750.0,34175.0,100.637774,101.077,51.59317766390371,-0.003607740333023912,-0.022170701703010044,0.01856296136998613
2023-01-03 05:00:00+00:00,101.72,102.7017,100.4,101.21,2268320.0,45553.0,101.052305,101.16433333333333,52.04940908815528,0.04497817235433388,-0.008740926891541259,0.05371909924587514
2023-01-04 05:00:00+00:00,102.11,103.02,101.0,102.06,3435148.0,55704.0,102.197189,101.23766666666667,54.83281906550889,0.1503377544044895,0.02307480936766489,0.1272629450368246
2023-01-05 05:00:00+00:00,101.26,101.265,98.81,99.4,4273155.0,64267.0,99.546659,101.23833333333333,45.86111016265981,0.01897745254173344,0.022255338002478604,-0.003277885460745162
2023-01-06 05:00:00+00:00,100.03,102.75,99.85,102.18,3040971.0,43955.0,101.839456,101.27799999999999,54.280553953748644,0.1376099516231477,0.04532626072661243,0.09228369089653528
2023-01-09 05:00:00+00:00,100.2,102.63,100.2,102.03,1656862.0,32997.0,101.777709,101.27633333333333,53.79443500173978,0.21702162524395874,0.07966533363008169,0.13735629161387705
