timestamp,open,high,low,close,volume,trade_count,vwap,30sma,rsi,macd,signal,histogram
2022-01-03 05:00:00+00:00,362.1241,362.1241,332.44,333.12,1904588.0,49063.0,337.697109,,,,,
2022-01-04 05:00:00+00:00,330.4992,333.42,312.67,322.14,1965675.0,54644.0,320.280285,,,,,
2022-01-05 05:00:00+00:00,315.88,319.7,302.91,303.49,2397913.0,58795.0,308.796062,,,,,
2022-01-06 05:00:00+00:00,294.49,319.67,293.69,314.0,2397525.0,49244.0,312.842043,,,,,
2022-01-07 05:00:00+00:00,309.44,319.83,309.0785,314.66,1758951.0,37010.0,314.756812,,,,,
2022-01-10 05:00:00+00:00,304.2224,324.91,302.42,324.71,2322235.0,50662.0,314.044439,,,,,
2022-01-11 05:00:00+00:00,317.73,324.0,314.0,323.56,1491176.0,32188.0,321.153045,,,,,
2022-01-12 05:00:00+00:00,325.54,330.2527,318.2131,320.79,1401789.0,32182.0,321.091938,,,,,
2022-01-13 05:00:00+00:00,320.54,322.7999,307.26,307.88,1290420.0,32337.0,312.145363,,,,,
2022-01-14 05:00:00+00:00,305.25,313.88,303.16,312.54,1281345.0,34618.0,310.739249,,,,,
2022-01-18 05:00:00+00:00,304.08,317.64,303.05,308.47,1516477.0,35529.0,311.478553,,,,,
2022-01-19 05:00:00+00:00,312.35,323.16,306.74,307.16,1182112.0,30608.0,313.108479,,,,,
2022-01-20 05:00:00+00:00,309.98,317.94,304.65,304.99,1047693.0,28460.0,311.28201,,,,,
2022-01-21 05:00:00+00:00,301.86,304.405,288.25,288.65,1941078.0,41874.0,294.796207,,,,,
2022-01-24 05:00:00+00:00,282.66,290.75,262.84,290.37,3280342.0,63964.0,278.644618,,28.177641653905056,,,
2022-01-25 05:00:00+00:00,283.78,284.43,271.13,272.95,1737380.0,40959.0,275.141343,,23.648359180875673,,,
2022-01-26 05:00:00+00:00,281.8,286.51,268.31,271.15,1697071.0,41314.0,277.141088,,23.232797673333238,,,
2022-01-27 05:00:00+00:00,275.65,281.67,268.66,269.72,1226153.0,29651.0,273.680262,,22.88868289968464,,,
2022-01-28 05:00:00+00:00,273.75,282.56,265.2025,282.16,1463997.0,35100.0,275.354652,,32.284962997281895,,,
2022-01-31 05:00:00+00:00,282.16,298.095,279.555,297.24,1817647.0,37623.0,294.291821,,41.578410436531364,,,
2022-02-01 05:00:00+00:00,297.84,303.13,291.79,302.18,1289008.0,31213.0,298.643378,,44.2764054418928,,,
2022-02-02 05:00:00+00:00,306.12,311.0,303.02,309.88,1705319.0,36209.0,308.031102,,48.28534804029874,,,
2022-02-03 05:00:00+00:00,299.48,310.5299,295.37,297.0,1767216.0,43547.0,301.480084,,42.74557808861182,,,
2022-02-04 05:00:00+00:00,304.07,317.33,289.18,314.33,2539441.0,49572.0,307.73253,,50.90695954794907,,,
2022-02-07 05:00:00+00:00,311.4164,316.9,305.77,307.22,1183143.0,26577.0,309.395276,,47.89074678248937,,,
2022-02-08 05:00:00+00:00,305.93,315.97,304.45,314.86,994263.0,23690.0,312.841418,,51.23429624050553,-1.8204904161160584,,
2022-02-09 05:00:00+00:00,320.0,330.26,318.55,329.84,1349534.0,29508.0,326.210744,,57.053030982058246,0.48647085324915906,,
2022-02-10 05:00:00+00:00,321.25,332.36,320.52,325.36,1112316.0,27651.0,326.373681,,54.9416498129767,1.9309963964470285,,
2022-02-11 05:00:00+00:00,326.29,329.78,308.19,310.27,1122144.0,24096.0,314.583993,,48.43915004353623,1.8369808374545187,,
2022-02-14 05:00:00+00:00,311.12,316.78,306.45,310.35,1016593.0,24957.0,310.903538,306.36800000000005,48.4739669985956,1.7487694355377812,,
2022-02-15 05:00:00+00:00,316.86,323.36,314.905,322.42,742566.0,19765.0,320.152552,306.0113333333333,53.56829936753783,2.622577944742204,,
2022-02-16 05:00:00+00:00,317.46,321.5224,310.3401,320.36,967399.0,23224.0,317.105225,305.952,52.6122245754481,3.1129683386232614,,
2022-02-17 05:00:00+00:00,317.63,317.63,309.23,310.54,762512.0,20881.0,312.187618,306.187,48.1962533198281,2.6783400906539896,,
2022-02-18 05:00:00+00:00,311.07,314.31,303.94,304.85,887185.0,21133.0,307.26858,305.882,45.7975985789028,1.853393855457,1.6055563706720983,0.24783748478490164
2022-02-22 05:00:00+00:00,302.03,306.7,292.95,297.4,1267341.0,30082.0,298.112388,305.3066666666667,42.794490177529255,0.5916451657105313,1.402774129679785,-0.8111289639692538
2022-02-23 05:00:00+00:00,300.45,303.7,283.42,284.51,1372408.0,35974.0,291.24438,303.96666666666664,38.1350479854336,-1.431908880851097,0.8358375275736087,-2.2677464084247054
2022-02-24 05:00:00+00:00,277.88,318.47,275.9419,316.45,2581143.0,59602.0,304.300928,303.7296666666667,52.06290901238359,-0.45307619504211516,0.578054783050464,-1.031130978092579
2022-02-25 05:00:00+00:00,316.96,325.56,310.0,324.97,1177587.0,33959.0,320.490496,303.869,54.97486076600438,0.9986368915038497,0.6621712047411411,0.3364656867627086
2022-02-28 05:00:00+00:00,322.55,345.45,321.52,344.52,2271396.0,52568.0,339.468843,305.0903333333333,60.85138759317619,3.6841826215156743,1.2665734880960478,2.4176091334196266
2022-03-01 05:00:00+00:00,346.05,351.515,334.22,337.83,1541193.0,38926.0,342.584209,305.93333333333334,58.058855527484795,5.212582465581704,2.055775283593179,3.1568071819885253
2022-03-02 05:00:00+00:00,339.65,346.87,332.37,344.81,1108741.0,31214.0,341.817192,307.1446666666667,60.11543965710663,6.9074531985042995,3.026110866575403,3.8813423319288964
2022-03-03 05:00:00+00:00,346.13,348.29,331.56,336.35,1095702.0,27754.0,336.898642,308.11766666666665,56.49927105227139,7.481754163631649,3.917239525986653,3.5645146376449963
2022-03-04 05:00:00+00:00,336.28,339.05,326.46,335.46,1142904.0,27460.0,333.872609,309.1333333333333,56.116833851681974,7.775445755527642,4.688880771894851,3.0865649836327904
2022-03-07 05:00:00+00:00,333.72,337.96,290.84,291.37,2483661.0,62100.0,301.948615,309.22400000000005,41.22841192167419,4.399785939998594,4.6310618055156,-0.23127586551700574
2022-03-08 05:00:00+00:00,284.57,286.5,272.52,276.83,2010258.0,52384.0,278.663174,308.7726666666667,37.678197249174275,0.5450121706809341,3.813851878548667,-3.2688397078677327
2022-03-09 05:00:00+00:00,285.11,289.3,274.03,287.43,2082131.0,46113.0,283.223713,309.25533333333334,41.624707369109814,-1.6357366476810853,2.7239341733027165,-4.359670820983801
2022-03-10 05:00:00+00:00,284.3,289.73,277.56,286.76,1405224.0,34117.0,283.945245,309.77566666666667,41.44605448662539,-3.37910695668063,1.5033259473060472,-4.882432903986677
2022-03-11 05:00:00+00:00,292.06,292.06,278.52,279.13,1296091.0,31605.0,282.157385,310.08933333333334,39.373539359571204,-5.315148002686726,0.13963115730749265,-5.454779159994219
2022-03-14 04:00:00+00:00,276.33,282.11,265.275,275.44,1912269.0,46924.0,273.504301,309.8653333333333,38.374138618613614,-7.065776765196574,-1.3014504271933207,-5.7643263380032534
2022-03-15 04:00:00+00:00,278.45,283.98,273.76,283.32,1179115.0,30331.0,281.28234,309.40133333333335,41.77307917947428,-7.728226345337305,-2.586805610822118,-5.1414207345151866
2022-03-16 04:00:00+00:00,284.62,297.825,281.7,297.54,1746708.0,39484.0,294.300085,309.24666666666667,47.40999842633878,-7.024809619289954,-3.474406412515685,-3.550403206774269
2022-03-17 04:00:00+00:00,293.71,303.54,289.2,303.48,1591001.0,29614.0,301.409858,309.03333333333336,49.60471976209962,-5.9197986844176285,-3.9634848668960734,-1.956313817521555
2022-03-18 04:00:00+00:00,302.99,320.66,300.3,319.97,2573256.0,38092.0,316.21695,309.79900000000004,55.19486264927541,-3.671145687757928,-3.9050170310684447,0.23387134331051662
2022-03-21 04:00:00+00:00,315.5,318.86,305.8102,314.53,1562070.0,32417.0,313.114562,309.8056666666667,53.10215705838859,-2.301504215300781,-3.584314467914912,1.282810252614131
2022-03-22 04:00:00+00:00,313.22,326.78,311.995,325.69,1278450.0,26073.0,324.573753,310.42133333333334,56.7269019359071,-0.3119389110645443,-2.929839356544839,2.6179004454802945
2022-03-23 04:00:00+00:00,323.75,329.55,318.17,321.43,767375.0,24108.0,323.403419,310.6403333333334,54.980035576837345,0.9105631240045113,-2.161758860434969,3.0723219844394802
2022-03-24 04:00:00+00:00,322.52,336.35,318.3299,335.71,983917.0,26607.0,330.42118,310.836,59.48405150410942,2.9971323751382783,-1.1299806133203196,4.127112988458598
2022-03-25 04:00:00+00:00,333.0,335.99,322.03,332.73,848055.0,28223.0,329.442259,311.0816666666667,58.176039698679716,4.360032701523608,-0.03197795035153417,4.392010651875141
2022-03-28 04:00:00+00:00,333.0,341.23,329.61,338.53,1501656.0,47559.0,336.691863,312.02366666666666,60.01877774347861,5.840823182862266,1.1425822762912259,4.698240906571041
2022-03-29 04:00:00+00:00,344.56,348.59,336.36,347.48,1284510.0,34221.0,344.027497,313.2613333333333,62.74641284769047,7.648384691798697,2.44374275939272,5.204641932405977
2022-03-30 04:00:00+00:00,345.0,350.8,340.01,341.93,715637.0,21581.0,344.289882,313.91166666666663,60.01224778630677,8.534669239349398,3.661928055384056,4.872741183965342
2022-03-31 04:00:00+00:00,341.26,352.98,341.26,341.74,1207896.0,27419.0,345.3975,314.6243333333333,59.915992655892765,9.116633836554684,4.752869211618181,4.363764624936502
2022-04-01 04:00:00+00:00,341.01,345.1,336.02,339.01,722026.0,21849.0,339.487533,315.5733333333333,58.46497241198602,9.250917964432858,5.652478962181117,3.598439002251741
2022-04-04 04:00:00+00:00,342.48,347.6299,340.345,346.69,670862.0,23156.0,345.558987,316.96799999999996,61.304063526149264,9.863352332833927,6.494653636311679,3.368698696522247
2022-04-05 04:00:00+00:00,346.24,346.98,338.645,341.89,865108.0,22839.0,342.13694,318.45099999999996,58.60766579702066,9.847870970950567,7.165297103239458,2.682573867711109
2022-04-06 04:00:00+00:00,335.31,337.79,328.52,332.07,975509.0,31189.0,332.157347,320.03633333333335,53.42999148422329,8.940153425646486,7.520268367720864,1.4198850579256215
2022-04-07 04:00:00+00:00,331.27,344.515,331.27,338.12,902733.0,26956.0,338.685033,320.75866666666667,56.00855089665626,8.609717702965042,7.738158234769701,0.8715594681953416
2022-04-08 04:00:00+00:00,335.12,341.7059,333.9,336.17,625043.0,21050.0,337.894154,321.13199999999995,54.95241088572364,8.097157319633823,7.809958051742525,0.2871992678912978
2022-04-11 04:00:00+00:00,330.69,333.84,324.65,328.07,892167.0,25701.0,329.420904,320.58366666666666,50.67758744614221,6.957149528481068,7.6393963470902335,-0.6822468186091655
2022-04-12 04:00:00+00:00,335.31,341.72,327.45,330.1,774866.0,25309.0,334.107937,320.326,51.69184347662676,6.146634597766138,7.340843997225415,-1.194209399459277
2022-04-13 04:00:00+00:00,331.99,342.7,330.52,340.86,787121.0,24005.0,340.166997,320.1943333333333,56.76668768106397,6.299916237829734,7.132658445346278,-0.832742207516544
2022-04-14 04:00:00+00:00,342.85,343.39,331.045,331.76,727625.0,22811.0,334.716398,320.04133333333334,51.80960320626143,5.622288847704908,6.830584525818004,-1.208295678113096
2022-04-18 04:00:00+00:00,329.43,334.22,323.25,330.42,634620.0,20015.0,329.255291,319.87333333333333,51.10195345662075,4.920417942647475,6.448551209183899,-1.5281332665364236
2022-04-19 04:00:00+00:00,329.37,336.1559,325.46,335.19,757094.0,20809.0,334.440471,321.33399999999995,53.53490353817731,4.694958766974025,6.097832720741924,-1.402873953767899
2022-04-20 04:00:00+00:00,338.0,348.65,336.7323,340.58,1060475.0,32344.0,341.771262,323.45899999999995,56.18763596261533,4.8947846690307415,5.857223110399688,-0.9624384413689464
2022-04-21 04:00:00+00:00,344.58,357.58,320.43,321.26,1205313.0,35450.0,332.955745,324.5866666666667,46.04114718817218,3.4543658211374577,5.376651652547243,-1.922285831409785
2022-04-22 04:00:00+00:00,320.9,323.84,303.64,304.29,1049503.0,31018.0,309.631456,325.17100000000005,39.323904284523465,0.932734349755151,4.487868191988825,-3.5551338422336736
2022-04-25 04:00:00+00:00,302.13,324.305,301.0703,323.49,1313160.0,32886.0,317.633581,326.64966666666663,48.48205019120307,0.4780916374213575,3.6859128810753314,-3.207821243653974
2022-04-26 04:00:00+00:00,319.33,321.44,306.44,306.5,987231.0,33613.0,310.05561,327.68500000000006,42.385500966330014,-1.2388858909019405,2.7009531266798774,-3.939839017581818
2022-04-27 04:00:00+00:00,306.58,315.74,299.64,300.38,913757.0,35191.0,304.746184,328.2536666666666,40.414083634196636,-3.058182975589375,1.549125906226027,-4.607308881815402
2022-04-28 04:00:00+00:00,304.24,311.89,296.67,308.65,1181445.0,31246.0,305.889638,328.624,44.1915449108225,-3.7889919966340813,0.4815023256540054,-4.270494322288087
2022-04-29 04:00:00+00:00,306.22,309.88,287.64,289.01,998526.0,30806.0,294.964174,328.14166666666665,38.02616816499144,-5.885107417718871,-0.7918196230205699,-5.093287794698301
2022-05-02 04:00:00+00:00,288.56,294.49,283.53,292.02,1280368.0,38069.0,289.315168,327.21,39.4210953794505,-7.220182378195943,-2.077492174055645,-5.142690204140298
2022-05-03 04:00:00+00:00,292.02,294.0,283.63,286.53,1004031.0,31536.0,287.275443,326.2766666666667,37.75202745793457,-8.621848716140107,-3.3863634824725377,-5.2354852336675695
2022-05-04 04:00:00+00:00,284.19,288.4899,267.76,287.37,2259481.0,52499.0,278.254095,324.9993333333333,38.18329108131201,-9.554757115200175,-4.620042209018066,-4.934714906182109
2022-05-05 04:00:00+00:00,303.0,306.39,275.8,284.52,2614596.0,56690.0,286.305084,323.769,37.24056793655456,-10.404132560444395,-5.776860279303332,-4.627272281141064
2022-05-06 04:00:00+00:00,279.12,279.5,263.26,266.37,1587473.0,45132.0,268.63798,321.45766666666674,31.847853421095593,-12.398895287510982,-7.101267280944862,-5.29762800656612
2022-05-09 04:00:00+00:00,259.76,261.9,243.63,245.22,1867893.0,61727.0,249.2299,318.54066666666665,26.95035742811072,-15.50762511313286,-8.782538847382462,-6.725086265750399
2022-05-10 04:00:00+00:00,258.78,267.2955,245.52,261.79,2605847.0,60899.0,258.828716,315.98266666666666,35.339709063965444,-16.44469121453875,-10.31496932081372,-6.12972189372503
2022-05-11 04:00:00+00:00,261.6,278.74,259.38,260.96,3099265.0,67110.0,267.81799,313.09866666666665,35.12212287377601,-17.057666750232386,-11.663508806697454,-5.394157943534932
2022-05-12 04:00:00+00:00,257.0,277.4,254.0,266.66,2144655.0,52800.0,267.155151,310.5896666666667,37.947703249073456,-16.888828018935612,-12.708572649145086,-4.180255369790526
2022-05-13 04:00:00+00:00,272.56,283.49,272.4,281.55,1713872.0,42987.0,280.210572,308.5833333333333,44.72066148604148,-15.376275417276474,-13.242113202771364,-2.1341622145051105
2022-05-16 04:00:00+00:00,279.3,287.38,274.78,275.41,1188717.0,35683.0,279.913625,306.46333333333337,42.65323139764022,-14.505799442560374,-13.494850450729166,-1.0109489918312082
2022-05-17 04:00:00+00:00,283.43,287.0,275.17,282.81,1530610.0,37831.0,281.209405,304.334,45.8994116665061,-13.068180950203669,-13.409516550624065,0.3413356004203969
2022-05-18 04:00:00+00:00,276.58,283.28,268.4301,270.56,1992232.0,46714.0,273.821557,301.95633333333336,41.69208397535426,-12.770124513739574,-13.281638143247168,0.5115136295075935
2022-05-19 04:00:00+00:00,267.59,281.61,265.724,275.16,1549356.0,42897.0,275.990513,300.0593333333333,43.77621827015722,-12.024124462222176,-13.03013540704217,1.0060109448199945
2022-05-20 04:00:00+00:00,286.3,288.995,271.23,285.28,2269141.0,49808.0,280.097705,298.298,48.16578886573364,-10.495330980694689,-12.523174521772676,2.0278435410779867
2022-05-23 04:00:00+00:00,286.45,292.53,283.59,286.37,1399385.0,35820.0,286.866262,296.638,48.630982658321834,-9.091001831569827,-11.836739983732107,2.7457381521622803
2022-05-24 04:00:00+00:00,282.04,309.6,276.5675,285.84,1789154.0,44254.0,284.603489,295.2303333333333,48.40351045589347,-7.92942199300677,-11.05527638558704,3.125854392580271
2022-05-25 04:00:00+00:00,280.95,290.72,280.18,287.32,1317717.0,35627.0,285.912182,293.8043333333333,49.11922449882213,-6.810925857460177,-10.206406279961667,3.3954804225014907
2022-05-26 04:00:00+00:00,287.69,297.14,284.585,294.3,1239182.0,34678.0,291.493084,292.2523333333333,52.467984362354265,-5.300184715850037,-9.225161967139343,3.924977251289306
2022-05-27 04:00:00+00:00,297.15,299.64,292.28,297.87,1827305.0,41360.0,296.656875,291.1226666666666,54.13081783235819,-3.7713683260888047,-8.134403238929236,4.3630349128404315
2022-05-31 04:00:00+00:00,297.27,298.16,289.07,294.14,1946793.0,36501.0,294.315855,289.9133333333333,52.080764424991905,-2.828149008457217,-7.0731523928348325,4.245003384377616
2022-06-01 04:00:00+00:00,296.26,299.25,287.22,289.06,1040657.0,31676.0,290.908545,288.3756666666667,49.34007421233258,-2.4621720614985065,-6.1509563265675675,3.688784265069061
2022-06-02 04:00:00+00:00,289.56,305.33,288.205,303.22,1095205.0,31222.0,299.622706,287.13033333333334,56.25098247087152,-1.0178063958015287,-5.124326340414361,4.106519944612832
2022-06-03 04:00:00+00:00,298.12,299.64,291.98,296.76,796117.0,27369.0,295.91951,286.3136666666667,52.717680007472985,-0.38990957628618617,-4.1774429875887265,3.7875334113025403
2022-06-06 04:00:00+00:00,300.92,301.49,295.16,296.97,650044.0,22722.0,297.644677,286.06966666666665,52.821424961753955,0.12322792705248276,-3.3173088046604846,3.4405367317129674
2022-06-07 04:00:00+00:00,293.72,306.48,292.74,305.38,823770.0,21164.0,302.740838,285.466,56.89998630268079,1.1947376185336793,-2.414899520021652,3.6096371385553314
2022-06-08 04:00:00+00:00,304.1,307.08,300.215,300.53,677998.0,31520.0,303.183041,285.267,54.000694355896606,1.633729683158208,-1.6051736793856801,3.238903362543888
2022-06-09 04:00:00+00:00,302.56,312.03,297.6729,303.5,1187718.0,32701.0,306.078019,285.37100000000004,55.496160755431895,2.1959744097653697,-0.8449440615554702,3.0409184713208397
2022-06-10 04:00:00+00:00,297.96,299.71,286.82,288.31,1361552.0,36845.0,290.346149,284.693,47.06792880201618,1.3997162963120786,-0.39601198998196047,1.7957282862940391
2022-06-13 04:00:00+00:00,277.99,279.15,265.05,266.49,1375232.0,36454.0,269.608376,283.94233333333335,38.11356444239198,-0.9807106164654442,-0.5129517152786572,-0.467758901186787
2022-06-14 04:00:00+00:00,268.74,271.53,265.12,269.23,977722.0,28590.0,268.809987,283.18266666666665,39.66578642826161,-2.615965769023717,-0.9335545260276692,-1.6824112429960476
2022-06-15 04:00:00+00:00,272.45,282.935,270.6946,277.52,1054587.0,28590.0,275.909511,282.8823333333333,44.22399716330315,-3.206026463831165,-1.3880489135883685,-1.8179775502427966
2022-06-16 04:00:00+00:00,270.44,272.77,261.68,263.73,1144553.0,37489.0,264.088272,282.09433333333334,38.95221644742819,-4.731845794932951,-2.056808289857285,-2.6750375050756663
2022-06-17 04:00:00+00:00,263.12,271.49,263.0,268.99,2349865.0,38300.0,268.285667,281.57666666666665,41.80201056894981,-5.453762982606008,-2.73619922840703,-2.7175637541989786
2022-06-21 04:00:00+00:00,275.9,285.0,275.47,281.01,1153426.0,32504.0,281.268921,282.0646666666667,47.798907500907525,-4.998356072861554,-3.1886305972979345,-1.8097254755636198
2022-06-22 04:00:00+00:00,275.99,284.56,275.5,278.44,818828.0,24334.0,280.263811,283.1720000000001,46.69109564778952,-4.789608709695756,-3.508826219777499,-1.280782489918257
2022-06-23 04:00:00+00:00,56.202,57.36,55.19,56.8,4590338.0,78033.0,56.573908,276.339,14.810708817872737,-22.25216153103659,-7.257493282029317,-14.994668249007274
2022-06-24 04:00:00+00:00,57.51,59.38,56.38,59.13,7906483.0,71379.0,58.551901,269.61133333333333,15.464174489988139,-35.49419395196131,-12.904833416015716,-22.58936053594559
2022-06-27 04:00:00+00:00,58.97,60.39,57.58,58.85,3174801.0,47866.0,59.139883,262.6843333333333,15.448838197178745,-45.48684962132444,-19.42123665707746,-26.065612964246977
2022-06-28 04:00:00+00:00,59.61,60.59,57.06,57.29,4746522.0,58192.0,58.029875,255.209,15.357455459399219,-52.92192913867365,-26.1213751533967,-26.80055398527695
2022-06-29 04:00:00+00:00,57.25,57.95,56.45,57.17,3355821.0,49869.0,57.072637,247.9343333333333,15.349933756465177,-58.15360763074298,-32.52782164886596,-25.625785981877023
2022-06-30 04:00:00+00:00,56.75,57.36,55.845,56.58,4276763.0,50504.0,56.612089,240.39333333333335,15.310229774007922,-61.636847387996795,-38.34962679669213,-23.287220591304667
2022-07-01 04:00:00+00:00,56.4,57.63,55.78,57.37,2661072.0,36873.0,57.098192,233.287,15.62493319028971,-63.60044722757745,-43.3997908828692,-20.20065634470825
2022-07-05 04:00:00+00:00,56.13,59.2,56.04,59.0,3437794.0,43433.0,58.233814,226.08166666666668,16.31590230764712,-64.28406023890045,-47.576644754075446,-16.707415484825006
2022-07-06 04:00:00+00:00,59.52,60.6,59.09,59.87,4152507.0,55468.0,59.745191,218.568,16.707972901746146,-64.01767088607487,-50.86484998047533,-13.15282090559954
2022-07-07 04:00:00+00:00,60.25,61.92,59.805,61.62,5456503.0,57641.0,61.562956,211.07633333333334,17.544813594339146,-62.939814032595265,-53.279842790899316,-9.65997124169595
2022-07-08 04:00:00+00:00,61.26,63.11,60.59,62.7,3691572.0,55585.0,62.417286,203.63833333333332,18.09175070508111,-61.291922605708464,-54.88225875386115,-6.409663851847313
2022-07-11 04:00:00+00:00,62.233,62.64,61.36,62.28,3528540.0,40816.0,62.164711,196.137,18.041631354251976,-59.3358604039515,-55.77297908387922,-3.562881320072279
2022-07-12 04:00:00+00:00,63.0,63.56,59.135,59.62,5614649.0,66867.0,60.337229,188.3143333333333,17.70706032010048,-57.339334628740744,-56.08625019285153,-1.253084435889214
2022-07-13 04:00:00+00:00,58.1,59.91,57.441,58.91,3750947.0,52394.0,59.043615,180.34900000000002,17.613172013488693,-55.17830349854724,-55.90466085399067,0.726357355443433
2022-07-14 04:00:00+00:00,58.29,58.32,55.5701,57.64,4630826.0,62116.0,57.097611,172.46566666666664,17.435090312080135,-52.957685906531836,-55.31526586449891,2.3575799579670758
2022-07-15 04:00:00+00:00,58.08,60.58,58.08,60.22,4738287.0,50952.0,59.898829,164.83766666666668,19.221890836409116,-50.40856744091829,-54.33392617978279,3.925358738864503
2022-07-18 04:00:00+00:00,60.43,60.9,57.78,58.0,4819287.0,52112.0,59.098739,156.66366666666667,18.843995523522253,-48.01403226197981,-53.0699473962222,5.05591513424239
2022-07-19 04:00:00+00:00,59.32,59.59,58.34,59.2,7010596.0,68909.0,58.974179,148.74499999999998,19.76225844834373,-45.495076982048175,-51.55497331338739,6.059896331339218
2022-07-20 04:00:00+00:00,59.53,60.6311,58.84,59.64,5244886.0,52052.0,59.802455,140.834,20.119157294659587,-42.96797438971373,-49.83757352865267,6.869599138938938
2022-07-21 04:00:00+00:00,59.97,61.93,59.02,61.86,3901157.0,49571.0,61.166231,132.71666666666667,22.00420615686528,-40.321293163358106,-47.934317455593764,7.613024292235657
2022-07-22 04:00:00+00:00,62.32,63.4,60.91,61.23,2392713.0,28936.0,61.591515,124.74,21.84664938599572,-37.83843700979335,-45.91514136643369,8.076704356640334
2022-07-25 04:00:00+00:00,61.18,61.24,59.95,61.0,3181448.0,30708.0,60.67616,116.65666666666667,21.785320188284004,-35.48031965859825,-43.8281770248666,8.34785736626835
2022-07-26 04:00:00+00:00,61.21,61.21,55.21,56.26,6507243.0,73810.0,56.898271,108.92166666666667,20.507609098340694,-33.60657735029898,-41.783857089953074,8.177279739654097
2022-07-27 04:00:00+00:00,57.31,58.5425,56.35,57.93,4244015.0,48521.0,57.625681,101.96966666666665,22.23805740837159,-31.62234531558815,-39.75155473508009,8.129209419491943
2022-07-28 04:00:00+00:00,58.26,59.63,57.35,59.4,3886293.0,47020.0,59.010926,94.97533333333332,23.810283417911535,-29.590114002745352,-37.719266588613145,8.129152585867793
2022-07-29 04:00:00+00:00,59.46,59.93,58.53,59.65,4806045.0,59582.0,59.376741,87.713,24.091374043982327,-27.640757686384234,-35.703564808167364,8.06280712178313
2022-08-01 04:00:00+00:00,59.03,60.95,58.58,60.06,3958939.0,45259.0,60.055072,80.92399999999999,24.582789712751065,-25.765783276854755,-33.716008501904845,7.95022522505009
2022-08-02 04:00:00+00:00,59.55,61.03,59.4,60.37,4032542.0,52605.0,60.338502,73.97,24.978254260172562,-23.978429727772067,-31.76849274707829,7.790063019306224
2022-08-03 04:00:00+00:00,61.19,63.16,60.83,62.88,6500514.0,74712.0,61.535247,66.699,28.25848465926485,-22.104595126892214,-29.835713223041076,7.731118096148862
2022-08-04 04:00:00+00:00,56.83,56.96,52.0,52.61,19687502.0,188132.0,53.272821,59.17133333333333,23.69360147792233,-21.203846136152805,-28.109339805663424,6.905493669510619
2022-08-05 04:00:00+00:00,52.0,53.45,51.24,53.39,11779421.0,103991.0,52.618679,59.05766666666667,24.688663149169443,-20.19426962048913,-26.526325768628567,6.332056148139436
2022-08-08 04:00:00+00:00,53.52,54.37,53.17,53.32,6174595.0,66637.0,53.718151,58.864000000000004,24.65758696148194,-19.178740787755608,-25.056808772453977,5.878067984698369
2022-08-09 04:00:00+00:00,52.91,53.36,51.9,52.19,4388056.0,51566.0,52.319996,58.642,24.129573619963907,-18.254679841451498,-23.696382986253482,5.441703144801984
2022-08-10 04:00:00+00:00,54.04,54.32,53.34,53.89,6173795.0,63777.0,53.929191,58.528666666666666,26.673533406677308,-17.187057392450264,-22.394517867492837,5.2074604750425735
2022-08-11 04:00:00+00:00,54.29,54.87,52.41,52.52,5496374.0,64112.0,53.397291,58.373666666666665,25.91928050748035,-16.264024905142172,-21.168419275022707,4.904394369880535
2022-08-12 04:00:00+00:00,53.07,54.41,52.79,54.29,5006458.0,53666.0,53.753897,58.297333333333334,28.723550836156377,-15.214309709614277,-19.977597361941022,4.763287652326746
2022-08-15 04:00:00+00:00,53.9,54.53,53.76,54.08,3109708.0,39865.0,54.129242,58.18766666666667,28.58529354193152,-14.235252964290538,-18.829128482410926,4.593875518120388
2022-08-16 04:00:00+00:00,53.84,54.27,52.32,52.94,4902275.0,58495.0,52.945921,57.985666666666674,27.802926270580713,-13.396900779614782,-17.742682941851697,4.345782162236915
2022-08-17 04:00:00+00:00,52.33,52.64,51.63,51.93,4812976.0,54236.0,52.045271,57.721,27.09536471979962,-12.66797071151138,-16.727740495783635,4.059769784272255
2022-08-18 04:00:00+00:00,52.07,52.56,51.82,52.27,3793675.0,46618.0,52.244061,57.40933333333334,27.761837830458944,-11.925384809589787,-15.767269358544866,3.841884548955079
2022-08-19 04:00:00+00:00,51.865,52.16,51.07,51.29,4369387.0,50598.0,51.36971,57.029,26.9957908804015,-11.28586155526844,-14.870987797889581,3.5851262426211417
2022-08-22 04:00:00+00:00,50.28,50.79,49.71,50.32,6160763.0,70348.0,50.249911,56.63033333333333,26.224454216411587,-10.73357568301931,-14.04350537491553,3.309929691896219
2022-08-23 04:00:00+00:00,50.91,52.32,50.51,50.59,6809892.0,80698.0,51.009602,56.32933333333333,26.85097169953457,-10.157014664214202,-13.266207232775265,3.1091925685610633
2022-08-24 04:00:00+00:00,50.74,50.9,49.98,50.16,3366019.0,54852.0,50.301238,56.037666666666674,26.465501974484795,-9.623845607723439,-12.537734907764902,2.913889300041463
2022-08-25 04:00:00+00:00,50.665,50.97,50.18,50.87,4258870.0,52242.0,50.580448,55.812,28.29591353832035,-9.039808932607052,-11.838149712733333,2.7983407801262814
2022-08-26 04:00:00+00:00,51.22,51.22,49.42,49.57,7009536.0,84344.0,49.863278,55.457,26.972055693051686,-8.582916279081594,-11.187103026002987,2.6041867469213926
2022-08-29 04:00:00+00:00,49.345,49.49,48.57,48.69,5837101.0,65962.0,48.918315,55.14666666666666,26.08246492174095,-8.197340367868406,-10.58915049437607,2.3918101265076643
2022-08-30 04:00:00+00:00,49.185,49.355,48.31,49.04,6129618.0,73214.0,48.865385,54.808,27.112142980117596,-7.77391376657183,-10.026103148815224,2.252189382243394
2022-08-31 04:00:00+00:00,49.45,50.18,48.49,48.69,5859132.0,62010.0,49.021782,54.443,26.71142782397672,-7.381497896421273,-9.497182098336435,2.115684201915162
2022-09-01 04:00:00+00:00,48.04,48.6,47.37,48.55,5723745.0,73968.0,48.058975,53.99933333333333,26.542439215831706,-7.001098022127572,-8.997965283094663,1.9968672609670914
2022-09-02 04:00:00+00:00,49.08,49.55,48.34,48.6,6404153.0,74767.0,48.826327,53.57833333333333,26.720746061336826,-6.61929073574786,-8.522230373625302,1.9029396378774415
2022-09-06 04:00:00+00:00,48.68,49.94,48.03,49.65,7440543.0,86455.0,49.386866,53.2,30.534100350541394,-6.160959776495972,-8.049976254199436,1.8890164777034641
2022-09-07 04:00:00+00:00,49.88,50.64,49.29,50.45,5116909.0,59459.0,50.076751,53.00633333333333,33.378721604902324,-5.667840537463903,-7.573549110852329,1.9057085733884263
2022-09-08 04:00:00+00:00,50.21,51.84,49.98,51.71,4489269.0,59010.0,51.314589,52.799,37.70552868726192,-5.116389959447744,-7.082117280571412,1.9657273211236674
2022-09-09 04:00:00+00:00,52.08,53.69,52.08,53.59,5488832.0,69986.0,53.251776,52.605333333333334,43.592150069181365,-4.47606383753255,-6.560906591963639,2.0848427544310892
2022-09-12 04:00:00+00:00,53.78,55.94,53.75,55.84,7382447.0,83938.0,55.411102,52.47833333333333,49.71639256387539,-3.743887373496051,-5.997502748270122,2.2536153747740713
2022-09-13 04:00:00+00:00,53.23,53.62,51.8,51.87,7681424.0,83442.0,52.415116,52.20533333333333,41.21385201530116,-3.4442746182139388,-5.486857122258886,2.0425825040449475
2022-09-14 04:00:00+00:00,52.25,52.32,51.05,51.94,4541955.0,56951.0,51.718917,51.92433333333334,41.40413863995752,-3.164700241645754,-5.0224257461362605,1.8577255044905066
2022-09-15 04:00:00+00:00,51.92,52.48,50.535,50.82,6002753.0,64906.0,51.04756,51.52233333333333,39.21682836774321,-2.9989402572502044,-4.61772864835905,1.6187883911088452
2022-09-16 04:00:00+00:00,50.19,50.64,49.6,50.42,10405042.0,68207.0,50.270387,51.449333333333335,38.43586625726949,-2.866804198168218,-4.267543758320883,1.4007395601526653
2022-09-19 04:00:00+00:00,49.61,50.84,49.61,50.74,3593398.0,43326.0,50.421453,51.361,39.474284005901715,-2.7050815969140416,-3.9550513260395155,1.2499697291254739
2022-09-20 04:00:00+00:00,50.33,51.1,50.17,50.77,3590266.0,48127.0,50.686729,51.275999999999996,39.57718066519307,-2.5451555520919484,-3.6730721712500025,1.127916619158054
2022-09-21 04:00:00+00:00,51.11,51.8,49.76,49.8,4366587.0,51662.0,50.58812,51.19633333333333,37.3652842123961,-2.4682316645294264,-3.432104069905887,0.9638724053764607
2022-09-22 04:00:00+00:00,49.51,50.17,48.64,48.74,4057724.0,52383.0,48.982013,51.02466666666667,35.05937142083245,-2.4643940698348104,-3.238562069891672,0.7741680000568616
2022-09-23 04:00:00+00:00,48.5,48.92,47.95,48.59,4248348.0,56926.0,48.492086,50.89366666666667,34.73272081269897,-2.4452689563864993,-3.0799034471906377,0.6346344908041384
2022-09-26 04:00:00+00:00,48.77,49.54,48.21,48.29,3514589.0,44628.0,48.667536,50.693666666666665,34.049432638379756,-2.426350204181851,-2.9491927985888804,0.5228425944070292
2022-09-27 04:00:00+00:00,49.01,49.74,47.865,48.5,4214915.0,59404.0,48.561884,50.507666666666665,35.013201662490374,-2.3671249686462232,-2.832779232600349,0.4656542639541259
2022-09-28 04:00:00+00:00,48.94,50.23,48.3982,49.97,3876901.0,48544.0,49.589694,50.40866666666667,41.46194964523926,-2.176482690449973,-2.701519924170274,0.5250372337203011
2022-09-29 04:00:00+00:00,49.5,49.86,48.49,49.63,3470094.0,45269.0,49.328823,50.332,40.46185226564975,-2.0294383677554677,-2.567103612887313,0.5376652451318451
2022-09-30 04:00:00+00:00,49.59,50.5909,49.06,49.13,4724332.0,47831.0,49.511531,50.227333333333334,38.97306415277592,-1.9309912389463264,-2.439881138099116,0.5088898991527895
2022-10-03 04:00:00+00:00,49.58,51.385,49.33,50.96,5040495.0,60015.0,50.587439,50.21633333333333,46.702685630795024,-1.6858717934241056,-2.2890792691641138,0.6032074757400081
2022-10-04 04:00:00+00:00,52.27,53.08,52.11,52.68,3892419.0,52888.0,52.625462,50.294999999999995,52.75911587764179,-1.3374064524203817,-2.0987447058153674,0.7613382533949857
2022-10-05 04:00:00+00:00,51.7,53.85,51.69,53.59,3368094.0,44979.0,52.976104,50.395,55.631756257645065,-0.9765586045978623,-1.8743074855718664,0.8977488809740042
2022-10-06 04:00:00+00:00,53.785,54.75,53.56,53.74,4982936.0,58555.0,54.02223,50.51433333333333,56.10556951990241,-0.670748369356879,-1.6335956623288692,0.9628472929719902
2022-10-07 04:00:00+00:00,52.58,53.16,50.951,51.47,5489920.0,54930.0,51.69968,50.53433333333334,47.788380540793064,-0.6045922207281151,-1.4277949740087186,0.8232027532806034
2022-10-10 04:00:00+00:00,53.31,53.84,50.83,51.23,6974998.0,85830.0,51.780852,50.589666666666666,46.99516028246226,-0.5650158396573914,-1.2552391471384532,0.6902233074810618
2022-10-11 04:00:00+00:00,50.81,51.06,48.29,48.58,6377409.0,70406.0,49.277927,50.586000000000006,39.2485096537568,-0.7389657879392217,-1.151984475298607,0.4130186873593853
2022-10-12 04:00:00+00:00,48.81,48.95,47.4,48.21,4968629.0,58116.0,48.23656,50.55833333333333,38.29923589055612,-0.8963457669299473,-1.1008567336248751,0.20451096669492785
2022-10-13 04:00:00+00:00,46.46,49.63,45.74,49.2,5100477.0,60086.0,48.3084,50.57533333333334,42.31916158584383,-0.9304600437240538,-1.0667773956447109,0.13631735192065708
2022-10-14 04:00:00+00:00,50.06,50.27,48.07,48.13,4749451.0,52933.0,48.553511,50.56133333333333,39.33616493396748,-1.031940345557338,-1.0598099856272363,0.027869640069898338
2022-10-17 04:00:00+00:00,49.67,50.74,49.67,50.46,5594577.0,63177.0,50.402657,50.623333333333335,47.94143883422704,-0.9138187547366101,-1.0306117394491112,0.1167929847125011
2022-10-18 04:00:00+00:00,52.19,52.75,50.66,51.56,5121994.0,60248.0,51.500526,50.687,51.44334905941355,-0.7231101721307738,-0.9691114259854438,0.24600125385466998
2022-10-19 04:00:00+00:00,51.17,52.74,51.09,51.79,4373777.0,53990.0,51.902525,50.73166666666667,52.167872400140766,-0.5471064658483584,-0.8847104339580267,0.3376039681096683
2022-10-20 04:00:00+00:00,52.02,53.13,51.3,51.59,4433508.0,57785.0,51.997078,50.72766666666667,51.44897448902499,-0.4189314086088842,-0.7915546288881983,0.37262322027931405
2022-10-21 04:00:00+00:00,51.72,53.87,50.94,53.75,5512062.0,67328.0,52.958278,50.733,58.15567751412182,-0.14142751580178015,-0.6615292062709147,0.5201016904691346
2022-10-24 04:00:00+00:00,54.34,55.5,52.8265,54.9,5905767.0,69963.0,54.477476,50.70166666666667,61.22662930181536,0.169339665352517,-0.49535543194622844,0.6646950972987454
2022-10-25 04:00:00+00:00,54.98,56.75,54.98,55.92,5524345.0,68990.0,55.942657,50.83666666666667,63.766621066677025,0.4922559506973059,-0.2978331554175216,0.7900891061148274
2022-10-26 04:00:00+00:00,55.09,57.2477,54.8,55.49,5966860.0,65357.0,56.039526,50.955000000000005,61.924928100487165,0.7053412916290185,-0.0971982660082136,0.8025395576372321
2022-10-27 04:00:00+00:00,56.2,57.0,55.51,56.01,4246197.0,54577.0,56.07951,51.12800000000001,63.30514877161866,0.9057319001466908,0.10338776722276728,0.8023441329239235
2022-10-28 04:00:00+00:00,56.36,57.16,55.27,57.1,3790679.0,48512.0,56.678931,51.35066666666667,66.08077837340362,1.1393629250520334,0.3105827987886205,0.8287801262634129
2022-10-31 04:00:00+00:00,56.39,57.335,55.9,57.16,5405574.0,62033.0,56.933728,51.56466666666667,66.23219329229906,1.3142093072422298,0.5113081004793424,0.8029012067628875
2022-11-01 04:00:00+00:00,57.86,58.29,56.39,56.42,4765894.0,54009.0,56.861122,51.75300000000001,62.52502890382848,1.3771891302431882,0.6844843064321116,0.6927048238110767
2022-11-02 04:00:00+00:00,56.2,56.33,53.085,53.23,9899823.0,109400.0,53.933929,51.86733333333334,49.62909708651463,1.1563648989163866,0.7788604249289666,0.37750447398742004
2022-11-03 04:00:00+00:00,45.55,47.34,42.6101,45.93,16959841.0,164645.0,45.822793,51.77366666666667,32.90410885590836,0.3878403313649983,0.7006564062161729,-0.3128160748511746
2022-11-04 04:00:00+00:00,46.21,47.31,45.15,47.1,9579459.0,110238.0,46.380006,51.724000000000004,36.59234583661325,-0.12536655582044887,0.5354518138088485,-0.6608183696292974
2022-11-07 05:00:00+00:00,47.22,48.27,45.94,47.86,6168103.0,65205.0,47.372819,51.709666666666664,38.94030186555606,-0.4653962645176435,0.33528219814355015,-0.8006784626611936
2022-11-08 05:00:00+00:00,48.51,51.24,48.15,50.6,7079374.0,85612.0,50.274487,51.77966666666667,46.61543063923028,-0.5079221472346234,0.16664132906791546,-0.6745634763025388
2022-11-09 05:00:00+00:00,50.25,50.515,49.59,49.88,4717297.0,61953.0,49.976962,51.776666666666664,45.01422392720709,-0.5928877573720257,0.014735511779927227,-0.607623269151953
2022-11-10 05:00:00+00:00,53.27,54.74,52.78,54.39,7427738.0,95717.0,53.857758,51.93533333333334,55.358211994474,-0.2929276199312767,-0.04679711456231356,-0.24613050536896314
2022-11-11 05:00:00+00:00,54.0,56.23,53.76,56.13,6267068.0,83979.0,55.593134,52.16866666666667,58.59454085710915,0.08422550905996928,-0.02059258983785699,0.10481809889782627
2022-11-14 05:00:00+00:00,55.7,56.905,54.8,55.52,5687773.0,74808.0,55.678983,52.32066666666666,57.0335276752356,0.330095048764683,0.04954493788265101,0.28055011088203197
2022-11-15 05:00:00+00:00,56.9,57.39,55.66,56.2,4492948.0,55510.0,56.425205,52.438,58.36511765298252,0.5732111263251909,0.154278175571159,0.4189329507540319
2022-11-16 05:00:00+00:00,55.68,55.98,54.51,54.69,4280673.0,61293.0,54.982194,52.474666666666664,54.33797523099157,0.6366985246837018,0.2507622453936676,0.3859362792900342
2022-11-17 05:00:00+00:00,53.46,54.54,52.68,54.14,5430229.0,65917.0,53.889214,52.48799999999999,52.90605306366901,0.6353088963357152,0.32767157558207716,0.30763732075363803
2022-11-18 05:00:00+00:00,55.8,55.8,51.26,52.15,6356989.0,72491.0,52.456912,52.510666666666665,47.979463128714386,0.46823373000796664,0.35578400646725505,0.11244972354071159
2022-11-21 05:00:00+00:00,51.555,52.59,51.4,52.32,3731795.0,53244.0,52.179505,52.547,48.42133028033744,0.3455596398080658,0.35373913313541727,-0.008179493327351461
2022-11-22 05:00:00+00:00,52.78,52.85,51.22,52.28,4935640.0,57145.0,51.937943,52.67033333333333,48.3173345261813,0.24231857609239427,0.3314550217268127,-0.08913644563441842
2022-11-23 05:00:00+00:00,52.25,53.58,51.84,53.35,2997239.0,38179.0,53.110593,52.84166666666667,51.328679373957684,0.24402636291239332,0.31396928996392887,-0.06994292705153554
2022-11-25 05:00:00+00:00,53.08,53.48,52.87,52.91,2117775.0,19037.0,53.124908,52.965333333333334,50.03756319848891,0.20748373021680777,0.2926721780145047,-0.08518844779769691
2022-11-28 05:00:00+00:00,52.97,53.24,51.89,52.08,3893367.0,48525.0,52.320901,53.097,47.604979919576934,0.11027814927049917,0.2561933722657036,-0.14591522299520443
2022-11-29 05:00:00+00:00,52.25,52.3,50.84,51.59,5729062.0,58168.0,51.482651,53.13466666666667,46.17770835619966,-0.006225119553768366,0.20370967390180922,-0.20993479345557758
2022-11-30 05:00:00+00:00,51.23,53.19,50.48,53.16,11452952.0,80534.0,52.519094,53.188,51.22375063381035,0.027810497402199985,0.1685298386018874,-0.1407193411996874
2022-12-01 05:00:00+00:00,53.63,55.55,53.35,55.38,4410179.0,54618.0,54.782571,53.30766666666667,57.317401358733115,0.23125366741155062,0.18107460436382003,0.05017906304773059
2022-12-02 05:00:00+00:00,54.11,54.36,52.96,53.61,4685425.0,49870.0,53.561167,53.375,51.76465940397578,0.24681451380165242,0.1942225862513865,0.05259192755026593
2022-12-05 05:00:00+00:00,52.72,52.83,51.14,51.67,3644072.0,46107.0,51.774826,53.30566666666666,46.4528058003692,0.10143552434885805,0.17566517387088082,-0.07422964952202277
2022-12-06 05:00:00+00:00,51.77,51.891,50.63,50.85,3714526.0,50849.0,51.068622,53.17066666666667,44.37982569380219,-0.07903445911812668,0.12472524727307933,-0.203759706391206
2022-12-07 05:00:00+00:00,50.74,51.77,50.37,51.6,3171186.0,41266.0,51.414339,53.026666666666664,46.72171061454313,-0.15969858338294074,0.06784048114187533,-0.22753906452481606
2022-12-08 05:00:00+00:00,51.92,53.39,51.17,52.91,4108989.0,53530.0,52.679795,52.940666666666665,50.631704291392154,-0.11657561996211996,0.030957260921076268,-0.14753288088319622
2022-12-09 05:00:00+00:00,52.78,52.9499,51.88,52.13,3784844.0,44669.0,52.270577,52.81133333333333,48.35615856943648,-0.14368354753883494,-0.003970900770905974,-0.13971264676792897
2022-12-12 05:00:00+00:00,52.46,54.06,52.3,53.64,3808504.0,56583.0,53.509972,52.696000000000005,52.780526057218296,-0.04282869253438548,-0.011742459123601877,-0.031086233410783606
2022-12-13 05:00:00+00:00,56.65,56.706,53.81,54.71,4631090.0,55535.0,54.878441,52.614333333333335,55.678150157522694,0.12203284563187822,0.015012601827494143,0.10702024380438407
2022-12-14 05:00:00+00:00,55.01,55.8,53.68,54.27,3698125.0,50879.0,54.599877,52.54266666666667,54.20510958275749,0.21470746561249854,0.054951574584495025,0.15975589102800353
2022-12-15 05:00:00+00:00,53.54,53.995,52.01,52.17,4502605.0,57255.0,52.437843,52.507333333333335,47.71652432575154,0.11734760986382753,0.06743078164036154,0.04991682822346599
2022-12-16 05:00:00+00:00,51.54,52.5,51.37,51.92,14803499.0,55952.0,51.898944,52.707,46.99530123329225,0.019788205959727634,0.05790226650423476,-0.038114060544507125
2022-12-19 05:00:00+00:00,51.74,51.74,49.67,49.98,4871639.0,60748.0,50.128391,52.803,41.72491237335107,-0.2116305658279245,0.0039957000378029045,-0.21562626586572742
2022-12-20 05:00:00+00:00,49.52,50.73,49.26,50.47,4342127.0,56157.0,50.315822,52.89,43.44995646068667,-0.35144150593702506,-0.0670917411571627,-0.28434976477986235
2022-12-21 05:00:00+00:00,50.3,50.3,47.04,50.01,6803119.0,82798.0,49.259922,52.87033333333333,42.18741227613554,-0.4936701170659532,-0.1524074163389208,-0.3412627007270324
2022-12-22 05:00:00+00:00,49.64,49.99,48.45,49.15,4906815.0,51345.0,48.993928,52.846000000000004,39.855710016876415,-0.6680809079268926,-0.25554211465651516,-0.4125387932703774
2022-12-23 05:00:00+00:00,48.97,49.22,48.29,48.73,2958818.0,40855.0,48.715181,52.657333333333334,38.729882376350616,-0.8306183548073847,-0.3705573626866891,-0.46006099212069557
2022-12-27 05:00:00+00:00,48.44,49.23,47.9,48.55,2804555.0,39821.0,48.644936,52.40466666666667,38.231445717926704,-0.9628557464680796,-0.48901703944296726,-0.4738387070251123
2022-12-28 05:00:00+00:00,48.495,49.03,47.795,47.86,2633166.0,37378.0,48.096978,52.14933333333333,36.30274630848118,-1.1105305604875042,-0.6133197436518747,-0.4972108168356295
2022-12-29 05:00:00+00:00,48.1,49.37,48.0,49.21,2668139.0,33576.0,49.066452,51.916333333333334,42.42290822806365,-1.1058822744857792,-0.7118322498186557,-0.3940500246671236
2022-12-30 05:00:00+00:00,48.55,48.9213,48.15,48.89,2335596.0,27448.0,48.670578,51.723,41.40731415266637,-1.1151648734931356,-0.7924987745535517,-0.322666098939584
2023-01-03 05:00:00+00:00,49.53,50.25,48.015,48.52,4647033.0,49521.0,48.720728,51.53566666666667,40.20870862695017,-1.1392448029320263,-0.8618479802292466,-0.27739682270277977
2023-01-04 05:00:00+00:00,49.02,49.47,47.96,48.3,4671293.0,56035.0,48.547852,51.407333333333334,39.47698210089395,-1.1626778553080044,-0.9220139552449982,-0.2406639000630062
2023-01-05 05:00:00+00:00,47.77,48.175,46.545,47.45,6580057.0,76914.0,47.559086,51.245000000000005,36.69820075808903,-1.2355934620947764,-0.9847298566149538,-0.25086360547982256
2023-01-06 05:00:00+00:00,48.32,48.86,47.075,48.69,5223427.0,63172.0,48.331101,51.12533333333333,43.001413405605994,-1.1797228581574188,-1.0237284569234468,-0.155994401233972
