timestamp,open,high,low,close,volume,trade_count,vwap,30sma,rsi,macd,signal,histogram
2022-01-03 05:00:00+00:00,381.11,382.26,373.855,380.87,574591.0,18191.0,379.498963,,,,,
2022-01-04 05:00:00+00:00,379.88,380.4,365.0,372.36,866040.0,25683.0,371.521723,,,,,
2022-01-05 05:00:00+00:00,370.49,381.085,367.5,368.21,746699.0,24955.0,373.128854,,,,,
2022-01-06 05:00:00+00:00,367.36,383.43,364.37,378.93,1160073.0,25628.0,375.936618,,,,,
2022-01-07 05:00:00+00:00,379.8,389.72,370.0,370.36,1042689.0,24812.0,375.075206,,,,,
2022-01-10 05:00:00+00:00,363.17,366.2,346.15,362.28,1740060.0,38983.0,356.765102,,,,,
2022-01-11 05:00:00+00:00,384.72,424.62,381.0,423.8,4112227.0,79238.0,408.343529,,,,,
2022-01-12 05:00:00+00:00,421.0,427.9999,412.01,413.37,1783172.0,42815.0,418.70641,,,,,
2022-01-13 05:00:00+00:00,414.5583,414.5583,398.44,399.51,1140129.0,29847.0,403.123876,,,,,
2022-01-14 05:00:00+00:00,395.0,405.62,393.99,405.14,1034267.0,27133.0,401.947446,,,,,
2022-01-18 05:00:00+00:00,402.11,402.11,382.51,383.13,1047861.0,32504.0,388.841493,,,,,
2022-01-19 05:00:00+00:00,384.36,394.455,383.76,384.36,782437.0,24521.0,387.608744,,,,,
2022-01-20 05:00:00+00:00,389.4,394.81,379.1,380.44,786873.0,23186.0,386.349663,,,,,
2022-01-21 05:00:00+00:00,379.48,383.9757,365.78,365.94,1058697.0,29208.0,371.775796,,,,,
2022-01-24 05:00:00+00:00,360.91,365.52,344.46,364.96,1302092.0,39758.0,356.789855,,45.431049336626266,,,
2022-01-25 05:00:00+00:00,358.8,358.8,344.03,344.76,1168296.0,29093.0,348.516799,,40.38519693821848,,,
2022-01-26 05:00:00+00:00,343.62,349.3,327.12,331.78,1257153.0,29608.0,337.455007,,37.502801930252915,,,
2022-01-27 05:00:00+00:00,334.3,338.93,323.15,324.36,951260.0,25112.0,329.479693,,35.92434043797206,,,
2022-01-28 05:00:00+00:00,322.11,332.1,318.0738,331.96,784664.0,23437.0,327.444512,,38.767158454831275,,,
2022-01-31 05:00:00+00:00,330.79,349.88,330.62,348.82,1000587.0,27264.0,344.746225,,44.63550775813112,,,
2022-02-01 05:00:00+00:00,352.89,359.3,349.22,356.45,948172.0,24234.0,354.922361,,47.106033208837204,,,
2022-02-02 05:00:00+00:00,356.82,358.22,351.9319,356.23,649227.0,17947.0,355.580901,,47.04085295835427,,,
2022-02-03 05:00:00+00:00,347.38,359.0304,340.69,356.66,1173759.0,27889.0,355.533911,,47.19464996226526,,,
2022-02-04 05:00:00+00:00,356.0,363.854,351.34,358.38,985167.0,22919.0,358.239357,,47.847074435617365,,,
2022-02-07 05:00:00+00:00,357.98,365.87,354.46,355.92,575456.0,15525.0,358.524593,,46.95353857052617,,,
2022-02-08 05:00:00+00:00,352.41,357.17,349.92,354.77,563797.0,15765.0,354.061846,,46.5162095119566,-12.205588199317162,,
2022-02-09 05:00:00+00:00,360.0,369.87,360.0,367.86,837086.0,19914.0,366.81002,,51.996905720042754,-10.35661539284763,,
2022-02-10 05:00:00+00:00,358.26,367.12,355.0,358.08,1074188.0,31510.0,360.596336,,48.036254666041394,-9.570136807803408,,
2022-02-11 05:00:00+00:00,342.97,349.4,330.69,330.9,1765750.0,42476.0,337.31561,,39.11831546765754,-11.013093622280962,,
2022-02-14 05:00:00+00:00,330.96,332.63,322.32,329.45,1002174.0,26910.0,328.258348,365.33466666666664,38.70548558888444,-12.13377951827016,,
2022-02-15 05:00:00+00:00,336.06,344.305,333.575,342.12,930773.0,24941.0,339.673028,364.04299999999995,44.24263816020629,-11.86282083828138,,
2022-02-16 05:00:00+00:00,340.375,340.51,325.8,333.86,750977.0,22934.0,331.065032,362.7596666666667,41.60395288733121,-12.17425981164314,,
2022-02-17 05:00:00+00:00,332.35,333.72,316.525,317.84,732568.0,22993.0,321.565293,361.0806666666667,36.99542947112072,-13.557475419699813,,
2022-02-18 05:00:00+00:00,315.59,318.9,310.02,311.97,1198616.0,23258.0,313.018667,358.84866666666665,35.44605846385046,-14.954952315816001,-11.980969102884407,-2.9739832129315946
2022-02-22 05:00:00+00:00,311.0,324.0,309.04,319.86,1041760.0,29205.0,318.559951,357.16533333333336,39.135775246397706,-15.25001310547043,-12.634777903401611,-2.6152352020688188
2022-02-23 05:00:00+00:00,322.12,326.0,313.9,315.28,1105705.0,28782.0,318.178577,355.59866666666665,37.7856612126677,-15.672752891034804,-13.24237290092825,-2.4303799901065535
2022-02-24 05:00:00+00:00,310.86,324.6,306.66,323.91,876833.0,30775.0,318.262619,352.269,41.856007520312055,-15.13691935675007,-13.621282192092616,-1.5156371646574538
2022-02-25 05:00:00+00:00,322.59,331.81,321.33,329.49,831535.0,22738.0,326.912178,349.473,44.38942265966237,-14.099478048045512,-13.716921363283195,-0.3825566847623172
2022-02-28 05:00:00+00:00,325.38,329.5949,321.26,326.6,1123911.0,24978.0,325.668942,347.0426666666666,43.33624623356904,-13.356531403925999,-13.644843371411756,0.2883119674857575
2022-03-01 05:00:00+00:00,325.88,334.63,325.18,330.25,920983.0,21108.0,330.625479,344.54633333333334,45.10763260665032,-12.331071424585275,-13.382088982046461,1.0510175574611864
2022-03-02 05:00:00+00:00,333.14,334.5438,323.25,330.19,521123.0,17049.0,330.409955,342.7816666666667,45.08268316774941,-11.391909658155043,-12.984053117268179,1.5921434591131352
2022-03-03 05:00:00+00:00,334.7,334.99,325.26,331.95,831654.0,18454.0,330.58418,341.0346666666667,46.02575212280619,-10.385877964705116,-12.464418086755567,2.07854012205045
2022-03-04 05:00:00+00:00,328.1,333.83,320.62,323.57,738371.0,19214.0,324.260304,339.139,42.30097295946147,-10.147808940324524,-12.001096257469358,1.8532873171448347
2022-03-07 05:00:00+00:00,323.16,325.0,314.04,316.33,687553.0,19824.0,318.08492,337.4853333333333,39.33886621569723,-10.423192936148041,-11.685515593205096,1.2623226570570552
2022-03-08 05:00:00+00:00,312.68,324.49,306.39,313.52,740241.0,19555.0,314.595373,335.77066666666667,38.22021196654644,-10.744326346708931,-11.497277743905864,0.7529513971969326
2022-03-09 05:00:00+00:00,322.64,329.05,320.8418,324.71,843947.0,18360.0,324.618944,335.1023333333333,44.93535587774593,-9.980834559009281,-11.193989106926548,1.2131545479172665
2022-03-10 05:00:00+00:00,316.67,319.55,310.08,316.04,741953.0,20131.0,315.455391,334.5776666666667,41.198833997790274,-9.960539459711697,-10.947299177483577,0.9867597177718803
2022-03-11 05:00:00+00:00,321.39,322.34,303.495,303.87,619772.0,17225.0,308.919725,333.8946666666667,36.59841125987561,-10.801954530521698,-10.918230248091202,0.11627571756950417
2022-03-14 04:00:00+00:00,305.355,313.29,303.15,306.11,884105.0,23580.0,307.324039,333.033,37.97133796724289,-11.159394206734476,-10.966463039819857,-0.19293116691461876
2022-03-15 04:00:00+00:00,312.625,314.3875,302.79,312.61,789924.0,20445.0,310.096117,331.826,41.90278601384491,-10.793748435029613,-10.93192011886181,0.13817168383219602
2022-03-16 04:00:00+00:00,316.35,328.06,314.85,326.6,877374.0,25861.0,323.300126,330.831,49.34454184393708,-9.26825675138582,-10.599187445366612,1.3309306939807914
2022-03-17 04:00:00+00:00,325.09,338.26,321.84,338.26,846266.0,23888.0,332.70387,330.23199999999997,54.56788527634022,-7.037307349654782,-9.886811426224245,2.8495040765694633
2022-03-18 04:00:00+00:00,335.95,346.66,335.77,346.11,1348982.0,25095.0,343.545205,329.88033333333334,57.72819004768495,-4.58300445827399,-8.826050032634194,4.243045574360204
2022-03-21 04:00:00+00:00,341.56,348.74,339.95,347.11,585175.0,22247.0,344.536895,329.5046666666667,58.12777313625211,-2.5281175267560343,-7.566463531458563,5.038346004702529
2022-03-22 04:00:00+00:00,342.405,351.73,342.405,350.2,613940.0,18968.0,349.223059,329.314,59.40472608392132,-0.6428571954897393,-6.181742264264799,5.53888506877506
2022-03-23 04:00:00+00:00,349.84,349.84,337.7,339.79,612758.0,19308.0,341.832942,328.8146666666667,53.48676503998681,0.011097277103317538,-4.943174355991177,4.9542716330944945
2022-03-24 04:00:00+00:00,340.0,343.305,332.33,343.05,520164.0,17104.0,339.907839,327.98766666666666,54.99868184190782,0.7833852852364203,-3.797862427745658,4.581247712982078
2022-03-25 04:00:00+00:00,345.81,345.81,334.29,341.72,482855.0,17130.0,339.077124,327.44233333333335,54.22428441428999,1.2734299037425103,-2.783603961448024,4.057033865190535
2022-03-28 04:00:00+00:00,342.83,348.42,337.88,347.08,1208937.0,30246.0,344.550934,327.9816666666667,56.86052080447212,2.070434321047969,-1.8127963049488254,3.8832306259967946
2022-03-29 04:00:00+00:00,352.04,358.13,351.31,357.35,731041.0,22814.0,355.70876,328.9116666666667,61.44245568153727,3.4905325474719007,-0.7521305344646803,4.2426630819365805
2022-03-30 04:00:00+00:00,355.72,358.8993,350.01,352.04,585654.0,17403.0,353.157128,329.24233333333336,58.011636030974024,4.139777225753107,0.22625101757887722,3.91352620817423
2022-03-31 04:00:00+00:00,351.64,355.17,348.49,349.4,940452.0,22147.0,351.040269,329.76033333333334,56.32762529668913,4.390669469697002,1.0591347080025022,3.3315347616945
2022-04-01 04:00:00+00:00,351.9,366.6,351.0,363.9,1001499.0,28106.0,360.969517,331.29566666666665,62.72744406697846,5.693896504471297,1.9860870672962614,3.707809437175036
2022-04-04 04:00:00+00:00,364.4,371.16,364.4,365.55,720195.0,21626.0,367.097607,333.0816666666667,63.3849819011561,6.7816795487592,2.9452055635888494,3.836473985170351
2022-04-05 04:00:00+00:00,366.82,369.59,361.59,363.84,728449.0,20918.0,365.119689,334.54766666666666,62.1610789961698,7.420236867802316,3.840211824431543,3.580025043370773
2022-04-06 04:00:00+00:00,360.01,363.0,351.0,358.52,891147.0,25289.0,357.014805,335.989,58.38401161396463,7.411582495339758,4.554485958613186,2.857096536726572
2022-04-07 04:00:00+00:00,359.95,370.54,358.7,368.01,737287.0,21711.0,365.5205,337.459,62.73400120146727,8.07737656255182,5.259064079400913,2.8183124831509065
2022-04-08 04:00:00+00:00,365.65,368.743,361.79,362.95,788143.0,22086.0,364.81122,338.5743333333333,59.181895642424934,8.103313491990889,5.827913961918909,2.2753995300719803
2022-04-11 04:00:00+00:00,358.76,360.155,350.75,351.28,563236.0,21642.0,353.94148,339.397,51.88512396896912,7.10034882426379,6.082400934387885,1.017947889875905
2022-04-12 04:00:00+00:00,352.84,356.48,340.08,344.59,590314.0,19531.0,346.99673,339.875,48.2151314015513,5.699959425625593,6.005912632635427,-0.30595320700983386
2022-04-13 04:00:00+00:00,344.59,347.2092,341.88,343.35,747801.0,22205.0,344.530103,340.3136666666667,47.5438617222839,4.438914062867752,5.692512918681892,-1.2535988558141398
2022-04-14 04:00:00+00:00,345.0,345.04,333.39,336.49,582201.0,20178.0,337.007264,340.465,43.90229699704006,2.853093176799689,5.1246289703054515,-2.2715357935057625
2022-04-18 04:00:00+00:00,335.99,336.78,329.32,335.85,563913.0,17983.0,334.863279,340.8743333333333,43.567029026119144,1.527072902224404,4.405117756689242,-2.8780448544648376
2022-04-19 04:00:00+00:00,333.58,344.82,333.33,342.27,747630.0,19866.0,339.630326,341.739,47.86783930852536,0.9829023406372244,3.7206746734788383,-2.737772332841614
2022-04-20 04:00:00+00:00,344.65,349.6,337.698,344.17,707544.0,21310.0,344.976654,342.7606666666667,49.10408156031475,0.6969236688451588,3.115924472552103,-2.419000803706944
2022-04-21 04:00:00+00:00,347.17,352.955,333.875,335.79,604075.0,19695.0,339.73309,343.13,44.13314896188435,-0.203565873656828,2.4520264033103167,-2.6555922769671447
2022-04-22 04:00:00+00:00,332.22,334.62,321.645,322.67,710302.0,24167.0,324.921881,343.35099999999994,37.69857602641407,-1.9533674710739888,1.5709476284334556,-3.5243150995074446
2022-04-25 04:00:00+00:00,320.0,321.19,312.77,319.1,902845.0,33304.0,316.875449,343.8586666666667,36.15392857558449,-3.5868203753628904,0.5393940276741863,-4.126214403037077
2022-04-26 04:00:00+00:00,314.92,317.186,300.55,301.44,923085.0,30801.0,304.343501,343.70300000000003,29.676235074618674,-6.2344906522233146,-0.8153829083053139,-5.419107743918
2022-04-27 04:00:00+00:00,300.69,306.8599,296.54,297.54,778695.0,27415.0,299.761779,343.2006666666666,28.463377182869422,-8.548938981362198,-2.362094122916691,-6.186844858445507
2022-04-28 04:00:00+00:00,300.13,304.57,292.595,303.06,939274.0,27589.0,300.047165,342.41600000000005,32.65848523177198,-9.824487512951237,-3.8545728009236004,-5.969914712027636
2022-04-29 04:00:00+00:00,303.5,309.09,295.91,296.65,803891.0,24112.0,300.61667,341.02900000000005,30.427079129426858,-11.22322795778075,-5.328303832295031,-5.894924125485719
2022-05-02 04:00:00+00:00,295.02,302.325,292.51,300.85,841245.0,24759.0,298.434656,339.5203333333333,33.62707543912629,-11.856164454923203,-6.633875956820666,-5.222288498102537
2022-05-03 04:00:00+00:00,301.06,305.63,299.0,300.7,761692.0,20577.0,301.393817,337.9733333333333,33.567693088005356,-12.228907699636807,-7.752882305383895,-4.476025394252912
2022-05-04 04:00:00+00:00,300.72,309.12,291.34,307.68,831068.0,28059.0,301.567332,336.556,38.96864316030887,-11.824773117009158,-8.567260467708948,-3.2575126493002102
2022-05-05 04:00:00+00:00,305.58,306.48,287.73,291.72,1039431.0,31549.0,292.887395,334.9536666666666,32.4685962722255,-12.646550602220998,-9.383118494611358,-3.26343210760964
2022-05-06 04:00:00+00:00,283.0,283.0,239.03,249.05,3542723.0,77929.0,250.164233,331.82033333333334,21.93440004191305,-16.550147770381614,-10.816524349765409,-5.733623420616205
2022-05-09 04:00:00+00:00,237.92,240.6751,220.35,220.68,2382240.0,57343.0,225.432004,327.78566666666666,17.799484122841008,-21.683049850617067,-12.98982944993574,-8.693220400681327
2022-05-10 04:00:00+00:00,225.5,230.0,211.89,219.67,1959220.0,50510.0,219.624357,323.53866666666664,17.671761599991186,-25.538023846805913,-15.499468329309776,-10.038555517496137
2022-05-11 04:00:00+00:00,215.49,224.47,208.35,213.05,1729852.0,45410.0,215.282338,318.7286666666667,16.819833273901224,-28.795362176050105,-18.158647098657845,-10.63671507739226
2022-05-12 04:00:00+00:00,210.18,221.91,208.87,217.42,1349028.0,36867.0,216.329129,314.24133333333333,19.576070746164135,-30.670651611485823,-20.661048001223442,-10.009603610262381
2022-05-13 04:00:00+00:00,223.1,235.625,221.81,233.56,1779382.0,45385.0,231.710996,310.38,28.941347022881686,-30.502851008348784,-22.62940860264851,-7.873442405700274
2022-05-16 04:00:00+00:00,231.74,237.11,229.0,233.74,1455153.0,35533.0,233.607409,306.04133333333334,29.040589812007326,-30.0094134872773,-24.10540957957427,-5.904003907703029
2022-05-17 04:00:00+00:00,239.3,244.96,237.66,243.22,1209822.0,31907.0,241.941825,301.96366666666665,34.24899654286703,-28.524590204531506,-24.989245704565718,-3.535344499965788
2022-05-18 04:00:00+00:00,239.39,248.815,237.61,239.88,1453831.0,39518.0,241.192459,297.83166666666665,33.32102208675521,-27.302639311160533,-25.451924425884684,-1.850714885275849
2022-05-19 04:00:00+00:00,235.76,244.69,235.04,240.96,1009876.0,29811.0,240.901645,293.91300000000007,33.944269723492056,-25.94797534272277,-25.551134609252305,-0.3968407334704658
2022-05-20 04:00:00+00:00,244.83,246.03,236.25,243.49,963376.0,26733.0,240.315787,289.76233333333334,35.46601389340978,-24.389102144172085,-25.318728116236265,0.92962597206418
2022-05-23 04:00:00+00:00,246.71,246.89,239.57,245.07,793202.0,25815.0,244.248178,285.83299999999997,36.450622657517684,-22.763784371584848,-24.807739367305985,2.043954995721137
2022-05-24 04:00:00+00:00,243.25,243.25,238.295,240.26,791859.0,23644.0,240.117001,282.13233333333335,34.714201538705865,-21.61467461389873,-24.169126416624536,2.554451802725808
2022-05-25 04:00:00+00:00,237.94,244.32,237.77,242.4,749772.0,23524.0,240.786227,278.726,36.171072330616,-20.297341617262617,-23.394769456752154,3.097427839489537
2022-05-26 04:00:00+00:00,244.12,245.44,241.82,243.57,789843.0,22574.0,243.757656,275.4,36.9988384464465,-18.940601045912217,-22.503935774584168,3.5633347286719506
2022-05-27 04:00:00+00:00,245.88,258.07,244.43,258.06,1213740.0,30259.0,254.685622,272.7856666666667,46.288950313045476,-16.50588292253613,-21.30432520417456,4.79844228163843
2022-05-31 04:00:00+00:00,254.15,254.49,237.39,239.48,2345431.0,39397.0,241.874766,269.5733333333333,38.457900807571164,-15.89240424556013,-20.221941012451676,4.329536766891547
2022-06-01 04:00:00+00:00,239.48,241.8,230.37,235.2,1334193.0,35994.0,234.822069,266.00433333333336,36.90888344060769,-15.572073040002806,-19.291967417961903,3.719894377959097
2022-06-02 04:00:00+00:00,235.12,248.88,233.88,248.53,1136096.0,28608.0,244.438121,262.8163333333333,44.41780350277919,-14.0802799525718,-18.249629924883884,4.169349972312084
2022-06-03 04:00:00+00:00,235.78,245.73,232.47,233.03,806259.0,25715.0,236.002554,259.39099999999996,38.65653145589886,-13.987504400281722,-17.397204819963452,3.40970041968173
2022-06-06 04:00:00+00:00,238.0,238.77,224.65,226.6,1308324.0,32857.0,229.206697,256.1886666666667,36.539220978681286,-14.268349715150947,-16.771433799000953,2.5030840838500055
2022-06-07 04:00:00+00:00,224.61,233.71,223.1833,233.07,1272039.0,28731.0,228.852282,253.321,40.09475240643993,-13.809657586172165,-16.179078556435197,2.3694209702630324
2022-06-08 04:00:00+00:00,231.74,237.1,229.87,233.53,1031030.0,26125.0,233.691715,251.0573333333333,40.35063643024929,-13.256213239124122,-15.594505492972983,2.338292253848861
2022-06-09 04:00:00+00:00,230.63,231.38,224.28,224.47,925760.0,24839.0,226.249945,248.62166666666664,36.998529833669195,-13.394270081304427,-15.154458410639272,1.760188329334845
2022-06-10 04:00:00+00:00,214.85,215.11,196.805,204.19,2995370.0,61854.0,203.663253,245.32600000000002,30.82545710816983,-14.967570797185829,-15.117080887948585,0.14951009076275668
2022-06-13 04:00:00+00:00,197.51,200.16,192.55,194.31,1827960.0,44688.0,195.742343,241.91466666666665,28.344289102310128,-16.81779134897684,-15.457222980154237,-1.3605683688226033
2022-06-14 04:00:00+00:00,194.8,196.15,187.3977,189.41,1811661.0,41703.0,189.773332,238.2,27.1759853655513,-18.46662179440881,-16.059102743005152,-2.407519051403657
2022-06-15 04:00:00+00:00,192.03,197.7137,188.23,193.63,2074168.0,46218.0,192.615716,234.631,29.857454329365268,-19.211356510409274,-16.689553496485978,-2.5218030139232965
2022-06-16 04:00:00+00:00,190.11,191.0,182.46,187.77,2036249.0,42628.0,186.448714,230.63400000000001,28.299187000953765,-20.043369675248243,-17.36031673223843,-2.6830529430098125
2022-06-17 04:00:00+00:00,188.66,193.89,185.97,187.29,2983615.0,42156.0,188.196289,227.153,28.169499945186544,-20.505107970489632,-17.989274979888673,-2.515832990600959
2022-06-21 04:00:00+00:00,190.4,191.21,182.89,183.24,2606532.0,54087.0,184.871896,224.95933333333332,27.04338632000824,-20.95626922208342,-18.582673828327625,-2.373595393755796
2022-06-22 04:00:00+00:00,180.57,185.72,180.0,181.58,2886986.0,51655.0,182.926382,223.656,26.57445929713495,-21.203346906698698,-19.10680844400184,-2.0965384626968593
2022-06-23 04:00:00+00:00,182.14,194.8,181.3,193.54,1376683.0,36435.0,188.387047,222.785,35.28167373914577,-20.201218632175653,-19.325690481636602,-0.8755281505390506
2022-06-24 04:00:00+00:00,195.71,195.98,190.89,193.04,3205063.0,37691.0,193.706591,222.118,35.09430709977805,-19.2257481192909,-19.30570200916746,0.07995388987656327
2022-06-27 04:00:00+00:00,194.14,194.35,189.42,193.35,1386272.0,30927.0,192.476136,221.3156666666667,35.32363929857982,-18.21766440555737,-19.088094488445446,0.870430082888074
2022-06-28 04:00:00+00:00,194.66,196.8144,187.35,187.43,1503801.0,30567.0,191.26085,219.77799999999996,32.930719410729566,-17.692497229207078,-18.808975036597772,1.1164778073906945
2022-06-29 04:00:00+00:00,186.4,187.4399,182.32,186.43,1220934.0,24028.0,186.183369,218.201,32.529845589174585,-17.159189643984405,-18.479017958075097,1.3198283140906923
2022-06-30 04:00:00+00:00,185.64,187.2617,181.17,184.36,1240158.0,26455.0,184.405296,216.23899999999998,31.67040641939529,-16.710937950217527,-18.125401956503584,1.4144640062860567
2022-07-01 04:00:00+00:00,183.35,191.255,183.19,191.04,1118063.0,24265.0,188.717265,214.611,37.41663444962422,-15.636428071052961,-17.62760717941346,1.9911791083604982
2022-07-05 04:00:00+00:00,190.0,193.2,186.32,193.02,1104082.0,25107.0,191.373491,213.013,39.05270440503907,-14.4584339711827,-16.99377253776731,2.5353385665846098
2022-07-06 04:00:00+00:00,193.02,199.5,192.305,195.39,1085493.0,26966.0,195.636682,211.40966666666665,41.03958304140969,-13.181675813493058,-16.23135319291246,3.0496773794194034
2022-07-07 04:00:00+00:00,194.18,202.71,193.73,202.2,986326.0,27500.0,200.242497,209.98066666666668,46.44241359290511,-11.487900324551134,-15.282662619240197,3.794762294689063
2022-07-08 04:00:00+00:00,198.78,204.265,196.84,197.04,873419.0,26936.0,199.655021,208.54,43.21134721124749,-10.441575934929404,-14.314445282378038,3.872869347448635
2022-07-11 04:00:00+00:00,195.11,196.69,189.485,190.32,803629.0,19054.0,191.018137,206.804,39.36986135090506,-10.038882171722264,-13.459332660246885,3.4204504885246205
2022-07-12 04:00:00+00:00,190.19,193.14,185.62,187.99,1388462.0,22486.0,189.038943,204.95133333333334,38.104966716544276,-9.794847090329512,-12.72643554626341,2.9315884559338983
2022-07-13 04:00:00+00:00,180.24,183.7,177.04,181.18,1287563.0,32428.0,181.196269,202.38866666666667,34.6054297446958,-10.035277187924038,-12.188203874595537,2.152926686671499
2022-07-14 04:00:00+00:00,180.58,180.98,173.45,177.23,1173022.0,25769.0,176.770314,200.3136666666667,32.727920524558996,-10.424385928912073,-11.835440285458844,1.4110543565467708
2022-07-15 04:00:00+00:00,180.67,190.41,177.62,189.21,1839011.0,37337.0,186.216164,198.78066666666666,42.85452968818408,-9.654777268103146,-11.399307681987706,1.7445304138845596
2022-07-18 04:00:00+00:00,190.55,195.545,185.9,187.29,1114858.0,23358.0,189.941367,196.73933333333335,41.769315048646114,-9.094943960995238,-10.938434937789214,1.8434909767939764
2022-07-19 04:00:00+00:00,191.3,194.87,186.96,194.64,1508144.0,24933.0,191.415976,195.45966666666666,47.273794126127896,-7.966357250742675,-10.344019400379906,2.3776621496372314
2022-07-20 04:00:00+00:00,195.62,203.31,194.71,200.66,1217034.0,26294.0,200.80137,194.59499999999997,51.33172043730322,-6.511124275465079,-9.577440375396941,3.0663160999318624
2022-07-21 04:00:00+00:00,201.16,207.97,200.27,207.0,1305590.0,26405.0,205.175041,193.726,55.23883765646819,-4.791028647820696,-8.620158029881692,3.829129382060996
2022-07-22 04:00:00+00:00,208.75,211.58,200.5,201.69,884188.0,21258.0,203.122525,192.66466666666668,51.50905139239979,-3.8123665048192663,-7.658599724869207,3.8462332200499407
2022-07-25 04:00:00+00:00,201.67,202.41,198.25,199.51,679701.0,15323.0,199.770683,191.83266666666668,50.01593233573471,-3.1760657773415915,-6.762092935363684,3.586027158022093
2022-07-26 04:00:00+00:00,199.64,199.94,196.0,199.29,830627.0,19054.0,198.520738,191.66933333333333,49.85885841379625,-2.6588949421116013,-5.941453336713268,3.2825583946016668
2022-07-27 04:00:00+00:00,199.28,207.88,198.195,207.17,1160775.0,29841.0,205.201328,192.098,55.27660517386702,-1.594799331123852,-5.072122535595385,3.477323204471533
2022-07-28 04:00:00+00:00,207.53,215.34,205.45,213.75,1190300.0,26815.0,212.255114,192.90933333333336,59.237303363810994,-0.2180315523599745,-4.101304338948304,3.8832727865883294
2022-07-29 04:00:00+00:00,213.33,217.575,211.961,216.68,1012433.0,25465.0,215.978113,193.67766666666665,60.89789752786696,1.0968495455588823,-3.0616735620468667,4.158523107605749
2022-08-01 04:00:00+00:00,215.02,220.63,212.63,215.61,725549.0,18605.0,216.437913,194.60566666666668,59.93761092616257,2.02917120865132,-2.04350460790723,4.07267581655855
2022-08-02 04:00:00+00:00,214.6,221.3625,213.01,219.14,953162.0,23762.0,218.794983,195.66733333333332,62.06299407923924,3.01809363747131,-1.0311849588315218,4.049278596302832
2022-08-03 04:00:00+00:00,224.17,227.1999,222.811,223.1,1265931.0,27781.0,224.463592,196.996,64.34801048965966,4.0743936185983785,-0.010069243345541823,4.08446286194392
2022-08-04 04:00:00+00:00,224.35,225.31,218.89,225.28,862436.0,21269.0,222.670472,198.45266666666666,65.57719893495936,5.029450371691155,0.9978346796617976,4.031615692029357
2022-08-05 04:00:00+00:00,220.68,226.05,218.525,223.77,747744.0,20316.0,223.099613,199.46033333333335,63.93296103251023,5.599942695377052,1.9182562828048486,3.681686412572204
2022-08-08 04:00:00+00:00,226.52,230.66,222.47,222.98,829896.0,21433.0,225.64291,200.45833333333334,63.04236831355105,5.92007266185027,2.7186195586139332,3.2014531032363367
2022-08-09 04:00:00+00:00,221.5,222.0,213.59,214.8,803334.0,24393.0,216.318724,201.17333333333332,54.56637981822501,5.450885910091699,3.265072828909487,2.1858130811822125
2022-08-10 04:00:00+00:00,221.5,227.32,220.36,227.3,1008536.0,25713.0,225.217452,202.50233333333335,62.797692655062555,6.018322091362393,3.8157226814000684,2.2025994099623243
2022-08-11 04:00:00+00:00,229.56,236.29,225.455,227.44,2826387.0,58830.0,212.36221,203.86933333333334,62.878810490791516,6.405477822086027,4.33367370953726,2.071804112548767
2022-08-12 04:00:00+00:00,200.39,211.66,198.0,208.325,6561530.0,98121.0,206.536716,204.66816666666668,47.61344960141108,5.110964758441185,4.489131919318045,0.6218328391231394
2022-08-15 04:00:00+00:00,208.22,231.64,208.16,226.59,4028075.0,67986.0,225.643978,205.85316666666665,58.084832148715115,5.495537546087633,4.690413044671963,0.8051245014156692
2022-08-16 04:00:00+00:00,223.995,224.8905,213.5101,219.83,2039620.0,47595.0,218.415018,206.7468333333333,53.7986803330327,5.194954544430686,4.791321344623708,0.4036331998069782
2022-08-17 04:00:00+00:00,216.2,218.58,210.6201,213.02,1278933.0,34322.0,213.538913,207.3345,49.81104391265665,4.357005417270102,4.7044581591529875,-0.34745274188288544
2022-08-18 04:00:00+00:00,213.0,213.555,207.1,209.06,1022597.0,25646.0,208.826075,207.56316666666666,47.60152581855302,3.3349426490699443,4.430555057136379,-1.095612408066435
2022-08-19 04:00:00+00:00,207.37,209.23,201.655,202.75,1316203.0,33381.0,203.524655,207.75349999999997,44.23446072377032,1.992814353197275,3.9430069163485584,-1.9501925631512833
2022-08-22 04:00:00+00:00,199.77,201.6,194.03,195.58,1099243.0,25555.0,196.658339,207.92883333333333,40.7106456522731,0.3466133880183975,3.2237282106825265,-2.877114822664129
2022-08-23 04:00:00+00:00,194.57,196.505,191.8,194.84,1079446.0,26097.0,194.029358,208.15716666666668,40.353348791601576,-1.0061265520849076,2.37775725812904,-3.3838838102139475
2022-08-24 04:00:00+00:00,195.65,211.96,195.375,210.75,2220156.0,45941.0,207.06438,209.14283333333333,50.42705100230313,-0.7853259176691552,1.7451406229694009,-2.530466540638556
2022-08-25 04:00:00+00:00,212.69,218.1,212.4001,217.52,1800300.0,37679.0,215.65319,210.48583333333332,53.98808807501441,-0.06332740446401885,1.3834470174827171,-1.446774421946736
2022-08-26 04:00:00+00:00,216.56,217.73,205.36,205.37,1492642.0,32349.0,209.320055,211.0245,47.40635058632265,-0.46616814307006393,1.013523985372161,-1.4796921284422249
2022-08-29 04:00:00+00:00,203.67,210.54,203.01,210.18,1636168.0,33974.0,208.423208,211.7875,50.00485763974682,-0.39276794519082614,0.7322655992595636,-1.1250335444503898
2022-08-30 04:00:00+00:00,211.64,213.01,204.365,205.25,1592806.0,34681.0,206.564058,212.1411666666667,47.418859413138286,-0.7240610329470485,0.44100027281824117,-1.1650613057652897
2022-08-31 04:00:00+00:00,208.16,208.7,201.07,201.64,1571760.0,31077.0,203.059344,212.17383333333333,45.56082985206314,-1.263346944631337,0.10013082932832557,-1.3634777739596626
2022-09-01 04:00:00+00:00,200.0,205.0,191.2,200.62,2250252.0,47271.0,197.322682,211.96116666666666,45.0240163845433,-1.7528348019950215,-0.2704622969363438,-1.4823725050586778
2022-09-02 04:00:00+00:00,203.82,204.25,195.37,196.07,1276153.0,33847.0,198.382768,211.77383333333333,42.61210854078403,-2.4793243221290027,-0.7122347019748756,-1.767089620154127
2022-09-06 04:00:00+00:00,204.26,208.975,200.215,201.02,2211122.0,49809.0,203.568808,211.82416666666666,46.001169024068616,-2.6253850650017228,-1.0948647745802451,-1.5305202904214776
2022-09-07 04:00:00+00:00,201.0,206.63,197.605,205.75,1411537.0,34516.0,202.759015,212.03949999999998,49.094755122443964,-2.3325792645173635,-1.3424076725676688,-0.9901715919496947
2022-09-08 04:00:00+00:00,202.07,207.53,200.02,207.31,1465097.0,33492.0,204.036559,212.04416666666665,50.10992826380008,-1.9521464662516905,-1.4643554313044733,-0.4877910349472172
2022-09-09 04:00:00+00:00,208.0,210.9562,205.06,210.35,1461775.0,34179.0,208.405497,211.93083333333334,52.114029032387876,-1.389332775687393,-1.4493509001810574,0.06001812449366439
2022-09-12 04:00:00+00:00,211.18,214.245,210.045,212.49,1330354.0,31750.0,212.419672,211.7911666666667,53.52920486315529,-0.7618367756647899,-1.3118480752778041,0.5500112996130142
2022-09-13 04:00:00+00:00,203.48,205.62,198.31,199.12,1431433.0,35428.0,200.994026,211.2415,44.650821804578264,-1.3280796613944688,-1.3150943925011371,-0.012985268893331625
2022-09-14 04:00:00+00:00,198.96,200.19,195.08,196.86,980570.0,26313.0,197.555328,210.49883333333335,43.34219531663811,-1.9368673392579296,-1.4394489818524956,-0.49741835740543405
2022-09-15 04:00:00+00:00,196.0,203.95,195.25,201.97,1262283.0,27924.0,200.594322,209.7945,47.11622931184992,-1.9841298522363502,-1.5483851559292665,-0.4357446963070837
2022-09-16 04:00:00+00:00,199.66,200.39,192.4,199.88,1789423.0,31028.0,198.14173,208.94783333333334,45.773254322839065,-2.1652713669375316,-1.6717623981309195,-0.4935089688066121
2022-09-19 04:00:00+00:00,197.52,199.43,191.71,198.81,948188.0,23552.0,196.166765,208.1158333333333,45.06504862460549,-2.367872025271083,-1.8109843235589524,-0.5568877017121308
2022-09-20 04:00:00+00:00,196.25,196.78,192.51,194.7,1016243.0,23221.0,194.714358,207.17316666666665,42.354308117129186,-2.8274836860706785,-2.014284196061298,-0.8131994900093806
2022-09-21 04:00:00+00:00,196.54,207.0,195.11,198.17,2333769.0,39907.0,200.082946,206.61883333333333,45.34355521850099,-2.878547138992616,-2.1871367846475613,-0.6914103543450545
2022-09-22 04:00:00+00:00,196.1,197.22,189.7301,193.49,1735124.0,37157.0,193.615294,205.49183333333335,42.1675963568773,-3.259083495111014,-2.401526126740252,-0.8575573683707618
2022-09-23 04:00:00+00:00,193.04,194.46,188.42,190.38,1323137.0,30042.0,190.754079,204.2565,40.154816997781865,-3.768175130302211,-2.674855927452644,-1.093319202849567
2022-09-26 04:00:00+00:00,189.51,194.45,182.3901,184.12,1504080.0,30575.0,185.760684,203.4496666666667,36.38957467865231,-4.623467150690715,-3.064578172100258,-1.5588889785904567
2022-09-27 04:00:00+00:00,187.53,190.62,184.875,186.84,2067349.0,40184.0,187.390686,202.12466666666666,39.06328040160561,-5.023898595146818,-3.4564422567095705,-1.5674563384372475
2022-09-28 04:00:00+00:00,193.44,202.91,192.6801,201.29,3009735.0,55967.0,199.284018,201.5066666666667,50.87627979637605,-4.127667976471145,-3.590687400661886,-0.5369805758092587
2022-09-29 04:00:00+00:00,197.09,208.29,191.2,193.81,3876305.0,68366.0,197.070233,200.86633333333333,45.91437712010307,-3.975149195725578,-3.6675797596746245,-0.30756943605095355
2022-09-30 04:00:00+00:00,193.16,194.22,183.645,190.79,2780509.0,47185.0,190.692475,200.25733333333335,44.04655765922183,-4.051265259862532,-3.7443168597122063,-0.306948400150326
2022-10-03 04:00:00+00:00,193.82,194.53,179.75,187.24,3858349.0,63925.0,186.422604,199.74033333333333,41.88933129178128,-4.347922970968511,-3.8650380819634678,-0.48288488900504367
2022-10-04 04:00:00+00:00,196.48,207.14,195.05,205.06,2722282.0,52041.0,203.792245,200.05633333333336,54.05389368301981,-3.109259662336825,-3.7138823980381392,0.6046227357013141
2022-10-05 04:00:00+00:00,200.78,219.89,200.3,218.52,2806248.0,48714.0,213.344478,200.84566666666666,60.73920650130835,-1.0296316038665907,-3.1770322392038297,2.147400635337239
2022-10-06 04:00:00+00:00,216.59,219.6,210.53,212.72,1553214.0,30079.0,213.600151,200.91133333333335,56.89742012431528,0.14876224939493454,-2.511873341484077,2.6606355908790116
2022-10-07 04:00:00+00:00,208.28,212.07,205.18,206.18,1618865.0,30463.0,207.954145,200.53333333333333,52.83903364276248,0.5486005988232137,-1.899778553422619,2.448379152245833
2022-10-10 04:00:00+00:00,207.37,207.37,198.0,203.53,1354328.0,28629.0,202.230255,200.472,51.24404697401071,0.6442163928331297,-1.3909795641714693,2.035195957004599
2022-10-11 04:00:00+00:00,205.11,205.11,196.89,199.16,1611623.0,31351.0,199.759826,200.10466666666665,48.636770035483984,0.3631835659995204,-1.0401469381372712,1.4033305041367916
2022-10-12 04:00:00+00:00,199.16,201.92,196.405,198.27,1124819.0,25012.0,198.2599,199.87199999999999,48.10000756828471,0.06786515675952387,-0.8185445191579123,0.8864096759174361
2022-10-13 04:00:00+00:00,192.93,203.23,190.0096,202.64,1826250.0,31530.0,197.689426,199.90533333333332,50.96173722914769,0.18432093120955528,-0.6179714290844188,0.8022923602939741
2022-10-14 04:00:00+00:00,204.43,206.06,198.67,199.32,1615381.0,34443.0,200.696968,199.86200000000002,48.76193532058403,0.008617382061174794,-0.4926536668553001,0.5012710489164749
2022-10-17 04:00:00+00:00,204.73,208.685,203.3201,207.11,1358567.0,29051.0,206.679221,200.23,53.80106329379535,0.4922842038729982,-0.29566609270964045,0.7879502965826386
2022-10-18 04:00:00+00:00,213.99,217.31,207.0,208.68,1301752.0,27656.0,210.792997,200.48533333333336,54.76659998392092,0.9908575348780175,-0.038361367192108864,1.0292189020701263
2022-10-19 04:00:00+00:00,204.57,205.88,201.835,204.73,1384911.0,27210.0,203.841707,200.45133333333334,51.83156520535427,1.0550861271483143,0.18032813167597578,0.8747579954723386
2022-10-20 04:00:00+00:00,204.49,211.98,203.87,208.64,1307535.0,27217.0,208.505206,200.49566666666666,54.43469656281243,1.4052927321788786,0.4253210517765563,0.9799716804023223
2022-10-21 04:00:00+00:00,209.46,220.7899,206.78,220.01,1994963.0,40128.0,216.392129,200.8176666666667,61.029968366221084,2.5706649414515255,0.8543898297115502,1.7162751117399753
2022-10-24 04:00:00+00:00,221.47,222.66,215.56,220.57,1105077.0,26607.0,219.473193,201.087,61.32687502916683,3.499082883856545,1.3833284405405493,2.1157544433159954
2022-10-25 04:00:00+00:00,222.59,230.79,222.59,230.12,1387968.0,30777.0,228.964755,202.12033333333332,66.07391567801528,4.948423632078658,2.096347478848171,2.852076153230487
2022-10-26 04:00:00+00:00,230.65,241.83,230.16,237.34,2010176.0,40046.0,237.504126,203.46966666666668,69.15637663650762,6.603509134166302,2.9977798099117976,3.6057293242545043
2022-10-27 04:00:00+00:00,236.4,238.97,232.81,236.87,1563195.0,30020.0,236.431709,204.63299999999998,68.7186691935686,7.787482001794331,3.955720248288304,3.8317617535060267
2022-10-28 04:00:00+00:00,236.9,239.75,232.09,233.0,1918500.0,39647.0,234.36615,205.737,65.06684994782056,8.317631889516633,4.82810257653397,3.489529312982663
2022-10-31 04:00:00+00:00,231.93,236.59,226.68,228.82,1470877.0,32701.0,229.013715,206.73733333333334,61.278971777094206,8.30475636691142,5.52343333460946,2.7813230323019598
2022-11-01 04:00:00+00:00,229.94,229.94,218.92,219.13,1564981.0,34768.0,221.912154,207.55166666666668,53.503127285646976,7.4270361555607565,5.904153898799719,1.5228822567610374
2022-11-02 04:00:00+00:00,218.19,222.41,210.95,210.98,1199953.0,28527.0,215.544159,207.9786666666667,47.98763867291448,6.004582586490471,5.9242396363378695,0.08034295015260184
2022-11-03 04:00:00+00:00,209.6,214.05,205.6725,211.93,1542760.0,34646.0,211.030196,208.5933333333333,48.652112811912296,4.897479846204732,5.718887678311242,-0.8214078321065106
2022-11-04 04:00:00+00:00,206.63,228.82,203.43,224.36,2599282.0,50472.0,218.281536,209.72600000000003,56.48531846029949,4.96584687479907,5.568279517608809,-0.6024326428097391
2022-11-07 05:00:00+00:00,223.65,224.84,213.77,217.19,1185218.0,28819.0,216.888195,210.82833333333332,51.595821381161194,4.390854126549016,5.33279443939685,-0.9419403128478345
2022-11-08 05:00:00+00:00,218.0,222.58,213.86,218.04,1003778.0,23501.0,218.149998,211.86833333333334,52.12490306752024,3.9581292767628042,5.057861406870042,-1.0997321301072374
2022-11-09 05:00:00+00:00,215.69,218.72,213.8,215.85,1226736.0,26619.0,216.141942,212.3536666666667,50.59057111648537,3.399292095001414,4.726147544496317,-1.3268554494949028
2022-11-10 05:00:00+00:00,229.88,240.75,229.28,240.09,1789852.0,41913.0,237.005907,213.89633333333333,63.42401647156235,4.85639353840773,4.752196743278599,0.10419679512913049
2022-11-11 05:00:00+00:00,237.46,248.87,236.57,242.74,1311748.0,33463.0,243.55918,215.62800000000001,64.50930661271431,6.154049728672959,5.032567340357471,1.1214823883154876
2022-11-14 05:00:00+00:00,241.36,241.36,234.55,234.57,1083374.0,28848.0,236.949614,217.20566666666667,58.72400048714757,6.4488624164457065,5.315826355575118,1.1330360608705883
2022-11-15 05:00:00+00:00,237.13,243.09,235.5,238.49,1176375.0,31688.0,239.892874,218.32000000000002,60.5520063485431,6.919056261094511,5.636472336678997,1.2825839244155137
2022-11-16 05:00:00+00:00,238.3,238.71,230.7,231.79,832492.0,22775.0,232.276152,218.76233333333337,55.98797941549715,6.674119173442222,5.844001704031642,0.8301174694105793
2022-11-17 05:00:00+00:00,224.99,229.54,221.91,224.68,941415.0,27923.0,224.891343,219.161,51.54771756010658,5.838979071453224,5.842997177515959,-0.004018106062734894
2022-11-18 05:00:00+00:00,228.97,229.94,219.38,220.56,772385.0,22039.0,221.745659,219.64033333333333,49.11687509092345,4.789464985034982,5.632290739019764,-0.8428257539847817
2022-11-21 05:00:00+00:00,220.32,225.715,217.98,224.42,747655.0,23209.0,223.877863,220.33666666666667,51.42792235566589,4.2205355442795565,5.349939700071722,-1.129404155792166
2022-11-22 05:00:00+00:00,224.17,224.325,219.08,222.17,789526.0,20901.0,221.618687,221.1036666666667,50.0022986155028,3.5472086542942236,4.989393490916223,-1.4421848366219994
2022-11-23 05:00:00+00:00,222.3,223.42,219.18,222.08,794290.0,21495.0,221.800786,221.89733333333334,49.94266072272056,2.9720698241998207,4.585928757572942,-1.6138589333731215
2022-11-25 05:00:00+00:00,222.08,222.08,218.61,218.99,470055.0,10915.0,219.75751,222.44233333333335,47.8332420252854,2.2410970106022035,4.116962408178795,-1.8758653975765913
2022-11-28 05:00:00+00:00,217.32,220.0,215.17,216.91,794578.0,22664.0,216.739319,223.02866666666665,46.41218130796438,1.4769320197709703,3.58895633049723,-2.1120243107262597
2022-11-29 05:00:00+00:00,215.73,217.62,207.24,208.57,1080067.0,27047.0,210.242489,223.0773333333333,41.13521859407363,0.19609697544711935,2.9103844594872084,-2.714287484040089
2022-11-30 05:00:00+00:00,207.42,218.6,203.32,218.08,2518594.0,46975.0,212.880362,223.39066666666665,48.34706106778806,-0.051008509142207004,2.3181058657613254,-2.3691143749035324
2022-12-01 05:00:00+00:00,218.38,225.51,216.935,220.86,1395275.0,35086.0,220.729043,223.92833333333334,50.265284945892915,-0.02226199696411868,1.8500322932162365,-1.8722942901803552
2022-12-02 05:00:00+00:00,215.29,219.55,211.0,218.76,1087013.0,30552.0,215.435076,224.26566666666668,48.79125789725607,-0.16700747036347252,1.4466243405002948,-1.6136318108637673
2022-12-05 05:00:00+00:00,216.03,220.69,210.4881,213.86,1390541.0,30785.0,215.439607,224.06066666666666,45.44266346413799,-0.6693920153873307,1.0234210693227697,-1.6928130847101004
2022-12-06 05:00:00+00:00,212.63,214.52,204.84,205.98,758081.0,21799.0,207.403368,223.57433333333333,40.615150748681614,-1.683973729974241,0.4819421094633675,-2.1659158394376083
2022-12-07 05:00:00+00:00,206.46,211.12,206.35,208.52,950845.0,26728.0,208.022572,222.85433333333333,42.7271822014188,-2.257062267271948,-0.0658587658836956,-2.1912035013882525
2022-12-08 05:00:00+00:00,210.83,213.5634,207.5,210.42,1095974.0,27015.0,210.880688,221.957,44.32236361678276,-2.5287747991459923,-0.558441972536155,-1.9703328266098374
2022-12-09 05:00:00+00:00,208.35,212.21,205.44,205.62,896672.0,20563.0,208.157405,220.91533333333334,41.20035024861791,-3.095743024413167,-1.0659021829115574,-2.02984084150161
2022-12-12 05:00:00+00:00,200.89,208.615,200.861,208.52,1358781.0,27917.0,206.710604,220.09933333333336,43.77706760645676,-3.273330744785852,-1.5073878952864164,-1.7659428494994358
2022-12-13 05:00:00+00:00,216.82,220.6099,207.84,210.76,1168869.0,29128.0,213.443827,219.49733333333333,45.754450886102376,-3.196474049980594,-1.845205126225252,-1.3512689237553421
2022-12-14 05:00:00+00:00,209.49,212.64,205.95,209.98,1246579.0,30715.0,209.801351,219.19233333333335,45.15885518320818,-3.1620538583242705,-2.1085748726450557,-1.0534789856792148
2022-12-15 05:00:00+00:00,206.01,209.97,202.31,207.46,1405542.0,32281.0,206.845942,219.075,43.20219829748658,-3.300077310920301,-2.346875360300105,-0.9532019506201959
2022-12-16 05:00:00+00:00,206.0,206.18,198.19,199.54,2341481.0,34065.0,200.363397,218.662,37.6768943514103,-4.002402496732913,-2.677980787586667,-1.3244217091462458
2022-12-19 05:00:00+00:00,199.435,199.435,190.755,191.59,1203724.0,31042.0,193.490921,217.56966666666668,33.100610431733074,-5.141233881666068,-3.1706314064025474,-1.9706024752635205
2022-12-20 05:00:00+00:00,190.09,194.61,188.355,191.46,1157498.0,26001.0,191.984439,216.71200000000002,33.029961298927034,-5.985261503688747,-3.7335574258597877,-2.2517040778289594
2022-12-21 05:00:00+00:00,191.76,197.93,190.43,197.46,1054968.0,25740.0,196.26638,216.026,39.453207316230014,-6.09969611919152,-4.206785164526135,-1.8929109546653855
2022-12-22 05:00:00+00:00,194.7,196.13,190.78,195.78,854198.0,21898.0,193.984206,215.357,38.34424469373956,-6.253857756759913,-4.616199682972891,-1.6376580737870228
2022-12-23 05:00:00+00:00,195.04,195.785,190.44,191.24,738712.0,20484.0,192.529119,213.72866666666667,35.44477809458594,-6.665535874435875,-5.026066921265487,-1.6394689531703879
2022-12-27 05:00:00+00:00,189.76,190.41,185.75,188.77,820439.0,20235.0,188.710511,211.9296666666667,33.94105110676294,-7.109152224473348,-5.442683981907059,-1.666468242566289
2022-12-28 05:00:00+00:00,188.91,192.2679,188.09,190.81,762500.0,20124.0,190.596897,210.471,36.343090790811594,-7.212963869380502,-5.796739959401748,-1.4162239099787541
2022-12-29 05:00:00+00:00,193.12,205.32,191.02,201.64,1229329.0,27001.0,201.361913,209.24266666666665,47.29904016184761,-6.3481671368219565,-5.90702539488579,-0.44114174193616673
2022-12-30 05:00:00+00:00,199.29,202.4,197.59,202.2,1000429.0,24667.0,200.547555,208.25633333333332,47.799333557636935,-5.553603689525971,-5.836341053813826,0.282737364287855
2023-01-03 05:00:00+00:00,204.93,206.31,198.85,200.87,911674.0,22654.0,200.962638,207.46266666666668,46.666261441704066,-4.973890405296629,-5.6638509241103865,0.6899605188137574
2023-01-04 05:00:00+00:00,206.11,208.22,201.0035,202.61,828473.0,23193.0,203.649982,206.86433333333335,48.38992496742732,-4.324213155199033,-5.3959233703281155,1.071710215129083
2023-01-05 05:00:00+00:00,198.6,203.82,196.34,201.15,944729.0,23633.0,200.818139,206.08866666666665,47.01685603783868,-3.882395216744243,-5.093217739611342,1.2108225228670992
2023-01-06 05:00:00+00:00,204.58,204.58,190.73,201.87,1523659.0,33040.0,198.975818,205.41199999999998,47.80343734109427,-3.434561843689977,-4.761486560427069,1.326924716737092
2023-01-09 05:00:00+00:00,205.57,210.96,204.47,209.385,636816.0,17301.0,208.295139,204.98883333333333,55.26801493664928,-2.4450677554714844,-4.298202799435952,1.8531350439644676
