timestamp,open,high,low,close,volume,trade_count,vwap,30sma,rsi,macd,signal,histogram
2022-01-03 05:00:00+00:00,358.65,360.51,353.13,360.0,1586651.0,32108.0,358.141565,,,,,
2022-01-04 05:00:00+00:00,360.0,362.0,352.57,354.63,1310938.0,37186.0,355.382437,,,,,
2022-01-05 05:00:00+00:00,352.49,355.7,341.65,341.91,1453334.0,41844.0,347.159129,,,,,
2022-01-06 05:00:00+00:00,339.88,341.71,333.38,334.18,1697457.0,41607.0,336.458607,,,,,
2022-01-07 05:00:00+00:00,330.94,333.07,323.23,324.29,1743768.0,42598.0,326.121704,,,,,
2022-01-10 05:00:00+00:00,321.18,325.81,315.25,325.53,2046922.0,53222.0,320.961171,,,,,
2022-01-11 05:00:00+00:00,325.77,328.16,318.7386,328.02,1825352.0,45344.0,325.29916,,,,,
2022-01-12 05:00:00+00:00,324.81,327.14,319.56,323.16,2106244.0,48723.0,323.343911,,,,,
2022-01-13 05:00:00+00:00,325.01,325.01,312.39,313.21,1713194.0,49029.0,316.752899,,,,,
2022-01-14 05:00:00+00:00,310.39,311.505,303.89,307.74,2297303.0,57856.0,307.382246,,,,,
2022-01-18 05:00:00+00:00,301.37,301.48,294.67,295.49,2309382.0,58343.0,297.135256,,,,,
2022-01-19 05:00:00+00:00,296.065,299.625,293.0,293.46,1913546.0,41377.0,296.139035,,,,,
2022-01-20 05:00:00+00:00,296.0,304.43,291.82,292.73,2763821.0,65152.0,298.975105,,,,,
2022-01-21 05:00:00+00:00,275.04,281.58,267.3,269.53,5561410.0,117318.0,272.676611,,,,,
2022-01-24 05:00:00+00:00,265.44,272.365,254.2,271.98,4614746.0,83510.0,263.291082,,6.156604901374791,,,
2022-01-25 05:00:00+00:00,261.64,268.4,260.3,264.14,2762037.0,61272.0,263.853383,,5.678942531985584,,,
2022-01-26 05:00:00+00:00,269.0,275.01,261.195,264.46,3427991.0,69063.0,269.060089,,5.9995166312449015,,,
2022-01-27 05:00:00+00:00,266.71,270.83,261.02,262.77,2544765.0,50820.0,264.696782,,5.8857427803773845,,,
2022-01-28 05:00:00+00:00,264.42,272.04,258.12,271.79,2705440.0,50030.0,267.637264,,15.13600770760732,,,
2022-01-31 05:00:00+00:00,276.23,285.23,273.81,284.18,2988683.0,59143.0,281.489087,,25.908508652526265,,,
2022-02-01 05:00:00+00:00,285.18,289.7,281.6101,286.51,2088397.0,46477.0,285.176641,,27.765488207081845,,,
2022-02-02 05:00:00+00:00,292.08,295.26,289.065,292.94,2326347.0,45851.0,292.325313,,32.77300291300179,,,
2022-02-03 05:00:00+00:00,286.84,291.96,284.91,285.6,1915170.0,39815.0,286.934792,,30.199377956055017,,,
2022-02-04 05:00:00+00:00,282.85,288.29,280.46,285.73,1630739.0,33848.0,284.999532,,30.30377069232135,,,
2022-02-07 05:00:00+00:00,284.41,290.9,283.56,284.89,1716297.0,32377.0,286.100987,,29.991643311728623,,,
2022-02-08 05:00:00+00:00,283.65,285.3526,277.81,283.39,2042351.0,37876.0,282.471911,,29.409119246853663,-14.001279633857052,,
2022-02-09 05:00:00+00:00,287.11,292.94,287.11,292.18,2094826.0,37751.0,291.220406,,37.116907888770655,-12.477988311707634,,
2022-02-10 05:00:00+00:00,287.69,294.98,286.74,292.49,2742695.0,53300.0,292.599115,,37.37660987624796,-11.11759780789589,,
2022-02-11 05:00:00+00:00,291.53,294.48,282.2,283.16,2123788.0,47004.0,286.548348,,32.96408610915874,-10.669342025047456,,
2022-02-14 05:00:00+00:00,283.24,286.17,279.03,281.14,1456557.0,36534.0,282.116588,298.3743333333333,32.081026906843164,-10.357696132216972,,
2022-02-15 05:00:00+00:00,285.0,290.612,285.0,289.31,1360224.0,28620.0,288.692225,296.01800000000003,39.177878384355616,-9.343754807267544,,
2022-02-16 05:00:00+00:00,289.0,292.36,282.72,291.14,1749074.0,35635.0,289.308464,293.9016666666667,40.67321556494481,-8.296891891056248,,
2022-02-17 05:00:00+00:00,289.47,290.0,283.5,284.08,1519446.0,32621.0,286.11183,291.974,36.90369817672806,-7.945339556234785,,
2022-02-18 05:00:00+00:00,283.37,286.6,280.235,280.78,1366238.0,32870.0,282.245662,290.194,35.258801183549195,-7.8426094983975645,-10.228055518186794,2.3854460197892298
2022-02-22 05:00:00+00:00,278.12,287.3156,277.345,284.0,2085003.0,36324.0,283.833807,288.85099999999994,38.15545650266419,-7.415882421762717,-9.66562089890198,2.249738477139262
2022-02-23 05:00:00+00:00,284.95,286.45,275.56,276.5,1706036.0,38290.0,279.376257,287.21666666666664,34.305387702631165,-7.595331208766652,-9.251562960874914,1.656231752108262
2022-02-24 05:00:00+00:00,266.22,289.29,266.02,288.38,2733752.0,58202.0,280.271309,285.8953333333333,43.952701050724876,-6.701676199054418,-8.741585608510814,2.0399094094563957
2022-02-25 05:00:00+00:00,289.08,293.62,284.65,293.51,1351428.0,34208.0,291.180946,284.90700000000004,47.535541228102744,-5.515915992595524,-8.096451685327757,2.5805356927322336
2022-02-28 05:00:00+00:00,290.03,293.33,286.47,290.33,1497759.0,34737.0,289.994881,284.14433333333335,45.590015725055565,-4.777717357989843,-7.4327048198601755,2.6549874618703324
2022-03-01 05:00:00+00:00,289.96,293.79,287.01,291.55,1532983.0,35231.0,291.053806,283.6046666666667,46.49477301278382,-4.047587745600936,-6.755681405008328,2.7080936594073926
2022-03-02 05:00:00+00:00,294.5,300.72,291.81,299.01,1643977.0,39836.0,298.306671,283.722,51.775403429607145,-2.8343228043207205,-5.971409684870808,3.137086880550087
2022-03-03 05:00:00+00:00,301.22,304.2756,298.41,299.82,2006379.0,44754.0,300.507459,283.93399999999997,52.32558471314025,-1.7868437442941172,-5.134496496755469,3.347652752461352
2022-03-04 05:00:00+00:00,296.71,303.0,294.72,302.28,1873572.0,44133.0,299.857745,284.2523333333333,54.04051752677959,-0.7495670591531507,-4.2575106092350055,3.5079435500818548
2022-03-07 05:00:00+00:00,300.5,304.68,291.61,292.69,2709574.0,58768.0,295.029759,285.0243333333334,46.95017616563113,-0.6933580658471783,-3.54468010055744,2.851322034710262
2022-03-08 05:00:00+00:00,286.66,288.98,268.92,269.32,3292583.0,74689.0,274.182196,284.93566666666663,34.92464158359057,-2.5056916686319823,-3.3368824141723485,0.8311907455403662
2022-03-09 05:00:00+00:00,277.45,279.775,272.74,278.82,1948687.0,46870.0,277.020366,285.425,41.4857658992846,-3.1392215093479194,-3.297350233207463,0.15812872385954346
2022-03-10 05:00:00+00:00,272.89,276.72,271.0,275.72,1288072.0,33500.0,274.489103,285.80033333333336,40.06617769346328,-3.8470956408564803,-3.4072993147372665,-0.4397963261192137
2022-03-11 05:00:00+00:00,278.25,281.75,273.46,273.69,1780712.0,33734.0,276.113067,286.16433333333333,39.12210696176227,-4.5197936568148975,-3.6297981831527926,-0.889995473662105
2022-03-14 04:00:00+00:00,272.34,277.81,262.53,263.8,2564288.0,50998.0,266.835073,285.89799999999997,34.817714890982685,-5.784274510835758,-4.060693448689386,-1.7235810621463719
2022-03-15 04:00:00+00:00,267.65,270.84,265.0,270.0,2892305.0,58701.0,268.130902,285.4253333333333,39.32465630717823,-6.2144600857998284,-4.4914467761114745,-1.723013309688354
2022-03-16 04:00:00+00:00,273.55,279.77,268.71,277.85,2309167.0,48851.0,275.771824,285.13666666666666,44.55221792852227,-5.854469182016146,-4.764051257292409,-1.090417924723737
2022-03-17 04:00:00+00:00,277.74,283.5,276.53,282.95,1729200.0,38173.0,281.10607,284.8036666666667,47.70457781152439,-5.09886982227664,-4.831014970289256,-0.26785485198738446
2022-03-18 04:00:00+00:00,283.31,291.2,278.56,290.11,3081488.0,43504.0,287.915903,284.954,51.843910697427795,-3.8776011521413807,-4.64033220665968,0.7627310545182997
2022-03-21 04:00:00+00:00,287.66,290.09,279.51,283.28,1596321.0,33749.0,283.167666,284.87233333333336,47.94533972065572,-3.4214208418970884,-4.3965499337071625,0.9751290918100741
2022-03-22 04:00:00+00:00,283.11,287.91,281.74,286.44,1482828.0,30366.0,286.209969,284.924,49.82527857406258,-2.772944292937609,-4.0718288055532526,1.2988845126156434
2022-03-23 04:00:00+00:00,284.52,284.52,274.52,275.2,1589237.0,36742.0,276.80541,284.65099999999995,43.77011711680243,-3.129916292551229,-3.883446302952848,0.7535300104016187
2022-03-24 04:00:00+00:00,276.82,281.19,273.65,281.08,1477429.0,29479.0,278.574369,284.281,47.37323417569894,-2.9048668188291344,-3.6877304061281055,0.7828635872989711
2022-03-25 04:00:00+00:00,285.09,286.94,282.28,286.87,1423325.0,31917.0,285.322992,284.09366666666665,50.7217502506906,-2.23356176883226,-3.3968966786689365,1.1633349098366765
2022-03-28 04:00:00+00:00,286.04,295.4583,285.32,294.95,3790571.0,85227.0,292.011045,284.4866666666667,55.022629495853124,-1.03759841890502,-2.9250370267161534,1.8874386078111334
2022-03-29 04:00:00+00:00,298.35,302.505,298.35,302.0,1618927.0,40767.0,300.732172,285.182,58.43163249592506,0.4736275494869915,-2.2453041114755243,2.718931660962516
2022-03-30 04:00:00+00:00,301.68,306.59,299.52,304.44,1914753.0,45779.0,304.15484,285.68633333333327,59.573676815260235,1.8468829087743757,-1.4268667074255446,3.27374961619992
2022-03-31 04:00:00+00:00,305.08,307.85,301.59,301.68,2724130.0,54196.0,304.438442,286.03766666666667,57.64445800314082,2.6815771884578794,-0.6051779282488597,3.2867551167067393
2022-04-01 04:00:00+00:00,303.995,306.07,301.2,305.54,1462658.0,35780.0,303.86114,286.753,59.61424036894338,3.612900886916975,0.23843783478430725,3.374463052132668
2022-04-04 04:00:00+00:00,306.5,308.97,301.09,302.25,1557452.0,37321.0,303.338082,287.4686666666667,57.17363758281567,4.038947649106603,0.9985397976487664,3.0404078514578368
2022-04-05 04:00:00+00:00,301.99,303.8,293.34,295.92,1482952.0,37702.0,297.365497,287.86600000000004,52.702948225118455,3.8217598115161877,1.5631838004222507,2.258576011093937
2022-04-06 04:00:00+00:00,290.95,291.77,283.25,288.67,1643268.0,48825.0,287.527391,288.27166666666665,48.06694070759698,3.0296980035861907,1.856486641055039,1.1732113625311518
2022-04-07 04:00:00+00:00,286.38,293.56,286.12,291.82,1131696.0,37058.0,290.591967,288.3863333333333,50.119960972498,2.625892336363677,2.0103677801167668,0.61552455624691
2022-04-08 04:00:00+00:00,290.04,293.0,287.08,289.86,827153.0,29108.0,290.433126,288.2646666666667,48.82655281958408,2.1232423995214162,2.032942703997697,0.09029969552371941
2022-04-11 04:00:00+00:00,286.28,286.68,278.47,278.97,1172159.0,37959.0,281.005815,287.886,42.29559992700842,0.8365139031404283,1.7936569438262433,-0.957143040685815
2022-04-12 04:00:00+00:00,281.06,286.4,276.19,277.85,1132944.0,32661.0,280.731192,287.4293333333334,41.678147193415946,-0.2704843650001294,1.3808286820609688,-1.6513130470610982
2022-04-13 04:00:00+00:00,279.17,286.25,278.6001,285.22,1124653.0,31303.0,283.731667,286.9696666666667,47.14604247019397,-0.5467880296116618,0.9953053397264428,-1.5420933693381045
2022-04-14 04:00:00+00:00,286.1,287.15,278.95,279.7,1568729.0,34200.0,280.849972,286.29900000000004,43.831443986947434,-1.1973759374456563,0.556769084292023,-1.7541450217376793
2022-04-18 04:00:00+00:00,278.99,280.28,273.41,276.35,1122917.0,30723.0,276.187353,285.4346666666667,41.90590921916281,-1.96068696566374,0.05327787430087039,-2.0139648399646104
2022-04-19 04:00:00+00:00,278.5,295.69,278.04,294.86,2656438.0,51208.0,292.743843,285.50699999999995,53.94488965441064,-1.0597974639467225,-0.1693371933486482,-0.8904602705980743
2022-04-20 04:00:00+00:00,297.08,307.37,294.93,302.9,2148635.0,51581.0,302.967681,286.6263333333333,58.01482944750544,0.29947262958023657,-0.07557522876287123,0.37504785834310783
2022-04-21 04:00:00+00:00,303.32,308.0,293.81,294.57,2478603.0,54198.0,298.711903,287.15133333333335,52.8078891110632,0.6965136130605742,0.07884253960181786,0.6176710734587564
2022-04-22 04:00:00+00:00,275.0,276.32,251.52,252.34,6834481.0,131753.0,258.624057,286.372,35.441314508852514,-2.369126797182048,-0.4107513277549553,-1.9583754694270927
2022-04-25 04:00:00+00:00,250.29,259.72,250.29,255.12,3233136.0,69592.0,255.326932,285.753,36.912167814433346,-4.522216841706211,-1.2330444305452064,-3.2891724111610046
2022-04-26 04:00:00+00:00,253.04,255.64,244.44,244.52,2468366.0,63777.0,247.713342,285.11033333333336,33.754329297880844,-7.003159562154451,-2.3870674568670553,-4.616092105287396
2022-04-27 04:00:00+00:00,244.44,247.93,235.07,235.42,3417174.0,69930.0,238.946876,283.95766666666674,31.28026490591141,-9.593035943563677,-3.82826115420638,-5.764774789357297
2022-04-28 04:00:00+00:00,236.29,244.59,235.95,243.26,3131762.0,56906.0,240.647889,282.8046666666667,35.65598021884277,-10.887405918245406,-5.240090107014186,-5.64731581123122
2022-04-29 04:00:00+00:00,241.45,246.3,238.5,239.3,2901946.0,51440.0,241.983539,281.3496666666667,34.462332806670005,-12.093337882246828,-6.610739662060715,-5.482598220186113
2022-05-02 04:00:00+00:00,239.99,242.235,234.15,240.66,2410771.0,48271.0,238.859512,279.70133333333337,35.263861140492196,-12.791850527749375,-7.846961835198448,-4.9448886925509274
2022-05-03 04:00:00+00:00,239.5,242.0,236.14,238.11,1636882.0,41097.0,238.663704,278.1956666666667,34.41399801669479,-13.39676099898071,-8.956921667954902,-4.439839331025809
2022-05-04 04:00:00+00:00,236.99,246.99,233.82,246.31,2105531.0,45469.0,241.23122,276.858,39.4661432061925,-13.063893009216315,-9.778315936207186,-3.2855770730091294
2022-05-05 04:00:00+00:00,242.93,244.67,231.13,233.98,3026305.0,64091.0,234.146671,275.48400000000004,35.08918989147672,-13.6378124701221,-10.55021524299017,-3.08759722713193
2022-05-06 04:00:00+00:00,232.07,232.27,221.07,224.85,2987186.0,74670.0,225.341605,273.60966666666667,32.23811122420953,-14.660366891400201,-11.372245572672178,-3.288121318728024
2022-05-09 04:00:00+00:00,221.55,221.55,207.18,208.71,3696202.0,78653.0,210.81799,271.00433333333336,27.919355126271256,-16.58196517711491,-12.414189493560723,-4.167775683554186
2022-05-10 04:00:00+00:00,214.7,217.31,206.6,211.39,2230991.0,56880.0,211.664864,268.219,29.60568533801822,-17.684733461625143,-13.468298287173607,-4.2164351744515365
2022-05-11 04:00:00+00:00,210.74,217.89,208.48,210.87,2650600.0,54501.0,213.066381,265.1813333333333,29.46166148493377,-18.388671764741417,-14.45237298268717,-3.936298782054248
2022-05-12 04:00:00+00:00,208.08,214.06,207.24,211.69,2011241.0,50469.0,210.236362,262.08966666666663,30.039633188264105,-18.665219759892437,-15.294942338128223,-3.3702774217642144
2022-05-13 04:00:00+00:00,215.0,224.68,215.0,223.69,2232395.0,49087.0,222.242886,259.49,38.040570014038224,-17.71191440270428,-15.778336751043435,-1.9335776516608458
2022-05-16 04:00:00+00:00,221.12,223.3,217.57,219.53,1555162.0,31624.0,219.678239,256.623,36.482901979352285,-17.0950294145631,-16.04167528374737,-1.0533541308157304
2022-05-17 04:00:00+00:00,223.52,226.29,220.61,225.18,1307848.0,30353.0,224.190131,254.05400000000003,40.07209479237477,-15.966187564428992,-16.026577739883695,0.060390175454703154
2022-05-18 04:00:00+00:00,221.21,223.4,214.31,215.35,2008318.0,42272.0,216.93469,251.36833333333334,36.235626049589136,-15.683976000199351,-15.958057391946827,0.27408139174747603
2022-05-19 04:00:00+00:00,215.06,221.17,213.96,218.14,1710515.0,38578.0,218.336354,249.01733333333334,38.048537330799235,-15.061571202011493,-15.77876015395976,0.7171889519482679
2022-05-20 04:00:00+00:00,222.31,223.27,212.905,218.94,1520366.0,38436.0,217.597059,246.588,38.58770549690043,-14.338472614234519,-15.490702646014713,1.152230031780194
2022-05-23 04:00:00+00:00,222.28,222.9899,216.9,221.62,1321898.0,35558.0,220.556093,244.31333333333336,40.45723017254937,-13.394751810543369,-15.071512478920445,1.6767606683770762
2022-05-24 04:00:00+00:00,219.21,219.69,214.88,218.39,1507830.0,31791.0,217.701022,242.29399999999998,38.9194475243678,-12.760386487873149,-14.609287280710987,1.8489007928378385
2022-05-25 04:00:00+00:00,216.18,224.26,216.17,222.58,1452769.0,34178.0,221.128456,240.45166666666668,41.99928864984836,-11.783714095605887,-14.044172643689969,2.260458548084081
2022-05-26 04:00:00+00:00,223.41,226.06,221.135,223.3,2548296.0,48185.0,223.603166,238.38766666666666,42.53549038986979,-10.826791690318402,-13.400696453015655,2.5739047626972535
2022-05-27 04:00:00+00:00,226.5,229.89,224.44,229.16,2126224.0,45365.0,228.00575,236.703,46.8428065024407,-9.486219530160724,-12.61780106844467,3.131581538283946
2022-05-31 04:00:00+00:00,228.4,230.0,224.795,227.64,2026670.0,37838.0,227.801598,235.07933333333332,45.8821211189499,-8.449062202058172,-11.784053295167372,3.334991093109199
2022-06-01 04:00:00+00:00,227.94,230.0,212.2,216.39,2403953.0,56478.0,216.911047,232.46366666666665,39.4356645948911,-8.43762484013098,-11.114767604160093,2.6771427640291137
2022-06-02 04:00:00+00:00,216.4,227.34,214.11,227.21,2081555.0,45508.0,223.215933,229.94066666666666,47.12961628564342,-7.469374772066885,-10.385689037741452,2.9163142656745666
2022-06-03 04:00:00+00:00,224.04,224.505,216.97,217.79,1468341.0,33716.0,219.172768,227.38133333333332,42.113556090380015,-7.377106202819334,-9.783972470757028,2.406866267937694
2022-06-06 04:00:00+00:00,221.45,222.84,215.4841,216.43,1363867.0,37200.0,217.5536,226.1843333333333,41.42801164810645,-7.329236455371017,-9.293025267679827,1.9637888123088096
2022-06-07 04:00:00+00:00,215.29,222.57,214.58,221.95,1341744.0,31815.0,220.395827,225.07866666666666,45.31879148399345,-6.767865724972836,-8.78799335913843,2.0201276341655934
2022-06-08 04:00:00+00:00,221.04,222.82,218.15,218.6,1095857.0,28305.0,219.664083,224.21466666666666,43.433152889732995,-6.51815514446173,-8.33402571620309,1.8158705717413604
2022-06-09 04:00:00+00:00,216.35,216.965,209.91,209.95,1587778.0,37683.0,212.545202,223.36566666666667,38.92903489361796,-6.938260471474848,-8.054872667257442,1.1166121957825936
2022-06-10 04:00:00+00:00,206.8,208.0,203.66,205.27,1588037.0,48523.0,205.787321,222.09933333333336,36.710852270692236,-7.561667659630672,-7.956231665732088,0.3945640061014162
2022-06-13 04:00:00+00:00,199.0,200.24,193.76,194.97,3511918.0,69321.0,196.125515,220.62166666666664,32.342892995151004,-8.785571665625952,-8.122099665710861,-0.6634719999150906
2022-06-14 04:00:00+00:00,194.63,195.33,188.81,191.1,3172649.0,62979.0,191.825746,218.96966666666668,30.85729798625627,-9.953068289518257,-8.48829339047234,-1.464774899045917
2022-06-15 04:00:00+00:00,194.0,200.15,192.36,196.13,2375322.0,49234.0,196.243484,217.5703333333333,35.034143744322975,-10.353094780721392,-8.861253668522151,-1.491841112199241
2022-06-16 04:00:00+00:00,191.87,193.05,186.83,190.71,2449080.0,52788.0,190.465356,215.717,32.73913039876136,-10.980886535587445,-9.28518024193521,-1.6957062936522345
2022-06-17 04:00:00+00:00,191.8,195.5,189.9,192.08,3801860.0,48760.0,192.500376,214.3203333333333,33.91751227868343,-11.238320115205113,-9.675808216589191,-1.5625118986159219
2022-06-21 04:00:00+00:00,195.635,197.65,193.93,194.32,1859288.0,37719.0,194.821651,213.30266666666665,35.89506105074338,-11.133251607894692,-9.967296894850291,-1.1659547130444015
2022-06-22 04:00:00+00:00,192.91,203.7,191.9,200.62,2581846.0,49853.0,200.761132,213.033,41.22261992629581,-10.421494212048714,-10.058136358289977,-0.3633578537587372
2022-06-23 04:00:00+00:00,202.9,206.93,201.81,204.5,1608729.0,41288.0,204.345184,212.8033333333333,44.2932027534671,-9.435570392373961,-9.933623165106773,0.49805277273281234
2022-06-24 04:00:00+00:00,207.61,209.84,203.82,209.67,2246643.0,38072.0,208.072458,212.76333333333332,48.177999220121606,-8.143173435165806,-9.575533219118581,1.4323597839527746
2022-06-27 04:00:00+00:00,208.8,209.88,205.88,207.94,1897846.0,35891.0,207.672141,212.63833333333335,46.99694469411341,-7.175817717294279,-9.095590118753721,1.9197724014594417
2022-06-28 04:00:00+00:00,209.02,211.47,201.17,201.99,1660015.0,39755.0,203.871437,211.915,43.084916388828056,-6.810786112496999,-8.638629317502376,1.8278432050053777
2022-06-29 04:00:00+00:00,201.85,203.85,197.85,202.59,1647485.0,37865.0,202.145878,211.35033333333334,43.594799327386006,-6.399313645917971,-8.190766183185495,1.7914525372675243
2022-06-30 04:00:00+00:00,201.46,203.38,197.61,200.71,2218816.0,42428.0,200.479598,210.53466666666665,42.31560953502036,-6.153979791522232,-7.783408904852843,1.6294291133306107
2022-07-01 04:00:00+00:00,201.07,206.33,200.0,206.1,1459453.0,30639.0,204.249801,210.22633333333334,47.107531505985065,-5.461664323929909,-7.319059988668257,1.8573956647383474
2022-07-05 04:00:00+00:00,203.06,207.32,200.12,206.75,1432902.0,37283.0,204.395288,209.84666666666666,47.67207089933798,-4.805158879817014,-6.816279766898009,2.0111208870809945
2022-07-06 04:00:00+00:00,207.78,209.48,204.33,205.35,1654648.0,34704.0,206.450132,209.3936666666667,46.520361633888854,-4.347724028961466,-6.322568619310701,1.9748445903492353
2022-07-07 04:00:00+00:00,204.79,209.37,204.25,208.71,1396773.0,29820.0,207.875339,208.9633333333333,49.66346105326172,-3.6717540001833413,-5.792405695485229,2.1206516953018877
2022-07-08 04:00:00+00:00,206.05,211.22,205.73,208.81,1149400.0,27764.0,208.937301,208.64399999999998,49.758102440219794,-3.0923272938735806,-5.2523900151628995,2.160062721289319
2022-07-11 04:00:00+00:00,207.48,208.14,202.49,205.72,1190775.0,28234.0,205.502409,208.082,46.82823039207912,-2.849616030595314,-4.771835218249382,1.9222191876540684
2022-07-12 04:00:00+00:00,206.59,209.135,201.07,202.13,1519910.0,33760.0,203.274341,207.37633333333332,43.61500339112988,-2.913365143062805,-4.400141203212067,1.4867760601492623
2022-07-13 04:00:00+00:00,198.3,204.2865,196.1,202.06,1482975.0,36814.0,201.784504,206.473,43.55225067338634,-2.9356943321120923,-4.107251828992072,1.1715574968799798
2022-07-14 04:00:00+00:00,200.41,204.51,197.3001,204.31,1553657.0,33899.0,202.136989,205.6953333333333,46.230210904349654,-2.740246325445753,-3.8338507282828083,1.0936044028370553
2022-07-15 04:00:00+00:00,207.88,211.17,207.365,210.92,2231082.0,35831.0,209.808547,205.513,53.24745205823677,-2.0285962196479943,-3.4727998265558453,1.444203606907851
2022-07-18 04:00:00+00:00,211.43,213.66,205.32,206.26,1523247.0,33201.0,209.526496,204.81466666666668,48.44718140665062,-1.819655581548318,-3.1421709775543403,1.3225153960060223
2022-07-19 04:00:00+00:00,210.45,214.615,208.81,214.44,1951971.0,37574.0,212.794807,204.703,55.95354983853248,-0.9826832231335345,-2.710273426670179,1.7275902035366446
2022-07-20 04:00:00+00:00,215.0,221.085,214.17,219.22,1934449.0,41260.0,218.769522,204.796,59.65074408580785,0.06557356164319117,-2.1551040290075054,2.2206775906506966
2022-07-21 04:00:00+00:00,220.91,225.44,219.58,224.75,2876925.0,60068.0,220.316011,204.88933333333335,63.47090921774961,1.3272496914637486,-1.4586332849132546,2.785882976377003
2022-07-22 04:00:00+00:00,207.44,217.49,203.31,211.85,6556000.0,107049.0,211.351334,204.66433333333333,51.275286875357864,1.2715572040984569,-0.9125951871109124,2.184152391209369
2022-07-25 04:00:00+00:00,213.21,221.8,212.27,219.17,3170166.0,62127.0,218.963205,204.97166666666666,56.39527394494489,1.7973644324692941,-0.3706032631948711,2.1679676956641654
2022-07-26 04:00:00+00:00,218.11,219.92,214.08,216.79,2376861.0,44950.0,216.437137,205.35566666666668,54.393935159546686,1.998981327261589,0.10331365489642097,1.895667672365168
2022-07-27 04:00:00+00:00,219.45,226.57,219.45,225.34,2531459.0,49433.0,223.878736,206.368,59.89949607985594,2.816214149936343,0.6458937539044054,2.1703203960319373
2022-07-28 04:00:00+00:00,224.99,231.26,221.21,230.54,2218437.0,47610.0,228.388778,207.68266666666665,62.83783502554242,3.839217482232101,1.2845584995699446,2.5546589826621564
2022-07-29 04:00:00+00:00,228.65,230.95,227.0101,230.17,1941160.0,39071.0,229.694993,208.81733333333332,62.486982442909444,4.567448383805896,1.941136476417135,2.626311907388761
2022-08-01 04:00:00+00:00,227.31,231.495,226.57,228.54,1332444.0,31436.0,228.693967,210.07833333333332,60.874447768047595,4.955920476106684,2.544093276355045,2.411827199751639
2022-08-02 04:00:00+00:00,234.425,244.99,233.53,238.48,3274031.0,62842.0,240.126236,211.625,66.54431511064288,5.9967356996915555,3.234621761022347,2.7621139386692084
2022-08-03 04:00:00+00:00,239.04,243.31,236.44,242.18,1802776.0,40734.0,241.251709,213.22033333333334,68.38110359598831,7.039007049227365,3.995498818663351,3.043508230564014
2022-08-04 04:00:00+00:00,242.07,242.92,239.61,242.46,1185933.0,27446.0,241.801353,214.61499999999998,68.52194750470035,7.797720989185848,4.7559432527678505,3.0417777364179974
2022-08-05 04:00:00+00:00,237.68,241.68,236.55,240.32,1861056.0,40641.0,239.202343,215.80900000000003,66.09855504368348,8.132579819760934,5.431270566166468,2.7013092535944665
2022-08-08 04:00:00+00:00,241.0,245.36,238.64,239.13,2216193.0,39258.0,241.077452,216.79100000000003,64.72766733610041,8.207325857165785,5.9864816243663315,2.220844232799453
2022-08-09 04:00:00+00:00,238.16,238.68,232.435,232.79,1407997.0,33492.0,234.833267,217.61933333333334,57.84434929525388,7.666601802629202,6.322505660018907,1.3440961426102955
2022-08-10 04:00:00+00:00,239.76,240.79,236.63,237.85,1942971.0,37878.0,237.827101,218.81466666666665,61.37475837826448,7.55923564249224,6.569851656513573,0.9893839859786668
2022-08-11 04:00:00+00:00,238.38,242.56,235.23,236.02,1625052.0,35759.0,238.140943,219.929,59.436084830660555,7.242988814550273,6.704479088120913,0.5385097264293597
2022-08-12 04:00:00+00:00,236.75,238.57,234.73,238.37,1743723.0,39051.0,237.153718,221.1843333333333,61.133888385720525,7.10014028764931,6.783611328026593,0.3165289596227172
2022-08-15 04:00:00+00:00,237.03,239.64,235.81,238.26,1384090.0,31876.0,238.178575,222.25633333333334,61.00517498755939,6.898533717710933,6.806595805963461,0.0919379117474719
2022-08-16 04:00:00+00:00,235.9,236.95,231.51,233.71,1646995.0,37383.0,233.761079,223.15500000000003,55.774245835126116,6.299001120548837,6.7050768688805364,-0.40607574833169924
2022-08-17 04:00:00+00:00,230.71,232.47,228.35,229.71,1355082.0,31577.0,229.939362,223.967,51.58648941651867,5.438410041626412,6.451743503429713,-1.0133334618033008
2022-08-18 04:00:00+00:00,230.79,231.34,226.82,229.59,1356873.0,34566.0,229.067658,224.66299999999998,51.46165412320818,4.692608939432205,6.099916590630212,-1.407307651198007
2022-08-19 04:00:00+00:00,227.36,227.95,223.555,224.78,2033278.0,45931.0,224.736813,225.19533333333337,46.59440377917054,3.671111107918989,5.614155494087967,-1.9430443861689781
2022-08-22 04:00:00+00:00,221.13,222.51,217.01,218.54,2130844.0,45683.0,218.869841,225.62266666666667,41.15615651794096,2.3311784922557024,4.957560093721515,-2.6263816014658126
2022-08-23 04:00:00+00:00,216.99,218.515,214.86,216.81,1912791.0,43856.0,216.804828,226.112,39.770263039438255,1.1168019017245854,4.18940845532213,-3.072606553597544
2022-08-24 04:00:00+00:00,218.19,222.6,217.94,220.47,1798934.0,39344.0,220.815512,226.72566666666665,44.06189486694015,0.44460597579023897,3.440447959415752,-2.995841983625513
2022-08-25 04:00:00+00:00,222.84,225.12,220.9,225.02,1302566.0,33737.0,223.612153,227.41600000000003,48.93340271047914,0.2758529742657174,2.8075289623857453,-2.531675988120028
2022-08-26 04:00:00+00:00,224.57,225.38,210.94,211.09,2475058.0,53030.0,214.674148,227.42166666666665,38.0174227332564,-0.9707296106810475,2.051877247772387,-3.0226068584534342
2022-08-29 04:00:00+00:00,209.27,211.68,207.84,208.9,1871924.0,42101.0,209.422266,227.50966666666667,36.63380222051265,-2.1110352870845475,1.219294740801,-3.330330027885547
2022-08-30 04:00:00+00:00,210.12,211.75,205.38,206.5,1562802.0,40740.0,206.96641,227.245,35.12509943351267,-3.1718327795706784,0.34106923672666434,-3.5129020162973426
2022-08-31 04:00:00+00:00,208.51,210.48,205.1875,205.74,1866861.0,42816.0,206.557074,226.79566666666668,34.63861466797063,-4.027422464229943,-0.5326291034646572,-3.4947933607652857
2022-09-01 04:00:00+00:00,203.85,206.44,200.187,206.11,1500838.0,42238.0,203.353681,226.17433333333332,35.10981276173894,-4.6223440409375485,-1.3505720909592356,-3.271771949978313
2022-09-02 04:00:00+00:00,207.72,209.37,202.04,203.67,1539457.0,40528.0,204.981,225.90166666666664,33.39980158544377,-5.230418278632243,-2.126541328493837,-3.103876950138406
2022-09-06 04:00:00+00:00,204.34,205.38,201.15,202.3,1445055.0,40168.0,202.773024,225.33933333333331,32.44431526761544,-5.756511561400089,-2.852535375075088,-2.903976186325001
2022-09-07 04:00:00+00:00,202.44,211.37,202.44,210.87,1731434.0,37812.0,208.953814,225.14199999999997,43.35995331540854,-5.4194449132962745,-3.3659172827193258,-2.0535276305769488
2022-09-08 04:00:00+00:00,207.755,217.39,207.755,214.78,1826726.0,40991.0,214.546721,224.79000000000002,47.52589232193961,-4.781692469188755,-3.649072320013212,-1.1326201491755432
2022-09-09 04:00:00+00:00,215.86,221.89,215.45,221.32,1900498.0,44852.0,220.436762,224.4826666666667,53.66473657593496,-3.7058272497975224,-3.660423305970074,-0.0454039438274485
2022-09-12 04:00:00+00:00,220.76,223.41,219.41,222.02,1313619.0,30913.0,221.593169,224.21099999999998,54.28124767277813,-2.764840798709855,-3.4813068045180304,0.7164660058081753
2022-09-13 04:00:00+00:00,214.62,216.725,210.88,211.4,2367724.0,52417.0,213.000871,223.63966666666667,44.5881997520211,-2.843272031633063,-3.3536998499410373,0.5104278183079742
2022-09-14 04:00:00+00:00,210.78,212.98,208.555,210.78,1490897.0,35252.0,210.619134,222.71633333333332,44.093167276970284,-2.921777732280816,-3.2673154264089934,0.34553769412817736
2022-09-15 04:00:00+00:00,211.0,215.49,209.17,209.62,2116692.0,41805.0,210.567948,221.63099999999997,43.12838801107541,-3.042524047805017,-3.2223571506881985,0.17983310288318144
2022-09-16 04:00:00+00:00,206.75,207.43,203.455,206.28,2801104.0,42821.0,206.270023,220.42500000000004,40.38817658521901,-3.3688919696794812,-3.2516641144864553,-0.11722785519302592
2022-09-19 04:00:00+00:00,203.87,204.32,199.48,202.21,2076350.0,40798.0,201.233185,219.15466666666666,37.27984348642781,-3.9108737663653983,-3.3835060448622443,-0.527367721503154
2022-09-20 04:00:00+00:00,201.13,201.17,196.71,199.55,1627223.0,45525.0,199.260935,217.83533333333332,35.364223565207155,-4.503128749337407,-3.607430585757277,-0.8956981635801298
2022-09-21 04:00:00+00:00,200.39,203.52,195.0,195.04,1583260.0,37491.0,198.283341,216.57699999999997,32.330811188958236,-5.275600559365785,-3.9410645804789786,-1.334535978886806
2022-09-22 04:00:00+00:00,193.45,194.45,189.08,191.08,1907135.0,46704.0,191.347025,215.018,29.905219743485787,-6.136590147742794,-4.380169693931742,-1.7564204538110522
2022-09-23 04:00:00+00:00,190.2,191.14,186.95,190.52,1918565.0,45018.0,189.431886,213.50133333333332,29.567394859279347,-6.7858943534769764,-4.861314625840789,-1.9245797276361873
2022-09-26 04:00:00+00:00,189.95,192.46,187.02,187.93,1751845.0,41209.0,188.892217,211.82000000000002,27.99239294826218,-7.42388603200402,-5.3738289070734355,-2.050057124930585
2022-09-27 04:00:00+00:00,190.56,191.5,184.9354,186.38,1816038.0,43646.0,187.39207,210.09066666666666,27.06328711572958,-7.96278109601235,-5.891619344861219,-2.0711617511511307
2022-09-28 04:00:00+00:00,188.35,193.63,186.265,192.4,1592316.0,37927.0,191.028253,208.71366666666665,35.95454042321779,-7.814020464155504,-6.276099568720077,-1.5379208954354278
2022-09-29 04:00:00+00:00,189.6,191.2471,187.09,189.06,1719182.0,42904.0,189.040368,207.35866666666666,33.513519540563195,-7.874860191741675,-6.595851693324397,-1.2790084984172783
2022-09-30 04:00:00+00:00,190.12,194.46,187.06,187.44,2093239.0,43998.0,189.274273,205.9536666666667,32.36574498744943,-7.96201541772237,-6.869084438203991,-1.0929309795183784
2022-10-03 04:00:00+00:00,189.4,195.17,187.97,193.36,1644551.0,39565.0,193.253277,204.90633333333332,40.39883571286994,-7.4673134959953416,-6.988730249762262,-0.4785832462330797
2022-10-04 04:00:00+00:00,197.87,202.8,197.635,201.54,2079706.0,46688.0,201.057226,204.33966666666666,49.35056336456692,-6.342093318049706,-6.859402863419751,0.5173095453700451
2022-10-05 04:00:00+00:00,198.27,202.58,196.36,201.38,1647421.0,38729.0,199.630252,203.82533333333333,49.194922455133984,-5.400999522587426,-6.567722195253286,1.16672267266586
2022-10-06 04:00:00+00:00,200.09,202.68,197.23,197.7,1502030.0,35723.0,198.609961,203.06633333333332,45.63042218908239,-4.895686725315443,-6.233315101265719,1.3376283759502758
2022-10-07 04:00:00+00:00,194.65,195.6,187.62,188.68,1897349.0,43579.0,189.764696,201.855,38.30436873948286,-5.163539243403562,-6.019359929693288,0.855820686289726
2022-10-10 04:00:00+00:00,187.94,188.65,184.32,186.55,1635058.0,43732.0,186.329475,201.037,36.801773218699566,-5.484465982721588,-5.912381140298948,0.42791515757736054
2022-10-11 04:00:00+00:00,186.22,189.67,183.53,185.9,1662122.0,38333.0,186.495419,200.27033333333333,36.33337210010339,-5.725255126258844,-5.874955937490928,0.14970081123208434
2022-10-12 04:00:00+00:00,186.56,186.9732,183.57,186.34,1626178.0,38144.0,185.95306,199.59833333333333,36.918666070908095,-5.813562801380527,-5.8626773102688485,0.04911450888832114
2022-10-13 04:00:00+00:00,181.11,192.44,180.07,190.38,2062838.0,51949.0,188.246735,199.08633333333333,42.175091732195604,-5.4942190961182575,-5.78898566743873,0.2947665713204728
2022-10-14 04:00:00+00:00,193.29,194.5,182.56,183.06,2427901.0,51947.0,184.552413,198.31800000000004,36.27672080495985,-5.765340476939912,-5.784256629338967,0.018916152399055086
2022-10-17 04:00:00+00:00,186.26,190.745,185.82,190.12,2379929.0,49778.0,189.553428,197.86633333333336,44.359250668407796,-5.348864744228223,-5.697178252316819,0.3483135080885962
2022-10-18 04:00:00+00:00,195.94,199.77,192.395,193.73,2957831.0,66294.0,196.400701,197.58066666666667,47.99177410548463,-4.673633161685132,-5.492469234190482,0.8188360725053503
2022-10-19 04:00:00+00:00,217.94,220.98,210.36,211.14,5873010.0,113530.0,214.535129,197.5896666666667,61.16098867027557,-2.7025128829212974,-4.934477963936645,2.231965081015348
2022-10-20 04:00:00+00:00,211.41,221.0,211.12,212.0,3664878.0,83063.0,214.607542,197.49699999999999,61.67720222637473,-1.058786021976175,-4.159339575544552,3.1005535535683766
2022-10-21 04:00:00+00:00,210.5,219.04,206.77,218.49,3142819.0,70020.0,214.980611,197.40266666666668,65.4131684931053,0.758820903516181,-3.175707479732405,3.934528383248586
2022-10-24 04:00:00+00:00,218.84,221.56,217.64,220.27,2430457.0,54049.0,219.784144,197.34433333333337,66.38119662550378,2.3162186838475805,-2.077322247016408,4.393540930863988
2022-10-25 04:00:00+00:00,231.03,238.07,226.11,237.87,4646787.0,89755.0,234.397782,198.22666666666666,74.10005936379281,4.913995079448,-0.6790587817235263,5.593053861171526
2022-10-26 04:00:00+00:00,237.75,249.14,235.94,241.66,3697712.0,78336.0,243.557319,199.256,75.40939648282678,7.1956262146968015,0.8958782175605393,6.299747997136262
2022-10-27 04:00:00+00:00,242.44,244.1,238.32,241.69,2770229.0,59845.0,241.994366,200.325,75.41998905694294,8.90362068003762,2.4974267100559553,6.406193969981664
2022-10-28 04:00:00+00:00,240.94,248.11,240.395,244.16,2898149.0,61055.0,244.209198,201.58766666666665,76.32425537102056,10.337364256244399,4.065414219293644,6.271950036950755
2022-10-31 04:00:00+00:00,243.0,248.41,242.79,246.47,2703736.0,47974.0,246.314734,203.06300000000002,77.17015146767035,11.52713641132101,5.557758657699118,5.969377753621892
2022-11-01 04:00:00+00:00,248.07,251.29,245.185,246.86,2277365.0,45315.0,247.389134,204.64000000000001,77.31749858072556,12.359041815881625,6.918015289335619,5.441026526546006
2022-11-02 04:00:00+00:00,245.43,247.97,236.0,236.13,2685689.0,53441.0,240.848397,206.00966666666667,64.9055436163906,12.014021357165518,7.937216502901599,4.076804854263919
2022-11-03 04:00:00+00:00,233.01,236.16,231.07,234.19,2341344.0,47284.0,234.09588,207.4466666666667,62.93827386088524,11.452036423901717,8.640180487101624,2.811855936800093
2022-11-04 04:00:00+00:00,237.92,240.77,233.7,239.53,1894918.0,40862.0,237.73166,209.08033333333333,65.99366079100423,11.307210206399844,9.173586430961269,2.1336237754385756
2022-11-07 05:00:00+00:00,241.72,244.2,239.8,242.33,2108116.0,41209.0,241.926165,210.89366666666666,67.50631945130267,11.288247099167364,9.596518564602489,1.6917285345648754
2022-11-08 05:00:00+00:00,242.18,245.745,237.56,240.7,1589739.0,38816.0,241.855992,212.7043333333333,65.67487165185511,11.014720481259644,9.880158947933921,1.1345615333257228
2022-11-09 05:00:00+00:00,238.76,241.13,235.58,236.13,1761573.0,36776.0,237.425723,214.16199999999998,60.7024323841675,10.310336715306192,9.966194501408376,0.3441422138978165
2022-11-10 05:00:00+00:00,248.66,258.73,247.03,257.86,3949770.0,79976.0,253.449214,216.45533333333333,71.68155920898563,11.374419671151117,10.247839535356924,1.1265801357941925
2022-11-11 05:00:00+00:00,255.74,267.67,255.74,265.08,3188372.0,65553.0,264.317908,219.04333333333335,74.25523166552692,12.654434298423922,10.729158487970324,1.9252758104535985
2022-11-14 05:00:00+00:00,262.19,263.09,257.84,259.44,2283689.0,46199.0,260.484175,221.246,68.98121648027626,13.063170153997504,11.195960821175762,1.8672093328217425
2022-11-15 05:00:00+00:00,262.96,266.14,261.09,264.18,2067860.0,41897.0,264.351792,223.334,70.85476847144538,13.612656420854336,11.679299941111477,1.9333564797428586
2022-11-16 05:00:00+00:00,264.84,265.38,260.99,263.04,1619965.0,31391.0,263.150128,225.38933333333335,69.76337917773395,13.79709544564696,12.102859042018576,1.6942364036283841
2022-11-17 05:00:00+00:00,258.46,262.0,255.4,260.77,1981570.0,38915.0,259.37115,227.49166666666667,67.53273333681523,13.603284477086788,12.40294412903222,1.200340348054569
2022-11-18 05:00:00+00:00,264.44,266.6,260.05,262.11,1579073.0,30594.0,262.402776,229.93933333333334,68.17953811290559,13.403309678618427,12.603017238949462,0.800292439668965
2022-11-21 05:00:00+00:00,260.96,264.81,259.64,260.35,1805241.0,36669.0,261.74135,232.39933333333332,66.31098468614204,12.953491136472365,12.673112018454043,0.28037911801832216
2022-11-22 05:00:00+00:00,258.99,263.75,258.48,262.9,1369111.0,25507.0,261.948472,234.966,67.69253450538011,12.656869872551937,12.669863589273623,-0.012993716721686255
2022-11-23 05:00:00+00:00,264.49,267.11,262.825,264.45,1532224.0,33304.0,264.900431,237.56966666666668,68.53713759387412,12.403883185747645,12.61666750856843,-0.2127843228207844
2022-11-25 05:00:00+00:00,263.69,265.35,261.41,265.13,788105.0,14415.0,264.225851,240.06133333333335,68.92100273207994,12.118564463200101,12.517046899494765,-0.39848243629466396
2022-11-28 05:00:00+00:00,264.54,266.5,261.82,262.64,1408335.0,32172.0,263.30119,242.714,65.75727315678614,11.558288376153456,12.325295194826504,-0.7670068186730479
2022-11-29 05:00:00+00:00,262.04,262.99,257.2,258.8,1497722.0,37996.0,259.154371,245.0033333333333,61.09926431375283,10.681282457514044,11.996492647364013,-1.315210189849969
2022-11-30 05:00:00+00:00,260.48,270.48,260.48,270.39,3374571.0,50730.0,267.89601,247.55866666666668,68.37972758623316,10.797003946243706,11.756594907139952,-0.9595909608962465
2022-12-01 05:00:00+00:00,270.39,275.835,269.9,274.49,1870418.0,44568.0,273.926649,249.67033333333333,70.48418926372725,11.091691677342453,11.623614261180453,-0.531922583838
2022-12-02 05:00:00+00:00,268.15,272.96,267.427,272.25,1629271.0,41265.0,270.814206,251.67866666666666,67.82815152696348,11.017481874900284,11.50238778392442,-0.48490590902413544
2022-12-05 05:00:00+00:00,269.14,271.25,267.22,269.72,1505031.0,34081.0,269.563381,253.38633333333334,64.8554834474939,10.631961580965225,11.32830254333258,-0.6963409623673549
2022-12-06 05:00:00+00:00,269.0,269.42,264.505,266.31,1477842.0,35189.0,266.544911,254.92099999999996,60.97650381734321,9.936731019267256,11.049988238519516,-1.1132572192522598
2022-12-07 05:00:00+00:00,266.19,268.6003,265.14,267.96,1195378.0,31969.0,267.28902,255.92399999999998,62.15596191767852,9.41041954193389,10.722074499202392,-1.3116549572685017
2022-12-08 05:00:00+00:00,270.71,274.2,268.63,272.02,1431646.0,37188.0,272.345755,256.936,64.96217265708125,9.214700640411365,10.420599727444188,-1.2058990870328223
2022-12-09 05:00:00+00:00,270.49,273.79,269.94,270.6,2102911.0,41982.0,271.629678,257.8996666666667,63.19708272916151,8.843072433914699,10.105094268738291,-1.2620218348235923
2022-12-12 05:00:00+00:00,272.22,274.06,270.0,273.84,1887689.0,38898.0,272.606339,258.889,65.50043947628869,8.709596517896841,9.825994718570003,-1.1163982006731619
2022-12-13 05:00:00+00:00,284.92,285.055,276.88,281.74,2933523.0,58318.0,281.063466,260.0646666666667,70.36988068415661,9.135966139046445,9.687989002665292,-0.5520228636188467
2022-12-14 05:00:00+00:00,280.75,285.09,277.39,280.65,2931737.0,60658.0,281.719985,261.191,68.92436624108768,9.278951270841162,9.606181456300467,-0.32723018545930493
2022-12-15 05:00:00+00:00,275.08,275.28,266.34,267.3,2590388.0,58112.0,269.623569,262.23,54.2309632434335,8.220276359616662,9.329000436963707,-1.1087240773470448
2022-12-16 05:00:00+00:00,264.71,265.78,261.06,264.68,5293904.0,69397.0,264.165866,263.2463333333333,51.89286906548469,7.088148992023491,8.880830147975663,-1.792681155952172
2022-12-19 05:00:00+00:00,264.99,264.99,260.39,261.01,2004210.0,42282.0,261.845161,263.96233333333333,48.72398096806087,5.827614456250785,8.270187009630687,-2.442572553379902
2022-12-20 05:00:00+00:00,261.1,262.11,257.76,261.8,2056631.0,47239.0,261.070287,264.61133333333333,49.43971951208513,4.836624555502908,7.583474518805131,-2.746849963302223
2022-12-21 05:00:00+00:00,263.69,267.27,262.535,266.16,1625952.0,39850.0,265.882346,265.46,53.31300993854244,4.352896005851392,6.937358816214383,-2.584462810362991
2022-12-22 05:00:00+00:00,263.48,264.29,259.0,263.61,2015521.0,33275.0,263.050312,266.37600000000003,50.8589975103605,3.72088194551651,6.294063442074808,-2.5731814965582984
2022-12-23 05:00:00+00:00,261.92,263.99,260.51,262.66,1042038.0,27888.0,262.087698,266.536,49.93678243013315,3.1075275455900737,5.656756262777861,-2.5492287171877877
2022-12-27 05:00:00+00:00,262.76,265.495,260.59,263.97,957352.0,27212.0,264.012876,266.499,51.24951346355291,2.6960672317379135,5.064618456569872,-2.3685512248319585
2022-12-28 05:00:00+00:00,262.94,267.51,261.54,261.65,855775.0,25575.0,263.319194,266.5726666666667,48.808587504576515,2.1579024020048223,4.483275245656863,-2.3253728436520404
2022-12-29 05:00:00+00:00,263.24,269.8279,261.85,267.79,814875.0,22431.0,267.873704,266.693,54.927094780132286,2.2014723798264413,4.026914672490779,-1.8254422926643379
2022-12-30 05:00:00+00:00,265.31,265.47,261.43,265.35,870758.0,22103.0,264.284024,266.77000000000004,52.25423602768209,2.015876523363829,3.6247070426653893,-1.6088305193015602
2023-01-03 05:00:00+00:00,269.59,270.89,263.67,265.63,1391631.0,34549.0,265.825052,266.932,52.53964867729675,1.8698298948149272,3.273731613095297,-1.4039017182803697
2023-01-04 05:00:00+00:00,269.36,271.01,266.84,270.0,1435225.0,33648.0,269.469096,267.195,56.87274439162422,2.0827012839026224,3.0355255472567624,-0.9528242633541399
2023-01-05 05:00:00+00:00,267.69,271.87,266.51,268.62,1798726.0,41035.0,269.494103,267.4706666666667,55.16007125855753,2.115660904596382,2.8515526187246865,-0.7358917141283046
2023-01-06 05:00:00+00:00,271.17,273.4,264.68,270.39,1659482.0,38272.0,270.094656,267.7203333333333,56.9507384192976,2.25857045466023,2.732956185911795,-0.4743857312515649
