timestamp,open,high,low,close,volume,trade_count,vwap,30sma,rsi,macd,signal,histogram
2022-01-03 05:00:00+00:00,68.9,69.49,66.87,68.33,9377099.0,92314.0,68.05316,,,,,
2022-01-04 05:00:00+00:00,67.7,67.84,63.11,64.2,19988930.0,179162.0,64.151427,,,,,
2022-01-05 05:00:00+00:00,63.57,65.5887,62.17,63.0,17898041.0,174712.0,63.982884,,,,,
2022-01-06 05:00:00+00:00,65.25,68.075,63.665,66.78,12959313.0,123937.0,66.378164,,,,,
2022-01-07 05:00:00+00:00,68.39,69.68,67.13,68.24,13002481.0,109663.0,68.463926,,,,,
2022-01-10 05:00:00+00:00,69.69,71.06,68.1685,69.6,15786505.0,121121.0,69.29577,,,,,
2022-01-11 05:00:00+00:00,71.0,76.83,70.425,76.76,27375599.0,211821.0,75.292969,,,,,
2022-01-12 05:00:00+00:00,78.17,78.6,75.86,76.4,12929579.0,117247.0,76.953062,,,,,
2022-01-13 05:00:00+00:00,74.47,74.47,71.15,71.44,12495382.0,112196.0,72.367942,,,,,
2022-01-14 05:00:00+00:00,73.9,74.015,71.93,73.72,12776565.0,117704.0,72.999095,,,,,
2022-01-18 05:00:00+00:00,71.12,74.93,71.0901,73.4,10206401.0,92519.0,73.635842,,,,,
2022-01-19 05:00:00+00:00,73.18,74.22,72.03,72.3,6310753.0,74997.0,72.984081,,,,,
2022-01-20 05:00:00+00:00,77.25,81.24,76.77,77.0,26203300.0,209115.0,78.76365,,,,,
2022-01-21 05:00:00+00:00,77.6018,77.68,72.66,73.46,14411254.0,133431.0,74.701565,,,,,
2022-01-24 05:00:00+00:00,72.52,72.52,68.11,71.74,15276562.0,142803.0,70.425908,,54.47859206724454,,,
2022-01-25 05:00:00+00:00,70.28,72.97,70.2,72.15,7284096.0,83217.0,71.846177,,55.00049935084391,,,
2022-01-26 05:00:00+00:00,72.9,73.49,70.51,71.11,9386992.0,88428.0,71.588862,,53.33023453992601,,,
2022-01-27 05:00:00+00:00,70.75,70.8,65.785,66.68,13109439.0,130856.0,67.323877,,46.80935172305299,,,
2022-01-28 05:00:00+00:00,67.6,69.42,66.2,69.34,9015474.0,97519.0,68.060125,,50.7068178643089,,,
2022-01-31 05:00:00+00:00,71.84,74.95,71.79,74.88,9341974.0,100496.0,74.125427,,57.66449984038611,,,
2022-02-01 05:00:00+00:00,74.26,75.89,73.84,75.08,7596351.0,71420.0,74.969501,,57.89555230640297,,,
2022-02-02 05:00:00+00:00,75.58,75.71,72.41,73.21,5882249.0,69688.0,73.386084,,54.879674547065136,,,
2022-02-03 05:00:00+00:00,72.08,73.3,71.33,71.85,7480393.0,70580.0,72.240932,,52.728403460967215,,,
2022-02-04 05:00:00+00:00,71.94,74.95,71.86,73.77,6071290.0,68250.0,73.642565,,55.38722885022228,,,
2022-02-07 05:00:00+00:00,74.09,74.99,72.81,73.15,6132535.0,69139.0,73.590927,,54.32464889453831,,,
2022-02-08 05:00:00+00:00,73.12,76.07,72.05,75.36,7895260.0,87775.0,74.685485,,57.45763775733355,1.243189429602694,,
2022-02-09 05:00:00+00:00,76.83,78.67,76.61,78.29,6968954.0,75138.0,77.820413,,61.25237790482722,1.5814627191970203,,
2022-02-10 05:00:00+00:00,75.955,78.39,75.24,76.4,6252553.0,70353.0,76.976592,,57.678394968531094,1.6777000518513177,,
2022-02-11 05:00:00+00:00,75.97,76.55,73.55,73.98,6385421.0,67795.0,74.78304,,53.38329622217617,1.5409321494938268,,
2022-02-14 05:00:00+00:00,73.83,74.62,73.01,74.45,4940920.0,56661.0,73.983481,72.20233333333334,54.09821505150332,1.4537102071967212,,
2022-02-15 05:00:00+00:00,75.35,76.35,74.8,76.13,6644345.0,57666.0,75.771247,72.46233333333333,56.65698031363455,1.5028245235485826,,
2022-02-16 05:00:00+00:00,75.59,75.84,74.44,75.3,6051701.0,62983.0,75.107681,72.83233333333332,55.02500181828631,1.4579673694248498,,
2022-02-17 05:00:00+00:00,74.93,76.58,74.43,74.55,5827891.0,61465.0,75.401989,73.21733333333333,53.52468498436905,1.3463788028672354,,
2022-02-18 05:00:00+00:00,72.26,73.34,70.48,71.86,8736331.0,96179.0,71.796994,73.38666666666667,48.424735505789776,1.029021620488848,1.4259096526301218,-0.39688803214127377
2022-02-22 05:00:00+00:00,70.36,71.83,69.76,70.98,8291325.0,95500.0,70.749732,73.478,46.85200254861234,0.6984537810700147,1.2804184783181003,-0.5819646972480856
2022-02-23 05:00:00+00:00,72.44,72.95,70.05,70.54,9412824.0,110701.0,70.975892,73.50933333333333,46.046733065282275,0.39640258174105725,1.1036152990026917,-0.7072127172616345
2022-02-24 05:00:00+00:00,67.05,70.99,66.11,70.91,10307089.0,111004.0,68.527413,73.31433333333334,46.87364045140593,0.18475104287375643,0.9198424477769047,-0.7350914049031483
2022-02-25 05:00:00+00:00,71.28,72.75,70.17,72.5,6373127.0,76183.0,71.784428,73.18433333333334,50.39223230255035,0.14365936948344427,0.7646058321182126,-0.6209464626347684
2022-02-28 05:00:00+00:00,70.92,71.79,70.22,71.63,6149221.0,77149.0,71.148207,73.19066666666666,48.499442474951145,0.040426185266142056,0.6197699027477985,-0.5793437174816565
2022-03-01 05:00:00+00:00,72.42,74.99,72.13,73.3,8478128.0,89951.0,73.508237,73.17666666666668,52.210147147259796,0.09230416133218,0.5142767544646748,-0.4219725931324948
2022-03-02 05:00:00+00:00,72.69,72.94,70.3476,71.79,4828609.0,61673.0,71.532204,73.123,48.78723446457357,0.011441559545374957,0.4137097154808148,-0.40226815593543985
2022-03-03 05:00:00+00:00,73.12,73.83,66.76,67.83,16065069.0,150913.0,68.942857,72.97399999999999,41.16515339849889,-0.3679401547838381,0.2573797414278842,-0.6253198962117223
2022-03-04 05:00:00+00:00,66.28,67.23,63.15,63.59,15619795.0,132035.0,64.243756,72.527,34.8814307571475,-0.9992171086909565,0.006060371404116083,-1.0052774800950726
2022-03-07 05:00:00+00:00,63.2,64.11,60.3,60.52,15408769.0,132906.0,61.616152,72.09566666666666,31.17122235462533,-1.7273205100860878,-0.3406158048939247,-1.386704705192163
2022-03-08 05:00:00+00:00,60.0,60.13,56.41,58.69,11525869.0,115449.0,58.445097,71.66066666666667,29.17885396675868,-2.424070234710925,-0.7573066908573247,-1.6667635438536001
2022-03-09 05:00:00+00:00,61.48,62.78,60.31,62.4,9191650.0,95520.0,61.87131,71.33566666666667,37.851541044350554,-2.646377623123996,-1.135120877310659,-1.5112567458133372
2022-03-10 05:00:00+00:00,53.01,55.36,50.601,52.52,55140530.0,380736.0,52.867033,70.716,28.013211844631314,-3.5785400770302687,-1.6238047172545809,-1.9547353597756878
2022-03-11 05:00:00+00:00,53.901,54.09,47.85,47.99,32703825.0,253501.0,49.79811,70.093,24.82691337794573,-4.629453223799786,-2.224934418563622,-2.4045188052361635
2022-03-14 04:00:00+00:00,43.0035,45.77,41.56,42.94,47002146.0,344189.0,43.654882,69.213,21.84404269805772,-5.802909925983315,-2.9405295200475607,-2.862380405935754
2022-03-15 04:00:00+00:00,41.64,48.22,41.63,45.98,39002258.0,286464.0,45.390941,68.24966666666667,27.49167553463566,-6.4136476849478115,-3.635153153027611,-2.7784945319202006
2022-03-16 04:00:00+00:00,56.96,64.28,54.75,64.08,59645116.0,500080.0,59.602134,67.883,50.44991011136068,-5.375181283168452,-3.9831587790557794,-1.3920225041126724
2022-03-17 04:00:00+00:00,62.0,63.8587,58.32,61.94,25674270.0,243739.0,60.777696,67.50733333333334,48.49482400738267,-4.6710246289747275,-4.12073194903957,-0.5502926799351577
2022-03-18 04:00:00+00:00,61.17,69.43,60.82,65.13,46188685.0,302485.0,65.856439,67.28333333333333,51.51135069446334,-3.8116309582648285,-4.058911750884622,0.24728079261979374
2022-03-21 04:00:00+00:00,62.48,63.82,58.3,61.44,19606917.0,182586.0,60.334473,66.87233333333333,48.00870165402923,-3.3892384133124622,-3.9249770833701905,0.5357386700577282
2022-03-22 04:00:00+00:00,65.15,65.69,62.295,64.73,18955075.0,170569.0,64.587103,66.59166666666667,51.19517755574615,-2.757230141189517,-3.691427694934056,0.9341975537445393
2022-03-23 04:00:00+00:00,62.01,69.245,61.36,64.29,23534876.0,184318.0,65.650397,66.22266666666665,50.74722324406563,-2.2657452540141136,-3.4062912067500677,1.140545952735954
2022-03-24 04:00:00+00:00,61.35,61.71,58.72,61.52,20523069.0,179209.0,60.434145,65.66366666666667,47.9053762046573,-2.075826949201314,-3.140198355240317,1.0643714060390028
2022-03-25 04:00:00+00:00,59.61,60.545,58.09,59.92,15848843.0,148464.0,59.330619,65.11433333333333,46.29277662525212,-2.0310097366077997,-2.918360631513814,0.8873508949060143
2022-03-28 04:00:00+00:00,58.14,60.1,56.962,59.77,35014499.0,285435.0,58.999743,64.64066666666666,46.135979537297416,-1.9847169377199094,-2.731631892755033,0.7469149550351237
2022-03-29 04:00:00+00:00,62.18,64.56,61.87,62.73,13155853.0,117870.0,62.795593,64.25,49.752759699062445,-1.6897044378764647,-2.5232464017793195,0.8335419639028547
2022-03-30 04:00:00+00:00,61.2,63.05,60.821,61.49,10687286.0,88824.0,61.814178,63.76199999999999,48.28992735261534,-1.5382307763139167,-2.326243276686239,0.7880125003723224
2022-03-31 04:00:00+00:00,59.95,60.09,56.8,57.87,13867373.0,142256.0,58.020371,63.181000000000004,44.20382880452263,-1.6908000639636214,-2.1991546341417156,0.5083545701780943
2022-04-01 04:00:00+00:00,61.25,61.75,58.8531,59.09,15571579.0,137257.0,60.02884,62.66566666666667,45.86630672470612,-1.6937440920200686,-2.0980725257173862,0.40432843369731764
2022-04-04 04:00:00+00:00,62.27,64.42,61.45,63.31,13864507.0,125637.0,63.185472,62.38066666666666,51.27442033016225,-1.3401105630954078,-1.9464801331929906,0.6063695700975829
2022-04-05 04:00:00+00:00,62.32,62.405,60.37,60.92,7649065.0,73348.0,60.967126,62.04533333333333,48.32958287430924,-1.2384306123641693,-1.8048702290272265,0.5664396166630572
2022-04-06 04:00:00+00:00,59.5,59.75,57.59,59.08,8701040.0,92551.0,58.5522,61.66333333333333,46.132858640165175,-1.2914342907101926,-1.70218304136382,0.41074875065362737
2022-04-07 04:00:00+00:00,57.85,57.85,56.21,57.1,10618865.0,107088.0,56.967431,61.203,43.82445844157655,-1.4761929071840214,-1.6569850145278604,0.180792107343839
2022-04-08 04:00:00+00:00,56.75,57.848,55.82,56.55,10215187.0,99512.0,56.770354,60.67133333333334,43.17813955844906,-1.647998741661418,-1.6551877599545721,0.007189018293154215
2022-04-11 04:00:00+00:00,55.78,58.23,54.85,56.83,8751790.0,87788.0,56.92975,60.178,43.63389132995358,-1.7414876576575509,-1.672447739495168,-0.06903991816238286
2022-04-12 04:00:00+00:00,57.48,58.31,56.44,56.48,7945583.0,87562.0,57.389465,59.617333333333335,43.16780371174794,-1.8228081740914703,-1.7025198264144286,-0.12028834767704177
2022-04-13 04:00:00+00:00,57.74,59.7,56.99,58.28,11689038.0,101317.0,58.485671,59.167,46.34223094475347,-1.7221583431027554,-1.706447529752094,-0.01571081335066138
2022-04-14 04:00:00+00:00,57.34,57.97,56.27,56.56,7329130.0,73863.0,56.920681,58.791333333333334,43.823297927486855,-1.7608838790164043,-1.7173347996049562,-0.043549079411448144
2022-04-18 04:00:00+00:00,55.44,58.13,55.3445,57.5,9199860.0,93026.0,57.074798,58.58833333333334,45.564720731342675,-1.6961715908687935,-1.7131021578577237,0.01693056698893014
2022-04-19 04:00:00+00:00,56.35,56.92,55.07,56.89,8441989.0,86021.0,56.121929,58.467333333333336,44.5985467027871,-1.67480245809368,-1.7054422179049151,0.030639759811235123
2022-04-20 04:00:00+00:00,56.6,56.605,53.03,53.75,9295245.0,96407.0,54.080841,58.30266666666667,39.9075395465227,-1.8894585226363247,-1.7422454788511972,-0.14721304378512756
2022-04-21 04:00:00+00:00,52.89,53.68,50.25,50.7,10511779.0,104935.0,51.289187,57.912666666666674,35.95185568924717,-2.279408903430287,-1.8496781637670154,-0.4297307396632717
2022-04-22 04:00:00+00:00,52.88,54.3,51.31,52.04,12493502.0,101392.0,52.622032,57.89666666666667,38.82103941535046,-2.4520548268052664,-1.9701534963746659,-0.48190133043060057
2022-04-25 04:00:00+00:00,50.83,54.02,50.59,53.72,9046431.0,98075.0,52.95786,58.08766666666667,42.310344322177535,-2.425357988118371,-2.061194394723407,-0.3641635933949643
2022-04-26 04:00:00+00:00,54.13,55.49,52.92,53.21,10120577.0,83298.0,53.902253,58.43,41.535872288007134,-2.4174860149235755,-2.1324527187634406,-0.28503329616013495
2022-04-27 04:00:00+00:00,55.49,58.89,55.35,57.41,14277106.0,140088.0,57.303845,58.811,49.701312947900156,-2.048726081338785,-2.1157073912785096,0.06698130993972473
2022-04-28 04:00:00+00:00,57.82,58.8,56.15,57.81,8021009.0,87064.0,57.232839,58.602000000000004,50.41165117098892,-1.7045554657798903,-2.033477006178786,0.32892154039889565
2022-04-29 04:00:00+00:00,65.08,65.29,61.56,61.66,19689645.0,191279.0,63.072404,58.592666666666666,56.74368818045981,-1.1083584824698747,-1.8484533014370037,0.740094818967129
2022-05-02 04:00:00+00:00,61.64,63.57,60.9,63.37,10655001.0,109786.0,62.545101,58.534,59.23361218916074,-0.49221146155781526,-1.5772049334611662,1.084993471903351
2022-05-03 04:00:00+00:00,62.8,63.96,61.645,62.17,9069272.0,95299.0,62.282401,58.55833333333333,56.76426888163858,-0.09959243991380617,-1.2816824347516942,1.182089994837888
2022-05-04 04:00:00+00:00,60.23,63.33,59.11,63.18,9933091.0,91760.0,61.405628,58.50666666666667,58.33851563421879,0.2897198128262488,-0.9674019852361055,1.2571217980623544
2022-05-05 04:00:00+00:00,60.58,61.2426,58.26,59.39,11160023.0,110583.0,59.300342,58.343333333333334,50.85559321018089,0.28909870243367664,-0.7161018477021491,1.0052005501358257
2022-05-06 04:00:00+00:00,58.11,58.71,55.45,55.61,15053965.0,123982.0,56.322719,58.14633333333333,44.69762317544794,-0.016220956163728317,-0.576125669394465,0.5599047132307367
2022-05-09 04:00:00+00:00,53.7,54.0,50.12,51.04,22021576.0,178382.0,51.416811,57.85033333333333,38.610484671538295,-0.6198050652510005,-0.5848615485657721,-0.03494351668522844
2022-05-10 04:00:00+00:00,53.695,53.85,50.18,51.65,18223727.0,144482.0,51.730413,57.57966666666667,39.7891801373153,-1.0369743237638005,-0.6752841036053778,-0.36169022015842267
2022-05-11 04:00:00+00:00,52.32,53.29,49.55,49.83,13181852.0,130752.0,50.963951,57.14966666666667,37.477116350009645,-1.497184149393341,-0.8396641127629705,-0.6575200366303706
2022-05-12 04:00:00+00:00,48.83,49.83,46.83,48.67,13091754.0,119763.0,48.499293,56.72233333333334,36.03968506472921,-1.933221087998895,-1.0583755078101555,-0.8748455801887394
2022-05-13 04:00:00+00:00,49.96,52.35,49.71,51.55,11502691.0,110591.0,51.360139,56.51166666666666,41.98879500015424,-2.023070870803828,-1.25131458040889,-0.7717562903949378
2022-05-16 04:00:00+00:00,51.69,52.75,51.15,51.52,8915048.0,79220.0,51.784481,56.25933333333333,41.945029151736605,-2.072804223476588,-1.4156125090224299,-0.6571917144541581
2022-05-17 04:00:00+00:00,55.66,56.4,49.7,53.67,37957035.0,274140.0,53.280996,55.938,46.26758109626217,-1.916637428864341,-1.5158174929908124,-0.4008199358735287
2022-05-18 04:00:00+00:00,52.43,53.26,50.64,51.25,13095933.0,103470.0,51.887928,55.61566666666667,42.43746585545805,-1.965490938169694,-1.6057521820265888,-0.35973875614310513
2022-05-19 04:00:00+00:00,51.09,53.6364,51.05,52.78,13677842.0,121965.0,52.721228,55.40566666666667,45.508767187600334,-1.85931644046682,-1.6564650337146352,-0.20285140675218494
2022-05-20 04:00:00+00:00,54.25,54.9,50.99,52.17,11908120.0,118410.0,52.849889,55.24133333333334,44.48955714723837,-1.803603470010529,-1.685892720973814,-0.11771074903671508
2022-05-23 04:00:00+00:00,53.84,54.01,52.4001,53.33,11397180.0,115942.0,53.212782,55.134,46.92389313727869,-1.6468642085987923,-1.6780870184988097,0.031222809900017356
2022-05-24 04:00:00+00:00,51.06,51.13,48.93,49.58,11206863.0,95900.0,49.826742,54.89233333333333,40.70874476337096,-1.8044404088192394,-1.7033576965628958,-0.10108271225634358
2022-05-25 04:00:00+00:00,50.22,50.65,49.02,50.19,8443948.0,76748.0,49.981076,54.68266666666667,42.0532720862767,-1.858673153620785,-1.7344207879744737,-0.12425236564631126
2022-05-26 04:00:00+00:00,50.77,53.59,50.3082,52.72,14126321.0,127932.0,52.731031,54.49733333333334,47.382725892256495,-1.678158373580743,-1.7231683050957276,0.04500993151498456
2022-05-27 04:00:00+00:00,53.46,53.7,51.61,53.68,10236487.0,90649.0,53.162161,54.40133333333333,49.28860241177995,-1.4410239063290788,-1.666739425342398,0.2257155190133191
2022-05-31 04:00:00+00:00,56.87,57.72,55.76,56.12,20786652.0,156179.0,56.763102,54.35533333333333,53.862857539855526,-1.0441689943076398,-1.5422253391354466,0.4980563448278068
2022-06-01 04:00:00+00:00,56.84,57.25,54.64,55.79,12619221.0,106639.0,55.896333,54.318666666666665,53.1643928442702,-0.7476682057517223,-1.383313912458702,0.6356457067069796
2022-06-02 04:00:00+00:00,56.02,58.56,55.63,58.0,11519269.0,112506.0,57.326198,54.46033333333333,57.16998150061295,-0.3305502864472061,-1.172761187256403,0.8422109008091969
2022-06-03 04:00:00+00:00,57.13,57.21,55.94,56.52,8073592.0,76383.0,56.601823,54.65433333333333,53.84860019306307,-0.11804422104968637,-0.9618177940150597,0.8437735729653734
2022-06-06 04:00:00+00:00,59.89,61.29,59.11,60.21,18726567.0,169502.0,60.357719,54.92666666666666,60.076338863743956,0.34415334267828257,-0.7006235666763913,1.044776909354674
2022-06-07 04:00:00+00:00,60.225,61.99,59.81,61.74,12796211.0,112844.0,61.264497,55.193999999999996,62.345237839868624,0.8244032476767984,-0.39561820380575335,1.2200214514825518
2022-06-08 04:00:00+00:00,63.975,67.3,63.35,66.47,22727827.0,182807.0,65.695351,55.635999999999996,68.3362655268916,1.5685944467761814,-0.0027756736893664313,1.571370120465548
2022-06-09 04:00:00+00:00,62.0,62.75,60.83,61.4,19028873.0,138599.0,61.749347,55.769000000000005,57.733053460894084,1.7293300649107266,0.3436454740306522,1.3856845908800743
2022-06-10 04:00:00+00:00,62.9,64.77,61.3273,61.51,11718110.0,101984.0,62.215235,55.89233333333333,57.88573440850877,1.8443299929088894,0.6437823778062997,1.2005476151025898
2022-06-13 04:00:00+00:00,59.9,60.54,57.6,58.93,12159908.0,110434.0,58.89807,55.80133333333333,53.04572642986766,1.7075996801677533,0.8565458382785904,0.8510538418891629
2022-06-14 04:00:00+00:00,61.38,63.52,60.58,62.51,12536497.0,101606.0,62.309014,55.77266666666666,58.260866345546084,1.8665990114370317,1.0585564729102788,0.8080425385267529
2022-06-15 04:00:00+00:00,63.66,64.53,62.23,64.32,13743024.0,105352.0,63.466052,55.84433333333334,60.6410712186239,2.1142868178567014,1.2697025418995633,0.844584275957138
2022-06-16 04:00:00+00:00,61.66,63.02,60.79,62.01,9623014.0,96565.0,61.818228,55.80533333333334,56.23364328789678,2.0999762751045097,1.4357572885405525,0.6642189865639572
2022-06-17 04:00:00+00:00,67.31,67.39,63.81,65.23,28552516.0,190116.0,65.408158,56.0,60.53905253088594,2.3216990547134273,1.6129456417751276,0.7087534129382997
2022-06-21 04:00:00+00:00,64.59,65.04,61.82,63.65,18578393.0,166080.0,63.073497,56.268,57.547566984333116,2.3429154882564447,1.758939611071391,0.5839758771850536
2022-06-22 04:00:00+00:00,60.98,62.6701,60.65,61.42,12075759.0,94309.0,61.457092,56.614000000000004,53.52726391664349,2.1549464206533244,1.8381409729877778,0.31680544766554664
2022-06-23 04:00:00+00:00,62.47,64.03,60.765,61.9,17691194.0,113976.0,62.082623,56.955666666666666,54.267848248744144,2.021410012466788,1.8747947808835799,0.1466152315832081
2022-06-24 04:00:00+00:00,63.09,64.84,62.6,64.02,11067006.0,96474.0,64.033569,57.42866666666667,57.490004821906325,2.062868268019024,1.9124094783106687,0.15045878970835513
2022-06-27 04:00:00+00:00,67.16,68.29,64.92,65.62,15146889.0,139357.0,66.444812,57.99366666666666,59.79251078399964,2.1994766646138686,1.9698229155713087,0.22965374904255986
2022-06-28 04:00:00+00:00,65.7,66.68,63.87,64.54,8467540.0,85766.0,64.980396,58.42666666666666,57.52748298484857,2.1952869278763387,2.0149157180323147,0.180371209844024
2022-06-29 04:00:00+00:00,63.72,64.91,63.25,64.85,6433409.0,71718.0,64.358675,58.871,58.01907114136321,2.1917162004850965,2.0502758145228714,0.14144038596222508
2022-06-30 04:00:00+00:00,63.89,64.63,62.91,64.22,5551019.0,61191.0,64.006819,59.22266666666666,56.58568394545112,2.113685388990703,2.062957729416438,0.05072765957426517
2022-07-01 04:00:00+00:00,63.91,66.36,63.68,65.95,5461713.0,60364.0,65.383775,59.712666666666664,59.54159742224103,2.1664682530450676,2.083659834142164,0.08280841890290347
2022-07-05 04:00:00+00:00,65.33,65.33,62.32,64.73,10610024.0,103859.0,63.936728,60.111,56.61419452884198,2.0858113145914174,2.0840901302320147,0.0017211843594027165
2022-07-06 04:00:00+00:00,63.22,63.62,60.77,61.76,8607602.0,101394.0,61.622655,60.43066666666666,50.15000213867943,1.7619255501095878,2.0196572142075295,-0.2577316640979417
2022-07-07 04:00:00+00:00,62.87,64.1152,62.61,63.13,7912716.0,70214.0,63.310537,60.757333333333335,52.82573576966292,1.597377722665314,1.9352013158990866,-0.33782359323377253
2022-07-08 04:00:00+00:00,61.96,62.75,61.05,62.01,6004142.0,66360.0,61.913623,61.17166666666667,50.44203115004824,1.3609100205632174,1.8203430568319128,-0.45943303626869536
2022-07-11 04:00:00+00:00,59.4,59.85,58.56,59.59,7848549.0,77779.0,59.242113,61.485,45.64890085338073,0.9670859232403473,1.6496916301135998,-0.6826057068732525
2022-07-12 04:00:00+00:00,58.83,61.06,58.77,60.16,5807439.0,61804.0,60.160701,61.733,46.92809228319865,0.6929834433065736,1.4583499927521948,-0.7653665494456212
2022-07-13 04:00:00+00:00,59.78,62.91,59.76,61.7,5967547.0,69717.0,61.880752,62.00033333333333,50.32948238933946,0.5931825437196494,1.2853165029456857,-0.6921339592260363
2022-07-14 04:00:00+00:00,61.45,61.9,60.27,61.04,6276809.0,63955.0,61.062234,62.16433333333334,48.88350345119354,0.4555814680464678,1.119369495965842,-0.6637880279193742
2022-07-15 04:00:00+00:00,60.38,60.63,58.585,60.26,5875847.0,61082.0,59.617923,62.31333333333334,47.15909433603513,0.280360323652431,0.9515676615031599,-0.6712073378507288
2022-07-18 04:00:00+00:00,62.96,64.73,61.84,62.05,6014991.0,66827.0,63.17993,62.44833333333334,51.3963976846239,0.2826758336154782,0.8177892959256235,-0.5351134623101453
2022-07-19 04:00:00+00:00,62.96,63.2,61.57,62.78,4214470.0,40959.0,62.579282,62.657000000000004,53.04992033994816,0.3395022208102816,0.7221318809025552,-0.3826296600922736
2022-07-20 04:00:00+00:00,63.15,63.8,62.05,62.62,4784799.0,51390.0,62.777336,62.73733333333334,52.62731526092333,0.3673918150989621,0.6511838677418366,-0.28379205264287444
2022-07-21 04:00:00+00:00,63.23,64.4,63.04,64.01,3850747.0,44381.0,63.716949,62.813,55.913099515113984,0.49593902640663856,0.620134899474797,-0.12419587306815849
2022-07-22 04:00:00+00:00,63.35,63.44,61.45,61.58,4234411.0,48053.0,62.219286,62.65,49.455096330114955,0.3971547728567373,0.5755388741511851,-0.17838410129444782
2022-07-25 04:00:00+00:00,63.07,63.65,62.06,62.98,4520197.0,46292.0,62.752169,62.702666666666666,52.83504828296513,0.4269146337751053,0.5458140260759692,-0.11889939230086388
2022-07-26 04:00:00+00:00,63.38,64.66,62.63,62.97,4336267.0,46433.0,63.278123,62.751333333333335,52.807884605074875,0.44456791929491857,0.5255648047197591,-0.08099688542484051
2022-07-27 04:00:00+00:00,63.95,63.95,61.6,63.32,4947593.0,51736.0,62.998548,62.897666666666666,53.70501007133438,0.4812527678441114,0.5167023973446296,-0.03544962950051822
2022-07-28 04:00:00+00:00,62.12,63.0,60.2,62.13,6070218.0,61280.0,61.503145,62.885000000000005,50.210081782678394,0.409581321347396,0.49527818214518293,-0.08569686079778693
2022-07-29 04:00:00+00:00,59.0,60.085,58.37,59.5,7463540.0,79988.0,59.323313,62.724333333333334,43.476159356598245,0.13896031544430087,0.4240146088050065,-0.28505429336070565
2022-08-01 04:00:00+00:00,57.58,58.83,56.35,58.76,7030855.0,76632.0,58.021482,62.616,41.77834926304011,-0.13367962155037105,0.312475762733931,-0.44615538428430207
2022-08-02 04:00:00+00:00,57.01,60.64,56.86,59.73,6395414.0,72619.0,59.360161,62.43266666666667,44.820232259533405,-0.26838407792454433,0.19630379460223596,-0.4646878725267803
2022-08-03 04:00:00+00:00,59.47,61.22,59.0,61.13,4812209.0,49646.0,60.622949,62.34866666666667,48.96470780111266,-0.25918233772851806,0.10520656813608517,-0.36438890586460326
2022-08-04 04:00:00+00:00,64.35,64.95,62.92,63.35,7232929.0,92471.0,63.773945,62.413,54.76646872250044,-0.07192533515068789,0.06978018747873056,-0.14170552262941843
2022-08-05 04:00:00+00:00,61.48,62.34,61.2,61.91,4763332.0,58660.0,61.716556,62.41333333333333,50.73734020475117,-0.03926614127745154,0.04797092172749415,-0.08723706300494569
2022-08-08 04:00:00+00:00,61.59,61.74,58.46,58.84,8208345.0,78093.0,59.341841,62.24066666666666,43.40566290600448,-0.2581312612767377,-0.01324951487335222,-0.24488174640338548
2022-08-09 04:00:00+00:00,58.64,59.11,56.7,57.08,8591857.0,85711.0,57.420967,61.956,39.85043319004367,-0.5670639762473897,-0.12401240714815973,-0.44305156909922994
2022-08-10 04:00:00+00:00,56.36,56.95,54.35,55.5,13971938.0,121506.0,55.479007,61.65466666666667,36.926368503786875,-0.9286828956546174,-0.2849465048494513,-0.6437363908051661
2022-08-11 04:00:00+00:00,56.49,58.485,56.26,56.94,9374454.0,81998.0,57.086489,61.391,41.16367206078847,-1.0865474861229103,-0.4452667011041431,-0.6412807850187672
2022-08-12 04:00:00+00:00,54.52,57.33,54.52,57.05,6236133.0,73072.0,56.496549,61.15200000000001,41.48704868386658,-1.1890733335140453,-0.5940280275861236,-0.5950453059279217
2022-08-15 04:00:00+00:00,56.58,58.28,56.435,57.98,5223157.0,56554.0,57.650758,60.88633333333334,44.27562915814258,-1.1816611246778805,-0.711554647004475,-0.4701064776734055
2022-08-16 04:00:00+00:00,56.82,57.85,56.46,57.29,4834381.0,61353.0,57.260204,60.638333333333335,42.651515311467854,-1.2174303499523518,-0.8127297875940505,-0.4047005623583013
2022-08-17 04:00:00+00:00,57.0,57.35,55.8,56.15,4899791.0,59823.0,56.36607,60.45133333333333,40.03834175935764,-1.3225209925468704,-0.9146880285846144,-0.407832963962256
2022-08-18 04:00:00+00:00,55.62,55.88,54.385,55.19,5552838.0,63301.0,55.033494,60.18666666666666,37.93079693001104,-1.4663666983682475,-1.025023762541341,-0.44134293582690654
2022-08-19 04:00:00+00:00,55.1,55.88,54.58,54.7,4714387.0,47340.0,54.902394,59.943,36.86416478458951,-1.6014439129192581,-1.1403077926169245,-0.46113612030233364
2022-08-22 04:00:00+00:00,55.36,56.15,54.97,55.32,8342890.0,91281.0,55.555823,59.800666666666665,39.19412515730557,-1.639564876878957,-1.240159209469331,-0.399405667409626
2022-08-23 04:00:00+00:00,55.8,57.7799,53.05,57.2,13406984.0,128627.0,56.203177,59.702,45.733755699304155,-1.500775718991207,-1.2922825113737062,-0.2084932076175008
2022-08-24 04:00:00+00:00,56.645,61.645,56.22,59.44,12443409.0,109324.0,59.944686,59.626666666666665,52.31441809932173,-1.1962454588912124,-1.2730751008772074,0.07682964198599507
2022-08-25 04:00:00+00:00,62.01,66.42,61.93,64.91,19917604.0,215111.0,64.389278,59.75566666666666,63.844617087262876,-0.5076676715320616,-1.1199936150081784,0.6123259434761168
2022-08-26 04:00:00+00:00,67.69,67.87,63.41,63.46,14638322.0,140690.0,64.93049,59.86233333333333,59.72220938543879,-0.07806777919618213,-0.9116084478457792,0.8335406686495971
2022-08-29 04:00:00+00:00,63.57,64.74,62.185,62.32,7340353.0,75545.0,63.377395,59.87133333333333,56.62644780782084,0.16846282339399465,-0.6955941935978245,0.8640570169918191
2022-08-30 04:00:00+00:00,62.42,62.8499,60.61,61.51,6999566.0,82250.0,61.392005,59.829,54.466104337525316,0.29507839153851023,-0.49745967657055756,0.7925380681090678
2022-08-31 04:00:00+00:00,63.0,64.62,62.53,63.49,6951829.0,73687.0,63.557418,59.85799999999999,58.62176695431606,0.5488646242267876,-0.2881948164110886,0.8370594406378762
2022-09-01 04:00:00+00:00,61.75,63.2,61.33,63.11,4268199.0,52972.0,62.502688,59.827999999999996,57.536462170119854,0.711131733891655,-0.08832950635053988,0.7994612402421948
2022-09-02 04:00:00+00:00,62.01,62.13,60.89,61.29,4537740.0,55308.0,61.437317,59.818333333333335,52.5211337216934,0.684974834240009,0.0663313617675699,0.6186434724724391
2022-09-06 04:00:00+00:00,59.61,60.12,59.0,59.35,4374939.0,56146.0,59.529312,59.69733333333333,47.7437734716583,0.5019177210173211,0.15344863361752015,0.348469087399801
2022-09-07 04:00:00+00:00,58.95,60.045,58.02,59.88,4833210.0,38517.0,59.551385,59.59433333333333,49.10578609687195,0.39505624802499995,0.20177015649901614,0.1932860915259838
2022-09-08 04:00:00+00:00,59.3,60.36,59.22,59.91,2940965.0,39830.0,59.792097,59.48066666666667,49.18651928465451,0.30922396863756774,0.22326091892672648,0.08596304971084126
2022-09-09 04:00:00+00:00,61.47,61.88,60.2,60.41,5023886.0,50261.0,60.728774,59.423333333333325,50.59322618998388,0.2783385763125139,0.23427645040388398,0.04406212590862993
2022-09-12 04:00:00+00:00,60.99,61.83,60.12,61.79,5340461.0,56962.0,61.350188,59.49966666666666,54.349553832806095,0.361054139860542,0.2596319882952156,0.10142215156532641
2022-09-13 04:00:00+00:00,58.33,59.26,57.28,57.43,7331201.0,89859.0,58.146886,59.45533333333333,43.17967574330435,0.07393893591827805,0.22249337781982811,-0.14855444190155007
2022-09-14 04:00:00+00:00,57.41,57.67,56.25,57.4,5074766.0,62269.0,56.875392,59.37766666666666,43.11401732889537,-0.1542446447876955,0.1471457732983234,-0.3013904180860189
2022-09-15 04:00:00+00:00,57.505,58.15,57.0,57.65,5179980.0,62470.0,57.616595,59.26166666666666,43.879848929589706,-0.31132016078482394,0.05545258648169394,-0.3667727472665179
2022-09-16 04:00:00+00:00,56.51,56.905,55.09,55.37,7361352.0,71727.0,55.725678,58.99566666666667,38.75547717917533,-0.6127175575257624,-0.07818144231979733,-0.5345361152059651
2022-09-19 04:00:00+00:00,55.42,56.82,55.25,56.82,6204654.0,79540.0,56.357713,58.826,43.29117382990097,-0.7262030671373125,-0.20778576728330037,-0.5184172998540122
2022-09-20 04:00:00+00:00,56.615,57.94,56.52,56.8,4296763.0,47933.0,57.182501,58.758,43.24360250037911,-0.8084358388599071,-0.3279157815986218,-0.4805200572612853
2022-09-21 04:00:00+00:00,55.86,55.96,53.84,53.93,6175878.0,66587.0,54.528061,58.653,36.96610924774197,-1.0925961490259226,-0.480851855084082,-0.6117442939418406
2022-09-22 04:00:00+00:00,54.19,54.75,52.99,53.47,4551833.0,52844.0,53.560544,58.58533333333333,36.06249965524533,-1.3394727891955895,-0.6525760419063835,-0.686896747289206
2022-09-23 04:00:00+00:00,52.37,53.05,51.83,52.31,5627643.0,62855.0,52.359176,58.431,33.81756228501662,-1.6101656236396735,-0.8440939582530416,-0.766071665386632
2022-09-26 04:00:00+00:00,53.23,54.68,53.1,53.34,6258213.0,60747.0,53.742361,58.307333333333325,37.53585133163369,-1.7217321962253251,-1.0196216058474983,-0.7021105903778269
2022-09-27 04:00:00+00:00,54.025,55.06,52.17,52.66,6126505.0,63403.0,53.169117,58.129999999999995,36.094091652082334,-1.8437660386075265,-1.1844504923995038,-0.6593155462080227
2022-09-28 04:00:00+00:00,51.32,53.25,50.55,52.93,5988189.0,62978.0,52.52264,57.98466666666666,37.12673921631416,-1.896826558552469,-1.326925705630097,-0.5699008529223721
2022-09-29 04:00:00+00:00,51.38,52.09,50.09,51.25,6141678.0,61811.0,50.982185,57.821333333333335,33.499474072530475,-2.050799027927546,-1.4717003700895868,-0.5790986578379593
2022-09-30 04:00:00+00:00,50.27,51.355,49.81,50.3,6550814.0,68998.0,50.595147,57.65833333333333,31.61829577516359,-2.2238452756951688,-1.6221293512107031,-0.6017159244844656
2022-10-03 04:00:00+00:00,49.38,49.595,48.09,49.52,9727978.0,80721.0,49.237246,57.48566666666667,30.12261036947325,-2.3963020763598806,-1.7769638962405387,-0.6193381801193418
2022-10-04 04:00:00+00:00,50.67,52.99,50.42,52.04,8173575.0,89579.0,52.017807,57.376333333333335,39.998076280387544,-2.303083876580274,-1.8821878923084858,-0.4208959842717883
2022-10-05 04:00:00+00:00,53.68,54.38,52.41,52.98,9187060.0,94015.0,53.141124,57.23566666666667,43.2214960322139,-2.128817949384512,-1.9315139037236913,-0.19730404566082083
2022-10-06 04:00:00+00:00,52.55,53.07,51.64,51.66,6960580.0,58971.0,52.022382,56.97633333333333,39.973920963729626,-2.073323927229609,-1.959875908424875,-0.11344801880473399
2022-10-07 04:00:00+00:00,50.4,50.96,49.2,49.91,8249162.0,79630.0,49.83464,56.47633333333333,36.10109018281567,-2.145819221242377,-1.9970645709883754,-0.14875465025400136
2022-10-10 04:00:00+00:00,48.98,49.06,46.72,47.58,8791271.0,83465.0,47.545178,55.947,31.697745326228826,-2.3640326940872143,-2.0704581956081434,-0.2935744984790709
2022-10-11 04:00:00+00:00,46.508,47.405,45.31,46.27,8664362.0,82356.0,46.402927,55.412000000000006,29.51779614463038,-2.6125585466683674,-2.178878265820188,-0.4336802808481792
2022-10-12 04:00:00+00:00,46.34,47.23,45.605,46.4,5141868.0,58556.0,46.41452,54.908333333333324,30.032045687408583,-2.7671294163924216,-2.296528495934635,-0.47060092045778656
2022-10-13 04:00:00+00:00,44.06,45.79,43.53,45.05,8836449.0,97669.0,44.692012,54.29366666666667,27.76641388837166,-2.9643900189808647,-2.4301008005438813,-0.5342892184369834
2022-10-14 04:00:00+00:00,45.265,45.27,42.21,42.33,12856190.0,105192.0,42.84713,53.601,23.860645988305293,-3.3021367586842842,-2.6045079921719623,-0.697628766512322
2022-10-17 04:00:00+00:00,44.25,45.16,43.76,44.44,9118329.0,80580.0,44.523186,53.03933333333334,31.867125315941507,-3.360802873737569,-2.7557669684850836,-0.6050359052524854
2022-10-18 04:00:00+00:00,45.84,46.13,43.785,44.67,7836203.0,76246.0,44.715647,52.54999999999999,32.69791478541721,-3.35011902799598,-2.874637380387263,-0.47548164760871714
2022-10-19 04:00:00+00:00,42.52,42.775,40.6,41.22,11761097.0,112612.0,41.502356,51.928,27.31713352187211,-3.578784174175695,-3.0154667391449497,-0.5633174350307453
2022-10-20 04:00:00+00:00,41.64,43.65,41.4,42.16,10832746.0,105548.0,42.457211,51.33633333333333,30.665022891951807,-3.6421681585139254,-3.140807023018745,-0.5013611354951806
2022-10-21 04:00:00+00:00,41.34,42.2,40.61,42.15,8515890.0,87227.0,41.613952,50.727666666666664,30.64884916699907,-3.651119506260237,-3.2428695196670434,-0.40824998659319345
2022-10-24 04:00:00+00:00,35.775,36.92,33.17,36.66,29609569.0,234215.0,35.347394,49.89,23.36335524169867,-4.054473188896125,-3.40519025351286,-0.649282935383265
2022-10-25 04:00:00+00:00,38.15,38.79,37.07,37.77,15122260.0,137243.0,37.716824,49.23466666666666,27.134738543533786,-4.235739200204627,-3.5713000428512136,-0.6644391573534132
2022-10-26 04:00:00+00:00,37.8,42.57,37.48,41.04,22825470.0,208198.0,40.835174,48.68933333333333,36.97460539952288,-4.068631497381318,-3.6707663337572347,-0.39786516362408353
2022-10-27 04:00:00+00:00,39.6,40.7,39.2,39.5,10699485.0,105083.0,39.88767,48.08433333333333,34.604544615147645,-4.014189490925666,-3.739450965190921,-0.2747385257347452
2022-10-28 04:00:00+00:00,37.14,37.93,36.69,37.86,13576454.0,117353.0,37.419527,47.50066666666667,32.234865151032196,-4.056615958905702,-3.8028839639338776,-0.25373199497182464
2022-10-31 04:00:00+00:00,37.57,38.295,37.11,37.29,9761880.0,82025.0,37.595452,46.849666666666664,31.429288794911727,-4.089096912919622,-3.860126553731027,-0.2289703591885952
2022-11-01 04:00:00+00:00,40.47,40.54,38.24,38.44,12171645.0,118809.0,39.1096,46.23766666666667,34.96082409099094,-3.976207667056805,-3.8833427763961827,-0.0928648906606222
2022-11-02 04:00:00+00:00,39.92,41.12,39.16,39.84,13368720.0,125124.0,39.962274,45.768,39.074578124049005,-3.7307678571408402,-3.8528277925451144,0.12205993540427418
2022-11-03 04:00:00+00:00,38.34,41.18,38.09,40.44,11091835.0,111257.0,40.121765,45.333666666666666,40.80269505265223,-3.448092588891683,-3.7718807518144284,0.3237881629227455
2022-11-04 04:00:00+00:00,44.39,44.84,42.52,44.38,20375063.0,168886.0,43.889373,45.06933333333333,50.693059395948666,-2.873026864891443,-3.5921099744298317,0.7190831095383885
2022-11-07 05:00:00+00:00,45.41,46.1961,44.05,44.51,10360500.0,84738.0,44.692717,44.77499999999999,50.98405041790926,-2.3793653789665683,-3.3495610553371793,0.970195676370611
2022-11-08 05:00:00+00:00,45.0,45.84,43.9501,45.49,9338022.0,93400.0,45.115733,44.535999999999994,53.22510168783501,-1.887301646359134,-3.0571091735415705,1.1698075271824364
2022-11-09 05:00:00+00:00,43.435,43.6,42.195,42.46,9533906.0,89469.0,42.830828,44.187,46.19290677385853,-1.7219833185743028,-2.790084002548117,1.0681006839738143
2022-11-10 05:00:00+00:00,45.39,46.93,45.23,46.03,11963903.0,121583.0,46.070859,44.013,53.918186789188695,-1.2880503458816293,-2.4896772712148194,1.2016269253331902
2022-11-11 05:00:00+00:00,49.47,50.55,48.53,48.93,12951770.0,127182.0,49.182096,43.967333333333336,59.06021780511389,-0.7020567023659297,-2.1321531574450416,1.430096455079112
2022-11-14 05:00:00+00:00,50.94,52.02,50.12,50.85,12663562.0,124848.0,51.082692,44.01166666666666,62.077333175826226,-0.08178183405743056,-1.7220788927675195,1.640297058710089
2022-11-15 05:00:00+00:00,55.0,55.87,53.38,54.48,13166058.0,131072.0,54.733132,44.092999999999996,67.02520631678124,0.6946931406464643,-1.2387244860847229,1.9334176267311871
2022-11-16 05:00:00+00:00,53.42,53.87,52.75,53.49,6782513.0,73508.0,53.431761,44.11,64.5515486079062,1.2161513898800393,-0.7477493108917705,1.96390070077181
2022-11-17 05:00:00+00:00,52.01,58.07,51.86,57.52,15141186.0,164765.0,56.642489,44.30533333333333,69.48811535409489,1.9323235066313558,-0.21173474738714526,2.144058254018501
2022-11-18 05:00:00+00:00,58.66,58.78,55.1094,56.07,16768050.0,158418.0,56.727601,44.51066666666667,65.93047851620682,2.355736720534736,0.301759546197231,2.053977174337505
2022-11-21 05:00:00+00:00,53.42,53.87,52.12,52.5,11007011.0,114592.0,52.794954,44.67466666666667,58.05022986260476,2.375838392732156,0.716575315504216,1.65926307722794
2022-11-22 05:00:00+00:00,50.09,51.71,49.87,51.56,6675443.0,70611.0,51.180892,44.851,56.14728258255137,2.2895267297217856,1.0311655983477301,1.2583611313740555
2022-11-23 05:00:00+00:00,52.87,53.03,51.68,52.26,6054290.0,61945.0,52.236581,45.04633333333334,57.27060500113339,2.2516526150587097,1.2752630016899262,0.9763896133687835
2022-11-25 05:00:00+00:00,50.05,50.17,49.24,49.48,5908909.0,55310.0,49.616697,45.193999999999996,51.61574854517257,1.9745529227721548,1.415120985906372,0.5594319368657827
2022-11-28 05:00:00+00:00,49.41,51.12,49.29,49.91,7633360.0,79265.0,50.258195,45.44666666666667,52.3986683151836,1.7692519909491082,1.4859471869149194,0.2833048040341888
2022-11-29 05:00:00+00:00,53.46,54.49,53.12,53.25,13450244.0,132345.0,53.83861,45.74033333333333,58.07363295668886,1.8546800131282097,1.5596937521575778,0.29498626097063196
2022-11-30 05:00:00+00:00,56.54,58.39,56.35,57.18,15748592.0,161661.0,57.403367,46.157333333333334,63.57614203820803,2.21397911867448,1.6905508254609585,0.5234282932135217
2022-12-01 05:00:00+00:00,55.33,56.37,54.68,55.85,7147658.0,76528.0,55.87309,46.645,60.67399188119859,2.364153869530675,1.825271434274902,0.5388824352557731
2022-12-02 05:00:00+00:00,55.09,59.67,55.05,58.64,10436271.0,110827.0,58.390875,47.19433333333333,64.35035318369351,2.67743432824102,1.9957040130681256,0.6817303151728944
2022-12-05 05:00:00+00:00,60.7,60.74,58.56,59.18,9149633.0,105825.0,59.411578,47.76200000000001,65.0317290082057,2.9354468320369804,2.183652576861897,0.7517942551750836
2022-12-06 05:00:00+00:00,60.2,60.49,58.53,60.35,7771339.0,83621.0,59.891609,48.55166666666666,66.52463873243053,3.197474328378121,2.3864169271651416,0.8110574012129792
2022-12-07 05:00:00+00:00,57.07,58.95,56.88,58.45,6226749.0,70604.0,58.273434,49.241,61.90272754952879,3.214761120914588,2.552085765915031,0.662675354999557
2022-12-08 05:00:00+00:00,60.415,61.4,59.915,60.37,7278683.0,79114.0,60.461861,49.88533333333334,64.5807301026839,3.34483184303388,2.7106349813388007,0.6341968616950795
2022-12-09 05:00:00+00:00,59.87,60.22,57.9,58.32,7993580.0,81936.0,58.810859,50.51266666666667,59.75123937436325,3.2450885986198372,2.817525704795008,0.42756289382482926
2022-12-12 05:00:00+00:00,58.68,58.81,56.87,57.42,7473947.0,79151.0,57.532096,51.16466666666667,57.71077677977673,3.058166243610316,2.8656538125580697,0.19251243105224614
2022-12-13 05:00:00+00:00,60.51,60.68,57.11,57.81,8358068.0,96767.0,58.484602,51.84866666666667,58.37414049818891,2.9079773188181193,2.87411851381008,0.03385880500803928
2022-12-14 05:00:00+00:00,58.25,59.08,58.05,58.57,7265474.0,87197.0,58.533778,52.519666666666666,59.7007781994916,2.817795371259365,2.862853885299937,-0.04505851404057193
2022-12-15 05:00:00+00:00,60.08,60.62,56.22,56.65,8443755.0,84930.0,57.56552,53.080000000000005,54.937253870280536,2.5618659779154953,2.8026563038230488,-0.24079032590755345
2022-12-16 05:00:00+00:00,57.63,58.18,56.54,56.59,7461935.0,73415.0,57.121102,53.61833333333333,54.79012922617996,2.327370117285227,2.7075990665154848,-0.38022894923025774
2022-12-19 05:00:00+00:00,57.4201,57.8,56.7,57.19,6995497.0,62009.0,57.319748,54.04533333333334,56.05745528595531,2.1649888006400246,2.5990770133403927,-0.434088212700368
2022-12-20 05:00:00+00:00,55.66,57.37,55.61,56.42,4568125.0,47830.0,56.523442,54.44233333333333,53.96669111738964,1.9516702328907556,2.4695956572504656,-0.51792542435971
2022-12-21 05:00:00+00:00,56.14,58.335,55.93,58.12,4726186.0,56921.0,57.569986,54.86333333333334,57.716312391517484,1.8979115802907316,2.355258841858519,-0.4573472615677874
2022-12-22 05:00:00+00:00,58.75,59.4,57.11,57.67,5319438.0,57957.0,57.734072,55.370333333333335,56.40654849996197,1.7982669199312724,2.24386045747307,-0.4455935375417974
2022-12-23 05:00:00+00:00,57.85,58.2,56.3,56.44,5041639.0,57132.0,56.988766,55.717333333333336,52.87456606435254,1.601585013154704,2.1154053686093968,-0.5138203554546927
2022-12-27 05:00:00+00:00,57.49,59.84,57.0702,58.8,8114664.0,91396.0,58.852115,56.04633333333334,58.27332970284582,1.617499929347936,2.0158242807571045,-0.39832435140916855
2022-12-28 05:00:00+00:00,58.35,58.73,55.11,56.15,10055919.0,100294.0,56.48114,56.223,51.18275889772398,1.4001398217574703,1.8926873889571778,-0.4925475671997075
2022-12-29 05:00:00+00:00,56.14,57.325,55.75,57.09,4613464.0,52630.0,56.854955,56.31000000000001,53.351061031695714,1.2888731867876473,1.771924548523272,-0.4830513617356247
2022-12-30 05:00:00+00:00,55.87,57.16,55.82,56.13,4560201.0,52541.0,56.15141,56.398,50.86619008549176,1.1104292626741028,1.6396254913534383,-0.5291962286793355
2023-01-03 05:00:00+00:00,57.97,59.57,56.87,57.64,7336606.0,83598.0,58.064985,56.40200000000001,54.45914950299385,1.0784241453466947,1.5273852221520896,-0.4489610768053949
2023-01-04 05:00:00+00:00,61.68,67.095,61.04,66.1,19822607.0,198511.0,64.796945,56.73633333333333,68.4010643114942,1.7159309719950642,1.5650943721206847,0.15083659987437947
2023-01-05 05:00:00+00:00,63.5,66.25,63.47,65.9,10805884.0,105755.0,65.293149,57.183,67.87206311497002,2.179892947608515,1.6880540872182508,0.49183886039026414
2023-01-06 05:00:00+00:00,63.955,64.89,62.595,64.3,8489011.0,90157.0,64.113899,57.60766666666667,63.632258865608065,2.3909185074468837,1.8286269712639776,0.5622915361829062
