timestamp,open,high,low,close,volume,trade_count,vwap,30sma,rsi,macd,signal,histogram
2022-01-03 05:00:00+00:00,431.14,435.64,425.61,435.09,1044036.0,22356.0,433.47849,,,,,
2022-01-04 05:00:00+00:00,434.38,436.84,417.6,431.24,964994.0,24334.0,427.144349,,,,,
2022-01-05 05:00:00+00:00,432.16,435.09,419.68,420.76,946782.0,27816.0,427.686459,,,,,
2022-01-06 05:00:00+00:00,420.63,435.05,417.77,432.22,1264555.0,30421.0,429.369277,,,,,
2022-01-07 05:00:00+00:00,429.81,435.53,416.19,416.91,1154506.0,28066.0,420.293409,,,,,
2022-01-10 05:00:00+00:00,410.21,419.52,404.7,418.73,1334565.0,34655.0,413.664787,,,,,
2022-01-11 05:00:00+00:00,414.86,425.87,410.5,425.61,1018474.0,23419.0,421.164888,,,,,
2022-01-12 05:00:00+00:00,429.62,436.99,429.62,433.86,1211440.0,30588.0,433.634971,,,,,
2022-01-13 05:00:00+00:00,446.25,457.12,420.41,421.48,2289278.0,50058.0,436.645745,,,,,
2022-01-14 05:00:00+00:00,419.17,445.52,418.79,445.0,1420616.0,31311.0,437.510427,,,,,
2022-01-18 05:00:00+00:00,437.149,438.27,412.005,412.98,1707708.0,36398.0,419.301693,,,,,
2022-01-19 05:00:00+00:00,417.77,421.86,392.84,393.19,1508001.0,36135.0,402.608089,,,,,
2022-01-20 05:00:00+00:00,400.0,407.62,382.32,383.28,1574601.0,38487.0,394.230713,,,,,
2022-01-21 05:00:00+00:00,379.02,388.5,370.64,373.03,1920558.0,42468.0,378.219695,,,,,
2022-01-24 05:00:00+00:00,367.69,393.35,362.9,391.1,3237984.0,52126.0,382.531791,,38.04554595358445,,,
2022-01-25 05:00:00+00:00,378.01,382.0,369.65,370.11,1779029.0,37558.0,373.54601,,33.88278047309299,,,
2022-01-26 05:00:00+00:00,383.78,398.04,374.18,380.6,2328876.0,44132.0,385.128186,,37.55975367407501,,,
2022-01-27 05:00:00+00:00,375.4582,378.84,358.955,361.8,3067082.0,62171.0,364.504061,,33.919040344090575,,,
2022-01-28 05:00:00+00:00,352.55,366.937,344.03,366.65,2107539.0,42924.0,357.683151,,35.65191810071302,,,
2022-01-31 05:00:00+00:00,366.32,389.73,366.155,389.27,2213366.0,40371.0,383.742155,,43.140965997256984,,,
2022-02-01 05:00:00+00:00,389.82,391.5,375.26,388.03,1353305.0,28294.0,384.734668,,42.84657745247393,,,
2022-02-02 05:00:00+00:00,391.21,396.75,385.27,395.46,1321395.0,29599.0,392.812641,,45.25709710553546,,,
2022-02-03 05:00:00+00:00,385.58,389.235,372.46,373.68,1862996.0,31598.0,377.650879,,39.939398714502396,,,
2022-02-04 05:00:00+00:00,373.09,380.61,368.11,377.38,1125827.0,24669.0,376.065495,,41.203315201531204,,,
2022-02-07 05:00:00+00:00,378.49,381.565,374.11,375.6,1081952.0,17792.0,377.468246,,40.75893521156597,,,
2022-02-08 05:00:00+00:00,375.17,386.34,372.92,385.22,1970789.0,19369.0,380.788179,,44.25794428272522,-15.520878926978696,,
2022-02-09 05:00:00+00:00,393.53,401.22,390.0,400.13,1421131.0,25801.0,397.800963,,49.26011957508539,-13.117403799488159,,
2022-02-10 05:00:00+00:00,390.45,405.78,387.3,389.71,1271408.0,27319.0,394.728656,,46.143651762832256,-11.91607822895304,,
2022-02-11 05:00:00+00:00,391.14,393.9,365.08,369.23,1569031.0,31788.0,375.625175,,40.69426857270233,-12.472805166807802,,
2022-02-14 05:00:00+00:00,370.17,377.94,359.32,365.16,1187583.0,25034.0,366.483437,397.41700000000003,39.69109156528735,-13.091519375476878,,
2022-02-15 05:00:00+00:00,373.48,389.31,372.61,387.5,1507359.0,25434.0,381.305241,395.8306666666667,47.36154286569862,-11.644967608759146,,
2022-02-16 05:00:00+00:00,381.95,387.52,377.5,385.65,1568346.0,22463.0,384.249657,394.311,46.83036467941905,-10.52650149399443,,
2022-02-17 05:00:00+00:00,379.29,381.33,365.06,366.05,1783689.0,33069.0,370.479675,392.48733333333337,41.5176533933054,-11.093783010985078,,
2022-02-18 05:00:00+00:00,370.0,370.0,353.25,358.3,1165689.0,32617.0,359.462422,390.02333333333337,39.604442292822014,-12.030043082576185,-12.379331188224379,0.3492881056481938
2022-02-22 05:00:00+00:00,355.06,365.32,348.615,355.74,1607941.0,30016.0,355.970446,387.9843333333334,38.965685748115376,-12.830702191856119,-12.469605388950729,-0.36109680290539004
2022-02-23 05:00:00+00:00,359.33,364.23,342.2,343.78,1636805.0,27644.0,348.77119,385.486,36.04109354150087,-14.265854460473122,-12.828855203255209,-1.4369992572179129
2022-02-24 05:00:00+00:00,331.7,358.28,329.26,357.8,1676364.0,36162.0,349.050536,383.22566666666665,41.576762742518405,-14.10928311012492,-13.084940784629152,-1.024342325495768
2022-02-25 05:00:00+00:00,356.7,359.87,350.85,357.65,1485420.0,34053.0,356.208594,380.6853333333333,41.53534229158453,-13.837789509594245,-13.235510529622172,-0.6022789799720734
2022-02-28 05:00:00+00:00,353.42,356.47,341.13,348.5,1752692.0,34128.0,348.204561,378.25266666666664,38.98402017979191,-14.197299771177427,-13.427868377933223,-0.7694313932442043
2022-03-01 05:00:00+00:00,346.58,349.35,333.15,336.79,1344393.0,30827.0,339.70494,374.64566666666667,35.94130161304477,-15.251305819185063,-13.79255586618359,-1.4587499530014725
2022-03-02 05:00:00+00:00,342.31,348.0,337.27,346.07,1228885.0,25797.0,344.758595,372.4153333333333,39.94187891965708,-15.163005078231606,-14.066645708593194,-1.096359369638412
2022-03-03 05:00:00+00:00,349.03,349.58,338.32,342.53,981655.0,24778.0,343.42496,370.7266666666667,38.942773297746136,-15.203418969755432,-14.294000360825642,-0.9094186089297907
2022-03-04 05:00:00+00:00,338.74,341.0,326.95,332.1,1480913.0,33089.0,332.560353,369.0206666666666,36.07921687966295,-15.893846731265512,-14.613969634913616,-1.2798770963518962
2022-03-07 05:00:00+00:00,334.51,337.49,313.9,314.14,1570785.0,35980.0,319.655596,367.0576666666667,31.749824890102644,-17.68636025687863,-15.22844775930662,-2.457912497572009
2022-03-08 05:00:00+00:00,316.25,332.86,310.55,321.82,1700630.0,34933.0,320.944148,364.74833333333333,35.32381832389923,-18.276547660058384,-15.838067739456973,-2.438479920601411
2022-03-09 05:00:00+00:00,331.11,341.99,330.97,339.56,1432810.0,31154.0,338.470796,363.72999999999996,42.77784994869922,-17.115508757591726,-16.093555943083924,-1.0219528145078023
2022-03-10 05:00:00+00:00,330.74,334.42,322.73,328.79,1519789.0,26401.0,328.330862,362.003,39.780330453618845,-16.86995966013103,-16.24883668649335,-0.6211229736376822
2022-03-11 05:00:00+00:00,336.1,338.0244,322.78,323.27,921474.0,18919.0,326.583377,360.71866666666665,38.29904398817282,-16.92566951642101,-16.38420325247888,-0.5414662639421302
2022-03-14 04:00:00+00:00,324.23,331.14,318.01,320.0,1229742.0,27759.0,322.600691,359.16366666666664,37.410342892990585,-17.03728641788564,-16.514819885560232,-0.5224665323254065
2022-03-15 04:00:00+00:00,323.68,334.13,323.3801,333.22,1289758.0,26235.0,330.955566,357.29533333333336,43.153370306687755,-15.875991552447488,-16.387054218937685,0.5110626664901972
2022-03-16 04:00:00+00:00,337.01,351.3,333.255,350.92,1500690.0,32841.0,346.492594,356.05833333333334,49.79550143820869,-13.373256355281512,-15.784294646206451,2.411038290924939
2022-03-17 04:00:00+00:00,346.43,354.39,345.02,352.61,986876.0,22954.0,351.354808,354.63,50.39151590575493,-11.125207339208032,-14.852477184806768,3.7272698455987356
2022-03-18 04:00:00+00:00,350.555,366.42,346.86,365.05,2942090.0,30506.0,362.669887,354.34233333333333,54.658566333373926,-8.244767713062629,-13.530935290457942,5.286167577395313
2022-03-21 04:00:00+00:00,360.35,364.07,350.81,356.28,1289978.0,32179.0,355.411885,353.63899999999995,51.30798130762311,-6.593656692999332,-12.14347957096622,5.5498228779668874
2022-03-22 04:00:00+00:00,356.59,364.65,356.59,361.03,824054.0,23218.0,361.223792,353.15333333333336,52.988880617915754,-4.8459924272175385,-10.683982142216484,5.837989714998946
2022-03-23 04:00:00+00:00,360.24,360.24,348.27,348.73,1129146.0,23069.0,351.426704,351.93699999999995,48.33571753245172,-4.402711393602544,-9.427727992493695,5.025016598891151
2022-03-24 04:00:00+00:00,353.99,366.11,350.16,365.89,1043311.0,26459.0,361.468272,350.7956666666667,54.357558132420095,-2.6363492003873716,-8.06945223407243,5.433103033685059
2022-03-25 04:00:00+00:00,363.4,368.88,359.37,366.44,931589.0,24538.0,364.569478,350.0199999999999,54.540449865916855,-1.1785286877499175,-6.6912675248079285,5.512738837058011
2022-03-28 04:00:00+00:00,369.18,375.65,363.1,375.35,2130979.0,48716.0,371.204957,350.224,57.510773227027286,0.6878381376810694,-5.215446392310129,5.903284529991199
2022-03-29 04:00:00+00:00,381.05,386.93,377.4485,384.33,1062062.0,30045.0,382.953531,350.863,60.32451451247586,2.8586060135864955,-3.600635911130804,6.4592419247173
2022-03-30 04:00:00+00:00,383.4,383.45,371.57,373.82,1122971.0,25179.0,375.520227,350.407,55.67728178084465,3.688368810793463,-2.142834966745951,5.8312037775394145
2022-03-31 04:00:00+00:00,374.85,378.95,365.6,366.06,1311484.0,28976.0,369.121744,349.754,52.46360353534681,3.6774038364024477,-0.9787872061162713,4.656191042518719
2022-04-01 04:00:00+00:00,369.2,370.05,354.785,360.27,1178320.0,33729.0,359.881839,349.56133333333327,50.138218911216576,3.1650249665929095,-0.15002477157443517,3.3150497381673447
2022-04-04 04:00:00+00:00,361.75,368.33,360.4,367.05,902057.0,25302.0,365.550728,349.853,52.777706180692725,3.268374570399203,0.5336550968202926,2.7347194735789104
2022-04-05 04:00:00+00:00,364.19,365.475,343.19,345.52,1685022.0,42840.0,347.328413,349.51233333333334,44.68785846906806,1.594607170869665,0.7458455116301671,0.8487616592394979
2022-04-06 04:00:00+00:00,338.93,349.45,333.485,344.25,1564817.0,54078.0,341.427342,349.528,44.25691987051095,0.163768243365098,0.6294300579771532,-0.46566181461205525
2022-04-07 04:00:00+00:00,343.33,356.385,342.95,352.92,1142632.0,33298.0,351.443036,349.36533333333335,47.94728468793342,-0.2675017795329495,0.45004369047513265,-0.7175454700080821
2022-04-08 04:00:00+00:00,349.55,350.18,340.68,341.21,1548340.0,36631.0,343.534787,348.81733333333335,43.73577639372238,-1.5364739994157048,0.05274015249696512,-1.58921415191267
2022-04-11 04:00:00+00:00,336.91,339.17,331.19,331.29,1256073.0,40867.0,334.740231,348.2436666666667,40.491091082514195,-3.304512359729358,-0.6187103499482997,-2.6858020097810584
2022-04-12 04:00:00+00:00,340.0,345.135,328.2,330.25,1158871.0,39155.0,333.728375,348.02566666666667,40.15475069006419,-4.735032301744468,-1.4419747403075334,-3.2930575614369344
2022-04-13 04:00:00+00:00,331.6,339.64,329.555,336.52,1130924.0,25095.0,336.37244,347.70733333333334,43.217108520118835,-5.301678611850491,-2.213915514616125,-3.087763097234366
2022-04-14 04:00:00+00:00,336.0,337.3899,320.92,321.48,1482265.0,29039.0,325.489049,347.0056666666667,38.17132648404168,-6.884986363507892,-3.1481296843944784,-3.7368566791134135
2022-04-18 04:00:00+00:00,320.0,330.01,319.4,327.87,980041.0,22890.0,326.508698,346.86466666666666,41.30676666645779,-7.537264671917399,-4.025956681899062,-3.511307990018336
2022-04-19 04:00:00+00:00,329.45,338.95,324.56,337.82,1316667.0,24631.0,336.522868,347.65399999999994,45.906772585355114,-7.1686819828146895,-4.654501742082188,-2.514180240732501
2022-04-20 04:00:00+00:00,345.09,351.8795,345.0,345.59,1284106.0,28670.0,347.716198,348.4463333333333,49.25161168561969,-6.178382930294788,-4.959277979724709,-1.2191049505700793
2022-04-21 04:00:00+00:00,348.9,354.97,334.44,335.99,1332789.0,26574.0,340.496007,348.32733333333334,45.50748870713052,-6.097910647775848,-5.187004513334937,-0.9109061344409106
2022-04-22 04:00:00+00:00,334.69,336.51,323.555,324.28,1412600.0,30274.0,327.233249,348.17699999999996,41.37563725492853,-6.899501758078316,-5.529503962283613,-1.3699977957947027
2022-04-25 04:00:00+00:00,322.23,331.68,319.36,331.21,1247897.0,29663.0,328.156576,348.44166666666666,44.58242608059075,-6.896081667767362,-5.802819503380363,-1.0932621643869993
2022-04-26 04:00:00+00:00,325.34,326.41,314.4,314.76,1271686.0,30415.0,317.043344,348.267,39.11312210456321,-8.127064996808429,-6.267668602065976,-1.8593963947424523
2022-04-27 04:00:00+00:00,312.7,324.0,312.075,314.92,903331.0,32527.0,316.349791,347.657,39.1912620524125,-8.986130966891267,-6.8113610750310345,-2.1747698918602323
2022-04-28 04:00:00+00:00,319.36,337.16,316.75,332.76,1818729.0,44210.0,329.01792,347.0516666666666,47.31078787037498,-8.133648396820718,-7.075818539388972,-1.057829857431746
2022-04-29 04:00:00+00:00,331.73,342.265,318.42,319.26,2409399.0,44660.0,324.670876,345.94,42.66788696165627,-8.449980874437017,-7.35065100639858,-1.0993298680384367
2022-05-02 04:00:00+00:00,321.67,327.43,312.165,326.64,1553137.0,34339.0,322.824432,344.6596666666666,45.79930716427406,-8.012805683117051,-7.483081941742275,-0.5297237413747764
2022-05-03 04:00:00+00:00,326.33,335.04,323.51,334.0,1314132.0,32761.0,332.067099,343.917,48.80259845090097,-6.991852975580173,-7.384836148509855,0.3929831729296822
2022-05-04 04:00:00+00:00,334.75,350.47,326.4301,349.38,1443320.0,34699.0,343.026388,343.5286666666667,54.47893616068877,-4.885387430067453,-6.884946404821376,1.9995589747539224
2022-05-05 04:00:00+00:00,342.88,346.0,329.315,333.4,1831684.0,38802.0,333.690189,343.0176666666667,48.46629543379198,-4.454106590362983,-6.398778441929697,1.9446718515667145
2022-05-06 04:00:00+00:00,331.8,338.2699,321.0,331.35,959482.0,27377.0,331.139812,341.86633333333333,47.73840450765941,-4.228982210647359,-5.96481919567323,1.7358369850258706
2022-05-09 04:00:00+00:00,322.32,329.54,316.33,318.87,1442175.0,39904.0,322.127717,340.28066666666666,43.4592845590069,-4.9999647369597255,-5.771848303930529,0.7718835669708035
2022-05-10 04:00:00+00:00,328.31,330.58,316.19,323.22,1436945.0,34212.0,322.75474,338.543,45.29978099349734,-5.200022673677779,-5.657483177879979,0.4574605042022002
2022-05-11 04:00:00+00:00,318.28,326.79,311.08,311.63,1303744.0,28109.0,316.275485,336.11966666666666,41.43015410617833,-6.222062109298179,-5.770398964163619,-0.4516631451345594
2022-05-12 04:00:00+00:00,309.0,320.0,306.43,315.6,1481224.0,34609.0,313.160989,334.17900000000003,43.2193787997035,-6.635203409464623,-5.9433598532238205,-0.6918435562408023
2022-05-13 04:00:00+00:00,320.34,337.71,318.02,336.42,1970285.0,43635.0,333.937958,333.191,51.57428774104187,-5.222420058774901,-5.799171894334037,0.5767518355591363
2022-05-16 04:00:00+00:00,331.97,337.74,328.91,330.36,750684.0,27060.0,333.295196,332.1940000000001,49.30040207002856,-4.539442561125952,-5.547226027692421,1.0077834665664689
2022-05-17 04:00:00+00:00,340.15,353.13,337.55,351.51,1636924.0,37183.0,348.534557,331.676,56.507667498677485,-2.2654352047214843,-4.890867863098234,2.6254326583767496
2022-05-18 04:00:00+00:00,345.09,350.98,331.45,333.85,1642112.0,34215.0,337.769969,331.287,50.10302412610571,-1.866763512897819,-4.286046993058151,2.419283480160332
2022-05-19 04:00:00+00:00,332.74,346.43,331.775,338.52,1439894.0,41464.0,340.32361,331.09599999999995,51.66320965294567,-1.1606046259944947,-3.66095851964542,2.5003538936509253
2022-05-20 04:00:00+00:00,342.68,346.74,318.03,335.48,1966050.0,53552.0,332.086686,330.51466666666664,50.55503597564422,-0.8366270977824684,-3.0960922352728297,2.2594651374903614
2022-05-23 04:00:00+00:00,336.8,345.47,335.69,341.18,1079823.0,30315.0,340.567119,330.51366666666667,52.607710495752556,-0.11856348339665601,-2.500586484897595,2.382023001500939
2022-05-24 04:00:00+00:00,337.02,338.96,326.58,330.09,1294297.0,37020.0,331.071176,330.47366666666665,48.39786993474881,-0.4392992443947037,-2.088329036797017,1.6490297924023132
2022-05-25 04:00:00+00:00,328.58,339.86,327.555,337.98,1155663.0,32938.0,335.239755,330.7313333333333,51.37893111497792,-0.056179977434283046,-1.6818992249244702,1.6257192474901871
2022-05-26 04:00:00+00:00,333.23,354.51,333.1,353.28,1430945.0,36949.0,351.011069,331.29,56.613242613670174,1.465137738588112,-1.0524918322219539,2.5176295708100658
2022-05-27 04:00:00+00:00,358.04,372.34,358.04,371.27,1451107.0,36080.0,368.750888,332.94966666666664,61.81818627085359,4.075456316798409,-0.026902202417881327,4.10235851921629
2022-05-31 04:00:00+00:00,366.3,367.68,357.77,364.96,1075811.0,33604.0,363.952227,334.186,59.13833429173815,5.570771939991118,1.0926326260639185,4.478139313927199
2022-06-01 04:00:00+00:00,366.53,369.04,350.78,356.99,1094958.0,32895.0,357.696415,334.825,55.84531025115059,6.0430474631194215,2.0827155934750192,3.9603318696444023
2022-06-02 04:00:00+00:00,355.96,371.99,354.14,371.77,1153321.0,34399.0,367.971228,335.6976666666667,60.26415792042595,7.523228599893798,3.170818194758775,4.352410405135023
2022-06-03 04:00:00+00:00,362.91,366.39,359.365,362.44,765790.0,22618.0,362.683689,336.57933333333335,56.42533373445713,7.852906372581515,4.107235830323323,3.7456705422581917
2022-06-06 04:00:00+00:00,370.16,371.58,360.0938,362.47,576302.0,23873.0,364.208186,337.8523333333333,56.4349432547508,8.024102275711982,4.890609119401056,3.1334931563109265
2022-06-07 04:00:00+00:00,358.59,368.71,355.3004,367.22,671422.0,21312.0,364.455413,339.05266666666665,58.013759779107986,8.445704737985523,5.60162824311795,2.844076494867573
2022-06-08 04:00:00+00:00,366.1,367.05,357.29,361.48,884715.0,25547.0,361.672788,340.61,55.40091688189461,8.221880972097438,6.125678788913848,2.09620218318359
2022-06-09 04:00:00+00:00,357.24,363.83,349.5,349.58,905055.0,30375.0,354.556533,341.7653333333334,50.33908883344449,7.0035360732153435,6.301250245774147,0.7022858274411963
2022-06-10 04:00:00+00:00,343.71,345.81,333.29,333.66,1216292.0,36569.0,335.469142,341.79533333333336,44.4835047933738,4.699208462145748,5.9808418890484685,-1.2816334269027205
2022-06-13 04:00:00+00:00,322.33,325.25,312.665,313.88,1887950.0,50891.0,315.940075,341.616,38.49238986056914,1.2623796105995098,5.037149433358676,-3.7747698227591666
2022-06-14 04:00:00+00:00,318.75,320.63,311.64,316.47,1169327.0,32135.0,316.314633,341.27700000000004,39.638760263625365,-1.2380689723565865,3.7821057522156236,-5.02017472457221
2022-06-15 04:00:00+00:00,322.39,329.48,316.21,323.79,1197390.0,36466.0,323.130865,340.93666666666667,42.879076045617204,-2.599069212879442,2.5058707591966103,-5.104939972076052
2022-06-16 04:00:00+00:00,319.1,321.61,306.53,310.4,2211544.0,58357.0,311.288058,339.6373333333333,38.77824809274634,-4.7039090684129405,1.0639147936747002,-5.76782386208764
2022-06-17 04:00:00+00:00,311.21,316.4,304.95,311.93,3071191.0,49844.0,311.550433,338.9216666666667,39.49035674114901,-6.177343039917446,-0.38433677304372915,-5.793006266873717
2022-06-21 04:00:00+00:00,319.49,332.59,317.73,327.22,1369756.0,33967.0,328.105631,338.784,46.222341637132516,-6.041630703746705,-1.5157955591843244,-4.525835144562381
2022-06-22 04:00:00+00:00,317.95,329.33,316.12,324.44,1075263.0,31620.0,325.124107,338.9696666666667,45.236894532833986,-6.088219264253951,-2.43028030019825,-3.6579389640557007
2022-06-23 04:00:00+00:00,326.42,327.6,316.17,320.66,1328102.0,36783.0,320.64338,338.8843333333333,43.86741634848243,-6.356877318619979,-3.215599703882596,-3.1412776147373833
2022-06-24 04:00:00+00:00,327.92,339.57,324.34,339.52,1484363.0,41945.0,335.330689,339.814,51.72080245742906,-4.990419927383982,-3.5705637485828734,-1.4198561788011088
2022-06-27 04:00:00+00:00,342.82,344.9366,335.02,338.59,1368298.0,31507.0,339.93393,340.58033333333333,51.33936934589667,-3.9371508040238155,-3.6438811596710616,-0.2932696443527538
2022-06-28 04:00:00+00:00,341.49,345.24,328.4,330.09,1280610.0,35647.0,333.729037,340.3693333333333,47.86488158919069,-3.745134815020549,-3.6641318907409595,-0.08100292427958955
2022-06-29 04:00:00+00:00,323.58,325.2,316.21,320.57,1225927.0,34581.0,320.047424,340.04299999999995,44.25259879472961,-4.3114455379949845,-3.7935946201917647,-0.5178509178032198
2022-06-30 04:00:00+00:00,315.74,325.6,313.18,319.08,1301316.0,34571.0,319.727178,338.96200000000005,43.696761088889225,-4.824863391744202,-3.9998483745022524,-0.8250150172419497
2022-07-01 04:00:00+00:00,309.64,313.69,292.1201,296.26,2322881.0,55344.0,299.092537,337.709,36.19773770671295,-6.992528509163208,-4.598384401434444,-2.3941441077287635
2022-07-05 04:00:00+00:00,286.28,295.73,282.83,295.56,2222636.0,53911.0,290.486138,336.277,35.99368196528569,-8.666995156609289,-5.412106552469414,-3.2548886041398752
2022-07-06 04:00:00+00:00,295.4,297.26,290.824,293.0,2201210.0,47339.0,293.895733,334.861,35.211903854927044,-10.084346573763753,-6.346554556728282,-3.7377920170354706
2022-07-07 04:00:00+00:00,301.34,315.63,299.2801,314.17,1887008.0,48279.0,312.068205,333.96066666666667,45.71267613590464,-9.39111082852861,-6.955465811088349,-2.4356450174402617
2022-07-08 04:00:00+00:00,309.28,318.82,308.44,316.84,1007002.0,27243.0,315.049863,333.519,46.88202110431917,-8.527964750882461,-7.269965599047172,-1.257999151835289
2022-07-11 04:00:00+00:00,312.91,316.5,308.0,313.17,1377425.0,27878.0,312.943148,332.692,45.433386634672345,-8.047289450722303,-7.425430369382198,-0.621859081340105
2022-07-12 04:00:00+00:00,315.15,319.4999,311.49,313.78,1078425.0,23422.0,315.097896,331.37533333333334,45.73353258917808,-7.530324022383468,-7.446409099982453,-0.08391492240101517
2022-07-13 04:00:00+00:00,307.63,316.57,306.4,313.12,1055957.0,28894.0,313.259595,329.43699999999995,45.442283600964814,-7.09212804266059,-7.37555288851808,0.28342484585748995
2022-07-14 04:00:00+00:00,311.04,321.28,302.11,319.09,1628896.0,37918.0,314.744894,327.908,48.62913376305513,-6.19175081589583,-7.138792473993631,0.9470416580978007
2022-07-15 04:00:00+00:00,322.27,326.27,316.645,326.23,1238495.0,32908.0,324.185844,326.88266666666664,52.22354641136798,-4.846193150300678,-6.680272609255041,1.8340794589543625
2022-07-18 04:00:00+00:00,331.5,340.85,326.51,329.49,1683142.0,42884.0,333.501789,325.47333333333336,53.81260031289992,-3.476697051611609,-6.039557497726355,2.5628604461147457
2022-07-19 04:00:00+00:00,334.13,346.19,333.33,345.58,2044585.0,45768.0,342.660672,324.91133333333335,60.75123255666781,-1.0805767799707269,-5.04776135417523,3.967184574204503
2022-07-20 04:00:00+00:00,343.66,357.6,342.07,356.45,1689217.0,42046.0,354.766806,324.71066666666667,64.61834406961107,1.6761621995766518,-3.7029766434248534,5.379138843001505
2022-07-21 04:00:00+00:00,358.18,361.37,352.5,360.54,1243992.0,30912.0,359.259986,324.48800000000006,65.97670592967674,4.143166674155566,-2.1337479799087697,6.276914654064336
2022-07-22 04:00:00+00:00,360.47,360.47,351.77,354.02,1459160.0,36781.0,354.945125,324.2393333333333,61.89711425190597,5.508675402966446,-0.6052633033337267,6.113938706300173
2022-07-25 04:00:00+00:00,348.34,351.61,342.99,350.6,985933.0,25503.0,348.861113,324.2733333333333,59.80806344279015,6.242920983624856,0.7643735540579899,5.478547429566866
2022-07-26 04:00:00+00:00,349.86,352.375,344.17,345.91,835916.0,21832.0,346.469912,324.6816666666666,56.96854216828309,6.372909162389988,1.8860806757243895,4.486828486665598
2022-07-27 04:00:00+00:00,350.28,364.5,349.97,361.14,1312310.0,36457.0,358.685496,326.257,63.09588191654046,7.617054782078981,3.0322754969953083,4.584779285083672
2022-07-28 04:00:00+00:00,361.14,371.32,353.98,369.98,1315202.0,36356.0,365.969154,328.04066666666665,66.1121310250467,9.210193888307401,4.267859175257727,4.942334713049674
2022-07-29 04:00:00+00:00,362.04,388.2,360.18,383.54,1826792.0,44913.0,382.631242,330.0323333333334,70.14326143844974,11.435129724944375,5.701313285195057,5.733816439749318
2022-08-01 04:00:00+00:00,381.19,390.7,378.47,385.64,1029005.0,27298.0,386.244269,332.54033333333336,70.72407599066105,13.215519571597895,7.204154542475624,6.01136502912227
2022-08-02 04:00:00+00:00,383.71,390.045,379.3,382.69,1205978.0,33165.0,384.930461,334.89900000000006,68.70220607102182,14.22448005462735,8.60821964490597,5.616260409721379
2022-08-03 04:00:00+00:00,383.11,397.8,383.11,395.93,1354641.0,35633.0,393.209984,337.1893333333333,72.50182815476998,15.909056158942406,10.068386947713257,5.840669211229148
2022-08-04 04:00:00+00:00,398.0,398.96,393.5869,397.4,1156357.0,27151.0,396.741204,339.6213333333334,72.89527468517193,17.164845914073112,11.487678740985228,5.677167173087884
2022-08-05 04:00:00+00:00,389.09,397.47,386.0,395.74,1213816.0,30760.0,392.923274,342.124,71.64856641610308,17.820694344285755,12.754281861645334,5.0664124826404215
2022-08-08 04:00:00+00:00,390.85,396.69,381.4,387.68,1600131.0,33856.0,388.255233,343.7293333333334,65.7670978750082,17.488487908192724,13.70112307095481,3.787364837237913
2022-08-09 04:00:00+00:00,374.53,374.56,355.68,358.32,3188591.0,57133.0,361.210248,344.387,49.74739909385495,14.686804940790012,13.898259444921852,0.7885454958681599
2022-08-10 04:00:00+00:00,368.0,375.5,363.69,374.51,1755517.0,31344.0,372.26068,345.8676666666667,56.097880339012704,13.615893157887115,13.841786187514906,-0.225893029627791
2022-08-11 04:00:00+00:00,375.48,385.618,371.085,372.75,1323832.0,34393.0,375.675258,347.607,55.2800429381112,12.481293975750873,13.5696877451621,-1.0883937694112262
2022-08-12 04:00:00+00:00,374.38,383.78,372.49,381.2,1136628.0,24499.0,380.721125,349.67766666666665,58.41469358486434,12.124200098285144,13.28059021578671,-1.1563901175015658
2022-08-15 04:00:00+00:00,378.0,385.65,374.0901,384.32,1303574.0,24932.0,381.89386,352.613,59.54233533564472,11.955147059264505,13.01550158448227,-1.0603545252177646
2022-08-16 04:00:00+00:00,383.95,385.985,378.4,380.73,872660.0,25168.0,381.467393,355.45200000000006,57.606677426413725,11.400075338558736,12.692416335297564,-1.2923409967388277
2022-08-17 04:00:00+00:00,376.86,379.16,369.19,375.09,1197972.0,31519.0,374.582688,358.1883333333334,54.60342415450261,10.385360168905379,12.231005102019129,-1.8456449331137499
2022-08-18 04:00:00+00:00,376.5,384.045,373.64,382.02,1119324.0,28985.0,381.507108,360.45,57.533030173858165,10.024824236340464,11.789768928883397,-1.764944692542933
2022-08-19 04:00:00+00:00,376.4,378.805,369.22,371.81,1257344.0,28452.0,372.108886,362.2823333333334,52.189297043433406,8.81363711838975,11.194542566784667,-2.380905448394918
2022-08-22 04:00:00+00:00,363.7,366.37,358.07,359.8,1338906.0,32294.0,361.346548,363.8366666666667,46.69513915870683,6.806198355113338,10.316873724450403,-3.510675369337065
2022-08-23 04:00:00+00:00,361.69,369.19,361.27,362.45,860295.0,23730.0,364.358441,365.459,47.99603841965582,5.367251194653306,9.326949218490984,-3.959698023837678
2022-08-24 04:00:00+00:00,360.26,365.57,357.68,362.67,938639.0,25081.0,362.28735,367.11066666666665,48.10925973855014,4.1962555425019445,8.300810483293176,-4.104554940791232
2022-08-25 04:00:00+00:00,364.14,377.35,362.74,376.72,1285317.0,30048.0,373.660687,369.0316666666667,54.86730877276583,4.351785951300769,7.5110055768946955,-3.159219625593926
2022-08-26 04:00:00+00:00,375.22,377.0,359.0,359.18,1604358.0,39317.0,362.730574,370.13000000000005,46.69187612384922,3.0248449786923857,6.613773457254234,-3.588928478561848
2022-08-29 04:00:00+00:00,353.49,359.725,351.27,353.38,1319884.0,30745.0,354.802447,370.9263333333333,44.339169740064776,1.4880696300255636,5.5886326918085,-4.100563061782936
2022-08-30 04:00:00+00:00,357.3,357.3999,343.445,347.14,1416522.0,34847.0,346.850024,370.9783333333333,41.893412096030524,-0.23069247653705816,4.424767658139388,-4.655460134676447
2022-08-31 04:00:00+00:00,349.84,349.84,339.85,344.13,1564835.0,33760.0,342.807112,370.5676666666667,40.72641797985622,-1.8147859506070745,3.176856936390096,-4.9916428869971705
2022-09-01 04:00:00+00:00,334.86,337.88,328.99,337.11,1870396.0,49726.0,333.590431,369.7866666666667,38.06333287512844,-3.595203504928577,1.8224448481263615,-5.417648353054938
2022-09-02 04:00:00+00:00,341.77,345.32,332.98,335.25,1300684.0,38441.0,337.773783,369.161,37.36614844196848,-5.097522631477489,0.4384513522055915,-5.53597398368308
2022-09-06 04:00:00+00:00,333.81,337.06,326.71,330.58,1402696.0,41015.0,331.496444,368.4936666666667,35.602894762313895,-6.588997472716983,-0.9670384127789233,-5.621959059938059
2022-09-07 04:00:00+00:00,332.12,340.85,328.74,337.82,1603765.0,34879.0,336.548712,368.22400000000005,40.30588774773776,-7.104893744654248,-2.1946094791539883,-4.91028426550026
2022-09-08 04:00:00+00:00,335.83,351.43,332.8,351.09,2257311.0,52629.0,345.962825,367.889,47.826829945045624,-6.369543031845524,-3.0295961896922954,-3.3399468421532283
2022-09-09 04:00:00+00:00,356.86,362.73,356.86,358.67,1655431.0,43910.0,359.210692,367.512,51.57960110193394,-5.1161538063475405,-3.4469077130233448,-1.6692460933241957
2022-09-12 04:00:00+00:00,356.94,359.42,352.75,357.47,1141339.0,32976.0,356.336572,366.643,50.95473619069555,-4.1715764495460235,-3.5918414603278808,-0.5797349892181427
2022-09-13 04:00:00+00:00,342.98,348.32,339.53,340.68,2318693.0,50292.0,342.916366,365.14433333333335,43.089163402814314,-4.723356851487324,-3.8181445385597694,-0.9052123129275547
2022-09-14 04:00:00+00:00,343.54,349.76,337.82,346.61,1801532.0,42320.0,345.531767,363.94166666666666,46.245266563101104,-4.628787572649458,-3.980273145377707,-0.6485144272717505
2022-09-15 04:00:00+00:00,344.64,344.64,334.38,337.36,1572596.0,41076.0,338.301394,361.9893333333333,42.30421942759771,-5.239836854783391,-4.2321858872588445,-1.0076509675245466
2022-09-16 04:00:00+00:00,334.92,338.16,328.25,335.53,4218417.0,48333.0,334.246914,359.92699999999996,41.54980945822203,-5.804848835318069,-4.54671847687069,-1.2581303584473789
2022-09-19 04:00:00+00:00,333.24,338.142,330.14,334.35,1417477.0,33351.0,333.891554,357.8806666666667,41.0415758719416,-6.2755009700923665,-4.892474975515025,-1.3830259945773413
2022-09-20 04:00:00+00:00,331.68,332.49,327.98,329.9,1162544.0,28373.0,330.119593,355.95466666666664,39.099235751792044,-6.927715594544111,-5.299523099320843,-1.628192495223268
2022-09-21 04:00:00+00:00,332.42,337.54,322.85,322.86,1800932.0,35955.0,328.199856,354.7726666666667,36.18187800035416,-7.921357074162529,-5.823889894289181,-2.097467179873348
2022-09-22 04:00:00+00:00,320.34,321.12,312.27,313.07,2290401.0,47424.0,314.452492,352.7246666666667,32.545213315636175,-9.390547896380212,-6.537221494707388,-2.853326401672825
2022-09-23 04:00:00+00:00,310.29,311.0,302.18,307.6,1839908.0,42131.0,305.725566,350.553,30.689176013938578,-10.870961812403948,-7.4039695582467004,-3.4669922541572475
2022-09-26 04:00:00+00:00,308.91,312.98,302.92,303.57,1476400.0,34158.0,305.576254,347.9653333333334,29.360657070310737,-12.228426141910859,-8.368860874979532,-3.8595652669313267
2022-09-27 04:00:00+00:00,310.91,311.58,302.5,308.38,1364511.0,29713.0,307.458581,345.434,33.08403388119736,-12.768907583639475,-9.24887021671152,-3.520037366927955
2022-09-28 04:00:00+00:00,305.92,316.76,303.48,315.69,1691576.0,36562.0,313.762292,343.26599999999996,38.398263070107234,-12.463713185180268,-9.89183881040527,-2.571874374774998
2022-09-29 04:00:00+00:00,310.93,312.23,306.125,310.71,1785022.0,35008.0,309.6688,341.11999999999995,36.28416876964868,-12.479829104505086,-10.409436869225233,-2.0703922352798525
2022-09-30 04:00:00+00:00,302.93,311.9786,302.34,302.63,1638411.0,37136.0,305.101387,338.4736666666667,33.09992380227304,-12.994793666887745,-10.926508228757736,-2.068285438130008
2022-10-03 04:00:00+00:00,306.19,320.95,304.775,316.53,1869321.0,39964.0,316.342235,336.631,42.45569819670283,-12.141335205314078,-11.169473624069004,-0.9718615812450739
2022-10-04 04:00:00+00:00,329.71,330.84,323.33,327.29,1549465.0,32885.0,326.909788,335.5473333333333,48.463928764055815,-10.47596079575851,-11.030771058406906,0.5548102626483953
2022-10-05 04:00:00+00:00,320.08,333.12,316.36,329.05,1349040.0,31993.0,326.354002,334.43399999999997,49.39466295245682,-8.911397246439947,-10.606896296013513,1.6954990495735665
2022-10-06 04:00:00+00:00,328.2,334.89,326.625,327.49,1317239.0,27021.0,329.455446,333.26133333333325,48.557580928303175,-7.7084896537095915,-10.027214967552728,2.318725313843137
2022-10-07 04:00:00+00:00,318.3,321.7524,310.95,314.16,2194515.0,41964.0,314.478102,331.17600000000004,42.00673805722923,-7.7415564724682895,-9.570083268535841,1.8285267960675515
2022-10-10 04:00:00+00:00,313.8,313.8,296.2,299.34,2097033.0,46166.0,299.949557,329.18133333333327,36.165124285951876,-8.861462880641454,-9.428359190956964,0.56689631031551
2022-10-11 04:00:00+00:00,290.58,298.97,276.62,280.92,3561143.0,69705.0,284.704334,326.76599999999996,30.489757253559617,-11.107298808633004,-9.764147114492173,-1.3431516941408308
2022-10-12 04:00:00+00:00,281.19,281.935,273.81,274.81,2422882.0,50585.0,276.245974,324.3550000000001,28.87128106776811,-13.22768537547961,-10.456854766689661,-2.7708306087899484
2022-10-13 04:00:00+00:00,259.31,284.17,250.2,278.54,4585422.0,70239.0,272.389722,322.16866666666664,31.269848609394757,-14.440664191379597,-11.253616651627649,-3.1870475397519478
2022-10-14 04:00:00+00:00,280.71,280.91,263.18,263.7,2345971.0,45851.0,266.50177,319.72166666666664,27.322248479219937,-16.410255409633123,-12.284944403228744,-4.125311006404379
2022-10-17 04:00:00+00:00,270.67,272.54,261.9,263.22,2557272.0,50970.0,264.190349,317.3206666666666,27.20262670552573,-17.8046615731123,-13.388887837205456,-4.415773735906843
2022-10-18 04:00:00+00:00,272.05,274.555,262.59,268.76,1763593.0,41066.0,267.811627,315.26,30.959700114925113,-18.25230558640095,-14.361571387044556,-3.8907341993563946
2022-10-19 04:00:00+00:00,268.12,274.12,263.83,271.96,1991228.0,34484.0,270.327121,313.0646666666667,33.107224407181434,-18.13974969269384,-15.117207048174413,-3.0225426445194277
2022-10-20 04:00:00+00:00,274.42,282.57,271.53,277.01,1942369.0,41801.0,277.497807,310.5953333333333,36.465902373662665,-17.441995078619016,-15.582164654263334,-1.8598304243556818
2022-10-21 04:00:00+00:00,277.42,291.53,275.12,290.63,2067737.0,39728.0,287.527865,308.32733333333334,44.552105082990366,-15.61005633450202,-15.587742990311073,-0.022313344190946438
2022-10-24 04:00:00+00:00,291.39,297.02,289.305,295.39,1369105.0,29988.0,294.440327,306.258,47.08674775663445,-13.617169212079943,-15.193628234664848,1.5764590225849044
2022-10-25 04:00:00+00:00,297.68,307.74,297.3,304.87,1774994.0,37570.0,304.432866,305.06433333333337,51.811322809895515,-11.144369680699867,-14.383776523871852,3.2394068431719845
2022-10-26 04:00:00+00:00,301.0,311.155,299.04,306.4,1957510.0,38513.0,306.749281,303.724,52.54773842592853,-8.957938484539397,-13.29860891600536,4.340670431465963
2022-10-27 04:00:00+00:00,315.78,315.78,304.275,308.91,2298659.0,43991.0,309.209189,302.77566666666667,53.79521363901051,-6.942609900829211,-12.027409112970131,5.08479921214092
2022-10-28 04:00:00+00:00,310.73,323.14,309.97,321.5,2878682.0,47939.0,319.409545,302.308,59.540737857520654,-4.280200213867317,-10.47796733314957,6.197767119282252
2022-10-31 04:00:00+00:00,317.86,319.58,314.0,316.45,1364144.0,25524.0,316.677936,301.71133333333336,56.50555958480012,-2.548338490875892,-8.892041564694834,6.343703073818942
2022-11-01 04:00:00+00:00,323.48,324.675,319.06,321.18,1667017.0,33274.0,321.875984,301.42066666666665,58.63263224497925,-0.7851039387786045,-7.270654039511589,6.4855501007329845
2022-11-02 04:00:00+00:00,322.01,327.63,309.86,312.42,1826461.0,33794.0,316.648165,301.07266666666663,53.42193498993663,-0.09350873199275611,-5.8352249780078225,5.741716246015066
2022-11-03 04:00:00+00:00,307.32,319.96,307.3,314.44,1711826.0,34311.0,315.671769,301.1183333333333,54.42768373338185,0.6105445922070203,-4.546071063964854,5.156615656171875
2022-11-04 04:00:00+00:00,325.33,328.37,318.76,328.03,1875842.0,31475.0,324.854261,301.7993333333333,60.5927402608768,2.239298112965116,-3.1889972285788604,5.4282953415439765
2022-11-07 05:00:00+00:00,330.76,337.885,328.43,337.17,1955570.0,29855.0,335.05386,302.9193333333333,64.10938342157252,4.21898479603243,-1.7074008236566023,5.926385619689032
2022-11-08 05:00:00+00:00,343.51,345.67,335.6976,342.13,1485537.0,34400.0,342.04139,304.0443333333333,65.88837790535297,6.117611287939496,-0.14239840133738246,6.260009689276879
2022-11-09 05:00:00+00:00,336.19,343.63,334.63,337.52,1470988.0,30918.0,338.214093,304.772,62.77395827021235,7.167673510511236,1.3196159810323413,5.848057529478894
2022-11-10 05:00:00+00:00,357.56,369.17,349.63,368.25,2734313.0,56655.0,362.486433,306.69,72.2053509284445,10.360084955426316,3.1277097759111365,7.23237517951518
2022-11-11 05:00:00+00:00,370.53,382.94,366.15,380.21,1665311.0,42184.0,378.986254,309.27599999999995,74.87352319628117,13.697272441266591,5.241622308982228,8.455650132284363
2022-11-14 05:00:00+00:00,375.84,385.73,375.84,377.91,1263440.0,34776.0,380.647681,311.322,73.41399375107248,15.972307965030154,7.387759440191813,8.584548524838342
2022-11-15 05:00:00+00:00,390.11,392.5,379.86,385.55,1742475.0,39240.0,386.326077,313.264,75.14705031710126,18.182181290314645,9.54664381021638,8.635537480098264
2022-11-16 05:00:00+00:00,371.79,377.61,367.57,370.42,2455817.0,53301.0,371.350656,314.64300000000003,65.97494699412847,18.49940761308386,11.337196570789878,7.162211042293983
2022-11-17 05:00:00+00:00,361.77,376.46,360.01,375.99,987924.0,33698.0,373.180785,316.2596666666667,67.54543196181724,18.98145777920689,12.86604881247328,6.115408966733611
2022-11-18 05:00:00+00:00,382.56,382.84,371.79,376.34,1121627.0,33278.0,376.06238,318.33233333333334,67.6464860673727,19.17073972954023,14.126986995886671,5.043752733653559
2022-11-21 05:00:00+00:00,371.62,376.35,370.78,372.11,1082697.0,29931.0,373.156535,320.75800000000004,65.01180902841074,18.76313168801181,15.0542159343117,3.7089157537001114
2022-11-22 05:00:00+00:00,376.06,383.13,369.0,382.18,1380440.0,37202.0,378.277404,324.1333333333333,68.18826797449827,19.033260639087644,15.85002487526689,3.183235763820754
2022-11-23 05:00:00+00:00,380.5,388.87,380.1,385.63,1400968.0,30217.0,385.605912,327.82733333333334,69.21930552000204,19.303210550738697,16.540662010361252,2.762548540377445
2022-11-25 05:00:00+00:00,382.0,384.52,380.0,380.02,624364.0,11487.0,381.001568,331.21000000000004,65.50166045417907,18.84720879433155,17.001971367155313,1.8452374271762366
2022-11-28 05:00:00+00:00,375.21,380.54,372.95,374.93,1413628.0,35366.0,376.399885,334.9176666666666,62.23563606616955,17.869119568720976,17.175401007468448,0.6937185612525276
2022-11-29 05:00:00+00:00,374.84,377.01,370.87,374.33,813219.0,24656.0,374.624565,338.6213333333333,61.84417903852666,16.851310408271445,17.11058288762905,-0.25927247935760533
2022-11-30 05:00:00+00:00,375.87,394.82,372.36,393.15,2792378.0,44887.0,389.6718,342.7676666666667,68.53050808055316,17.363154394719572,17.161097189047155,0.2020572056724177
2022-12-01 05:00:00+00:00,395.0,395.92,383.265,390.73,1838034.0,37846.0,390.642766,346.72666666666663,66.90691066881948,17.373252624618033,17.203528276161332,0.16972434845670037
2022-12-02 05:00:00+00:00,380.66,391.36,379.32,389.56,921415.0,32185.0,386.824793,350.47833333333335,66.0916505910865,17.08984522497019,17.180791665923103,-0.09094644095291216
2022-12-05 05:00:00+00:00,386.46,392.23,384.58,388.57,1236388.0,28698.0,387.859748,353.743,65.3658618835945,16.59407196057407,17.063447724853297,-0.4693757642792278
2022-12-06 05:00:00+00:00,390.66,391.33,380.18,383.24,1171269.0,31222.0,385.197021,356.67133333333334,61.45309421506298,15.591354195470842,16.769029018976806,-1.1776748235059635
2022-12-07 05:00:00+00:00,379.16,389.02,378.44,388.09,827718.0,23986.0,386.465886,359.4453333333333,63.588920082752274,15.01496444565521,16.41821610431249,-1.403251658657279
2022-12-08 05:00:00+00:00,391.07,397.52,388.197,395.92,1129951.0,32966.0,394.650544,362.4293333333333,66.78834245757743,15.016881713513044,16.1379492261526,-1.1210675126395557
2022-12-09 05:00:00+00:00,391.91,400.54,387.6,393.41,1380426.0,35397.0,396.266582,365.246,64.82200909446897,14.647023371082412,15.839764055138563,-1.192740684056151
2022-12-12 05:00:00+00:00,385.4,401.01,383.71,400.91,1555775.0,41358.0,394.743028,367.89300000000003,67.86632108221283,14.788621269507587,15.629535498012368,-0.840914228504781
2022-12-13 05:00:00+00:00,415.66,419.57,403.555,409.03,2219458.0,47326.0,410.062437,370.979,70.81148564012491,15.378777785145473,15.579383955438988,-0.2006061702935149
2022-12-14 05:00:00+00:00,408.37,414.04,401.73,406.21,1550404.0,34882.0,407.98613,373.8133333333334,68.46459464129461,15.440937131754652,15.551694590702123,-0.11075745894747158
2022-12-15 05:00:00+00:00,398.05,399.64,383.25,384.75,2091607.0,57091.0,387.779337,376.2243333333334,53.84064295986077,13.601763547112284,15.161708381984155,-1.559944834871871
2022-12-16 05:00:00+00:00,382.04,387.76,380.25,385.54,2354520.0,36377.0,384.44382,378.59433333333334,54.22823815877997,12.068829672567801,14.543132640100886,-2.4743029675330845
2022-12-19 05:00:00+00:00,384.97,385.815,379.415,383.66,1122826.0,27813.0,383.341253,380.4486666666666,53.08585215759999,10.580305073735929,13.750567126827896,-3.1702620530919674
2022-12-20 05:00:00+00:00,380.79,389.74,378.46,385.91,903436.0,27287.0,386.573037,382.0733333333333,54.32597863721823,9.472995999736725,12.895052901409663,-3.4220569016729385
2022-12-21 05:00:00+00:00,388.81,398.13,387.58,396.78,1124963.0,29030.0,395.524179,383.89500000000004,59.848033066583646,9.364614292190481,12.188965179565828,-2.8243508873753473
2022-12-22 05:00:00+00:00,386.09,386.78,367.0589,373.85,2075821.0,37854.0,374.001307,385.106,46.952265922175556,7.34380680858942,11.219933505370548,-3.876126696781128
2022-12-23 05:00:00+00:00,372.24,378.0,367.7205,377.39,891989.0,20541.0,375.55194,385.41066666666666,48.786952205008305,5.959256138433659,10.167798031983171,-4.208541893549512
2022-12-27 05:00:00+00:00,376.26,376.26,368.86,371.1,988864.0,23828.0,372.070529,385.107,45.75864324235969,4.304816084739798,8.995201642534497,-4.6903855577946985
2022-12-28 05:00:00+00:00,369.31,375.48,366.32,367.76,610582.0,16697.0,368.745817,384.7686666666667,44.19008086169113,2.693105887860156,7.734782491599629,-5.0416766037394725
2022-12-29 05:00:00+00:00,373.14,381.36,372.74,379.86,787197.0,23450.0,379.661192,384.57899999999995,50.77349593200207,2.3649214784772994,6.660810288975163,-4.295888810497863
2022-12-30 05:00:00+00:00,374.55,377.505,370.31,377.03,668652.0,18122.0,374.648317,384.7993333333333,49.30846407869336,1.855091283337174,5.699666487847566,-3.8445752045103916
2023-01-03 05:00:00+00:00,384.0,384.74,372.58,376.55,764022.0,22300.0,376.702752,384.81800000000004,49.0499477174899,1.3962204320640126,4.838977276690855,-3.4427568446268424
2023-01-04 05:00:00+00:00,382.85,385.165,374.09,380.23,1187580.0,29332.0,379.679086,384.9476666666667,51.163916883066754,1.3143561419546472,4.134053049743613,-2.819696907788966
2023-01-05 05:00:00+00:00,374.68,380.79,373.12,373.47,920935.0,23976.0,375.375501,384.993,47.28293180928886,0.6959797762912103,3.446438395053133,-2.7504586187619227
2023-01-06 05:00:00+00:00,379.99,397.75,377.6967,397.59,1423370.0,31440.0,394.179436,385.5066666666667,59.1805627188122,2.1276680393606284,3.182684323914632,-1.0550162845540036
