timestamp,open,high,low,close,volume,trade_count,vwap,30sma,rsi,macd,signal,histogram
2022-01-03 05:00:00+00:00,38.55,41.76,37.96,40.93,45765265.0,266635.0,40.233,,,,,
2022-01-04 05:00:00+00:00,40.75,41.29,38.38,39.41,30624987.0,192785.0,39.536995,,,,,
2022-01-05 05:00:00+00:00,38.68,39.06,36.13,36.68,43280074.0,290847.0,37.267549,,,,,
2022-01-06 05:00:00+00:00,36.45,38.58,33.76,38.22,58339775.0,347008.0,36.511278,,,,,
2022-01-07 05:00:00+00:00,37.551,43.2899,37.5,41.98,78460273.0,431981.0,40.915574,,,,,
2022-01-10 05:00:00+00:00,40.63,43.1699,40.43,41.72,44328423.0,258931.0,41.788723,,,,,
2022-01-11 05:00:00+00:00,41.81,45.48,41.49,45.47,60554227.0,358490.0,44.209842,,,,,
2022-01-12 05:00:00+00:00,45.74,47.59,44.03,45.43,49584742.0,320451.0,45.688689,,,,,
2022-01-13 05:00:00+00:00,45.6766,46.29,41.36,41.41,36275476.0,219085.0,43.57828,,,,,
2022-01-14 05:00:00+00:00,40.975,43.3999,40.95,42.22,33288807.0,194826.0,41.96512,,,,,
2022-01-18 05:00:00+00:00,40.68,41.28,39.0,39.21,29602948.0,206916.0,40.071801,,,,,
2022-01-19 05:00:00+00:00,39.48,42.44,39.44,40.03,36979120.0,229109.0,40.926598,,,,,
2022-01-20 05:00:00+00:00,41.51,42.95,38.69,38.72,45777122.0,272287.0,40.989061,,,,,
2022-01-21 05:00:00+00:00,39.03,39.98,37.185,37.75,38117142.0,249389.0,38.359104,,,,,
2022-01-24 05:00:00+00:00,36.14,37.88,34.12,37.75,45830025.0,327178.0,36.16741,,43.520782396088016,,,
2022-01-25 05:00:00+00:00,36.63,37.55,35.22,35.46,27016011.0,177804.0,36.205503,,39.54654209866697,,,
2022-01-26 05:00:00+00:00,36.29,36.88,32.99,33.41,50515293.0,315780.0,34.788454,,36.346720796481556,,,
2022-01-27 05:00:00+00:00,33.85,33.91,28.39,28.7,67303950.0,478902.0,30.08765,,30.283830079855278,,,
2022-01-28 05:00:00+00:00,28.0579,28.4299,25.6327,27.15,66910459.0,439708.0,26.950001,,28.593478764943185,,,
2022-01-31 05:00:00+00:00,28.115,29.48,27.42,29.39,41775483.0,264089.0,28.734488,,34.300738849140885,,,
2022-02-01 05:00:00+00:00,30.525,30.85,28.62,29.96,38948562.0,233531.0,29.659724,,35.70889938755187,,,
2022-02-02 05:00:00+00:00,29.225,29.96,27.4,27.68,35281111.0,249196.0,28.240173,,32.69061950141533,,,
2022-02-03 05:00:00+00:00,26.5,28.59,26.29,26.95,30161391.0,185470.0,27.55685,,31.764850660755002,,,
2022-02-04 05:00:00+00:00,26.9894,27.85,26.21,27.55,20364316.0,132579.0,27.195916,,33.43343674636343,,,
2022-02-07 05:00:00+00:00,27.61,28.33,26.4,26.97,22526647.0,157926.0,27.147399,,32.603460625319954,,,
2022-02-08 05:00:00+00:00,26.8,27.63,25.89,27.43,19181455.0,131323.0,26.883056,,34.0028049016787,-5.58425987356906,,
2022-02-09 05:00:00+00:00,27.77,28.94,27.59,28.83,21549101.0,125267.0,28.380926,,38.20789092487963,-5.271274900690365,,
2022-02-10 05:00:00+00:00,27.65,29.4,27.44,27.91,23978077.0,145830.0,28.463341,,36.559376826452876,-5.039377558398623,,
2022-02-11 05:00:00+00:00,27.525,28.2,25.61,25.84,27854798.0,210376.0,26.607538,,33.09901240896966,-4.965391007504532,,
2022-02-14 05:00:00+00:00,25.812,28.41,25.68,27.44,40385211.0,243412.0,27.604369,34.586666666666666,37.9850183772313,-4.723203356433618,,
2022-02-15 05:00:00+00:00,28.11,28.89,27.62,28.87,21811588.0,141303.0,28.33924,34.184666666666665,42.058028334984755,-4.365555443413001,,
2022-02-16 05:00:00+00:00,28.335,29.18,27.86,29.0,15358230.0,106517.0,28.542608,33.837666666666664,42.4282148096032,-4.025226674597263,,
2022-02-17 05:00:00+00:00,28.44,30.12,27.92,28.11,24480277.0,162953.0,29.059223,33.552,40.51957701914664,-3.7837129477519262,,
2022-02-18 05:00:00+00:00,27.825,28.2799,25.785,26.59,27922506.0,208844.0,26.773289,33.16433333333333,37.423238789450245,-3.6726271167733557,-4.603403208792416,0.9307760920190606
2022-02-22 05:00:00+00:00,25.765,27.28,24.94,25.51,31928159.0,214012.0,25.890817,32.61533333333333,35.35590635820702,-3.6298946039921596,-4.408701487832365,0.7788068838402058
2022-02-23 05:00:00+00:00,25.765,26.19,23.8,23.975,27210685.0,195438.0,24.675725,32.023833333333336,32.59946517631634,-3.677498537237753,-4.262460897713443,0.5849623604756902
2022-02-24 05:00:00+00:00,22.012,25.445,21.77,25.28,35063595.0,235096.0,23.970026,31.350833333333334,37.08995354576838,-3.5687836867921305,-4.123725455529181,0.5549417687370504
2022-02-25 05:00:00+00:00,25.54,27.0,24.56,26.35,27438460.0,151457.0,25.888948,30.71483333333333,40.585238144317614,-3.3575822092430876,-3.9704968062719628,0.6129145970288752
2022-02-28 05:00:00+00:00,26.76,29.0499,26.17,28.98,50597150.0,307450.0,27.713904,30.3005,48.20294505292203,-2.94404735122896,-3.7652069152633625,0.8211595640344025
2022-03-01 05:00:00+00:00,24.485,25.75,23.38,24.99,61581941.0,409730.0,24.544594,29.726166666666664,39.854444357915575,-2.9047930054773907,-3.5931241333061683,0.6883311278287776
2022-03-02 05:00:00+00:00,24.72,24.77,23.6,24.58,23416691.0,171039.0,24.251404,29.238500000000002,39.10496028518384,-2.8736416746979287,-3.4492276415845207,0.5755859668865919
2022-03-03 05:00:00+00:00,24.49,24.52,22.41,22.63,28416825.0,229566.0,23.024211,28.6585,35.669260606173125,-2.9720428636918186,-3.3537906860059805,0.38174782231416193
2022-03-04 05:00:00+00:00,22.619,23.73,22.01,22.63,32381917.0,187743.0,22.637777,28.12216666666667,35.669260606173125,-3.0152683779896883,-3.2860862244027222,0.27081784641303397
2022-03-07 05:00:00+00:00,22.9299,24.41,22.9,23.17,34184825.0,197124.0,23.545435,27.636166666666668,37.43467065941206,-2.97169556579583,-3.223208092681344,0.25151252688551384
2022-03-08 05:00:00+00:00,22.855,25.71,22.61,24.24,32279001.0,187933.0,24.35385,27.185833333333335,40.89581707473387,-2.818335720734595,-3.1422336182919945,0.3238978975573996
2022-03-09 05:00:00+00:00,25.13,25.5331,24.75,25.26,17670184.0,116117.0,25.207865,26.845833333333335,44.07207679186503,-2.58469668861272,-3.0307262323561397,0.44602954374341985
2022-03-10 05:00:00+00:00,24.91,24.91,23.51,24.21,16290784.0,119579.0,24.107259,26.53916666666667,41.59406717029276,-2.4559516157125323,-2.9157713090274187,0.45981969331488637
2022-03-11 05:00:00+00:00,24.05,24.23,22.81,22.92,18539089.0,150558.0,23.257669,26.3465,38.714061749121846,-2.430000899158678,-2.8186172270536707,0.3886163278949928
2022-03-14 04:00:00+00:00,22.63,23.25,21.3138,21.55,20968152.0,163762.0,22.052767,26.15983333333333,35.87321529738146,-2.491264572523505,-2.753146696147638,0.26188212362413266
2022-03-15 04:00:00+00:00,21.5,22.03,20.49,21.98,20119171.0,146473.0,21.471774,25.91283333333333,37.42528239502743,-2.476570703250669,-2.6978314975682443,0.22126079431757528
2022-03-16 04:00:00+00:00,22.13,23.895,22.13,23.62,28005569.0,184276.0,23.289804,25.7015,43.08337727110814,-2.3060091737263626,-2.619467032799868,0.3134578590735053
2022-03-17 04:00:00+00:00,23.32,24.93,22.8512,24.65,21185059.0,130715.0,24.296757,25.6005,46.36364039018397,-2.0639337967631413,-2.508360385592523,0.4444265888293817
2022-03-18 04:00:00+00:00,24.94,26.15,24.65,25.67,34481146.0,160366.0,25.536057,25.557833333333335,49.469425645413885,-1.7693854667006406,-2.3605654018141466,0.5911799351135061
2022-03-21 04:00:00+00:00,25.85,26.2,24.82,25.39,17238984.0,128742.0,25.399316,25.485833333333336,48.636856766542834,-1.5407862284271658,-2.1966095671367505,0.6558233387095846
2022-03-22 04:00:00+00:00,25.45,27.25,25.1212,26.65,30511401.0,168340.0,26.243072,25.475166666666667,52.5101576095444,-1.243612623188092,-2.006010178347019,0.7623975551589268
2022-03-23 04:00:00+00:00,26.5,26.81,25.7119,25.9,20765562.0,137547.0,26.152933,25.424166666666668,50.08887056654352,-1.0564411361980675,-1.8160963699172286,0.7596552337191611
2022-03-24 04:00:00+00:00,26.01,26.57,25.03,26.25,14662765.0,104171.0,25.891928,25.338166666666666,51.21929743501662,-0.8698373656366734,-1.6268445690611175,0.7570072034244442
2022-03-25 04:00:00+00:00,25.94,26.06,24.52,25.16,17172990.0,131048.0,25.107736,25.246500000000005,47.60332199666463,-0.8006767207166448,-1.461610999392223,0.6609342786755783
2022-03-28 04:00:00+00:00,25.33,25.9465,24.64,25.38,35129336.0,243641.0,25.207039,25.23116666666667,48.39520815468751,-0.7198166516685731,-1.313252129847493,0.59343547817892
2022-03-29 04:00:00+00:00,25.56,27.6,25.46,27.36,33697020.0,224560.0,26.902908,25.2285,54.988597692731595,-0.49031298900505504,-1.1486643016790055,0.6583513126739504
2022-03-30 04:00:00+00:00,27.18,28.135,26.2,26.5,21638422.0,155888.0,27.200725,25.149499999999996,51.88760816144232,-0.3735188032828667,-0.9936352019997777,0.620116398716911
2022-03-31 04:00:00+00:00,26.54,26.5492,25.25,25.4,17358017.0,132448.0,25.653824,25.0295,48.1475307435858,-0.3655060503292127,-0.8680093716656648,0.5025033213364521
2022-04-01 04:00:00+00:00,25.39,25.56,24.26,24.55,17132318.0,140479.0,24.683607,24.910833333333336,45.42292918140046,-0.4228692091224566,-0.7789813391570233,0.35611213003456665
2022-04-04 04:00:00+00:00,24.66,25.43,24.64,25.21,17040303.0,118494.0,25.107191,24.864833333333333,47.88879690047187,-0.4103432599248862,-0.7052537233105959,0.2949104633857097
2022-04-05 04:00:00+00:00,25.21,26.16,23.65,23.73,21056910.0,161063.0,24.420729,24.805500000000002,43.17770505935024,-0.5139158836598376,-0.6669861553804443,0.1530702717206066
2022-04-06 04:00:00+00:00,23.58,23.6,22.61,22.98,18738599.0,155688.0,22.993707,24.772333333333332,40.97772031354375,-0.6490349947495027,-0.663395923254256,0.014360928504753345
2022-04-07 04:00:00+00:00,23.1,23.22,21.4593,22.33,20730482.0,168256.0,22.186867,24.674,39.11748528228014,-0.799352987828307,-0.6905873361690662,-0.10876565165924079
2022-04-08 04:00:00+00:00,22.06,22.34,21.55,21.68,14520554.0,122153.0,21.939532,24.518333333333334,37.294234513056914,-0.9598659113193548,-0.7444430511991239,-0.21542286012023093
2022-04-11 04:00:00+00:00,21.625,22.645,21.0995,21.7,19240347.0,141449.0,21.863951,24.275666666666666,37.39093174468123,-1.0730898153500128,-0.8101724040293017,-0.2629174113207111
2022-04-12 04:00:00+00:00,22.38,22.69,21.1,21.29,21831825.0,147866.0,21.794158,24.15233333333333,36.15989155768983,-1.1822756112104997,-0.8845930454655414,-0.2976825657449583
2022-04-13 04:00:00+00:00,21.33,22.13,20.83,22.05,22061680.0,149021.0,21.502939,24.067999999999998,40.09692818808028,-1.1937200312013587,-0.9464184426127049,-0.2473015885886538
2022-04-14 04:00:00+00:00,21.88,22.08,20.91,21.01,18810737.0,138745.0,21.184604,24.014,36.756413410087276,-1.2720457730038675,-1.0115439086909375,-0.26050186431293
2022-04-18 04:00:00+00:00,20.98,21.11,19.86,20.32,21785494.0,168912.0,20.245723,23.936999999999998,34.691392462198834,-1.3739585818462423,-1.0840268433219986,-0.2899317385242437
2022-04-19 04:00:00+00:00,20.22,21.445,19.8,21.41,18274131.0,111698.0,20.905745,23.878333333333334,40.38884793641315,-1.351195584992304,-1.1374605916560596,-0.21373499333624446
2022-04-20 04:00:00+00:00,21.205,21.285,20.61,20.87,13869216.0,104665.0,20.954645,23.766000000000002,38.592599142816226,-1.3610400109900205,-1.1821764755228519,-0.1788635354671686
2022-04-21 04:00:00+00:00,21.32,21.87,19.4749,19.55,23800032.0,169827.0,20.247819,23.575666666666667,34.54785573204521,-1.4585415981849295,-1.2374495000552674,-0.22109209812966202
2022-04-22 04:00:00+00:00,19.64,20.01,18.91,19.11,22245409.0,162183.0,19.220833,23.405666666666665,33.29519923761585,-1.5534098890278365,-1.3006415778497813,-0.2527683111780552
2022-04-25 04:00:00+00:00,18.965,19.48,18.76,19.33,23716151.0,160652.0,19.111,23.286,34.572594449340045,-1.592484363175096,-1.3590101349148442,-0.23347422826025177
2022-04-26 04:00:00+00:00,19.255,19.34,17.61,17.64,39766670.0,256904.0,18.026106,23.15566666666667,29.84454639253076,-1.739765112285621,-1.4351611303889995,-0.3046039818966215
2022-04-27 04:00:00+00:00,18.68,18.7,17.99,18.07,28643254.0,174471.0,18.255011,23.025333333333332,32.3785139783387,-1.801027635237908,-1.5083344313587814,-0.29269320387912656
2022-04-28 04:00:00+00:00,18.44,19.05,17.5,18.89,24845111.0,158119.0,18.392177,22.867666666666665,37.04810160631034,-1.763087701536847,-1.5592850853943947,-0.2038026161424522
2022-04-29 04:00:00+00:00,18.88,19.49,18.02,18.08,18946964.0,113199.0,18.680398,22.648666666666667,34.512798736945015,-1.777885899331892,-1.6030052481818944,-0.17488065114999762
2022-05-02 04:00:00+00:00,18.08,19.1,17.65,19.06,19180709.0,126591.0,18.347148,22.428333333333335,39.87388473816346,-1.6910424827971653,-1.6206126951049487,-0.07042978769221664
2022-05-03 04:00:00+00:00,18.96,19.68,18.8101,19.6,16629816.0,97374.0,19.364556,22.235333333333333,42.65943304292599,-1.5606547065058862,-1.6086210973851363,0.04796639087925003
2022-05-04 04:00:00+00:00,19.325,20.3,18.71,20.26,20266493.0,116141.0,19.449123,22.022333333333332,45.95505571243974,-1.388064229850258,-1.5645097238781607,0.17644549402790277
2022-05-05 04:00:00+00:00,19.91,19.92,18.35,18.85,22754613.0,149880.0,18.860834,21.787333333333333,40.588033753553326,-1.349504007628891,-1.5215085806283069,0.17200457299941596
2022-05-06 04:00:00+00:00,18.56,19.08,17.435,18.15,25269376.0,163313.0,18.18127,21.517333333333333,38.20265559070528,-1.3597545001035662,-1.4891577645233587,0.12940326441979244
2022-05-09 04:00:00+00:00,17.335,17.445,16.18,16.35,39726679.0,247082.0,16.776936,21.223666666666663,32.85546151792664,-1.4958794785369562,-1.4905021073260782,-0.005377371210878001
2022-05-10 04:00:00+00:00,17.27,17.27,15.35,15.95,31291306.0,199649.0,16.082647,20.909333333333333,31.79057590702827,-1.6173918749900444,-1.5158800608588714,-0.10151181413117305
2022-05-11 04:00:00+00:00,15.87,15.96,13.67,13.87,42861076.0,249630.0,14.646189,20.45966666666667,26.906897687298525,-1.8600880046898673,-1.5847216496250707,-0.2753663550647967
2022-05-12 04:00:00+00:00,13.57,16.42,13.25,15.69,42625258.0,243960.0,15.101012,20.09933333333333,36.14971226447454,-1.8838517757687647,-1.6445476748538095,-0.23930410091495524
2022-05-13 04:00:00+00:00,16.25,18.33,16.25,18.01,38630839.0,199615.0,17.763221,19.852999999999998,45.59412438724561,-1.6959304935568618,-1.65482423859442,-0.04110625496244169
2022-05-16 04:00:00+00:00,18.03,18.54,17.24,17.36,18461767.0,127079.0,17.725508,19.613333333333333,43.64621515658177,-1.5812237283645523,-1.6401041365484466,0.058880408183894284
2022-05-17 04:00:00+00:00,17.51,18.39,17.272,17.85,18743757.0,104562.0,17.6857,19.368,45.53526172277801,-1.434245792919132,-1.5989324678225838,0.1646866749034519
2022-05-18 04:00:00+00:00,17.58,18.4057,17.065,17.36,22669035.0,124864.0,17.66118,19.155666666666665,43.94872355856091,-1.3418357774799112,-1.5475131297540494,0.2056773522741382
2022-05-19 04:00:00+00:00,17.748,19.93,17.46,19.265,39094089.0,208109.0,19.046004,19.031833333333335,51.084378570297034,-1.1021773804551067,-1.458445979894261,0.35626859943915434
2022-05-20 04:00:00+00:00,19.74,19.8,17.345,18.39,28361633.0,160991.0,18.32653,18.9005,48.05807516459109,-0.9716509738920251,-1.361086978693814,0.38943600480178886
2022-05-23 04:00:00+00:00,18.31,18.56,17.7,18.4,15765037.0,89572.0,18.221841,18.791166666666662,48.095919639420046,-0.8575160288765957,-1.2603727887303704,0.40285675985377467
2022-05-24 04:00:00+00:00,17.97,18.3,16.86,17.1,17930530.0,114492.0,17.263257,18.637833333333333,43.6440957188783,-0.862025504675028,-1.1807033319193019,0.31867782724427385
2022-05-25 04:00:00+00:00,17.045,17.59,16.76,17.45,18482333.0,98722.0,17.217781,18.509833333333336,45.117008055644774,-0.8278146893641143,-1.1101256034082645,0.2823109140441502
2022-05-26 04:00:00+00:00,17.26,19.3,17.2,18.89,25066686.0,130937.0,18.749938,18.4045,50.81297151470316,-0.6767057635294798,-1.0234416354325075,0.3467358719030278
2022-05-27 04:00:00+00:00,19.23,19.88,19.13,19.83,19092772.0,102852.0,19.631318,18.365166666666667,54.157592266863155,-0.47561807789231736,-0.9138769239244696,0.43825884603215226
2022-05-31 04:00:00+00:00,20.07,20.725,19.38,20.18,22141208.0,118633.0,20.139456,18.3605,55.37435438426205,-0.2847303688843752,-0.7880476129164508,0.5033172440320756
2022-06-01 04:00:00+00:00,20.3,20.545,19.263,19.49,14681721.0,98727.0,19.839084,18.296499999999998,52.42039654760472,-0.1869724160276185,-0.6678325735386844,0.4808601575110659
2022-06-02 04:00:00+00:00,19.31,20.1509,18.9,19.96,15531336.0,100577.0,19.79102,18.266166666666667,54.21215424175191,-0.07075781004551729,-0.5484176208400511,0.4776598107945338
2022-06-03 04:00:00+00:00,19.24,19.38,18.3224,18.69,16942436.0,117117.0,18.794201,18.2375,48.85806873774859,-0.08021066507326324,-0.4547762296866935,0.37456556461343027
2022-06-06 04:00:00+00:00,19.04,19.98,18.79,19.15,15813033.0,106344.0,19.256333,18.238833333333332,50.75515974060137,-0.05000750972379464,-0.37382248569411375,0.3238149759703191
2022-06-07 04:00:00+00:00,18.92,19.395,18.64,18.96,12537294.0,82835.0,18.99484,18.226499999999998,49.931279311947925,-0.04093087792892547,-0.30724416414107614,0.26631328621215067
2022-06-08 04:00:00+00:00,19.01,20.1098,18.975,19.59,15552010.0,95973.0,19.746066,18.2915,52.67444079113629,0.01690330228561976,-0.24241467085573695,0.25931797314135674
2022-06-09 04:00:00+00:00,19.344,19.66,18.8,18.88,15962340.0,98245.0,19.07681,18.318500000000004,49.39024853343849,0.005384175077232101,-0.19285490166914315,0.19823907674637525
2022-06-10 04:00:00+00:00,18.52,19.14,18.0,18.02,14240694.0,108729.0,18.31016,18.2895,45.67544213335647,-0.07230612886184673,-0.1687451471076839,0.09643901824583717
2022-06-13 04:00:00+00:00,17.01,17.19,16.16,16.31,18452752.0,135850.0,16.57103,18.2305,39.33956345817539,-0.26876085555073104,-0.18874828879629335,-0.08001256675443769
2022-06-14 04:00:00+00:00,16.5,16.95,15.8,16.6,15720919.0,100455.0,16.517433,18.1485,40.83838755089139,-0.39648167155426606,-0.2302949653478879,-0.16618670620637815
2022-06-15 04:00:00+00:00,16.3,17.6599,16.22,17.52,17301395.0,106078.0,17.027905,18.079166666666666,45.44375334688684,-0.41863921490114464,-0.2679638152585393,-0.15067539964260535
2022-06-16 04:00:00+00:00,16.85,17.0,15.3,15.55,19081415.0,132476.0,15.840506,17.92216666666667,38.527673535079195,-0.5883792934219017,-0.3320469108912118,-0.25633238253068985
2022-06-17 04:00:00+00:00,15.99,16.81,15.6107,16.63,24011797.0,114310.0,16.32569,17.848166666666668,43.595714507333824,-0.6285075111413363,-0.39133903094123673,-0.23716848020009956
2022-06-21 04:00:00+00:00,17.16,18.685,17.15,17.9,21748225.0,135561.0,18.093387,17.839833333333335,48.92793983498514,-0.5514739778885733,-0.4233660203307041,-0.12810795755786925
2022-06-22 04:00:00+00:00,17.66,18.58,17.48,18.03,14259409.0,89301.0,18.176275,17.895833333333332,49.45468626702324,-0.47446509596246145,-0.43358583545705554,-0.04087926050540591
2022-06-23 04:00:00+00:00,18.11,19.65,17.99,19.3,24115549.0,147847.0,19.056572,18.0075,54.40240717365994,-0.3074129509096686,-0.40835125854757814,0.10093830763790956
2022-06-24 04:00:00+00:00,19.59,19.87,18.77,19.21,49990352.0,126961.0,19.215423,18.185499999999998,53.999009340154785,-0.18020784637075948,-0.3627225761122145,0.182514729741455
2022-06-27 04:00:00+00:00,19.01,19.34,17.94,18.39,16868000.0,110028.0,18.350573,18.2755,50.336690668864485,-0.14390518217223303,-0.31895909732421823,0.1750539151519852
2022-06-28 04:00:00+00:00,18.25,18.7577,17.85,17.94,11449218.0,73790.0,18.199563,18.27316666666667,48.39682973370902,-0.14972041469849273,-0.2851113607990731,0.1353909461005804
2022-06-29 04:00:00+00:00,17.69,17.93,17.2,17.3,10804520.0,70792.0,17.406638,18.271166666666666,45.69940915686827,-0.20362442406010928,-0.26881397345128033,0.06518954939117105
2022-06-30 04:00:00+00:00,17.24,17.66,16.545,17.16,13178841.0,82867.0,17.069422,18.24816666666667,45.10715255573029,-0.25470449493818137,-0.26599207774866057,0.011287582810479202
2022-07-01 04:00:00+00:00,17.055,17.52,16.43,17.0,14074792.0,93033.0,16.890988,18.23616666666667,44.39896418090391,-0.3045854109259807,-0.2737107443841246,-0.030874666541856055
2022-07-05 04:00:00+00:00,16.78,17.24,16.35,17.23,14896628.0,99005.0,16.957685,18.168333333333337,45.71828221894742,-0.3218472634984586,-0.28333804820699143,-0.03850921529146717
2022-07-06 04:00:00+00:00,17.35,18.51,17.31,18.22,21390604.0,141104.0,18.157149,18.162666666666667,51.09717188043059,-0.25272937290996467,-0.2772163131475861,0.024486940237621435
2022-07-07 04:00:00+00:00,18.29,19.875,18.06,19.81,19510416.0,128567.0,19.396272,18.20966666666667,58.25231132571319,-0.0688594657775532,-0.23554494367357953,0.16668547789602634
2022-07-08 04:00:00+00:00,19.44,20.61,19.32,19.99,24362127.0,166235.0,20.094025,18.306,58.98395226791234,0.09034185138633077,-0.1703675846615975,0.2607094360479283
2022-07-11 04:00:00+00:00,19.92,20.02,18.5,18.53,11408021.0,78247.0,18.882255,18.342,51.15320124362625,0.09757545484650976,-0.11677897675997603,0.2143544316064858
2022-07-12 04:00:00+00:00,18.74,19.46,18.245,19.33,12436502.0,80904.0,18.997194,18.35666666666667,54.70191676889073,0.16594850080708667,-0.060233481246563504,0.22618198205365017
2022-07-13 04:00:00+00:00,18.63,19.7488,18.55,19.51,12273148.0,80165.0,19.406324,18.346,55.485533063425464,0.23198494991230234,-0.0017897950147903324,0.23377474492709266
2022-07-14 04:00:00+00:00,19.44,20.15,18.96,20.11,12948493.0,76430.0,19.729493,18.343666666666664,58.08822696791157,0.32894245334331274,0.06435665465683028,0.26458579868648247
2022-07-15 04:00:00+00:00,20.12,20.29,19.21,19.68,13949546.0,83028.0,19.616955,18.35,55.580135296015484,0.3668556830588514,0.12485646033723452,0.2419992227216169
2022-07-18 04:00:00+00:00,20.07,21.08,19.86,19.96,17273803.0,112986.0,20.491635,18.35,56.8855613626661,0.4147152712056794,0.1828282225109235,0.2318870486947559
2022-07-19 04:00:00+00:00,20.49,20.55,19.86,20.38,11279807.0,64493.0,20.377679,18.406333333333336,58.839588966084825,0.4809902730733633,0.2424606326234115,0.23852964044995179
2022-07-20 04:00:00+00:00,20.36,21.34,20.36,21.27,15247737.0,88505.0,20.921775,18.477,62.69765367981023,0.5984309124503397,0.3136546885887972,0.28477622386154255
2022-07-21 04:00:00+00:00,21.14,21.78,20.781,21.48,15841820.0,99783.0,21.331948,18.561,63.56544879430476,0.7003752206522442,0.3909987950014866,0.3093764256507576
2022-07-22 04:00:00+00:00,21.45,21.45,19.54,19.68,13970604.0,97030.0,20.21382,18.564,52.3283119458959,0.628674889805847,0.4385340139623587,0.19014087584348827
2022-07-25 04:00:00+00:00,19.78,19.9,18.64,18.74,11620236.0,91405.0,18.920773,18.55933333333333,47.59628072404257,0.49034927572612474,0.44889706631511195,0.0414522094110128
2022-07-26 04:00:00+00:00,18.48,18.565,17.89,18.09,11087872.0,80552.0,18.127983,18.561666666666667,44.593312111183494,0.3245346290741935,0.4240245788669283,-0.09948994979273479
2022-07-27 04:00:00+00:00,18.44,18.595,17.87,18.43,15449000.0,88513.0,18.216179,18.632333333333335,46.49492873890407,0.2180469756679848,0.38282905822713964,-0.16478208255915483
2022-07-28 04:00:00+00:00,18.76,19.0238,17.775,18.24,16839429.0,104398.0,18.210265,18.687,45.55402138004258,0.11697491700878615,0.32965822998346894,-0.2126833129746828
2022-07-29 04:00:00+00:00,18.0,18.29,17.88,18.25,16503899.0,100385.0,18.108414,18.711333333333336,45.6164006530344,0.03725207997370106,0.2711769999815154,-0.23392492000781434
2022-08-01 04:00:00+00:00,18.21,18.69,17.77,18.53,15461637.0,98498.0,18.23296,18.810666666666666,47.43247953284674,-0.0032971750249970455,0.21628216498021294,-0.21957934000520998
2022-08-02 04:00:00+00:00,18.22,19.99,17.82,19.73,20507440.0,126846.0,19.179741,18.913999999999998,54.452511545151594,0.060697536016192544,0.18516523918740888,-0.12446770317121633
2022-08-03 04:00:00+00:00,19.82,20.62,19.53,20.56,29292232.0,178730.0,19.637477,19.002666666666666,58.5733271760403,0.17635495878617036,0.1834031831071612,-0.007048224320990837
2022-08-04 04:00:00+00:00,18.04,18.86,18.0,18.56,37355210.0,235814.0,18.444099,19.020333333333333,47.43636512769831,0.1054158460414385,0.16780571569401667,-0.06238986965257817
2022-08-05 04:00:00+00:00,18.4,18.6,17.92,18.05,16522169.0,104974.0,18.146706,18.978666666666662,45.082406632070246,0.007951688238112098,0.13583491020283578,-0.12788322196472368
2022-08-08 04:00:00+00:00,18.18,19.71,18.075,18.72,21703023.0,128385.0,19.03787,18.962333333333333,48.68504492553655,-0.015052443240140434,0.10565743951424054,-0.12070988275438098
2022-08-09 04:00:00+00:00,18.52,18.53,17.125,17.46,23923493.0,158654.0,17.608064,18.931333333333335,42.975395168085356,-0.13341690587136412,0.057842570437119614,-0.19125947630848372
2022-08-10 04:00:00+00:00,18.07,18.34,17.51,18.22,19041285.0,107001.0,18.017733,18.94066666666667,47.012025183113415,-0.16400539476053666,0.013472977397588362,-0.177478372158125
2022-08-11 04:00:00+00:00,18.39,18.92,18.02,18.09,19662452.0,123511.0,18.461178,18.967,46.40688839765983,-0.1964720980809922,-0.02851603769812775,-0.16795606038286445
2022-08-12 04:00:00+00:00,18.25,18.71,17.829,18.66,13935914.0,80831.0,18.413406,19.017,49.47763815037704,-0.17419989016304882,-0.057652808191111966,-0.11654708197193686
2022-08-15 04:00:00+00:00,18.36,19.08,18.31,18.76,10488252.0,68412.0,18.677414,19.075666666666667,50.01870729082017,-0.14678776270411475,-0.07547979909371252,-0.07130796361040223
2022-08-16 04:00:00+00:00,18.62,19.155,18.18,18.93,12998080.0,82313.0,18.7017,19.13233333333333,50.97982717595262,-0.11007697608865996,-0.082399234492702,-0.027677741595957955
2022-08-17 04:00:00+00:00,18.66,18.79,18.15,18.46,11012087.0,72080.0,18.43796,19.140333333333334,48.21910416134792,-0.11755340280203797,-0.08943006815456919,-0.028123334647468773
2022-08-18 04:00:00+00:00,18.5596,18.6,18.01,18.23,10206406.0,67072.0,18.186393,19.087666666666667,46.88116150142935,-0.140418940508507,-0.09962784262535676,-0.040791097883150246
2022-08-19 04:00:00+00:00,17.98,17.99,16.69,16.75,26005807.0,178461.0,17.022296,18.979666666666667,39.320556018499296,-0.27479599779410435,-0.13466147365910627,-0.14013452413499808
2022-08-22 04:00:00+00:00,16.775,16.775,16.03,16.1,15375314.0,114923.0,16.262698,18.898666666666667,36.533857009315106,-0.42879744156152455,-0.19348866723958993,-0.23530877432193462
2022-08-23 04:00:00+00:00,16.26,16.44,15.95,15.98,11651131.0,82016.0,16.130373,18.786999999999995,36.02623336408763,-0.5541399124156392,-0.26561891627479983,-0.28852099614083937
2022-08-24 04:00:00+00:00,16.25,16.84,15.955,16.44,11934800.0,69252.0,16.484971,18.684666666666665,39.49669075723483,-0.6093325615188228,-0.33436164532360446,-0.2749709161952183
2022-08-25 04:00:00+00:00,16.7,17.23,16.58,16.98,10480884.0,64708.0,16.927329,18.580333333333336,43.37977654736379,-0.6025537816250939,-0.38800007258390234,-0.21455370904119153
2022-08-26 04:00:00+00:00,17.1,17.28,16.21,16.24,13160279.0,83021.0,16.557346,18.465666666666667,39.626534342754454,-0.6494074010060764,-0.44028153826833716,-0.20912586273773925
2022-08-29 04:00:00+00:00,16.09,16.4499,15.86,16.17,8469340.0,65058.0,16.17785,18.339333333333332,39.280319805720595,-0.6842994686007913,-0.489085124334828,-0.1952143442659633
2022-08-30 04:00:00+00:00,15.8,15.85,14.89,15.15,27306588.0,180526.0,15.220849,18.165,34.544214553160444,-0.7852057954217138,-0.5483092585522051,-0.23689653686950862
2022-08-31 04:00:00+00:00,15.32,15.5185,14.96,15.34,13914102.0,75511.0,15.263491,17.967333333333332,36.09001406176149,-0.8401585495358681,-0.6066791167489378,-0.23347943278693029
2022-09-01 04:00:00+00:00,15.21,15.405,14.79,15.38,13604847.0,85790.0,15.041707,17.764,36.43037978435268,-0.8704473620237572,-0.6594327658039018,-0.2110145962198554
2022-09-02 04:00:00+00:00,15.47,15.63,14.99,15.16,13691229.0,80209.0,15.260628,17.613333333333333,35.31634135170678,-0.9018081426108573,-0.7079078411652928,-0.19390030144556447
2022-09-06 04:00:00+00:00,15.04,15.13,14.58,14.61,17759604.0,110263.0,14.788706,17.475666666666665,32.629902595416965,-0.9599761827561846,-0.7583215094834712,-0.20165467327271336
2022-09-07 04:00:00+00:00,14.475,14.75,13.863,14.7,17373374.0,107101.0,14.399252,17.362666666666666,33.521050701609354,-0.9874300468842208,-0.8041432169636211,-0.18328682992059964
2022-09-08 04:00:00+00:00,14.46,14.99,14.385,14.99,11849132.0,72977.0,14.781857,17.248,36.43858802946375,-0.9745528173904106,-0.838225137048979,-0.1363276803414315
2022-09-09 04:00:00+00:00,15.0,15.42,14.93,15.08,18030651.0,92743.0,15.19998,17.142666666666667,37.35740959058433,-0.9461783177312668,-0.8598157731854366,-0.08636254454583026
2022-09-12 04:00:00+00:00,15.45,16.597,15.31,16.55,24276511.0,138685.0,16.134035,17.086000000000002,50.056581812559436,-0.7958999682236048,-0.8470326121930702,0.051132643969465486
2022-09-13 04:00:00+00:00,15.81,16.68,15.64,16.1,21204256.0,119365.0,16.214991,17.005,46.92076522354276,-0.7049878713931168,-0.8186236640330796,0.11363579263996282
2022-09-14 04:00:00+00:00,16.02,16.88,15.975,16.63,21911524.0,109956.0,16.530866,16.901666666666667,50.82788221748861,-0.5834471930057745,-0.7715883698276186,0.18814117682184406
2022-09-15 04:00:00+00:00,16.4,17.33,16.34,16.49,18957058.0,97980.0,16.737414,16.766000000000002,49.785395397911536,-0.49274213508970277,-0.7158191228800355,0.2230769877903327
2022-09-16 04:00:00+00:00,16.13,17.69,16.08,16.18,50603778.0,182026.0,16.643928,16.686666666666667,47.463989218715234,-0.4407909685162572,-0.6608134920072799,0.2200225234910227
2022-09-19 04:00:00+00:00,16.06,16.41,15.44,15.94,18925115.0,99338.0,15.882449,16.616333333333333,45.687821954807426,-0.4142105278274748,-0.6114928991713189,0.19728237134384408
2022-09-20 04:00:00+00:00,15.82,15.951,15.23,15.34,12585539.0,76171.0,15.471342,16.503666666666664,41.50609044841523,-0.43652829620148026,-0.5764999785773512,0.139971682375871
2022-09-21 04:00:00+00:00,15.39,16.16,15.28,15.56,16878449.0,105651.0,15.733164,16.44033333333333,43.546433475982084,-0.43148918827568394,-0.5474978205170178,0.11600863224133384
2022-09-22 04:00:00+00:00,15.4504,15.58,14.12,14.31,20375693.0,139595.0,14.548998,16.31,35.88692644577698,-0.5223390132537542,-0.5424660590643651,0.020127045810610866
2022-09-23 04:00:00+00:00,14.17,14.25,13.58,14.03,18635845.0,120868.0,13.828588,16.174666666666667,34.42619637051433,-0.6099012520456455,-0.5559530976606212,-0.053948154385024316
2022-09-26 04:00:00+00:00,14.01,14.65,13.9515,14.06,11486250.0,73814.0,14.215626,16.021333333333335,34.73272925059986,-0.6691605416741009,-0.5785945864633171,-0.09056595521078381
2022-09-27 04:00:00+00:00,14.81,15.18,14.15,14.41,20173228.0,110734.0,14.625256,15.876333333333331,38.35338628586357,-0.6800427709650645,-0.5988842233636666,-0.08115854760139785
2022-09-28 04:00:00+00:00,14.52,15.32,14.355,15.22,15088617.0,91677.0,14.927742,15.752666666666668,45.84131505556503,-0.6162035743016894,-0.6023480935512713,-0.013855480750418092
2022-09-29 04:00:00+00:00,14.98,15.0,13.99,14.19,14281708.0,89095.0,14.266637,15.610333333333333,39.303655352841616,-0.6413300888896263,-0.6101444926189423,-0.031185596270683957
2022-09-30 04:00:00+00:00,14.05,14.44,13.87,13.97,12247587.0,72451.0,14.136996,15.468333333333334,38.05526575343023,-0.671257357140691,-0.622367065523292,-0.048890291617398995
2022-10-03 04:00:00+00:00,14.0,14.22,13.52,14.09,19230865.0,105151.0,13.847022,15.379666666666667,39.18984941785745,-0.6774823410167023,-0.6333901206219741,-0.044092220394728265
2022-10-04 04:00:00+00:00,14.51,15.68,14.51,15.4,22799936.0,127689.0,15.21341,15.356333333333334,49.96413080758364,-0.5701374441558364,-0.6207395853287466,0.050602141172910176
2022-10-05 04:00:00+00:00,14.961,15.17,14.51,14.99,11615343.0,78607.0,14.850054,15.323333333333332,47.14848989708701,-0.5122445768813044,-0.5990405836392583,0.08679600675795385
2022-10-06 04:00:00+00:00,15.018,15.3,14.305,14.41,13160070.0,88781.0,14.551332,15.255666666666666,43.42075419652115,-0.5073171785678507,-0.5806959026249768,0.07337872405712609
2022-10-07 04:00:00+00:00,14.075,14.18,13.12,13.17,21772496.0,134543.0,13.466843,15.128666666666666,36.733888457121694,-0.5965926678827493,-0.5838752556765314,-0.012717412206217915
2022-10-10 04:00:00+00:00,13.23,13.26,12.29,12.48,20767783.0,128217.0,12.62682,15.003333333333334,33.630274201539464,-0.714781810019689,-0.6100565665451629,-0.10472524347452605
2022-10-11 04:00:00+00:00,12.43,13.2173,12.2,12.65,22058385.0,116999.0,12.749185,14.886,35.08548911956065,-0.785673225539858,-0.6451798983441019,-0.14049332719575602
2022-10-12 04:00:00+00:00,13.25,13.5,12.61,13.09,23170531.0,125565.0,13.036001,14.817333333333332,38.82422700616739,-0.7971616767247216,-0.6755762540202259,-0.12158542270449568
2022-10-13 04:00:00+00:00,12.74,13.24,12.375,13.01,20787237.0,119722.0,12.882627,14.739666666666666,38.39127696871575,-0.8034599028470542,-0.7011529837855915,-0.10230691906146261
2022-10-14 04:00:00+00:00,13.18,13.22,11.87,11.89,23509184.0,141576.0,12.235387,14.623333333333333,32.86555909206514,-0.8885829016284035,-0.738638967354154,-0.14994393427424946
2022-10-17 04:00:00+00:00,12.35,12.92,12.3441,12.41,18897345.0,101946.0,12.535306,14.531666666666666,37.37259067088212,-0.9036669274356903,-0.7716445593704613,-0.13202236806522905
2022-10-18 04:00:00+00:00,12.92,13.16,12.515,13.01,16688542.0,92375.0,12.879071,14.478333333333333,42.19478630649081,-0.8573234499065183,-0.7887803374776727,-0.06854311242884559
2022-10-19 04:00:00+00:00,12.845,12.93,12.45,12.64,11700866.0,69823.0,12.653672,14.409666666666665,40.142131299423646,-0.8407600592508242,-0.799176281832303,-0.04158377741852115
2022-10-20 04:00:00+00:00,12.71,13.1,12.36,12.6,17586540.0,97379.0,12.698889,14.330000000000002,39.91605877945002,-0.8213926157541884,-0.8036195486166802,-0.01777306713750826
2022-10-21 04:00:00+00:00,12.46,13.42,12.28,13.31,17222209.0,89544.0,12.979068,14.270999999999999,45.75567975939542,-0.7402199165388303,-0.7909396222011102,0.0507197056622799
2022-10-24 04:00:00+00:00,13.17,13.175,12.53,12.8,14442089.0,86677.0,12.773871,14.146000000000003,42.55615729478726,-0.7088712785035618,-0.7745259534616006,0.06565467495803878
2022-10-25 04:00:00+00:00,12.9,14.17,12.9,13.92,22687606.0,119552.0,13.833581,14.073333333333332,50.707892580937944,-0.5868873452451204,-0.7369982318183046,0.15011088657318417
2022-10-26 04:00:00+00:00,13.74,14.52,13.62,13.91,15072403.0,84144.0,14.155527,13.982666666666667,50.63879599080502,-0.4854254334871353,-0.6866836721520708,0.20125823866493553
2022-10-27 04:00:00+00:00,14.05,14.38,13.68,13.79,11174021.0,69311.0,13.89426,13.892666666666667,49.7625032728315,-0.40997321848031554,-0.6313415814177198,0.22136836293740425
2022-10-28 04:00:00+00:00,13.79,14.3,13.65,14.23,12792736.0,71280.0,14.135079,13.827666666666666,52.975748262409915,-0.3110864606432866,-0.5672905572628332,0.2562040966195466
2022-10-31 04:00:00+00:00,14.16,14.675,14.045,14.29,24654542.0,96468.0,14.379435,13.772666666666668,53.41333158236074,-0.22527961093457982,-0.4988883679971825,0.2736087570626027
2022-11-01 04:00:00+00:00,14.68,14.84,13.6,13.62,14636463.0,87944.0,13.973043,13.715333333333335,48.037702117345894,-0.20893202656525567,-0.44089709971079716,0.2319650731455415
2022-11-02 04:00:00+00:00,13.67,14.35,13.315,13.34,14045020.0,80316.0,13.69569,13.641333333333334,45.956132027477715,-0.21607928067401616,-0.395933535903441,0.17985425522942483
2022-11-03 04:00:00+00:00,13.23,14.075,13.15,13.64,10715253.0,62271.0,13.700467,13.619,48.529574584882866,-0.1952849153099514,-0.35580381178474313,0.16051889647479173
2022-11-04 04:00:00+00:00,14.04,14.34,13.3,13.89,19218221.0,102873.0,13.822486,13.614333333333333,50.63895932079222,-0.15682454455109784,-0.3160079583380141,0.15918341378691625
2022-11-07 05:00:00+00:00,14.05,14.2,13.205,13.85,16367960.0,96417.0,13.621398,13.607333333333333,50.283875041040346,-0.12809548433203943,-0.2784254635368192,0.15032997920477975
2022-11-08 05:00:00+00:00,13.91,14.04,13.07,13.5,23025624.0,147423.0,13.237773,13.577,47.16728089315351,-0.1320474116893937,-0.2491498531673341,0.11710244147794038
2022-11-09 05:00:00+00:00,12.49,12.53,10.89,11.21,52598513.0,254579.0,11.355992,13.443333333333333,32.82982255085297,-0.3163168999415724,-0.2625832625221818,-0.053733637419390634
2022-11-10 05:00:00+00:00,12.01,12.34,11.37,12.11,43262122.0,191032.0,11.92238,13.373999999999999,40.486471550866845,-0.3852879588292737,-0.2871242017836002,-0.09816375704567348
2022-11-11 05:00:00+00:00,12.13,13.1785,12.07,12.91,29191481.0,139069.0,12.779921,13.338666666666667,46.34154767454601,-0.3711167034412419,-0.30392270211512856,-0.06719400132611336
2022-11-14 05:00:00+00:00,12.88,12.96,12.1018,12.21,18403840.0,107244.0,12.344911,13.276,42.40988145436267,-0.4116250736820568,-0.32546317642851424,-0.08616189725354256
2022-11-15 05:00:00+00:00,12.715,12.82,12.3,12.36,21735650.0,109613.0,12.531616,13.174666666666667,43.515769656983416,-0.42670570479742764,-0.3457116821022969,-0.08099402269513073
2022-11-16 05:00:00+00:00,12.3,12.3,11.32,11.37,23032355.0,133205.0,11.531368,13.054,38.28971438770107,-0.5126326299755988,-0.3790958716769573,-0.13353675829864148
2022-11-17 05:00:00+00:00,11.24,11.49,11.03,11.46,18377405.0,94434.0,11.271766,12.955666666666666,39.006848532453866,-0.5669328405285743,-0.4166632654472807,-0.15026957508129357
2022-11-18 05:00:00+00:00,11.58,11.66,11.085,11.26,14755863.0,71155.0,11.244556,12.892000000000001,37.951386392020126,-0.6189693833774452,-0.4571244890333136,-0.16184489434413163
2022-11-21 05:00:00+00:00,11.11,11.11,10.25,10.31,32052726.0,163101.0,10.451549,12.819666666666668,33.337068636600094,-0.7284684481920589,-0.5113932808650627,-0.21707516732699617
2022-11-22 05:00:00+00:00,10.39,10.39,9.98,10.13,24129676.0,112631.0,10.116819,12.735666666666669,32.530023521991325,-0.820315653409299,-0.57317775537391,-0.247137898035389
2022-11-23 05:00:00+00:00,10.24,10.35,10.0514,10.25,18478572.0,92078.0,10.217355,12.641,33.68265626039752,-0.8733547383697076,-0.6332131519730696,-0.24014158639663796
2022-11-25 05:00:00+00:00,10.27,10.28,9.965,10.02,12414213.0,63566.0,10.036908,12.541333333333334,32.53538116961904,-0.9233043948102608,-0.6912314005405079,-0.23207299426975292
2022-11-28 05:00:00+00:00,9.985,10.1884,9.83,9.85,24186889.0,111831.0,9.97891,12.473333333333334,31.67655562767939,-0.9654780071803764,-0.7460807218684816,-0.21939728531189473
2022-11-29 05:00:00+00:00,10.05,10.07,9.7,9.76,19666561.0,87590.0,9.809454,12.385,31.206901680032104,-0.9946968999811201,-0.7958039574910093,-0.1988929424901108
2022-11-30 05:00:00+00:00,9.86,10.36,9.84,10.14,69487009.0,150791.0,10.050018,12.289333333333333,35.551771603843804,-0.9759402273893247,-0.8318312114706724,-0.14410901591865233
2022-12-01 05:00:00+00:00,10.105,10.235,9.57,9.83,27314295.0,127901.0,9.855109,12.195666666666666,33.682799292427305,-0.9748523474112591,-0.8604354386587898,-0.11441690875246935
2022-12-02 05:00:00+00:00,9.64,10.165,9.55,10.15,27456297.0,104757.0,9.8605,12.114,37.34442786322973,-0.9373635258055231,-0.8758210560881364,-0.06154246971738664
2022-12-05 05:00:00+00:00,10.11,10.19,9.4,9.43,26098202.0,117829.0,9.682515,11.984666666666666,32.9377685383608,-0.9547456339399982,-0.8916059716585089,-0.06313966228148937
2022-12-06 05:00:00+00:00,9.52,9.52,8.54,8.65,39132222.0,178411.0,8.760245,11.846333333333332,28.952024590908863,-1.0197060248266645,-0.91722598229214,-0.10248004253452447
2022-12-07 05:00:00+00:00,8.5,8.735,8.2853,8.61,23883686.0,106093.0,8.543218,11.669333333333334,28.759825407046137,-1.0621712196828668,-0.9462150297702855,-0.11595618991258128
2022-12-08 05:00:00+00:00,8.62,8.84,8.405,8.68,24855926.0,93695.0,8.668694,11.495000000000001,29.64010476175106,-1.0777531105852152,-0.9725226459332714,-0.10523046465194374
2022-12-09 05:00:00+00:00,8.53,8.69,8.14,8.68,43064562.0,140917.0,8.379272,11.324666666666666,29.64010476175106,-1.077679058037651,-0.9935539283541474,-0.08412512968350361
2022-12-12 05:00:00+00:00,8.54,8.59,8.13,8.28,26159763.0,109346.0,8.329921,11.126333333333333,27.396616556237134,-1.097248628742122,-1.0142928684317423,-0.08295576031037966
2022-12-13 05:00:00+00:00,8.7,8.955,7.94,7.99,40334446.0,162618.0,8.250706,10.916333333333334,25.867896840462876,-1.1232105587385917,-1.0360764064931123,-0.08713415224547938
2022-12-14 05:00:00+00:00,7.96,7.97,7.59,7.68,29774172.0,131150.0,7.76982,10.718333333333334,24.30653903252697,-1.155480326584959,-1.0599571905114815,-0.0955231360734774
2022-12-15 05:00:00+00:00,7.71,7.82,7.43,7.45,31343417.0,124368.0,7.556288,10.522,23.188235130875242,-1.185942619608923,-1.0851542763309698,-0.10078834327795327
2022-12-16 05:00:00+00:00,7.405,7.62,7.185,7.37,41777970.0,127840.0,7.336953,10.313,22.795381817305127,-1.2026758392760293,-1.1086585889199818,-0.09401725035604747
2022-12-19 05:00:00+00:00,7.35,7.37,7.05,7.23,22954065.0,95253.0,7.219637,10.091,22.090067814233052,-1.2132482952627814,-1.1295765301885416,-0.08367176507423979
2022-12-20 05:00:00+00:00,7.57,7.89,7.22,7.23,42411150.0,149312.0,7.471514,9.870333333333333,22.090067814233052,-1.2077053671012585,-1.1452022975710852,-0.06250306953017337
2022-12-21 05:00:00+00:00,7.39,7.39,7.15,7.18,26956149.0,88648.0,7.25842,9.659666666666668,21.810547396747438,-1.1935881969792534,-1.154879477452719,-0.03870871952653454
2022-12-22 05:00:00+00:00,7.12,7.17,6.63,6.89,35161346.0,124137.0,6.83403,9.515666666666666,20.212978903814786,-1.1920594944964389,-1.1623154808614629,-0.02974401363497603
2022-12-23 05:00:00+00:00,6.88,6.9,6.59,6.7,22584947.0,80712.0,6.711246,9.335333333333333,19.219681295974738,-1.1924337646937042,-1.168339137627911,-0.02409462706579313
2022-12-27 05:00:00+00:00,6.608,6.61,6.18,6.2,35811180.0,127254.0,6.309705,9.111666666666668,16.870207631506133,-1.2190240474443383,-1.1784761195911966,-0.04054792785314176
2022-12-28 05:00:00+00:00,6.25,6.64,6.215,6.38,27973140.0,96029.0,6.398855,8.917333333333335,20.631687404099083,-1.2116059037595743,-1.1851020764248723,-0.026503827334702024
2022-12-29 05:00:00+00:00,6.6,6.9,6.48,6.7,26601588.0,93645.0,6.715031,8.728666666666667,26.95915567932461,-1.166459427610432,-1.1813735466619844,0.014914119051552266
2022-12-30 05:00:00+00:00,6.55,6.83,6.515,6.83,22488811.0,80033.0,6.707514,8.577333333333334,29.420867454067803,-1.1074249015379083,-1.1665838176371692,0.05915891609926094
2023-01-03 05:00:00+00:00,6.97,7.07,6.14,6.17,31440753.0,129998.0,6.386355,8.401,24.84302216289292,-1.1012021258225353,-1.1535074792742426,0.05230535345170728
2023-01-04 05:00:00+00:00,6.25,6.72,6.15,6.48,26172332.0,98923.0,6.489949,8.241666666666667,30.326729595327265,-1.0590480750390103,-1.1346155984271962,0.07556752338818584
2023-01-05 05:00:00+00:00,6.34,6.3938,6.17,6.25,21443110.0,78759.0,6.262196,8.106333333333334,28.65612650924767,-1.0323000514902194,-1.114152489039801,0.08185243754958149
2023-01-06 05:00:00+00:00,6.1501,6.43,6.09,6.36,24539337.0,86575.0,6.300942,7.980666666666667,30.624481716707862,-0.9908045908580876,-1.0894829094034582,0.09867831854537057
2023-01-09 05:00:00+00:00,6.4901,6.98,6.375,6.88,21914782.0,91873.0,6.748552,7.868333333333334,39.16864640541295,-0.9055212004385185,-1.0526905676104703,0.14716936717195184
