timestamp,open,high,low,close,volume,trade_count,vwap,30sma,rsi,macd,signal,histogram
2022-01-03 05:00:00+00:00,721.13,731.0599,711.83,725.46,1058422.0,30030.0,721.929166,,,,,
2022-01-04 05:00:00+00:00,726.73,731.8492,702.45,712.0,1456518.0,44494.0,713.076255,,,,,
2022-01-05 05:00:00+00:00,712.79,714.8999,690.61,691.81,1384523.0,38531.0,700.4766,,,,,
2022-01-06 05:00:00+00:00,693.5,705.69,686.96,701.91,1186864.0,36880.0,698.998188,,,,,
2022-01-07 05:00:00+00:00,697.88,703.215,668.39,669.29,1568151.0,42447.0,676.895231,,,,,
2022-01-10 05:00:00+00:00,658.62,667.82,643.21,664.29,1617808.0,47543.0,656.98853,,,,,
2022-01-11 05:00:00+00:00,652.82,673.55,652.01,673.21,918920.0,30818.0,666.871978,,,,,
2022-01-12 05:00:00+00:00,679.08,689.02,674.32,686.32,927985.0,28627.0,684.118484,,,,,
2022-01-13 05:00:00+00:00,705.0,730.655,683.33,686.77,2911615.0,67717.0,708.50662,,,,,
2022-01-14 05:00:00+00:00,683.57,730.75,681.8,729.82,1938875.0,53271.0,716.703093,,,,,
2022-01-18 05:00:00+00:00,716.655,717.4,676.43,679.01,2004959.0,55082.0,690.511767,,,,,
2022-01-19 05:00:00+00:00,690.85,698.68,642.05,642.73,1830194.0,53880.0,658.952581,,,,,
2022-01-20 05:00:00+00:00,654.69,657.99,617.52,619.67,1938088.0,57052.0,636.805554,,,,,
2022-01-21 05:00:00+00:00,616.1965,636.73,604.45,605.79,2210994.0,73087.0,616.772818,,,,,
2022-01-24 05:00:00+00:00,585.0,623.24,575.51,621.82,2452620.0,68677.0,599.737607,,31.941734039587416,,,
2022-01-25 05:00:00+00:00,600.14,604.44,581.0,588.23,1881909.0,58264.0,590.946917,,28.365954569909135,,,
2022-01-26 05:00:00+00:00,603.52,614.22,580.38,596.67,2324729.0,61564.0,600.290551,,30.472100563310093,,,
2022-01-27 05:00:00+00:00,594.9,600.5,550.73,555.3,3087777.0,82697.0,561.626511,,26.37816231044164,,,
2022-01-28 05:00:00+00:00,553.62,561.16,530.0,561.14,1998020.0,60413.0,549.642966,,27.85175239914382,,,
2022-01-31 05:00:00+00:00,563.56,589.97,556.83,589.92,1894085.0,46518.0,582.062032,,34.77985663307631,,,
2022-02-01 05:00:00+00:00,590.0,593.85,572.0,589.47,1131399.0,35059.0,584.397585,,34.72371033096323,,,
2022-02-02 05:00:00+00:00,597.97,613.3044,590.0701,611.77,1661042.0,45678.0,605.165866,,39.901386188072266,,,
2022-02-03 05:00:00+00:00,596.98,605.56,585.77,588.76,1998164.0,43935.0,594.664153,,36.66933062184267,,,
2022-02-04 05:00:00+00:00,586.5,589.55,573.6401,579.07,1442343.0,36903.0,580.94342,,35.37000558987941,,,
2022-02-07 05:00:00+00:00,581.07,589.53,568.98,571.37,1083459.0,29588.0,577.191182,,34.329059216555365,,,
2022-02-08 05:00:00+00:00,566.53,577.57,560.6,576.29,1293024.0,34717.0,572.837036,,35.632581267610746,-40.95328304840723,,
2022-02-09 05:00:00+00:00,589.07,610.5,583.03,607.44,1168626.0,36670.0,602.458542,,43.305548351562905,-36.8755042406093,,
2022-02-10 05:00:00+00:00,588.74,615.99,587.99,594.87,1467514.0,36370.0,600.745407,,41.17266020849828,-34.26316467050424,,
2022-02-11 05:00:00+00:00,595.01,599.94,555.38,559.99,1490815.0,39077.0,570.964171,,35.89030534921696,-34.6084466065131,,
2022-02-14 05:00:00+00:00,560.67,569.04,547.66,558.25,1270600.0,35881.0,558.62686,627.948,35.64462515193293,-34.623371808725096,,
2022-02-15 05:00:00+00:00,569.41,596.77,569.41,593.82,1382521.0,35226.0,586.913606,623.56,44.072831020258185,-31.403004126028122,,
2022-02-16 05:00:00+00:00,584.48,595.4,577.2719,591.47,764747.0,28609.0,586.02206,619.5423333333333,43.66595513057297,-28.70951942732222,,
2022-02-17 05:00:00+00:00,587.18,595.22,579.22,580.61,1259758.0,36569.0,584.790266,615.8356666666666,41.74785269840943,-27.138390168480555,,
2022-02-18 05:00:00+00:00,580.8054,582.24,563.29,569.99,1207206.0,34567.0,572.687917,611.4383333333334,39.90197631564499,-26.445358525018037,-32.78000473573421,6.334646210716173
2022-02-22 05:00:00+00:00,561.0,577.35,550.92,560.12,1017850.0,40694.0,562.249336,607.7993333333333,38.211012420613514,-26.38836383541036,-31.50167655566944,5.113312720259081
2022-02-23 05:00:00+00:00,566.73,571.05,541.24,542.39,1243513.0,39883.0,551.075335,603.7360000000001,35.31577036386392,-27.457346755684625,-30.69281059567248,3.2354638399878546
2022-02-24 05:00:00+00:00,525.1,564.09,519.55,562.93,1562810.0,52358.0,545.869166,600.06,40.90231402281096,-26.34344623161826,-29.82293772286164,3.4794914912433796
2022-02-25 05:00:00+00:00,564.21,573.88,556.11,573.2,1000533.0,33911.0,568.687002,596.2893333333334,43.52851918526636,-24.35126267308624,-28.72860271290656,4.3773400398203215
2022-02-28 05:00:00+00:00,566.41,571.14,550.21,561.35,1314609.0,33718.0,560.13775,592.1086666666666,41.25068587933811,-23.458226977107074,-27.674527565746665,4.216300588639591
2022-03-01 05:00:00+00:00,558.06,562.4,535.16,540.57,1518402.0,47175.0,544.66509,585.8003333333332,37.54077749424125,-24.1488887312305,-26.969399798843433,2.8205110676129337
2022-03-02 05:00:00+00:00,547.27,558.2325,540.91,554.02,1180702.0,36158.0,552.476915,581.634,41.225321099690944,-23.341870006042654,-26.243893840283278,2.902023834240623
2022-03-03 05:00:00+00:00,560.5,560.5,538.695,543.51,994372.0,32242.0,546.000348,578.3266666666667,39.2755889710884,-23.281990719857845,-25.651513216198193,2.3695224963403483
2022-03-04 05:00:00+00:00,538.74,542.015,519.61,525.78,1366248.0,43231.0,526.941976,575.197,36.167983350284764,-24.384113891993934,-25.39803335135734,1.0139194593634073
2022-03-07 05:00:00+00:00,527.6,533.53,488.71,489.15,2034714.0,58446.0,500.287034,571.309,30.753992023020317,-27.89177035002649,-25.89678075109117,-1.9949895989353195
2022-03-08 05:00:00+00:00,491.23,511.12,479.05,490.37,2023394.0,61203.0,492.509873,566.9273333333333,31.123794715427493,-30.224757371561623,-26.762376075185262,-3.4623812963763605
2022-03-09 05:00:00+00:00,509.4,522.21,504.29,517.31,1368675.0,39786.0,515.218102,564.5633333333333,38.88526032662173,-29.559094697590012,-27.321719799666216,-2.2373748979237966
2022-03-10 05:00:00+00:00,504.78,507.005,488.2577,497.07,1072761.0,37814.0,495.630139,561.2433333333333,35.63616065594266,-30.315295227126967,-27.920434885158368,-2.3948603419685988
2022-03-11 05:00:00+00:00,511.55,512.17,482.58,483.39,843098.0,34734.0,489.75248,558.8463333333333,33.59306843324839,-31.653568630870836,-28.667061634300865,-2.9865069965699718
2022-03-14 04:00:00+00:00,488.29,490.58,466.06,469.0,1490192.0,38463.0,473.116825,555.775,31.544368825250928,-33.48926923345232,-29.631503154131156,-3.8577660793211628
2022-03-15 04:00:00+00:00,475.17,486.95,471.555,484.72,1204815.0,33558.0,480.558738,552.2683333333333,36.127073352490626,-33.29183501344119,-30.363569525993164,-2.928265487448023
2022-03-16 04:00:00+00:00,496.3,514.625,490.0,514.49,1592023.0,44386.0,506.846908,549.769,43.79998325971992,-30.38294113721082,-30.367443848236697,-0.015497288974124501
2022-03-17 04:00:00+00:00,510.17,526.59,507.55,526.32,1320729.0,37108.0,520.682013,546.9206666666666,46.547870384360955,-26.813945181335612,-29.656744114856483,2.8427989335208714
2022-03-18 04:00:00+00:00,525.17,547.48,523.0,544.64,2174706.0,44168.0,540.043992,545.45,50.57790694765832,-22.250726752301375,-28.175540642345464,5.9248138900440885
2022-03-21 04:00:00+00:00,538.0,544.2791,525.87,536.86,1020961.0,31749.0,534.249629,544.043,48.892048830300396,-19.04261286343069,-26.348955086562512,7.306342223131821
2022-03-22 04:00:00+00:00,538.0,552.85,538.0,546.76,1047354.0,31394.0,546.464021,543.2226666666667,51.12454765598944,-15.522379897923088,-24.18364004883463,8.661260150911541
2022-03-23 04:00:00+00:00,540.37,548.0,530.59,530.99,953541.0,32217.0,537.350784,541.7126666666667,47.56060032090176,-13.845475097050553,-22.116007058477813,8.27053196142726
2022-03-24 04:00:00+00:00,537.3,556.7,531.79,556.22,1178992.0,35099.0,549.667462,540.0053333333333,53.18362307496255,-10.361228029733752,-19.765051252729002,9.40382322299525
2022-03-25 04:00:00+00:00,555.16,556.9285,545.17,554.82,747716.0,24833.0,552.145359,538.6703333333332,52.84500391144545,-7.625009067821907,-17.337042815747584,9.712033747925677
2022-03-28 04:00:00+00:00,549.57,557.86,540.93,557.31,1429727.0,58453.0,552.102365,538.581,53.41314086606598,-5.195720604012763,-14.90877837340062,9.713057769387857
2022-03-29 04:00:00+00:00,568.4,574.786,558.1571,568.93,1114648.0,37606.0,567.143341,538.937,56.07294050341912,-2.3062698633757464,-12.388276671395646,10.0820068080199
2022-03-30 04:00:00+00:00,562.22,570.99,545.33,548.56,1298133.0,39642.0,553.57413,537.4283333333334,50.61720581211366,-1.6411301678524524,-10.238847370687008,8.597717202834556
2022-03-31 04:00:00+00:00,549.99,557.51,537.14,537.61,1454099.0,44075.0,543.183607,535.633,47.91817434317686,-1.9748112591905738,-8.58604014838772,6.611228889197147
2022-04-01 04:00:00+00:00,541.22,545.77,517.07,525.45,1203798.0,42897.0,525.326247,533.7943333333334,45.04563097258003,-3.183765832071572,-7.505585285124491,4.321819453052919
2022-04-04 04:00:00+00:00,526.33,536.76,524.35,535.55,875314.0,33125.0,532.853228,532.6463333333334,47.842398847286695,-3.2889722258436223,-6.662262673268318,3.3732904474246954
2022-04-05 04:00:00+00:00,528.61,530.0,500.05,503.64,1961531.0,55939.0,506.917801,530.7636666666666,40.78084145686494,-5.879444788190995,-6.505699096252853,0.6262543080618581
2022-04-06 04:00:00+00:00,493.91,505.7,488.07,498.17,1574571.0,60626.0,495.956591,529.2896666666667,39.69912439638035,-8.278368365093456,-6.860232950020974,-1.4181354150724825
2022-04-07 04:00:00+00:00,497.34,508.765,492.715,503.34,998386.0,34624.0,501.729028,527.3033333333334,41.28437911475736,-9.651104861355066,-7.418407332287793,-2.2326975290672726
2022-04-08 04:00:00+00:00,498.01,500.88,490.8301,492.04,920626.0,37089.0,493.678734,524.5980000000001,38.87858493758912,-11.518051063709777,-8.238336078572189,-3.2797149851375877
2022-04-11 04:00:00+00:00,487.14,488.03,475.21,475.76,1689691.0,54878.0,478.632663,521.745,35.65490010192107,-14.148187819814439,-9.42030642682064,-4.727881392993799
2022-04-12 04:00:00+00:00,481.02,487.95,464.765,467.0,1668710.0,52318.0,472.740149,519.2926666666667,34.02028874819706,-16.746406784627766,-10.885526498382065,-5.860880286245701
2022-04-13 04:00:00+00:00,469.66,477.31,467.88,472.61,1130896.0,36865.0,473.323111,516.5790000000001,36.04251662182447,-18.143684813645393,-12.337158161434731,-5.806526652210662
2022-04-14 04:00:00+00:00,473.42,474.0,455.84,456.16,1361576.0,40900.0,461.51416,513.6673333333333,32.861975109073796,-20.34390338551225,-13.938507206250236,-6.405396179262013
2022-04-18 04:00:00+00:00,451.28,473.0,451.001,470.55,1657600.0,44070.0,466.871909,511.8263333333333,38.01488937393541,-20.68796177218269,-15.288398119436728,-5.399563652745961
2022-04-19 04:00:00+00:00,469.28,482.78,466.025,479.19,1211980.0,33855.0,478.442732,511.4943333333333,40.945608423624584,-20.03253216889385,-16.237224929328153,-3.795307239565698
2022-04-20 04:00:00+00:00,492.66,504.81,479.68,481.45,2011623.0,58775.0,486.704432,511.197,41.72180598082806,-19.110443081771393,-16.8118685598168,-2.298574521954592
2022-04-21 04:00:00+00:00,488.65,497.6,468.5,469.51,2272628.0,58247.0,478.172404,509.60366666666664,38.81883222453963,-19.122704417139573,-17.27403573128136,-1.8486686858582146
2022-04-22 04:00:00+00:00,467.0,472.31,460.37,463.13,2020695.0,46999.0,465.195072,508.4723333333333,37.32440775132974,-19.423334187959256,-17.703895422616938,-1.7194387653423178
2022-04-25 04:00:00+00:00,460.48,480.36,459.7,476.42,1399476.0,38801.0,472.49575,508.24,42.30687606784096,-18.377350855262875,-17.838586509146126,-0.53876434611675
2022-04-26 04:00:00+00:00,466.64,470.31,456.71,457.22,1485386.0,38881.0,460.911907,507.8473333333333,37.65021631982083,-18.880043676024798,-18.04687794252186,-0.8331657335029377
2022-04-27 04:00:00+00:00,454.41,468.58,449.5,456.78,1227801.0,35706.0,457.30437,506.91600000000005,37.548218938808326,-19.09383384982948,-18.256269123983387,-0.837564725846093
2022-04-28 04:00:00+00:00,468.26,489.61,462.61,484.49,1664782.0,42548.0,479.005298,505.916,47.241720823299296,-16.833255395119977,-17.971666378210706,1.1384109830907292
2022-04-29 04:00:00+00:00,475.0,491.44,464.86,465.76,1395548.0,38304.0,471.729827,503.89733333333334,42.44595354724177,-16.364446003024284,-17.650222303173422,1.2857763001491378
2022-05-02 04:00:00+00:00,467.28,479.76,459.175,479.32,1279029.0,31526.0,472.640025,501.72,46.66713391646575,-14.728946382401944,-17.065967119019128,2.337020736617184
2022-05-03 04:00:00+00:00,476.6,488.64,473.2,485.39,950794.0,26972.0,483.949833,500.0043333333333,48.48841365544945,-12.795504270718936,-16.211874549359088,3.4163702786401515
2022-05-04 04:00:00+00:00,487.17,507.625,477.41,505.92,1181415.0,34365.0,496.028221,498.643,54.18686315628835,-9.497160687255416,-14.868931776938354,5.371771089682937
2022-05-05 04:00:00+00:00,494.4,497.99,473.08,481.32,1437365.0,36327.0,482.057648,496.9873333333333,47.417861991806284,-8.767151775000343,-13.648575776550752,4.881424001550409
2022-05-06 04:00:00+00:00,476.72,489.51,464.94,478.23,1058805.0,30559.0,478.787041,494.3876666666667,46.62990383859629,-8.341792635484353,-12.587219148337473,4.24542651285312
2022-05-09 04:00:00+00:00,459.96,462.39,442.53,447.15,1584016.0,49293.0,450.53983,490.7986666666667,39.51692464680866,-10.392787125772543,-12.148332743824488,1.7555456180519453
2022-05-10 04:00:00+00:00,460.97,469.1,446.52,459.12,1398559.0,37020.0,458.915526,487.5256666666666,43.115875533342866,-10.926383525562244,-11.903942900172039,0.977559374609795
2022-05-11 04:00:00+00:00,454.9,469.0,446.08,447.2,1159265.0,29960.0,453.227346,483.468,40.52956434532204,-12.170809382655989,-11.95731619666883,-0.2134931859871596
2022-05-12 04:00:00+00:00,446.78,462.07,445.0001,460.43,1536464.0,35280.0,453.93899,480.5303333333333,44.508255420638186,-11.951703608212028,-11.95619367897747,0.004490070765442056
2022-05-13 04:00:00+00:00,465.6,495.3,465.0,492.46,1609169.0,45169.0,486.045436,479.0253333333333,52.75005719148336,-9.088738074294781,-11.382702558040933,2.2939644837461515
2022-05-16 04:00:00+00:00,486.42,493.05,479.0,482.47,961040.0,25123.0,484.422087,477.5926666666667,50.243558897867786,-7.539021623797794,-10.613966371192305,3.074944747394511
2022-05-17 04:00:00+00:00,495.02,516.37,490.05,512.27,1615293.0,47127.0,506.404873,476.81666666666666,56.83277918075822,-3.86173356003178,-9.2635198089602,5.4017862489284205
2022-05-18 04:00:00+00:00,500.515,508.5,474.62,477.48,1692220.0,49243.0,484.366621,475.94466666666665,48.720877679062994,-3.7119297088187295,-8.153201788931908,4.441272080113178
2022-05-19 04:00:00+00:00,479.5,485.975,471.1,472.13,1105627.0,35147.0,476.958867,475.07666666666665,47.595815352551305,-3.9790414526397058,-7.318369721673467,3.3393282690337616
2022-05-20 04:00:00+00:00,480.42,484.15,450.46,474.12,1691851.0,50604.0,467.49171,474.10266666666666,48.07611540357884,-3.984225394919463,-6.651540856322667,2.667315461403204
2022-05-23 04:00:00+00:00,476.29,485.94,472.05,483.3,1054293.0,34392.0,480.93839,473.8113333333333,50.33737600073903,-3.210574917846145,-5.963347668627363,2.752772750781218
2022-05-24 04:00:00+00:00,477.49,480.5133,465.73,470.97,931750.0,32040.0,470.633935,473.65166666666664,47.354405835400314,-3.551440499422938,-5.480966234786479,1.9295257353635407
2022-05-25 04:00:00+00:00,465.61,491.625,465.37,487.58,1275123.0,38566.0,481.344672,474.3376666666666,51.52207819756904,-2.4530139265908133,-4.875375773147345,2.422361846556532
2022-05-26 04:00:00+00:00,481.89,513.44,480.94,509.21,1287891.0,41063.0,506.669996,475.55766666666665,56.366311346273704,0.161001353281506,-3.868100347861575,4.029101701143081
2022-05-27 04:00:00+00:00,517.22,537.37,515.25,531.02,1647908.0,49145.0,529.609235,478.053,60.6374892858446,3.947013309269437,-2.305077616435373,6.25209092570481
2022-05-31 04:00:00+00:00,524.69,526.0,510.43,519.77,1102360.0,38850.0,519.65388,479.6936666666667,57.51030860369137,5.970845886647339,-0.6498929158188305,6.620738802466169
2022-06-01 04:00:00+00:00,523.22,525.0,499.56,505.79,1015464.0,37125.0,508.824811,480.58033333333333,53.797415001646584,6.373212197850478,0.7547281069150313,5.618484090935446
2022-06-02 04:00:00+00:00,503.06,523.79,502.05,523.3,1149834.0,40707.0,517.045768,481.97533333333337,57.498544393167656,8.012636376737873,2.2063097608796,5.806326615858273
2022-06-03 04:00:00+00:00,512.69,521.27,509.21,513.8,1062563.0,36201.0,515.3757,483.4516666666667,54.927667429612015,8.4479386664446,3.4546355419926,4.993303124452
2022-06-06 04:00:00+00:00,526.67,532.89,513.7,516.26,778879.0,28112.0,521.24313,485.22266666666667,55.48273909981515,8.888953979845155,4.541499229563112,4.3474547502820435
2022-06-07 04:00:00+00:00,509.42,524.97,508.3548,523.44,1144843.0,25968.0,518.093161,486.78999999999996,57.141743538636824,9.705943709947007,5.574388125639891,4.131555584307116
2022-06-08 04:00:00+00:00,521.87,524.065,507.95,512.13,897065.0,28011.0,513.877275,488.62033333333335,53.74413724237878,9.333204111480427,6.326151322807999,3.0070527886724276
2022-06-09 04:00:00+00:00,503.08,513.4,493.16,493.45,861460.0,28918.0,500.405255,489.8426666666666,48.603830743207425,7.444667911981185,6.5498546406426374,0.8948132713385473
2022-06-10 04:00:00+00:00,485.2,488.36,473.81,474.41,1089260.0,36427.0,476.904952,489.5066666666666,43.985912101064194,4.361345614231254,6.112152835360361,-1.750807221129107
2022-06-13 04:00:00+00:00,455.01,462.3,445.19,447.08,1465732.0,41228.0,449.796318,488.88399999999996,38.3530054892271,-0.284235623199379,4.832875143648414,-5.117110766847793
2022-06-14 04:00:00+00:00,453.3,455.41,445.1001,449.77,1167584.0,29703.0,450.129231,487.899,39.17861105945408,-3.7061099759076797,3.1250781197371955,-6.831188095644875
2022-06-15 04:00:00+00:00,449.77,462.78,444.46,453.64,1552369.0,35666.0,452.792309,486.84066666666666,40.41496069391511,-6.03611284511328,1.2928399267671005,-7.32895277188038
2022-06-16 04:00:00+00:00,441.56,443.025,412.69,418.3,1903079.0,53133.0,421.515535,483.92,33.68178000003408,-10.611971356939705,-1.0881223299742604,-9.523849026965445
2022-06-17 04:00:00+00:00,417.12,424.2154,411.39,419.46,1791783.0,34652.0,419.342237,481.858,34.070052796914325,-13.98357593051378,-3.6672130500821645,-10.316362880431615
2022-06-21 04:00:00+00:00,427.25,442.32,426.99,433.04,1212209.0,32071.0,434.751012,480.35166666666663,38.601999513133585,-15.382484631399336,-6.0102673663456,-9.372217265053736
2022-06-22 04:00:00+00:00,423.27,434.68,420.52,425.63,1106155.0,29965.0,426.999906,479.6343333333333,37.1032895180583,-16.894307862789447,-8.18707546563437,-8.707232397155076
2022-06-23 04:00:00+00:00,431.35,431.35,415.425,424.08,899791.0,28883.0,422.950419,478.46633333333335,36.78160023248747,-18.00990375219442,-10.15164112294638,-7.858262629248038
2022-06-24 04:00:00+00:00,432.34,450.41,431.1968,450.19,1402344.0,33029.0,447.021017,478.566,45.37346942824129,-16.595856044438165,-11.440484107244737,-5.1553719371934275
2022-06-27 04:00:00+00:00,456.12,457.23,446.25,449.79,767795.0,21812.0,450.435713,478.21133333333336,45.27195886269969,-15.330766176031545,-12.2185405210021,-3.1122256550294463
2022-06-28 04:00:00+00:00,451.38,459.27,436.77,438.26,935257.0,26275.0,443.273308,476.4046666666666,42.33205828388634,-15.08466139393488,-12.791764695588656,-2.2928966983462242
2022-06-29 04:00:00+00:00,432.45,434.0,425.0,427.05,1174267.0,31601.0,428.646271,474.5573333333333,39.63701765797944,-15.614184298059286,-13.356248616082782,-2.2579356819765035
2022-06-30 04:00:00+00:00,419.02,436.74,415.0,426.15,1062965.0,29876.0,426.065239,471.68666666666667,39.420030283638894,-15.922908119831334,-13.869580516832492,-2.0533276029988414
2022-07-01 04:00:00+00:00,409.1,414.7,386.505,394.83,2966101.0,66343.0,396.067157,468.9316666666666,32.70931426025014,-18.481789654042075,-14.792022344274411,-3.6897673097676638
2022-07-05 04:00:00+00:00,379.67,391.0,375.87,388.77,2688278.0,62013.0,384.038191,466.153,31.58879202157803,-20.759411486782255,-15.98550017277598,-4.773911314006275
2022-07-06 04:00:00+00:00,391.03,396.795,383.66,391.69,1251751.0,30966.0,390.875943,463.4053333333333,32.7836569994583,-22.074364073837614,-17.203272952988307,-4.871091120849307
2022-07-07 04:00:00+00:00,403.22,417.42,402.02,414.88,1375342.0,41002.0,413.082299,461.12466666666666,41.51950717809109,-21.00312334775458,-17.963243031941563,-3.0398803158130185
2022-07-08 04:00:00+00:00,409.18,417.1767,405.36,415.12,921343.0,27497.0,412.035174,459.26300000000003,41.60409500474339,-19.90533504842739,-18.35166143523873,-1.5536736131886606
2022-07-11 04:00:00+00:00,409.06,410.03,398.45,402.41,1098317.0,27990.0,404.088467,456.42400000000004,38.433601162563264,-19.832306209371325,-18.647790390065246,-1.1845158193060783
2022-07-12 04:00:00+00:00,404.9,410.93,401.78,405.87,953566.0,23325.0,406.494238,452.97933333333333,39.7790090331797,-19.27306929889295,-18.772846171830786,-0.5002231270621635
2022-07-13 04:00:00+00:00,396.13,414.35,396.0,412.01,921985.0,26465.0,409.874239,449.0123333333333,42.193170526867924,-18.125484035140403,-18.64337374449271,0.5178897093523069
2022-07-14 04:00:00+00:00,408.26,423.085,401.19,419.32,1111380.0,31109.0,414.574314,445.664,45.01911631209538,-16.436686645760062,-18.20203632474618,1.7653496789861194
2022-07-15 04:00:00+00:00,424.16,427.39,412.01,427.13,1337598.0,32831.0,422.764698,443.04200000000003,47.94696783267849,-14.303222176635757,-17.4222734951241,3.119051318488342
2022-07-18 04:00:00+00:00,437.85,437.86,419.69,423.16,908084.0,24887.0,428.37933,439.704,46.58883168369651,-12.785399903941425,-16.494898776887563,3.7094988729461384
2022-07-19 04:00:00+00:00,430.99,447.69,429.94,446.94,1488409.0,34985.0,444.042061,437.47533333333325,54.84042851497435,-9.553540289677244,-15.106627079445499,5.553086789768255
2022-07-20 04:00:00+00:00,445.97,468.38,444.4,465.1,1850662.0,43177.0,461.13536,435.77000000000004,59.931380277327605,-5.463923323633537,-13.178086328283108,7.714163004649571
2022-07-21 04:00:00+00:00,468.77,477.165,461.6,476.13,1381153.0,32935.0,471.86646,434.19300000000004,62.683069808051485,-1.3176544946975355,-10.805999961565995,9.48834546686846
2022-07-22 04:00:00+00:00,475.04,477.74,461.0,463.99,1324376.0,34541.0,466.904497,432.5883333333333,57.96475502302095,0.9774296817589061,-8.449314032901015,9.42674371465992
2022-07-25 04:00:00+00:00,450.26,458.31,447.38,457.45,1147859.0,28775.0,454.390881,431.3883333333333,55.53936648376929,2.24272435354942,-6.310906355610928,8.553630709160348
2022-07-26 04:00:00+00:00,452.78,456.9355,445.37,447.23,1129138.0,27955.0,448.92216,430.4823333333334,51.88574773689168,2.3932233202963857,-4.570080420429466,6.963303740725852
2022-07-27 04:00:00+00:00,454.23,471.34,453.99,467.66,1689157.0,41238.0,463.869005,431.16833333333335,57.85440509435018,4.1136060056931,-2.833343135204953,6.946949140898053
2022-07-28 04:00:00+00:00,464.41,487.12,453.35,484.94,2381332.0,54919.0,474.009487,432.3406666666667,62.133200866478575,6.79306701555447,-0.9080611050530685,7.701128120607539
2022-07-29 04:00:00+00:00,477.91,506.0,476.51,500.51,2477086.0,48130.0,496.26299,433.903,65.5290769921485,10.056997242476541,1.2849505644528536,8.772046678023688
2022-08-01 04:00:00+00:00,488.93,506.0,486.81,502.8,1999982.0,43483.0,500.772408,436.7196666666667,66.01186024033252,12.682275941717819,3.564415639905847,9.117860301811973
2022-08-02 04:00:00+00:00,496.42,509.225,489.57,502.65,1458783.0,39349.0,502.679564,439.4926666666667,65.9467074744234,14.58262505432316,5.768057522789309,8.81456753153385
2022-08-03 04:00:00+00:00,506.34,528.82,504.8,524.69,2211865.0,49899.0,519.044939,442.54766666666666,70.54663344821299,17.66349544107294,8.147145106446036,9.516350334626903
2022-08-04 04:00:00+00:00,522.87,532.35,521.8101,531.85,1614471.0,36789.0,528.473487,446.08833333333337,71.87573752899237,20.447157476947268,10.607147580546282,9.840009896400986
2022-08-05 04:00:00+00:00,521.07,528.1541,508.86,519.97,1045237.0,34314.0,518.388815,449.2846666666667,66.51263266183855,21.447380924120125,12.775194249261052,8.672186674859073
2022-08-08 04:00:00+00:00,513.8,522.552,498.61,509.54,1018313.0,35689.0,508.542993,451.263,62.12950217574669,21.154594383595963,14.451074276128036,6.703520107467927
2022-08-09 04:00:00+00:00,488.05,488.625,457.04,469.4,2877759.0,73496.0,468.79457,451.9166666666667,48.800870333843456,17.48207393864294,15.057274208631018,2.424799730011923
2022-08-10 04:00:00+00:00,481.27,495.63,470.52,494.95,1980201.0,52177.0,488.180271,453.8063333333333,55.36479320606981,16.44369383004846,15.334558132914507,1.1091356971339525
2022-08-11 04:00:00+00:00,496.035,517.743,492.0,497.46,1804101.0,46043.0,502.433385,456.15333333333336,55.9620966587164,15.642983558869958,15.3962432181056,0.24674034076435802
2022-08-12 04:00:00+00:00,501.97,519.52,499.47,518.59,1258357.0,30458.0,514.76647,459.23466666666667,60.72668607754136,16.522962878500778,15.621587150184636,0.9013757283161414
2022-08-15 04:00:00+00:00,516.28,522.5999,509.18,517.29,965938.0,26333.0,515.953004,463.31666666666666,60.29446609593651,16.92040578842807,15.881350877833324,1.0390549105947464
2022-08-16 04:00:00+00:00,516.3,519.8738,507.4,510.36,1230151.0,32551.0,511.798823,467.36966666666666,57.927538888647575,16.486147033659677,16.002310108998596,0.4838369246610803
2022-08-17 04:00:00+00:00,502.23,504.17,485.83,497.56,1401805.0,37583.0,494.934109,470.89866666666666,53.73187345712371,14.936956874981774,15.789239462195232,-0.8522825872134572
2022-08-18 04:00:00+00:00,497.76,509.0,492.15,503.15,1280179.0,33467.0,504.045213,473.841,55.256054552184956,13.998908096815512,15.431173189119288,-1.4322650923037763
2022-08-19 04:00:00+00:00,492.67,494.0,476.16,476.79,2010446.0,49676.0,480.065244,475.89666666666665,47.33699479030039,11.001645856408174,14.545267722577066,-3.543621866168891
2022-08-22 04:00:00+00:00,465.51,468.77,455.82,457.57,1465254.0,39751.0,460.652823,477.7353333333333,42.54878101357765,6.994769219548743,13.035168021971401,-6.040398802422658
2022-08-23 04:00:00+00:00,458.46,469.59,458.26,463.97,810529.0,22431.0,464.2662,479.67199999999997,44.559767560364335,4.286307247997399,11.285395867176602,-6.9990886191792026
2022-08-24 04:00:00+00:00,463.92,465.115,457.04,463.01,685076.0,22275.0,462.434392,481.372,44.30922585905593,2.0388648799956286,9.436089669740408,-7.397224789744779
2022-08-25 04:00:00+00:00,463.63,478.46,463.63,478.19,949012.0,23603.0,474.205037,483.33433333333335,49.17548845462541,1.4657534534415504,7.842022426480637,-6.376268973039086
2022-08-26 04:00:00+00:00,478.19,478.505,451.7,453.31,1586277.0,38109.0,459.025817,484.207,42.60449551081346,-0.9846985582853449,6.076678229527441,-7.061376787812786
2022-08-29 04:00:00+00:00,448.26,455.38,443.74,444.54,1008398.0,29892.0,447.839531,484.91966666666667,40.54773908696971,-3.592947871652143,4.142753009291525,-7.735700880943668
2022-08-30 04:00:00+00:00,449.01,451.21,434.825,442.68,1418602.0,37289.0,440.490149,484.77766666666673,40.10552791843857,-5.7438788394277935,2.165426639547661,-7.909305478975455
2022-08-31 04:00:00+00:00,442.34,443.2299,432.8,437.91,1232206.0,31436.0,437.659136,483.8713333333334,38.93287455821946,-7.744136676409596,0.1835139763562097,-7.927650652765806
2022-09-01 04:00:00+00:00,424.49,433.09,418.3806,432.04,1883059.0,50378.0,424.936712,482.40166666666664,37.48051106281685,-9.691300090837956,-1.7914488370826236,-7.899851253755332
2022-09-02 04:00:00+00:00,436.43,443.42,427.445,430.21,1368347.0,35851.0,433.510987,481.27566666666667,37.016897068002535,-11.252396212218173,-3.683638312109734,-7.568757900108439
2022-09-06 04:00:00+00:00,429.38,433.75,421.87,426.76,1163245.0,32110.0,427.810138,480.2526666666667,36.11005456576499,-12.62245845874429,-5.4714023414366455,-7.151056117307645
2022-09-07 04:00:00+00:00,429.0,436.93,422.04,432.0,1200494.0,28740.0,430.620798,479.745,38.571545929823756,-13.134017672304765,-7.00392540761027,-6.130092264694495
2022-09-08 04:00:00+00:00,425.34,444.6804,424.01,439.16,1419151.0,35149.0,436.811672,478.795,41.867285028108185,-12.813968421706136,-8.165934010429442,-4.648034411276694
2022-09-09 04:00:00+00:00,447.4,452.86,445.41,450.78,1293417.0,32869.0,449.948863,477.6563333333333,46.85103072891169,-11.490237887229114,-8.830794785789378,-2.659443101439736
2022-09-12 04:00:00+00:00,447.29,453.48,442.1,447.3,998965.0,28359.0,446.844549,475.8826666666667,45.59046050043518,-10.599791025319973,-9.184594033695497,-1.4151969916244767
2022-09-13 04:00:00+00:00,429.0,432.16,418.2,420.48,1891192.0,44181.0,423.660394,473.13866666666667,37.268055559747516,-11.920839312709404,-9.731843089498279,-2.1889962232111255
2022-09-14 04:00:00+00:00,424.01,426.66,414.62,421.76,1061016.0,31760.0,420.702941,470.44233333333335,37.851156571292094,-12.717890371915303,-10.329052545981684,-2.388837825933619
2022-09-15 04:00:00+00:00,418.66,422.34,407.71,413.44,1197212.0,33787.0,414.549653,466.73400000000004,35.538794796763725,-13.861131055088947,-11.035468247803138,-2.825662807285809
2022-09-16 04:00:00+00:00,408.26,413.87,403.2,409.22,1859557.0,38151.0,408.091454,462.6463333333333,34.391176488258765,-14.935509014212585,-11.815476401085027,-3.1200326131275578
2022-09-19 04:00:00+00:00,403.22,413.87,403.22,409.22,936448.0,25940.0,409.141449,458.95466666666664,34.391176488258765,-15.607052896554933,-12.573791700179008,-3.033261196375925
2022-09-20 04:00:00+00:00,403.45,405.3,399.44,403.4,894174.0,25631.0,403.013827,455.4166666666667,32.70209630774632,-16.41960661751773,-13.342954683646752,-3.076651933870977
2022-09-21 04:00:00+00:00,404.9,418.375,398.44,398.65,1062063.0,28914.0,405.515064,453.05833333333334,31.34884012943482,-17.248022135451322,-14.123968174007667,-3.1240539614436553
2022-09-22 04:00:00+00:00,394.45,396.68,385.815,386.83,1520190.0,40830.0,389.142359,449.45433333333335,28.21943824476311,-18.64341295849954,-15.027857130906042,-3.6155558275934965
2022-09-23 04:00:00+00:00,382.43,383.89,373.575,380.56,1462340.0,42500.0,378.68729,445.55766666666665,26.697008666968983,-20.024378270477484,-16.027161358820333,-3.9972169116571514
2022-09-26 04:00:00+00:00,380.68,385.29,371.12,371.44,1125130.0,34357.0,375.312825,440.6526666666667,24.61668726120594,-21.60565447478524,-17.142859982013317,-4.462794492771923
2022-09-27 04:00:00+00:00,379.86,381.65,369.34,376.7,1183127.0,32129.0,374.937252,435.96633333333335,28.096787236526367,-22.1787266636328,-18.150033318337215,-4.028693345295586
2022-09-28 04:00:00+00:00,373.42,383.61,372.255,381.65,1083925.0,29206.0,380.10546,431.676,31.310527833599267,-21.98009402909878,-18.916045460489528,-3.064048568609252
2022-09-29 04:00:00+00:00,375.16,375.43,364.23,370.55,1543876.0,36297.0,369.3608,427.44233333333335,28.260239939186803,-22.459454853562477,-19.62472733910412,-2.8347275144583577
2022-09-30 04:00:00+00:00,358.25,373.52,358.0,366.0,1908391.0,46979.0,367.5627,422.8706666666667,27.095006850734876,-22.94203721058028,-20.288189313399354,-2.6538478971809276
2022-10-03 04:00:00+00:00,372.3,396.76,370.72,389.68,2530036.0,58705.0,389.178586,419.967,40.78040358075265,-21.16967823433407,-20.4644870975863,-0.7051911367477715
2022-10-04 04:00:00+00:00,402.78,408.5,397.51,400.63,2056707.0,48371.0,401.957676,418.069,45.842984158771756,-18.666323728906605,-20.104854423850362,1.4385306949437577
2022-10-05 04:00:00+00:00,391.94,404.71,385.01,399.91,1406994.0,37079.0,394.93927,415.9336666666667,45.56714154975545,-16.549720355948807,-19.39382761027005,2.8441072543212442
2022-10-06 04:00:00+00:00,398.61,407.44,395.21,397.6,1358701.0,35191.0,399.014009,413.75333333333333,44.63909864433773,-14.88708557250959,-18.49247920271796,3.6053936302083684
2022-10-07 04:00:00+00:00,386.67,388.66,371.775,374.84,2079747.0,51841.0,376.87524,410.30833333333334,36.70666934439788,-15.230410621695228,-17.840065486513414,2.609654864818186
2022-10-10 04:00:00+00:00,369.98,370.305,340.42,350.72,3950617.0,72378.0,350.524551,406.88866666666667,30.517534242414555,-17.249934114684606,-17.722039212147653,0.4721050974630465
2022-10-11 04:00:00+00:00,345.3,350.24,322.31,327.05,5306852.0,95066.0,332.472029,402.9723333333333,25.901982475037528,-20.523806548055916,-18.282392679329305,-2.2414138687266103
2022-10-12 04:00:00+00:00,328.76,330.92,323.16,323.98,3656273.0,65116.0,325.539525,399.0156666666666,25.366120382242656,-23.09981706938038,-19.245877557339522,-3.8539395120408564
2022-10-13 04:00:00+00:00,302.47,344.72,299.592,340.61,4516798.0,84982.0,327.167349,395.77233333333334,33.40342588449211,-23.528203465638853,-20.10234273899939,-3.4258607266394634
2022-10-14 04:00:00+00:00,340.61,340.99,314.3,314.95,3037017.0,64496.0,321.274713,391.8693333333333,28.333280566168682,-25.6426577252073,-21.210405736240975,-4.432251988966325
2022-10-17 04:00:00+00:00,327.01,329.19,312.71,315.42,5244793.0,81324.0,316.585113,388.04299999999995,28.547211932604455,-26.969564535692996,-22.36223749613138,-4.607327039561614
2022-10-18 04:00:00+00:00,327.06,331.835,315.7,322.06,2507695.0,51882.0,322.055626,384.553,31.651355169739986,-27.172131814156785,-23.32421635973646,-3.847915454420324
2022-10-19 04:00:00+00:00,322.41,332.19,318.67,330.08,2691508.0,57724.0,328.641459,381.15566666666666,35.307054515099864,-26.38141236777767,-23.935655561344703,-2.445756806432968
2022-10-20 04:00:00+00:00,340.08,366.92,334.035,355.87,5875091.0,99451.0,353.424618,378.3793333333333,45.41721228384242,-23.403938016708253,-23.829312052417414,0.42537403570916155
2022-10-21 04:00:00+00:00,354.97,372.855,354.97,369.29,2766538.0,64628.0,365.569898,375.66300000000007,49.81245457088609,-19.73390611183379,-23.01023086430069,3.276324752466902
2022-10-24 04:00:00+00:00,370.43,377.17,364.53,373.96,2011695.0,46653.0,372.134161,373.2183333333333,51.282599869522066,-16.261101558307303,-21.660405003102014,5.399303444794711
2022-10-25 04:00:00+00:00,375.02,386.51,375.02,379.86,1749920.0,48217.0,379.569044,371.8643333333333,53.1498194256342,-12.884276320549418,-19.905179266591496,7.020902946042078
2022-10-26 04:00:00+00:00,374.25,393.85,373.78,385.6,2414686.0,53082.0,386.218761,370.659,54.958527302095604,-9.63389442406617,-17.85092229808643,8.21702787402026
2022-10-27 04:00:00+00:00,388.96,397.96,381.4896,389.11,2288492.0,50192.0,389.664829,369.84799999999996,56.07525256538887,-6.697510950478829,-15.620240028564911,8.922729078086082
2022-10-28 04:00:00+00:00,390.505,406.95,389.52,405.59,1814312.0,41966.0,401.09079,369.727,60.968365822419564,-3.0059568221642508,-13.09738338728478,10.091426565120528
2022-10-31 04:00:00+00:00,404.87,410.5,399.19,404.78,1877165.0,44260.0,405.122196,369.579,60.61097797430395,-0.14407302565382452,-10.50672131495859,10.362648289304765
2022-11-01 04:00:00+00:00,413.0,416.965,406.47,412.71,1568161.0,36732.0,412.44713,369.88933333333335,62.90363671242979,2.732378074468727,-7.858901437073126,10.591279511541853
2022-11-02 04:00:00+00:00,411.56,421.05,394.77,395.52,2144639.0,48254.0,406.661754,369.78499999999997,55.37882974270179,3.5835875908101116,-5.570403631496478,9.15399122230659
2022-11-03 04:00:00+00:00,388.7,399.47,384.72,393.42,1656529.0,41754.0,392.994116,370.00466666666665,54.5207852409046,4.04212966098288,-3.647896973000606,7.690026633983486
2022-11-04 04:00:00+00:00,409.85,420.1,404.2518,419.54,2422681.0,49839.0,414.373011,371.30400000000003,62.33734320350576,6.4389688366340465,-1.6305238110736755,8.069492647707722
2022-11-07 05:00:00+00:00,423.5,435.61,419.24,434.97,1884396.0,42631.0,430.259311,373.4216666666667,66.04949918823564,9.474338916285149,0.5904487343980893,8.88389018188706
2022-11-08 05:00:00+00:00,443.0,448.95,430.79,444.86,2222642.0,48642.0,443.024476,375.69366666666673,68.21217361828025,12.533454062265037,2.979049799971479,9.554404262293557
2022-11-09 05:00:00+00:00,435.87,443.2,430.13,432.74,1704010.0,38306.0,435.233204,377.3966666666667,62.922353204190784,13.820527705841698,5.147345381145524,8.673182324696175
2022-11-10 05:00:00+00:00,459.63,485.78,455.04,485.41,3718781.0,74291.0,474.495658,381.22533333333337,72.7956597205173,18.873015287494695,7.892479362415358,10.980535925079337
2022-11-11 05:00:00+00:00,481.965,504.55,480.16,500.82,2608031.0,64845.0,496.739565,385.71933333333334,74.9014856804632,23.845727606026344,11.083129011137556,12.762598594888788
2022-11-14 05:00:00+00:00,495.65,500.37,479.87,480.7,2347232.0,47786.0,487.965971,388.75333333333333,67.5493200922374,25.864966857228865,14.039496580355818,11.825470276873046
2022-11-15 05:00:00+00:00,501.08,502.7,482.15,490.74,2219454.0,54901.0,491.174331,391.757,69.1752962707329,27.953146135439056,16.82222649137247,11.130919644066587
2022-11-16 05:00:00+00:00,458.97,464.64,452.12,455.38,3007939.0,63756.0,457.86761,393.606,58.128363707199,26.44988891881809,18.747758976861594,7.702129941956496
2022-11-17 05:00:00+00:00,446.32,464.65,445.0,461.16,1542911.0,39360.0,457.756891,395.7246666666667,59.273271383295054,25.431782678800857,20.08456371724945,5.347218961551409
2022-11-18 05:00:00+00:00,470.71,471.26,448.635,456.7,1736718.0,40310.0,455.618429,398.4533333333333,57.95639917332154,23.988516733729853,20.865354320545528,3.1231624131843247
2022-11-21 05:00:00+00:00,451.06,453.5,444.41,450.15,935024.0,29338.0,449.752621,401.7676666666667,55.9890608894889,22.06187228407333,21.104657913251092,0.9572143708222391
2022-11-22 05:00:00+00:00,452.41,456.39,444.18,455.62,1411779.0,31564.0,450.865808,406.05333333333334,57.29285465815449,20.737328942786007,21.031192119158078,-0.2938631763720707
2022-11-23 05:00:00+00:00,457.09,468.74,456.01,461.4,823667.0,25432.0,462.740215,410.634,58.68560991568932,19.92434109485106,20.809821914296677,-0.8854808194456183
2022-11-25 05:00:00+00:00,456.34,458.94,453.25,453.25,378949.0,10712.0,455.417704,414.38866666666667,55.91656985159865,18.410184335416545,20.32989439852065,-1.9197100631041053
2022-11-28 05:00:00+00:00,446.2,451.34,441.47,443.23,1182372.0,32973.0,445.384711,418.6646666666667,52.6286968817757,16.21476027220814,19.50686757325815,-3.2921073010500095
2022-11-29 05:00:00+00:00,447.04,450.3,440.08,442.05,903074.0,27976.0,443.33902,422.8856666666667,52.23914123351494,14.215784037247602,18.448650866056038,-4.232866828808437
2022-11-30 05:00:00+00:00,447.88,472.39,441.28,472.38,2231197.0,45376.0,462.152822,427.8963333333333,60.360832868295994,14.907118508007898,17.74034439444641,-2.8332258864385125
2022-12-01 05:00:00+00:00,479.32,479.32,456.74,463.14,1377944.0,39535.0,464.868081,432.33166666666665,57.17123322748705,14.541786614637658,17.10063283848466,-2.558846223847002
2022-12-02 05:00:00+00:00,450.735,460.23,450.4,457.67,1102371.0,33517.0,455.413615,435.725,55.30799285160882,13.653486280918628,16.411203526971455,-2.7577172460528274
2022-12-05 05:00:00+00:00,455.74,462.69,448.63,452.6,1088723.0,32239.0,453.842825,438.502,53.56545802997384,12.39748475129926,15.608459771837017,-3.2109750205377576
2022-12-06 05:00:00+00:00,452.87,454.1,438.975,443.09,927382.0,30455.0,444.283463,440.8063333333333,50.36037167598197,10.513523612693746,14.589472540008364,-4.075948927314618
2022-12-07 05:00:00+00:00,441.19,452.8,439.62,444.28,1112892.0,32918.0,446.538959,442.95366666666666,50.75742314892853,9.012602223613158,13.474098476729324,-4.461496253116167
2022-12-08 05:00:00+00:00,447.87,457.52,444.06,455.0,1236996.0,34613.0,453.44854,445.26699999999994,54.303390830027816,8.589115639876411,12.497101909358744,-3.9079862694823326
2022-12-09 05:00:00+00:00,449.49,457.64,444.4201,450.2,954211.0,30258.0,452.385364,447.30333333333334,52.481057920985656,7.776536514272095,11.552988830341416,-3.776452316069321
2022-12-12 05:00:00+00:00,460.03,464.44,448.95,464.3,1213828.0,35574.0,459.294567,449.2603333333334,57.04155213780747,8.176065273251425,10.877604118923418,-2.701538845671994
2022-12-13 05:00:00+00:00,485.54,490.65,470.04,475.94,1535715.0,47249.0,478.687888,451.6323333333333,60.4187263322843,9.324458856232297,10.566975066385194,-1.2425162101528962
2022-12-14 05:00:00+00:00,474.85,481.88,464.2323,468.24,1206855.0,36439.0,472.288972,453.48333333333335,57.21442851977039,9.503690764764485,10.354318206061052,-0.8506274412965666
2022-12-15 05:00:00+00:00,456.02,459.7302,444.03,446.06,1553254.0,45585.0,448.978008,455.168,49.13137065778172,7.766465727121442,9.83674771027313,-2.0702819831516877
2022-12-16 05:00:00+00:00,442.89,447.985,438.13,443.92,1768099.0,35220.0,442.978824,456.85133333333334,48.42058755771056,6.146172997035137,9.098632767625531,-2.9524597705903943
2022-12-19 05:00:00+00:00,442.33,442.845,432.1,438.69,1064455.0,29942.0,437.680665,457.4896666666666,46.64455167799698,4.389463046146545,8.156798823329735,-3.76733577718319
2022-12-20 05:00:00+00:00,433.4,441.09,432.6509,437.36,909740.0,29425.0,438.058882,457.5693333333333,46.18066013801207,2.85700410404138,7.096839879472065,-4.239835775430685
2022-12-21 05:00:00+00:00,441.32,450.81,440.08,447.87,946381.0,31283.0,446.800779,457.66966666666667,50.380240912832555,2.4622057408074625,6.169913051739145,-3.7077073109316823
2022-12-22 05:00:00+00:00,431.9,433.2079,397.06,409.11,3177025.0,78649.0,408.361973,456.88199999999995,38.460889328453796,-0.9671343527895715,4.742503570833402,-5.7096379236229735
2022-12-23 05:00:00+00:00,405.62,412.47,400.55,412.12,1054659.0,32645.0,407.920666,454.439,39.65488275660199,-3.4028038352055887,3.113442089625604,-6.516245924831193
2022-12-27 05:00:00+00:00,408.0,411.61,404.76,405.46,1112021.0,28748.0,407.139682,451.26033333333334,37.90256933094456,-5.803595551227204,1.3300345614550426,-7.133630112682247
2022-12-28 05:00:00+00:00,403.43,407.75,399.29,402.8,873079.0,28990.0,403.186936,448.66366666666664,37.195602869637874,-7.830613613053515,-0.5020950734466689,-7.328518539606846
2022-12-29 05:00:00+00:00,409.71,422.57,408.1,420.61,1230971.0,35048.0,418.420774,446.32599999999996,44.640962154057526,-7.908754674449597,-1.9834269936472546,-5.925327680802342
2022-12-30 05:00:00+00:00,412.58,420.59,410.84,420.3,731831.0,26502.0,417.252483,445.1566666666667,44.541982118418204,-7.9045773900796235,-3.1676570729337286,-4.736920317145895
2023-01-03 05:00:00+00:00,429.72,430.1,407.2719,414.3,1324856.0,34341.0,414.615706,443.5946666666667,42.574382814748475,-8.2898564135495,-4.192096941056883,-4.097759472492617
2023-01-04 05:00:00+00:00,421.64,428.27,416.47,422.46,1051025.0,31697.0,422.109592,442.4533333333333,46.0639370662746,-7.846301729219078,-4.922937898689323,-2.9233638305297553
2023-01-05 05:00:00+00:00,415.62,424.58,412.6,417.06,980950.0,24170.0,418.307698,441.35033333333337,44.15187612445292,-7.840140062245439,-5.506378331400547,-2.333761730844892
2023-01-06 05:00:00+00:00,429.14,447.34,420.356,445.27,1481189.0,36440.0,440.487917,441.00533333333334,54.72479916675605,-5.495595849519759,-5.504221835024389,0.00862598550463023
2023-01-09 05:00:00+00:00,451.2,463.4,444.62,455.28,831420.0,29779.0,455.974112,440.8013333333333,57.77921696065738,-2.797555844113333,-4.9628886368421785,2.1653327927288455
