timestamp,open,high,low,close,volume,trade_count,vwap,30sma,rsi,macd,signal,histogram
2022-01-03 05:00:00+00:00,392.2,394.49,380.61,387.56,1321337.0,32809.0,385.929252,,,,,
2022-01-04 05:00:00+00:00,387.24,389.71,376.01,380.82,1199528.0,29798.0,380.892009,,,,,
2022-01-05 05:00:00+00:00,381.16,381.16,362.21,362.48,1537712.0,38844.0,368.698377,,,,,
2022-01-06 05:00:00+00:00,358.93,371.42,355.675,368.77,1658259.0,42415.0,367.02318,,,,,
2022-01-07 05:00:00+00:00,366.04,366.99,354.32,355.21,2211962.0,48516.0,358.397861,,,,,
2022-01-10 05:00:00+00:00,329.95,349.58,323.5001,348.43,4230915.0,90210.0,337.897955,,,,,
2022-01-11 05:00:00+00:00,345.81,347.49,337.05,346.75,1703121.0,42607.0,343.82941,,,,,
2022-01-12 05:00:00+00:00,348.86,354.44,345.48,352.72,1459197.0,35398.0,350.763526,,,,,
2022-01-13 05:00:00+00:00,353.9,354.85,335.73,336.27,1478235.0,40044.0,341.684184,,,,,
2022-01-14 05:00:00+00:00,333.5,335.48,325.73,328.98,1849326.0,40267.0,329.364041,,,,,
2022-01-18 05:00:00+00:00,325.065,336.33,324.0,332.53,1372656.0,32455.0,332.674149,,,,,
2022-01-19 05:00:00+00:00,334.38,338.1,329.02,330.95,993697.0,25990.0,333.72871,,,,,
2022-01-20 05:00:00+00:00,334.5,340.285,321.65,322.53,1359766.0,38491.0,329.672578,,,,,
2022-01-21 05:00:00+00:00,321.5,324.0,312.66,313.02,1722036.0,45501.0,316.989251,,,,,
2022-01-24 05:00:00+00:00,308.19,322.389,296.19,321.62,2376842.0,54150.0,308.017863,,21.270477518299046,,,
2022-01-25 05:00:00+00:00,313.01,315.795,305.1201,308.83,1345493.0,34697.0,309.554599,,18.991106802159237,,,
2022-01-26 05:00:00+00:00,313.5,319.76,299.17,302.76,1421394.0,32862.0,309.684142,,18.00497906331806,,,
2022-01-27 05:00:00+00:00,307.84,312.43,304.45,306.52,1409944.0,33896.0,307.585134,,20.750124297204025,,,
2022-01-28 05:00:00+00:00,303.26,316.335,301.6,315.91,1344406.0,31865.0,310.289846,,27.296426267396043,,,
2022-01-31 05:00:00+00:00,316.4064,334.08,316.4064,333.76,1900475.0,41478.0,328.816982,,37.812587655950885,,,
2022-02-01 05:00:00+00:00,335.48,346.13,333.39,344.91,1813304.0,42974.0,341.442824,,43.326997440513054,,,
2022-02-02 05:00:00+00:00,348.86,353.62,344.395,349.19,2265181.0,43809.0,349.583784,,45.33096881131203,,,
2022-02-03 05:00:00+00:00,338.0035,345.4815,329.25,330.35,1659640.0,36633.0,335.144693,,38.823247274788756,,,
2022-02-04 05:00:00+00:00,329.75,339.5167,329.75,336.37,947735.0,24454.0,335.14072,,41.70315952057634,,,
2022-02-07 05:00:00+00:00,336.37,338.81,327.81,332.2,839923.0,23799.0,332.629708,,40.28835444231237,,,
2022-02-08 05:00:00+00:00,331.69,336.14,327.65,334.4,663633.0,19669.0,332.527023,,41.417543187836934,-5.095014444394735,,
2022-02-09 05:00:00+00:00,339.21,343.57,335.13,339.64,676726.0,18717.0,338.531614,,44.12771737879279,-4.167576324744232,,
2022-02-10 05:00:00+00:00,332.05,343.92,331.18,334.35,1132179.0,29344.0,336.427118,,42.014529101103605,-3.815451572029531,,
2022-02-11 05:00:00+00:00,333.21,336.1,315.63,316.72,1172768.0,33398.0,321.470122,,35.85245456004402,-4.902471192301164,,
2022-02-14 05:00:00+00:00,316.14,320.26,309.97,313.64,1049989.0,28262.0,314.77338,336.273,34.88971685770021,-5.94395412906897,,
2022-02-15 05:00:00+00:00,320.91,322.71,315.11,318.15,789580.0,20130.0,318.164286,333.95933333333335,37.53479066086989,-6.332421340165467,,
2022-02-16 05:00:00+00:00,317.0,321.24,312.02,320.04,751679.0,22258.0,317.054533,331.93333333333334,38.65941141756727,-6.413842416207842,,
2022-02-17 05:00:00+00:00,317.46,321.15,309.5901,310.03,684332.0,19336.0,313.548846,330.185,35.059208654486184,-7.203060154802756,,
2022-02-18 05:00:00+00:00,313.24,315.42,307.01,308.66,789750.0,22765.0,310.000556,328.1813333333333,34.5845029672723,-7.848594734558901,-5.7469318120304,-2.101662922528501
2022-02-22 05:00:00+00:00,307.0,311.5875,300.93,304.58,1218891.0,28146.0,304.797793,326.4936666666666,33.14515226678151,-8.590382855626387,-6.315622020749598,-2.2747608348767896
2022-02-23 05:00:00+00:00,309.2,309.52,295.17,295.24,997412.0,27027.0,300.164007,324.72066666666666,30.06084481560383,-9.818731009105136,-7.016243818420706,-2.80248719068443
2022-02-24 05:00:00+00:00,285.78,311.14,283.21,310.44,1507200.0,37770.0,302.833577,323.51033333333334,39.86764355998042,-9.456682058023262,-7.504331466341218,-1.9523505916820438
2022-02-25 05:00:00+00:00,310.0,318.42,305.29,317.58,879852.0,25044.0,314.335711,322.339,43.85047797903427,-8.495684366343426,-7.70260204634166,-0.7930823200017656
2022-02-28 05:00:00+00:00,312.42,320.21,311.335,319.94,1203509.0,25907.0,317.187928,321.79466666666667,45.14380451146922,-7.457686922818311,-7.65361902163699,0.19593209881867857
2022-03-01 05:00:00+00:00,321.11,326.02,313.3,315.18,1160211.0,29746.0,318.766493,321.3346666666667,42.99281808538774,-6.9391682770614125,-7.510728872721875,0.5715605956604621
2022-03-02 05:00:00+00:00,317.705,330.78,316.76,330.07,1274066.0,35614.0,327.932987,321.25266666666664,50.87762867736687,-5.266036366259641,-7.061790371429428,1.795754005169787
2022-03-03 05:00:00+00:00,330.66,331.5,320.5,322.84,1032930.0,27834.0,323.554101,320.9823333333334,47.44607890653099,-4.4719183578963,-6.543815968722803,2.071897610826503
2022-03-04 05:00:00+00:00,321.26,323.99,314.54,320.58,1071168.0,29338.0,319.718283,320.9173333333334,46.39273961230737,-3.9790689968379525,-6.030866574345834,2.051797577507881
2022-03-07 05:00:00+00:00,322.63,324.47,301.87,302.38,1388209.0,39438.0,306.429022,320.56266666666664,38.902537725935716,-4.999439793765589,-5.824581218229786,0.8251414244641966
2022-03-08 05:00:00+00:00,301.86,306.01,292.19,296.52,1541438.0,38398.0,298.542866,319.726,36.84012531126124,-6.20936631792523,-5.901538238168875,-0.30782807975635507
2022-03-09 05:00:00+00:00,306.664,306.79,301.22,305.82,1495739.0,33129.0,304.865772,319.6256666666667,42.08747601160661,-6.344672098187914,-5.990165010172683,-0.35450708801523056
2022-03-10 05:00:00+00:00,300.0,303.98,297.52,301.74,906989.0,25963.0,300.618269,319.59166666666664,40.497857974742594,-6.703847030323175,-6.132901414202782,-0.570945616120393
2022-03-11 05:00:00+00:00,306.13,306.13,291.375,291.55,945476.0,28529.0,295.526245,319.0926666666667,36.76319159585189,-7.721732267405571,-6.45066758484334,-1.2710646825622307
2022-03-14 04:00:00+00:00,290.67,293.76,283.0,289.24,1368494.0,36984.0,288.610259,318.20366666666666,35.95374833357063,-8.615497256374283,-6.883633519149529,-1.7318637372247538
2022-03-15 04:00:00+00:00,284.13,293.01,278.0,289.92,1677271.0,38571.0,288.784503,316.74233333333336,36.39769182957126,-9.163313162188842,-7.339569447757393,-1.8237437144314494
2022-03-16 04:00:00+00:00,297.12,306.39,292.2492,305.1,1204833.0,31977.0,301.726688,315.4153333333333,45.48253036047463,-8.277148266035681,-7.527085211413051,-0.7500630546226299
2022-03-17 04:00:00+00:00,304.03,309.77,300.22,307.6,837517.0,25934.0,305.714169,314.02899999999994,46.829530835728924,-7.289102854336932,-7.479488739997827,0.19038588566089576
2022-03-18 04:00:00+00:00,304.91,317.53,304.75,316.93,1248958.0,28401.0,313.723459,313.58166666666665,51.632522322906404,-5.6876529978284225,-7.121121591563947,1.4334685937355243
2022-03-21 04:00:00+00:00,316.08,317.0257,303.5,308.22,1014569.0,29030.0,308.291187,312.6433333333333,47.33384992681469,-5.062954073238188,-6.709488087898795,1.646534014660607
2022-03-22 04:00:00+00:00,313.29,318.5,311.7101,315.03,1162525.0,25226.0,315.170374,312.07099999999997,50.78394784737856,-3.9725722482944548,-6.162104919977928,2.189532671683473
2022-03-23 04:00:00+00:00,313.38,315.775,308.18,310.42,959918.0,28853.0,311.490638,311.27166666666665,48.46919741271453,-3.440762302845087,-5.61783639655136,2.177074093706273
2022-03-24 04:00:00+00:00,310.54,317.83,306.05,317.74,1046229.0,27531.0,313.541129,310.5416666666667,52.195207224798644,-2.400959498828172,-4.974461017006722,2.57350151817855
2022-03-25 04:00:00+00:00,319.0,321.84,316.005,321.14,1305230.0,32561.0,319.855013,310.10133333333334,53.86387812590913,-1.2877127492555474,-4.237111363456487,2.9493986142009394
2022-03-28 04:00:00+00:00,320.22,334.0,319.86,331.78,4331004.0,101452.0,327.538176,310.60333333333335,58.719967563795244,0.4479388380078717,-3.3001013231636156,3.7480401611714873
2022-03-29 04:00:00+00:00,337.0,353.39,336.07,343.97,3202780.0,74041.0,350.287657,311.6143333333333,63.46463524614357,2.7750967614990714,-2.085061706231078,4.86015846773015
2022-03-30 04:00:00+00:00,370.0,389.145,358.57,376.92,8081989.0,148867.0,376.678344,313.5733333333334,72.6241075307386,7.195233633049156,-0.22900263837503143,7.424236271424188
2022-03-31 04:00:00+00:00,374.95,377.0,364.91,365.23,2228819.0,51198.0,370.840235,315.0796666666667,66.2758293131775,9.643771254542287,1.7455521402084322,7.8982191143338545
2022-04-01 04:00:00+00:00,364.9,369.23,362.7,367.44,1355687.0,36137.0,366.085688,316.9933333333333,66.86551130146259,11.628536955090567,3.7221491031848593,7.906387851905707
2022-04-04 04:00:00+00:00,368.36,384.4,368.25,384.18,1808049.0,45271.0,379.096661,319.5106666666667,71.001672011356,14.386418493068959,5.85500298116168,8.53141551190728
2022-04-05 04:00:00+00:00,382.68,383.77,372.28,378.99,1495348.0,35774.0,377.849531,321.991,68.16082053370872,15.969187008658025,7.8778397866609495,8.091347221997076
2022-04-06 04:00:00+00:00,372.0,374.72,365.0,371.91,1384304.0,33524.0,370.441892,324.54666666666674,64.37674702697402,16.462476449547978,9.594767119238355,6.867709330309623
2022-04-07 04:00:00+00:00,369.78,380.4,368.755,379.23,1172507.0,31047.0,376.415056,326.8396666666667,66.45057326396994,17.24528183543555,11.124870062477793,6.120411772957755
2022-04-08 04:00:00+00:00,376.54,378.22,369.075,369.46,1186462.0,30829.0,373.284567,328.569,61.31952894707455,16.88269025075556,12.276434100133347,4.606256150622212
2022-04-11 04:00:00+00:00,365.56,372.41,361.11,368.74,1265393.0,33976.0,367.252805,330.1956666666666,60.946042232388514,16.348777296937897,13.090902739494258,3.257874557443639
2022-04-12 04:00:00+00:00,373.26,390.7599,372.46,376.16,1781417.0,43423.0,381.751536,332.2283333333333,63.41884700452508,16.336067406659822,13.739935672927372,2.5961317337324505
2022-04-13 04:00:00+00:00,376.11,398.536,375.7936,395.03,2176238.0,48758.0,393.314016,334.39366666666666,68.8249531756348,17.645242650383068,14.520997068418511,3.1242455819645567
2022-04-14 04:00:00+00:00,394.86,398.0,390.17,390.78,1503339.0,36281.0,393.317481,336.65833333333336,66.44329168872719,18.13083302480584,15.242964259695977,2.887868765109861
2022-04-18 04:00:00+00:00,389.35,393.635,382.4206,387.56,844197.0,23103.0,387.75705,338.89099999999996,64.61878883095221,18.04779604721898,15.80393061720058,2.243865430018401
2022-04-19 04:00:00+00:00,395.88,408.4903,394.47,404.66,1948452.0,51130.0,403.258288,342.30033333333336,69.42100339848109,19.141168260822326,16.47137814592493,2.6697901148973955
2022-04-20 04:00:00+00:00,410.32,410.7,384.87,385.4,2277772.0,55350.0,394.429639,345.263,59.607683324218456,18.24325568446227,16.825753653632397,1.4175020308298727
2022-04-21 04:00:00+00:00,388.49,392.0,375.01,377.25,1742344.0,48286.0,382.321232,347.644,56.00022861868548,16.68172012538281,16.79694694798248,-0.11522682259966999
2022-04-22 04:00:00+00:00,373.73,376.51,362.66,363.66,1634992.0,41880.0,367.895985,349.70799999999997,50.510774006205814,14.184087193051255,16.274374996996237,-2.0902878039449817
2022-04-25 04:00:00+00:00,361.6,368.47,356.51,368.09,1341310.0,33223.0,362.920784,352.2593333333333,52.15713669411281,12.419000568654212,15.503300111327832,-3.0842995426736195
2022-04-26 04:00:00+00:00,364.24,366.79,352.44,352.53,1326573.0,33871.0,358.068641,354.36899999999997,46.32746688049615,9.653317309441036,14.333303550950474,-4.679986241509438
2022-04-27 04:00:00+00:00,352.54,361.98,350.05,354.02,1112370.0,29638.0,354.902902,356.5056666666667,46.93906546235697,7.495322535875857,12.96570734793555,-5.470384812059693
2022-04-28 04:00:00+00:00,359.35,367.32,352.085,362.43,1002879.0,30355.0,360.956876,358.4166666666667,50.37621683020134,6.390052299767831,11.650576338302008,-5.260524038534177
2022-04-29 04:00:00+00:00,364.02,371.36,354.0,354.63,988264.0,26458.0,360.840093,359.9843333333334,47.31492183928794,4.829056504529092,10.286272371547424,-5.457215867018332
2022-05-02 04:00:00+00:00,354.0,361.44,349.63,360.84,788873.0,23289.0,356.394103,361.44800000000004,49.92402200313052,4.0464067332790705,9.038299243893753,-4.991892510614683
2022-05-03 04:00:00+00:00,360.02,361.45,353.12,355.7,733260.0,22007.0,356.374861,363.03066666666666,47.81340702061728,2.977078203287988,7.8260550357726,-4.848976832484612
2022-05-04 04:00:00+00:00,352.78,365.32,345.17,364.67,948567.0,29539.0,355.011598,364.6853333333333,51.65462039928147,2.820913933884242,6.82502681539493,-4.004112881510688
2022-05-05 04:00:00+00:00,359.97,360.94,338.33,343.6,1166806.0,31379.0,343.27216,365.79133333333334,43.54651054742086,0.9856181224267857,5.657145076801301,-4.6715269543745155
2022-05-06 04:00:00+00:00,336.26,336.75,309.53,317.05,2634730.0,55988.0,318.077743,365.7683333333334,35.89961854214454,-2.5814725346686487,4.009421554507311,-6.5908940891759595
2022-05-09 04:00:00+00:00,308.79,313.0,291.0,292.68,2173432.0,53504.0,299.367117,364.8196666666666,30.589755809812246,-7.29082877558767,1.7493714884883147,-9.040200264075985
2022-05-10 04:00:00+00:00,301.42,307.84,288.72,302.11,1389788.0,34352.0,299.625273,363.8306666666667,34.61954428467368,-10.145158266044575,-0.6295344624182633,-9.515623803626312
2022-05-11 04:00:00+00:00,302.11,306.54,290.78,291.3,1437465.0,33852.0,297.932801,362.075,32.3041961459831,-13.128178143000355,-3.129263198534682,-9.998914944465673
2022-05-12 04:00:00+00:00,285.0,302.79,281.55,294.0,1465915.0,34585.0,291.963127,359.31100000000004,33.500485350921394,-15.100308495110994,-5.523472257849944,-9.57683623726105
2022-05-13 04:00:00+00:00,303.13,312.58,301.56,309.29,1064132.0,29517.0,309.103807,357.4463333333333,39.96999302791501,-15.253626480438527,-7.469503102367661,-7.784123378070866
2022-05-16 04:00:00+00:00,302.11,308.66,300.53,304.15,739700.0,21863.0,304.324721,355.3366666666667,38.61013250589768,-15.609945397940862,-9.0975915614823,-6.512353836458562
2022-05-17 04:00:00+00:00,314.88,316.49,300.77,305.48,1208572.0,28707.0,305.422055,352.71333333333337,39.18667621731106,-15.60512465925541,-10.399098181036923,-5.206026478218487
2022-05-18 04:00:00+00:00,296.0,296.01,268.36,272.97,2666001.0,59466.0,277.521316,349.1793333333334,31.419189302542037,-18.01690186217411,-11.92265891726436,-6.094242944909748
2022-05-19 04:00:00+00:00,267.7,278.715,264.24,271.22,1949739.0,50405.0,272.174747,345.823,31.062261046900517,-19.84075121645884,-13.506277377103258,-6.334473839355583
2022-05-20 04:00:00+00:00,279.89,280.86,263.2,274.04,1822808.0,39795.0,270.970293,342.31666666666666,32.39504641609389,-20.818630326323444,-14.968747966947298,-5.849882359376146
2022-05-23 04:00:00+00:00,269.92,273.36,265.53,272.939,1237044.0,32683.0,270.4843,339.0993,32.13383709935371,-21.43535463945011,-16.26206930144786,-5.173285338002252
2022-05-24 04:00:00+00:00,266.4,267.17,253.071,257.51,1851109.0,46470.0,256.999855,335.3916333333334,28.647768001754187,-22.905069076920313,-17.59066925654235,-5.3143998203779645
2022-05-25 04:00:00+00:00,254.88,264.6,251.51,260.66,2563198.0,50122.0,259.724578,331.5416333333334,30.310036215431083,-23.544246267793824,-18.781384658792643,-4.762861609001181
2022-05-26 04:00:00+00:00,276.43,289.47,275.49,287.48,2332560.0,49417.0,285.152603,327.95663333333334,42.57642363860469,-21.637228439927867,-19.35255341501969,-2.2846750249081786
2022-05-27 04:00:00+00:00,288.82,297.56,288.82,293.65,1847700.0,43087.0,293.78728,324.71896666666663,44.97586815275758,-19.40435431906502,-19.362913595828754,-0.04144072323626702
2022-05-31 04:00:00+00:00,296.36,298.19,289.03,293.08,2686418.0,57216.0,294.417998,321.56963333333334,44.78967113395498,-17.47928936033702,-18.986188748730406,1.5068993883933857
2022-06-01 04:00:00+00:00,297.85,299.7,286.865,289.96,2178064.0,43259.0,292.316143,317.7463,43.72267147769356,-16.020742291700174,-18.39309945732436,2.3723571656241873
2022-06-02 04:00:00+00:00,290.55,303.24,286.7,302.58,4291082.0,78215.0,299.258339,314.9856333333334,49.01358128514925,-13.688709775911207,-17.452221521041732,3.7635117451305256
2022-06-03 04:00:00+00:00,303.45,305.81,293.57,300.8,3909373.0,73040.0,300.220382,312.4373,48.3234994545115,-11.847616382903652,-16.331300493414115,4.483684110510463
2022-06-06 04:00:00+00:00,305.0,308.415,296.6,301.62,1841224.0,39292.0,302.920448,310.36930000000007,48.68195294243643,-10.2047356176368,-15.105987518258653,4.901251900621853
2022-06-07 04:00:00+00:00,295.0,307.86,294.68,306.19,1280006.0,30922.0,303.731336,308.3059666666667,50.73303281981888,-8.436726634961758,-13.772135341599276,5.3354087066375175
2022-06-08 04:00:00+00:00,306.55,312.899,304.3175,307.77,945534.0,24752.0,308.515998,306.81396666666666,51.45543432686314,-6.8293494931512555,-12.383578171909672,5.554228678758417
2022-06-09 04:00:00+00:00,303.81,309.44,302.13,302.3,862822.0,26869.0,305.142936,305.0899666666666,48.78825030422381,-5.928534359332161,-11.092569409394171,5.16403505006201
2022-06-10 04:00:00+00:00,294.58,297.5,290.065,291.6,1175646.0,31196.0,292.916472,302.7289666666667,43.98527674245226,-6.008767125037139,-10.075808952522765,4.067041827485626
2022-06-13 04:00:00+00:00,280.42,282.365,273.3401,278.58,1740288.0,40257.0,278.351166,300.19396666666665,38.9593254902893,-7.041784054007735,-9.46900397281976,2.4272199188120247
2022-06-14 04:00:00+00:00,280.44,284.62,276.575,280.5,930816.0,26115.0,280.363913,297.51596666666666,40.04724069666839,-7.617717157286677,-9.098746609713144,1.4810294524264673
2022-06-15 04:00:00+00:00,283.21,290.12,279.7546,285.72,943382.0,27253.0,285.173007,295.18330000000003,43.0206010390829,-7.565724948661455,-8.792142277502807,1.226417328841352
2022-06-16 04:00:00+00:00,278.37,278.37,267.78,271.34,1269663.0,33919.0,271.70831,292.07230000000004,37.50269929772548,-8.58589373166268,-8.75089256833478,0.16499883667210113
2022-06-17 04:00:00+00:00,271.27,281.23,271.15,278.13,1382784.0,32063.0,277.349896,289.8899666666667,41.32930978995531,-8.745673903738748,-8.749848835415573,0.004174931676825366
2022-06-21 04:00:00+00:00,282.89,284.5,275.885,276.45,1128311.0,29337.0,278.650593,288.5366333333333,40.66586136974575,-8.905209093784208,-8.7809208870893,-0.12428820669490825
2022-06-22 04:00:00+00:00,274.12,280.57,271.35,277.88,977594.0,24626.0,277.726831,288.04330000000004,41.52630219834553,-8.814643113406362,-8.787665332352713,-0.026977781053648897
2022-06-23 04:00:00+00:00,282.14,288.41,278.0,286.33,969811.0,24690.0,284.526819,287.51730000000003,46.466531481528385,-7.969161013527298,-8.62396446858763,0.6548034550603319
2022-06-24 04:00:00+00:00,289.92,295.71,288.47,293.36,1428469.0,27957.0,292.37861,287.58596666666665,50.23362058216476,-6.655131892385327,-8.23019795334717,1.5750660609618432
2022-06-27 04:00:00+00:00,295.12,297.06,284.23,287.48,1009743.0,26382.0,287.638713,287.3686333333333,47.23934958745238,-6.01883976736076,-7.787926316149889,1.7690865487891294
2022-06-28 04:00:00+00:00,288.37,294.06,278.16,278.56,938487.0,25787.0,283.226683,286.3443,43.04740256242594,-6.163296481175109,-7.4630003491549335,1.299703867979824
2022-06-29 04:00:00+00:00,280.46,286.46,276.53,282.98,818006.0,25832.0,282.31472,285.63863333333336,45.622384200792624,-5.853645228680023,-7.141129325059952,1.287484096379929
2022-06-30 04:00:00+00:00,277.49,279.83,271.0,272.61,1247383.0,29892.0,274.263419,284.54296666666664,40.945003844252255,-6.371569230529417,-6.987217306153845,0.6156480756244278
2022-07-01 04:00:00+00:00,269.135,271.08,261.03,263.38,1867219.0,39317.0,264.929802,284.2233,37.28127676042324,-7.441035964394018,-7.07798103780188,-0.3630549265921381
2022-07-05 04:00:00+00:00,263.17,283.84,258.79,283.62,2415716.0,43964.0,273.14801,284.63663333333335,48.22231047488073,-6.579552226374574,-6.97829527551642,0.3987430491418458
2022-07-06 04:00:00+00:00,284.32,288.9,275.76,280.38,956741.0,25271.0,280.059725,284.84796666666665,46.8144479801303,-6.088081466087317,-6.800252513630599,0.7121710475432819
2022-07-07 04:00:00+00:00,280.33,291.87,278.23,290.72,931654.0,26729.0,288.14272,285.44066666666663,51.664421397808944,-4.808802876505126,-6.401962586205505,1.5931597097003785
2022-07-08 04:00:00+00:00,288.91,295.485,285.15,293.39,892715.0,23192.0,292.445124,286.6366666666666,52.85981888834095,-3.538726455875178,-5.829315360139439,2.2905889042642613
2022-07-11 04:00:00+00:00,281.0,287.2,277.1,281.76,1187499.0,28763.0,281.757452,287.34,47.364969230860495,-3.4310742578787767,-5.349667139687307,1.9185928818085305
2022-07-12 04:00:00+00:00,282.81,289.0,277.05,279.39,776771.0,19527.0,281.819446,287.07033333333334,46.30853015935137,-3.4966906354270577,-4.9790718388352575,1.4823812034081998
2022-07-13 04:00:00+00:00,272.89,283.0,271.05,280.97,797327.0,20776.0,279.585413,286.6476666666667,47.154756468271415,-3.382211265866033,-4.659699724241413,1.2774884583753803
2022-07-14 04:00:00+00:00,277.35,280.7,272.26,278.99,797668.0,18763.0,277.554582,286.178,46.17264945480099,-3.411924451926609,-4.410144669778452,0.9982202178518431
2022-07-15 04:00:00+00:00,280.89,287.63,280.6,286.41,946049.0,22749.0,285.463317,286.05966666666666,50.34623118349739,-2.8044128518096727,-4.088998306184696,1.2845854543750237
2022-07-18 04:00:00+00:00,291.6,293.54,283.042,284.64,700893.0,19578.0,287.985351,285.46166666666664,49.36298698106378,-2.437679685315686,-3.7587345820108946,1.3210548966952085
2022-07-19 04:00:00+00:00,290.31,296.63,286.84,296.34,864098.0,20783.0,294.318277,285.313,55.54353061194374,-1.1892399715632678,-3.2448356599213692,2.0555956883581015
2022-07-20 04:00:00+00:00,295.49,303.77,294.34,302.79,1001841.0,24478.0,301.408935,285.352,58.54732173148135,0.3169648180896729,-2.532475564319161,2.849440382408834
2022-07-21 04:00:00+00:00,305.3,308.25,300.16,307.36,909112.0,23008.0,305.601679,285.391,60.57966133236581,1.8579860656172968,-1.6543832383318695,3.5123693039491664
2022-07-22 04:00:00+00:00,307.5,312.25,301.95,304.5,807786.0,19680.0,305.081154,285.28200000000004,58.641960691587265,2.816017116351304,-0.7603031673952348,3.576320283746539
2022-07-25 04:00:00+00:00,306.0,306.0,298.82,301.32,512662.0,14235.0,301.497182,285.24933333333337,56.478789013165716,3.2808446675947494,0.047926399602762015,3.2329182679919874
2022-07-26 04:00:00+00:00,293.75,294.53,281.5701,283.41,1618447.0,37873.0,285.463596,284.97633333333334,46.152760163331855,2.178919305547879,0.47412498079178544,1.7047943247560937
2022-07-27 04:00:00+00:00,285.55,296.35,283.935,295.57,1299058.0,29493.0,291.903073,285.54266666666666,52.502312356578045,2.2607849699778626,0.8314569786290009,1.4293279913488617
2022-07-28 04:00:00+00:00,295.57,305.157,293.36,303.85,807159.0,21062.0,300.696883,286.321,56.28252448762225,2.9596736247879676,1.2571003078607945,1.702573316927173
2022-07-29 04:00:00+00:00,304.38,310.86,299.5,310.51,1383799.0,26057.0,306.904961,287.14733333333334,59.10203658424259,4.004789538103125,1.8066381539092609,2.1981513841938645
2022-08-01 04:00:00+00:00,308.09,314.15,305.68,310.01,743265.0,19296.0,310.827181,288.4363333333333,58.79545708096202,4.738087880009857,2.39292809912938,2.345159780880477
2022-08-02 04:00:00+00:00,307.42,310.42,303.585,305.7,803464.0,21206.0,306.887022,289.3553333333333,56.094291031876864,4.9147964056631395,2.8973017604361324,2.017494645227007
2022-08-03 04:00:00+00:00,311.0,316.97,308.44,315.38,849740.0,22314.0,314.192024,290.653,60.48516029708069,5.7694279125919365,3.4717269908672934,2.297700921724643
2022-08-04 04:00:00+00:00,316.35,317.57,313.67,316.4,882230.0,21638.0,315.596939,291.937,60.92856305872276,6.454630057193185,4.068307604132472,2.3863224530607132
2022-08-05 04:00:00+00:00,309.3,321.42,308.77,317.8,1012425.0,24828.0,316.57713,292.986,61.56604197834599,7.029593218266143,4.6605647269592065,2.3690284913069366
2022-08-08 04:00:00+00:00,317.04,326.5,315.13,316.24,844676.0,23857.0,318.933813,293.7486666666666,60.38379531589795,7.275509162488277,5.183553614065021,2.0919555484232557
2022-08-09 04:00:00+00:00,314.02,314.5,303.16,306.55,669625.0,18989.0,306.409453,294.38433333333336,53.510153163231486,6.6122751112379206,5.4692979134996005,1.14297719773832
2022-08-10 04:00:00+00:00,314.0,322.0,313.45,319.26,1146069.0,25945.0,319.346241,295.74100000000004,59.94999937726203,7.031196864688582,5.781677703737397,1.2495191609511842
2022-08-11 04:00:00+00:00,325.84,329.1,314.56,316.98,915867.0,23347.0,319.023017,296.8743333333333,58.38753017570406,7.097403972210486,6.044822957432015,1.0525810147784709
2022-08-12 04:00:00+00:00,320.7,322.905,317.0,321.69,753911.0,20211.0,320.758533,298.5103333333334,60.668073092734254,7.444120036824927,6.324682373310598,1.1194376635143293
2022-08-15 04:00:00+00:00,320.18,330.47,320.135,330.34,953900.0,22736.0,327.255519,300.7423333333333,64.51440479231901,8.320958890447969,6.723937676738073,1.5970212137098958
2022-08-16 04:00:00+00:00,331.0,335.71,326.26,331.7,1078028.0,27588.0,331.705038,302.345,65.09240621648607,9.021605184421048,7.183471178274669,1.8381340061463796
2022-08-17 04:00:00+00:00,327.53,332.5,324.51,329.8,772246.0,20641.0,328.587055,303.9923333333333,63.535394358151756,9.316167321472108,7.610010406914157,1.7061569145579503
2022-08-18 04:00:00+00:00,330.57,334.96,328.51,333.42,834102.0,21302.0,332.773003,305.41566666666665,65.24133656936993,9.729557402392743,8.033919806009875,1.695637596382868
2022-08-19 04:00:00+00:00,328.48,329.019,321.32,322.47,935174.0,26656.0,323.123086,306.38500000000005,56.613480670688986,9.06905609938309,8.240947064684518,0.8281090346985724
2022-08-22 04:00:00+00:00,317.12,321.49,313.52,315.22,892322.0,22750.0,316.146063,307.50033333333334,51.73511836691715,7.869870678513564,8.166731787450328,-0.29686110893676343
2022-08-23 04:00:00+00:00,315.35,322.55,314.69,315.93,689317.0,19668.0,317.993652,308.7183333333333,52.169790207110275,6.897290982065783,7.9128436263734185,-1.0155526443076353
2022-08-24 04:00:00+00:00,315.1,321.02,313.26,317.84,551861.0,18230.0,318.329709,309.94733333333335,53.38599409947329,6.20906140813014,7.572087182724763,-1.3630257745946235
2022-08-25 04:00:00+00:00,319.22,323.59,317.04,323.36,603242.0,20650.0,321.688711,311.4263333333334,56.80447570092872,6.039433549256103,7.265556456031032,-1.226122906774929
2022-08-26 04:00:00+00:00,323.2,324.9,310.14,311.31,1111648.0,31671.0,313.382648,312.2563333333334,48.451246021666755,4.876455214819032,6.787736207788632,-1.9112809929696004
2022-08-29 04:00:00+00:00,304.98,311.97,303.66,307.5,1165064.0,34362.0,308.69039,313.0183333333334,46.14088221069394,3.605786089948765,6.151346184220659,-2.5455600942718943
2022-08-30 04:00:00+00:00,311.36,312.0,302.5,307.07,1179149.0,32338.0,305.915816,313.37600000000003,45.875005854052986,2.5348540281279384,5.428047753002115,-2.893193724874177
2022-08-31 04:00:00+00:00,307.96,310.49,295.54,299.96,1915034.0,41709.0,300.492771,313.2816666666667,41.60592094204122,1.0997379793722075,4.562385798276134,-3.4626478189039265
2022-09-01 04:00:00+00:00,293.97,294.875,283.31,294.45,3495204.0,82198.0,295.409446,312.8513333333333,38.607471686449955,-0.4767174773950842,3.5545651431418905,-4.031282620536975
2022-09-02 04:00:00+00:00,326.4,329.6399,311.12,314.17,8780240.0,160624.0,320.212246,313.17366666666663,51.95329013365129,-0.13329406059000348,2.816993302395512,-2.9502873629855153
2022-09-06 04:00:00+00:00,313.9,328.58,312.3894,327.81,3919866.0,87570.0,323.103185,314.0566666666666,58.64914896089656,1.2253800586800025,2.49867065365241,-1.2732905949724076
2022-09-07 04:00:00+00:00,329.2,339.75,324.46,336.87,2614423.0,50737.0,333.006666,315.83866666666665,62.39763820913739,2.9986389263851834,2.598664308198965,0.3999746181862185
2022-09-08 04:00:00+00:00,334.64,346.02,332.912,345.79,2205775.0,48813.0,341.595467,317.51266666666663,65.69488903606239,5.065338735255239,3.09199919361022,1.9733395416450188
2022-09-09 04:00:00+00:00,348.45,355.586,347.5,348.65,2189106.0,49689.0,351.296435,319.00600000000003,66.70304391819323,6.854971477415461,3.844593650371268,3.0103778270441928
2022-09-12 04:00:00+00:00,349.0,353.26,348.0624,352.74,1217390.0,26148.0,351.562156,320.41366666666664,68.14479660617626,8.50525386540528,4.77672569337807,3.728528172027209
2022-09-13 04:00:00+00:00,342.95,346.21,335.37,337.32,1434183.0,35927.0,339.840962,321.32399999999996,57.95585042090357,8.471198712230205,5.515620297148498,2.955578415081707
2022-09-14 04:00:00+00:00,339.04,343.37,335.39,342.92,1414245.0,29993.0,340.284091,322.5646666666667,60.27863568580113,8.79470309407617,6.171436856534032,2.623266237542137
2022-09-15 04:00:00+00:00,341.17,345.1,336.57,338.6,1063075.0,27717.0,339.816682,323.33866666666665,57.63343633332065,8.60332102180081,6.657813689587388,1.9455073322134213
2022-09-16 04:00:00+00:00,331.85,336.56,330.163,333.24,1518410.0,32728.0,333.193494,323.9,54.44124601351915,7.92775591079527,6.911802133828965,1.0159537769663052
2022-09-19 04:00:00+00:00,330.07,337.45,329.43,337.08,1037386.0,21948.0,335.225774,324.54266666666666,56.30833070209853,7.6144469957818615,7.052331106219544,0.5621158895623175
2022-09-20 04:00:00+00:00,334.08,335.67,327.8,331.57,819311.0,23568.0,331.716076,325.0536666666667,52.954797945562014,6.842658563839393,7.010396597743514,-0.16773803390412123
2022-09-21 04:00:00+00:00,334.13,334.13,317.9001,318.12,1405200.0,30532.0,324.897392,325.43933333333337,45.78640484640313,5.087067529538672,6.625730784102546,-1.5386632545638745
2022-09-22 04:00:00+00:00,318.055,318.2799,306.02,306.3,1621875.0,39568.0,309.696669,325.0073333333333,40.58668490272929,2.7107262060320636,5.84272986848845,-3.1320036624563867
2022-09-23 04:00:00+00:00,302.5,303.495,289.26,293.2,1926646.0,47912.0,294.611138,324.2146666666667,35.74204689557678,-0.22698538595784612,4.628786817599192,-4.855772203557038
2022-09-26 04:00:00+00:00,292.26,300.79,291.87,294.66,1325150.0,33904.0,296.301567,323.3136666666667,36.649643904714075,-2.409557312605614,3.2211179915582306,-5.630675304163844
2022-09-27 04:00:00+00:00,300.2,303.46,294.56,299.19,1247839.0,32105.0,299.224091,322.2753333333333,39.50472001096976,-3.730722698866998,1.8307498534731852,-5.561472552340184
2022-09-28 04:00:00+00:00,300.1,310.89,298.54,309.34,1238005.0,33637.0,306.730064,321.53,45.43820443570554,-3.9136218168908954,0.6818755194003692,-4.595497336291265
2022-09-29 04:00:00+00:00,303.97,304.81,296.14,300.22,1262572.0,31783.0,299.93126,320.54400000000004,41.49957233444338,-4.739840535378107,-0.40246769155532613,-4.337372843822781
2022-09-30 04:00:00+00:00,285.65,287.48,277.5,279.56,3861645.0,71832.0,282.909569,318.7486666666667,34.25561083561192,-6.981238784501954,-1.7182219101446519,-5.2630168743573025
2022-10-03 04:00:00+00:00,281.5,295.64,281.12,292.1,1776767.0,39661.0,291.128836,317.73633333333333,40.98877279713758,-7.657419876727204,-2.9060615034611623,-4.751358373266042
2022-10-04 04:00:00+00:00,302.13,308.97,301.67,307.8,1552151.0,34661.0,306.461224,317.489,48.14867404825751,-6.847505691129015,-3.694350340994733,-3.1531553501342824
2022-10-05 04:00:00+00:00,303.85,311.55,301.67,310.05,1259351.0,27895.0,307.257935,317.293,49.10178290465529,-5.955436107641731,-4.146567494324133,-1.808868613317598
2022-10-06 04:00:00+00:00,308.02,316.27,308.02,310.48,1060148.0,26547.0,312.396414,317.04766666666666,49.29361264059971,-5.154350979751314,-4.348124191409569,-0.8062267883417444
2022-10-07 04:00:00+00:00,303.55,306.44,296.47,298.22,1283966.0,34495.0,299.503851,316.20966666666664,44.18086589996167,-5.445986837047883,-4.567696720537232,-0.8782901165106507
2022-10-10 04:00:00+00:00,297.64,297.64,286.55,289.85,1134018.0,30221.0,290.467083,315.4943333333333,41.0504554567428,-6.280106248467746,-4.9101786261233356,-1.3699276223444103
2022-10-11 04:00:00+00:00,296.925,304.28,287.83,295.68,2577786.0,49278.0,296.161242,315.10033333333337,44.02544530276464,-6.3969792203953375,-5.207538744977736,-1.1894404754176016
2022-10-12 04:00:00+00:00,298.85,302.87,292.12,295.5,1670888.0,36181.0,296.119417,314.7146666666667,43.95169406955682,-6.4300052899068305,-5.452032053963555,-0.9779732359432751
2022-10-13 04:00:00+00:00,285.5,299.58,279.1,294.51,1488964.0,38646.0,290.957971,314.533,43.51987625617967,-6.461578361006559,-5.6539413153721565,-0.8076370456344026
2022-10-14 04:00:00+00:00,300.27,304.0,286.28,288.78,1551485.0,37309.0,291.042039,314.344,41.00854824645114,-6.869772894079006,-5.897107631113526,-0.9726652629654797
2022-10-17 04:00:00+00:00,295.56,300.53,293.315,297.65,1492250.0,37577.0,297.324125,313.79333333333335,46.185441951755195,-6.40371706792115,-5.998429518475051,-0.4052875494460988
2022-10-18 04:00:00+00:00,307.74,308.88,294.26,297.76,1142349.0,31404.0,298.69032,312.7916666666667,46.24843969441059,-5.956821852920825,-5.990107985364206,0.03328613244338108
2022-10-19 04:00:00+00:00,295.0,304.5,293.76,296.87,1563884.0,36921.0,298.646509,311.4583333333333,45.78146121687173,-5.609803415494184,-5.914047071390202,0.304243655896018
2022-10-20 04:00:00+00:00,296.72,303.93,290.2,293.13,1338450.0,32233.0,295.511806,309.70300000000003,43.780904852960646,-5.572341068045944,-5.845705870721351,0.27336480267540697
2022-10-21 04:00:00+00:00,291.46,299.13,289.01,298.63,1258092.0,26838.0,295.192593,308.03566666666666,47.419718534701374,-5.040741324967826,-5.6847129615706455,0.6439716366028199
2022-10-24 04:00:00+00:00,299.84,299.84,287.64,297.68,1241910.0,30476.0,294.920629,306.20033333333333,46.855583698064095,-4.642584929963959,-5.476287355249308,0.8337024252853489
2022-10-25 04:00:00+00:00,301.85,321.62,300.53,320.63,2266024.0,45494.0,315.590728,305.644,59.416409275493756,-2.4469628549043705,-4.870422455180321,2.42345960027595
2022-10-26 04:00:00+00:00,316.78,328.81,314.1,321.33,1725637.0,38570.0,322.911868,304.9243333333333,59.72905493135688,-0.6430200570097213,-4.024941975546201,3.38192191853648
2022-10-27 04:00:00+00:00,323.5,327.3,316.31,320.61,1339759.0,31093.0,321.240926,304.32466666666664,59.223676811656674,0.7202174063779125,-3.0759100991613786,3.796127505539291
2022-10-28 04:00:00+00:00,314.14,329.48,312.49,328.48,1696424.0,38765.0,322.901482,304.166,62.91711801999761,2.407879608104622,-1.9791521577081785,4.3870317658128
2022-10-31 04:00:00+00:00,325.0,332.59,323.57,329.04,1218084.0,28745.0,328.871377,303.898,63.17273551027833,3.747354215063126,-0.8338508831539176,4.581205098217044
2022-11-01 04:00:00+00:00,335.0,337.14,327.08,330.36,1154130.0,27861.0,330.381587,303.85766666666666,63.806056066377245,4.859394386155316,0.30479817070792903,4.554596215447386
2022-11-02 04:00:00+00:00,328.91,331.11,315.81,316.06,1312339.0,33154.0,322.196126,303.789,53.143709826907916,4.534532475915171,1.1507450317493775,3.3837874441657934
2022-11-03 04:00:00+00:00,315.18,322.83,310.52,318.1,873632.0,22672.0,318.134173,304.1823333333333,54.3165230239122,4.39107049523227,1.7988101244459562,2.592260370786314
2022-11-04 04:00:00+00:00,327.53,330.88,317.39,325.57,992419.0,24765.0,323.994358,305.2613333333333,58.42058952121267,4.824528254010772,2.4039537503589195,2.420574503651853
2022-11-07 05:00:00+00:00,330.42,330.42,317.595,324.25,929608.0,25774.0,322.576099,306.2476666666667,57.43862168960575,5.003852386911149,2.9239334776693653,2.0799189092417834
2022-11-08 05:00:00+00:00,326.08,334.5399,323.57,328.5,1044472.0,27917.0,329.278259,307.22466666666674,59.78255619136764,5.426355882637665,3.4244179586630255,2.0019379239746398
2022-11-09 05:00:00+00:00,328.26,334.82,320.15,321.21,1370175.0,30893.0,325.42726,307.62033333333335,54.262391901566616,5.11399986495735,3.7623343399218907,1.3516655250354592
2022-11-10 05:00:00+00:00,338.835,354.645,338.75,353.85,2212060.0,54519.0,349.155259,309.408,68.35272249768184,7.414757972302311,4.492819066397975,2.9219389059043364
2022-11-11 05:00:00+00:00,353.43,370.46,353.0,359.7,2338051.0,56630.0,362.169442,312.0793333333333,70.12891152010525,9.599514233358377,5.5141580997900554,4.085356133568322
2022-11-14 05:00:00+00:00,354.46,360.66,351.06,352.74,1259002.0,28221.0,355.148483,314.10066666666665,65.42423733951631,10.64660800787965,6.540648081407975,4.105959926471675
2022-11-15 05:00:00+00:00,364.91,368.54,357.35,359.56,1322682.0,32573.0,361.183271,315.826,67.71014344650263,11.889697341104295,7.610457933347239,4.279239407757056
2022-11-16 05:00:00+00:00,351.65,357.42,345.77,355.76,1346160.0,32863.0,352.825887,317.3496666666667,65.12652469097301,12.424998700854587,8.573366086848708,3.8516326140058794
2022-11-17 05:00:00+00:00,349.74,355.13,347.59,354.27,806901.0,21414.0,351.855013,318.8093333333333,64.09381518741762,12.583938527429837,9.375480574964934,3.2084579524649026
2022-11-18 05:00:00+00:00,358.12,359.9999,344.3,347.85,1202128.0,29799.0,348.72341,320.46366666666665,59.70107173191056,12.052920573579343,9.910968574687816,2.1419519988915265
2022-11-21 05:00:00+00:00,344.29,351.31,340.5,349.38,1042229.0,29361.0,348.08842,322.44800000000004,60.39766866137482,11.621576927986098,10.253090245347472,1.3684866826386255
2022-11-22 05:00:00+00:00,351.79,355.87,346.66,355.64,901805.0,23319.0,352.68194,324.44666666666666,63.20050358803061,11.650563223569975,10.532584840991975,1.1179783825780003
2022-11-23 05:00:00+00:00,355.38,362.105,353.08,360.53,824287.0,22584.0,359.10771,326.6143333333333,65.26836399447431,11.930588803032265,10.812185633400032,1.1184031696322325
2022-11-25 05:00:00+00:00,359.45,362.28,358.76,361.16,523430.0,13205.0,360.584625,328.836,65.53705191475473,12.064277347590746,11.062603976238176,1.0016733713525703
2022-11-28 05:00:00+00:00,361.76,368.14,361.334,363.28,1100025.0,28512.0,364.603224,331.3193333333333,66.47687770204968,12.200651251759439,11.29021343134243,0.9104378204170089
2022-11-29 05:00:00+00:00,363.39,368.09,361.43,363.32,932816.0,25099.0,364.75955,333.5083333333333,66.49544324360195,12.171649025660713,11.466500550206087,0.7051484754546262
2022-11-30 05:00:00+00:00,364.57,380.87,362.65,380.31,2267397.0,42027.0,375.371042,336.26000000000005,73.26750270874295,13.365545868168454,11.84630961379856,1.5192362543698934
2022-12-01 05:00:00+00:00,380.31,386.45,377.89,381.82,1236346.0,37898.0,381.902421,339.09166666666664,73.77484744754301,14.269077059669712,12.33086310297279,1.9382139566969219
2022-12-02 05:00:00+00:00,375.51,386.7,375.2,385.99,1180775.0,33602.0,382.812802,342.187,75.17598094661102,15.147010875693013,12.894092657516836,2.252918218176177
2022-12-05 05:00:00+00:00,384.14,384.14,374.76,381.13,1699573.0,43979.0,379.754186,344.937,70.4516780664434,15.274542943794529,13.370182714772376,1.9043602290221529
2022-12-06 05:00:00+00:00,380.6,382.08,366.39,370.0,1199381.0,33747.0,371.753349,347.34766666666667,60.997679703811784,14.31252911744906,13.558651995307713,0.753877122141347
2022-12-07 05:00:00+00:00,371.23,377.01,369.98,372.33,1386920.0,40226.0,372.821677,349.071,62.142971482332165,13.58157778207925,13.56323715266202,0.018340629417229692
2022-12-08 05:00:00+00:00,374.99,377.2,368.44,374.51,3344079.0,74791.0,364.843767,350.84366666666665,63.2308844123347,13.028022430640476,13.456194208257713,-0.4281717776172371
2022-12-09 05:00:00+00:00,344.13,349.0,323.15,326.39,9305974.0,187118.0,330.243293,351.03633333333335,37.56750735796536,8.6072252472552,12.486400416057212,-3.8791751688020106
2022-12-12 05:00:00+00:00,325.24,328.5,319.0,328.23,4119829.0,85989.0,324.264449,351.028,38.59380567977817,5.192330300189724,11.027586392883714,-5.8352560926939905
2022-12-13 05:00:00+00:00,338.0,339.81,321.5,326.27,2609908.0,58731.0,328.202698,350.93566666666663,37.87949029763991,2.3013176744240695,9.282332649191785,-6.9810149747677155
2022-12-14 05:00:00+00:00,326.27,337.27,326.0,333.33,2801727.0,51942.0,331.864116,351.0346666666667,42.04078259323859,0.5732443331611421,7.540514985985657,-6.9672706528245145
2022-12-15 05:00:00+00:00,327.1,331.49,325.0,325.21,2074783.0,43262.0,327.300035,351.33966666666663,38.81984013660352,-1.434941268491059,5.745423735090314,-7.180365003581373
2022-12-16 05:00:00+00:00,322.07,326.5,318.19,321.24,2167318.0,39784.0,321.411955,351.4443333333333,37.3145855560375,-3.308648605757128,3.9346092669208255,-7.243257872677953
2022-12-19 05:00:00+00:00,321.31,321.31,316.51,316.92,1247551.0,29764.0,318.397225,351.15599999999995,35.69272381265006,-5.083562917224754,2.1309748300917093,-7.214537747316463
2022-12-20 05:00:00+00:00,315.0,315.5525,306.38,307.12,2354884.0,48583.0,309.494879,350.585,32.26651176908116,-7.19799933883354,0.26517999630665945,-7.463179335140199
2022-12-21 05:00:00+00:00,317.91,320.425,311.56,316.74,2324882.0,50150.0,316.680062,350.193,38.50667828504743,-8.00517318096206,-1.3888906391470845,-6.616282541814976
2022-12-22 05:00:00+00:00,313.02,314.49,308.69,312.93,1499499.0,40597.0,311.66801,349.91700000000003,37.05080049997221,-8.85027891845914,-2.8811682950094957,-5.969110623449644
2022-12-23 05:00:00+00:00,310.25,312.68,309.0,311.54,933601.0,26580.0,310.932443,348.5066666666666,36.50847864496235,-9.522424109735084,-4.209419457954613,-5.313004651780471
2022-12-27 05:00:00+00:00,312.77,318.99,309.66,315.04,1288011.0,31719.0,315.79139,347.01800000000003,38.93234506065032,-9.661313657205028,-5.2997982978046965,-4.3615153594003315
2022-12-28 05:00:00+00:00,313.99,315.815,307.63,308.96,1458228.0,35931.0,310.730983,345.5586666666666,36.33718334259055,-10.145044058701899,-6.268847449984137,-3.8761966087177617
2022-12-29 05:00:00+00:00,310.21,318.3137,310.04,316.82,936002.0,29402.0,315.8397,344.134,41.74350480665934,-9.781413529291171,-6.971360665845545,-2.8100528634456268
2022-12-30 05:00:00+00:00,311.86,320.47,311.3,320.38,1344961.0,36824.0,317.871779,342.95466666666664,44.060610651604456,-9.101060111327968,-7.39730055494203,-1.703759556385938
2023-01-03 05:00:00+00:00,326.88,327.34,319.46,323.38,1304786.0,35731.0,322.94211,341.925,46.00944641190037,-8.224987660088061,-7.562837975971236,-0.6621496841168248
2023-01-04 05:00:00+00:00,326.56,326.75,317.03,320.98,1678060.0,44697.0,321.911398,341.02933333333334,44.668733390804384,-7.6363270483179235,-7.5775357904405745,-0.05879125787734907
2023-01-05 05:00:00+00:00,320.87,328.54,316.5,325.93,1781642.0,41900.0,325.084375,340.2476666666667,48.03230671892914,-6.6932302493718225,-7.400674682226825,0.7074444328550022
2023-01-06 05:00:00+00:00,329.5,334.2299,326.82,329.26,2297922.0,49298.0,330.540868,339.3683333333333,50.22445549612034,-5.612419592085075,-7.043023664198476,1.4306040721134003
