timestamp,open,high,low,close,volume,trade_count,vwap,30sma,rsi,macd,signal,histogram
2022-01-03 05:00:00+00:00,65.75,66.06,65.08,65.97,8971513.0,66834.0,65.721581,,,,,
2022-01-04 05:00:00+00:00,65.99,67.145,65.87,66.45,7515421.0,65343.0,66.641408,,,,,
2022-01-05 05:00:00+00:00,66.8,67.96,66.68,67.41,9492231.0,94548.0,67.556255,,,,,
2022-01-06 05:00:00+00:00,67.55,67.93,66.97,67.38,9186538.0,67925.0,67.526449,,,,,
2022-01-07 05:00:00+00:00,67.27,67.76,66.98,67.55,6445503.0,55897.0,67.518335,,,,,
2022-01-10 05:00:00+00:00,67.69,67.83,66.865,67.03,6787158.0,70621.0,67.200059,,,,,
2022-01-11 05:00:00+00:00,67.33,67.46,66.245,67.26,5295487.0,53126.0,66.904012,,,,,
2022-01-12 05:00:00+00:00,67.18,67.525,66.825,67.37,5791774.0,49777.0,67.321731,,,,,
2022-01-13 05:00:00+00:00,67.25,67.77,67.08,67.64,6669359.0,53979.0,67.572489,,,,,
2022-01-14 05:00:00+00:00,67.46,68.155,67.08,68.1,6323869.0,57627.0,67.831094,,,,,
2022-01-18 05:00:00+00:00,67.26,67.42,66.65,67.37,6723845.0,68087.0,67.184547,,,,,
2022-01-19 05:00:00+00:00,67.56,68.17,67.45,67.6,7219204.0,62160.0,67.797452,,,,,
2022-01-20 05:00:00+00:00,67.58,68.175,67.46,67.76,10404405.0,78583.0,67.922391,,,,,
2022-01-21 05:00:00+00:00,68.23,69.47,68.2,68.36,18796062.0,131234.0,68.827769,,,,,
2022-01-24 05:00:00+00:00,68.6,68.91,66.06,67.61,13560116.0,115059.0,67.443198,,64.38596491228077,,,
2022-01-25 05:00:00+00:00,67.28,67.3058,66.209,66.98,12831034.0,101885.0,66.889666,,57.53738543174151,,,
2022-01-26 05:00:00+00:00,66.47,67.49,66.12,66.62,9848563.0,83139.0,66.744244,,54.0025424023962,,,
2022-01-27 05:00:00+00:00,67.21,68.64,66.94,67.47,12122945.0,105301.0,67.697115,,60.2171908271719,,,
2022-01-28 05:00:00+00:00,65.127,66.54,63.9001,66.42,15446938.0,125987.0,65.548106,,51.04288869513537,,,
2022-01-31 05:00:00+00:00,66.26,67.36,65.71,67.03,9644625.0,86905.0,66.875408,,55.30331520540459,,,
2022-02-01 05:00:00+00:00,66.9865,67.32,66.06,66.68,6591861.0,66340.0,66.602877,,52.48126656944133,,,
2022-02-02 05:00:00+00:00,66.81,68.05,66.51,67.9,6871157.0,64633.0,67.682292,,60.12034826660338,,,
2022-02-03 05:00:00+00:00,67.725,68.46,67.46,67.94,7238656.0,64239.0,68.006326,,60.345437285095976,,,
2022-02-04 05:00:00+00:00,67.48,68.14,66.85,67.02,7889682.0,63595.0,67.271275,,52.94375842838338,,,
2022-02-07 05:00:00+00:00,67.29,67.76,66.79,67.48,6745609.0,66746.0,67.411614,,55.85905104409072,,,
2022-02-08 05:00:00+00:00,67.72,68.29,67.41,68.05,6558778.0,62396.0,67.989609,,59.22967853822166,0.09947749397719008,,
2022-02-09 05:00:00+00:00,68.48,68.59,67.79,67.96,5423645.0,55418.0,67.997785,,58.47047529486557,0.13482853478981838,,
2022-02-10 05:00:00+00:00,67.24,67.8901,66.56,66.77,7287442.0,72422.0,67.05786,,49.445700936346924,0.06605993673942123,,
2022-02-11 05:00:00+00:00,67.08,67.38,66.55,66.7,7690254.0,61341.0,66.842729,,48.96691844062244,0.005844540127412756,,
2022-02-14 05:00:00+00:00,66.94,67.02,65.35,66.14,6794763.0,60963.0,65.995043,67.26733333333333,45.19650280067703,-0.08607173402874935,,
2022-02-15 05:00:00+00:00,66.3,66.74,65.57,65.87,6596214.0,58346.0,66.036601,67.264,43.458995805798615,-0.1786434960140042,,
2022-02-16 05:00:00+00:00,66.03,66.52,65.2,65.71,5907130.0,59934.0,65.709971,67.23933333333333,42.41831850734933,-0.2618989392102833,,
2022-02-17 05:00:00+00:00,65.58,66.32,65.13,66.06,7265321.0,64592.0,65.912577,67.19433333333333,45.49314264753718,-0.2962227315810395,,
2022-02-18 05:00:00+00:00,66.03,66.53,65.62,66.0,5814782.0,56495.0,66.013673,67.14833333333334,45.049033917471384,-0.3245251588620448,-0.09346128378469763,-0.23106387507734716
2022-02-22 05:00:00+00:00,66.545,66.67,65.75,66.47,8492965.0,70694.0,66.358721,67.11233333333334,49.23004608792564,-0.30550825534874093,-0.1358706780975063,-0.16963757725123463
2022-02-23 05:00:00+00:00,66.65,66.98,66.195,66.28,7177512.0,62544.0,66.446599,67.08733333333333,47.651620191263945,-0.3022840915665199,-0.16915336079130905,-0.13313073077521087
2022-02-24 05:00:00+00:00,65.31,65.87,63.215,64.65,10324093.0,105464.0,64.320174,67.00033333333333,36.76201856786978,-0.42634169439736525,-0.2205910275125203,-0.20575066688484495
2022-02-25 05:00:00+00:00,65.03,66.7899,64.98,66.76,6982302.0,76613.0,66.354758,66.97999999999999,52.04072173814797,-0.35036013884435135,-0.24654484977888652,-0.10381528906546483
2022-02-28 05:00:00+00:00,65.57,65.94,64.67,65.48,7448034.0,70984.0,65.342299,66.908,44.94633334277815,-0.3889459840510341,-0.27502507663331605,-0.11392090741771804
2022-03-01 05:00:00+00:00,64.99,65.45,64.13,64.34,8200080.0,76078.0,64.527572,66.78266666666667,39.74903333691654,-0.5056847974288985,-0.3211570207924326,-0.1845277766364659
2022-03-02 05:00:00+00:00,64.23,65.07,63.98,64.7,6952948.0,81225.0,64.702056,66.69366666666666,42.02873809165491,-0.5626660922699216,-0.3694588350879304,-0.19320725718199117
2022-03-03 05:00:00+00:00,65.1,65.49,64.645,64.91,6156040.0,62875.0,64.957444,66.604,43.37468126140521,-0.5841452709371708,-0.4123961222577785,-0.17174914867939234
2022-03-04 05:00:00+00:00,64.04,64.25,63.21,63.83,10427344.0,115522.0,63.739368,66.473,38.432670614165126,-0.6804706072612277,-0.46601101925846833,-0.21445958800275933
2022-03-07 05:00:00+00:00,63.4,63.54,62.18,62.53,13250247.0,107341.0,62.726492,66.27866666666667,33.48677461783524,-0.8518882285149942,-0.5431864611097735,-0.3087017674052207
2022-03-08 05:00:00+00:00,62.41,62.8,60.71,60.8,12204287.0,112951.0,61.261161,66.05166666666668,28.272478078697688,-1.114487353673752,-0.6574466396225693,-0.45704071405118274
2022-03-09 05:00:00+00:00,61.6,62.075,61.085,61.29,8281186.0,87814.0,61.55393,65.86200000000001,31.524777481459722,-1.2684383793260778,-0.779644987563271,-0.4887933917628068
2022-03-10 05:00:00+00:00,60.62,60.71,59.68,60.16,7091404.0,75545.0,60.166313,65.64666666666668,28.33411152646893,-1.4647425916824446,-0.9166645083871058,-0.5480780832953388
2022-03-11 05:00:00+00:00,60.5,61.07,59.02,59.12,9060550.0,86376.0,59.736402,65.36833333333333,25.750892809034212,-1.684812927953864,-1.0702941923004574,-0.6145187356534065
2022-03-14 04:00:00+00:00,59.48,60.43,59.21,59.34,9393279.0,71032.0,59.647786,65.13233333333334,27.2616308475249,-1.8204827022069239,-1.2203318942817507,-0.6001508079251732
2022-03-15 04:00:00+00:00,59.84,61.28,59.59,61.17,9417470.0,87838.0,60.783184,64.937,38.47557926766221,-1.7600475372803288,-1.3282750228814664,-0.43177251439886244
2022-03-16 04:00:00+00:00,61.46,62.17,61.02,61.95,11614553.0,102816.0,61.786699,64.77933333333334,42.54166234681739,-1.6304183050753878,-1.3887036793202507,-0.24171462575513702
2022-03-17 04:00:00+00:00,61.96,62.775,61.34,62.27,7001570.0,68158.0,62.138824,64.59166666666667,44.17179314470488,-1.4847496097002804,-1.407912865396257,-0.07683674430402343
2022-03-18 04:00:00+00:00,61.55,61.88,60.95,61.51,12543682.0,87007.0,61.420516,64.37733333333333,41.183386146596106,-1.4143282716177907,-1.4091959466405637,-0.005132324977227043
2022-03-21 04:00:00+00:00,61.54,61.89,61.09,61.37,8704387.0,59080.0,61.376611,64.189,40.63797265633896,-1.3542052486572302,-1.3981978070438972,0.043992558386666936
2022-03-22 04:00:00+00:00,61.68,61.83,60.87,61.57,7423143.0,56885.0,61.438381,63.992,41.823303334880336,-1.2757133617376155,-1.373700917982641,0.09798755624502542
2022-03-23 04:00:00+00:00,61.67,62.06,60.73,60.78,7302764.0,65836.0,61.029328,63.74966666666667,38.54895284778766,-1.2626987681483257,-1.351500488015778,0.08880171986745222
2022-03-24 04:00:00+00:00,61.12,61.165,60.295,60.85,10735963.0,85514.0,60.750607,63.51266666666666,39.00463216776922,-1.2325283741037367,-1.3277060652333699,0.09517769112963315
2022-03-25 04:00:00+00:00,61.0,61.785,60.96,61.52,6191353.0,55699.0,61.381392,63.337666666666664,43.33575577478618,-1.1413974001473903,-1.290444332216174,0.14904693206878372
2022-03-28 04:00:00+00:00,61.65,61.81,61.15,61.57,15534240.0,121364.0,61.443739,63.166666666666664,43.6572856811548,-1.0530025071599738,-1.242955967204934,0.18995346004496017
2022-03-29 04:00:00+00:00,62.06,63.07,62.06,63.06,9902546.0,82575.0,62.746089,63.064,52.33681679597081,-0.8528868216893741,-1.164942138101822,0.31205531641244777
2022-03-30 04:00:00+00:00,62.65,62.86,62.16,62.75,6171581.0,59540.0,62.562183,62.96,50.59063779042411,-0.7111108650193643,-1.0741758834853306,0.3630650184659663
2022-03-31 04:00:00+00:00,62.8,63.13,62.6,62.78,8278065.0,57940.0,62.861422,62.86233333333334,50.761847130897344,-0.5895358463745524,-0.977247876063175,0.3877120296886226
2022-04-01 04:00:00+00:00,63.0,63.64,62.2,63.53,6876565.0,54670.0,63.206246,62.778,54.96338816072205,-0.4277373463380201,-0.8673457701181441,0.439608423780124
2022-04-04 04:00:00+00:00,63.36,63.52,62.47,63.04,6131685.0,57674.0,62.958533,62.67933333333333,51.850393246481346,-0.3351859591716462,-0.7609138079288446,0.4257278487571984
2022-04-05 04:00:00+00:00,62.78,63.77,62.78,63.01,5347081.0,47710.0,63.175711,62.56399999999999,51.65748622244041,-0.26124756798236604,-0.660980559939549,0.3997329919571829
2022-04-06 04:00:00+00:00,63.05,63.59,62.72,63.2,4501157.0,56017.0,63.270536,62.46133333333333,52.8538392392309,-0.1851847535978024,-0.5658213986711996,0.38063664507339723
2022-04-07 04:00:00+00:00,63.14,63.18,61.95,62.89,7384399.0,74884.0,62.664882,62.40266666666667,50.651349390465576,-0.1482103576714593,-0.4822991904712516,0.3340888327997923
2022-04-08 04:00:00+00:00,63.09,63.585,62.775,63.4,7794391.0,67998.0,63.328477,62.29066666666667,54.04424463153301,-0.07686904624573287,-0.40121316162614784,0.32434411538041497
2022-04-11 04:00:00+00:00,63.96,64.15,63.3,63.41,9642323.0,74960.0,63.577864,62.22166666666667,54.11086691735402,-0.019301135057531837,-0.32483075631242464,0.3055296212548928
2022-04-12 04:00:00+00:00,64.08,64.33,63.2902,63.67,7329008.0,73296.0,63.790079,62.199333333333335,55.90092503498857,0.04676262595951641,-0.2505120798580365,0.2972747058175529
2022-04-13 04:00:00+00:00,63.69,64.08,63.42,63.85,5838797.0,49998.0,63.790989,62.17100000000001,57.14721799059871,0.11234804982234436,-0.17794005392196033,0.2902881037443047
2022-04-14 04:00:00+00:00,64.15,64.22,63.68,63.72,6633831.0,54034.0,63.916449,62.13133333333334,55.9180860923207,0.15208195114139755,-0.11193565290928877,0.2640176040506863
2022-04-18 04:00:00+00:00,63.62,64.02,63.25,63.57,5758259.0,53929.0,63.528646,62.12266666666667,54.462514160442666,0.16951356099374948,-0.05564581012868112,0.2251593711224306
2022-04-19 04:00:00+00:00,63.74,65.5,63.6,65.21,7218351.0,57438.0,64.865896,62.211999999999996,65.14521477445494,0.3120652375334103,0.01789639940373717,0.29416883812967315
2022-04-20 04:00:00+00:00,65.24,65.965,65.24,65.73,8167894.0,71423.0,65.629543,62.376333333333335,67.7301691160475,0.46167620647435825,0.10665236081786139,0.35502384565649686
2022-04-21 04:00:00+00:00,65.85,66.35,65.74,65.84,6380689.0,67121.0,65.98716,62.528,68.26631745311819,0.5824064390466148,0.2018031764636121,0.3806032625830027
2022-04-22 04:00:00+00:00,65.98,66.18,65.04,65.06,7702414.0,67277.0,65.431864,62.69133333333333,60.58022260203781,0.6081363199616732,0.28306980516322433,0.32506651479844884
2022-04-25 04:00:00+00:00,65.605,65.97,64.52,65.78,8849396.0,86424.0,65.394627,62.913333333333334,64.54812556881456,0.6788006275736223,0.36221596964530395,0.3165846579283183
2022-04-26 04:00:00+00:00,65.86,66.03,64.04,64.04,9832712.0,96234.0,64.828616,63.07000000000001,51.14877993798094,0.5876253628528048,0.4072978482868041,0.18032751456600066
2022-04-27 04:00:00+00:00,65.54,65.655,63.93,64.05,9841993.0,82143.0,64.58052,63.166000000000004,51.211463429803,0.5102928863581155,0.4278968559010664,0.08239603045704913
2022-04-28 04:00:00+00:00,64.2,66.335,64.111,66.22,9718513.0,94375.0,65.647902,63.30833333333333,62.466387104541745,0.6169948733054866,0.4657164593819505,0.15127841392353614
2022-04-29 04:00:00+00:00,65.96,66.035,64.36,64.48,10296145.0,83755.0,64.851206,63.382,52.089857492345395,0.55475859671661,0.4835248868488824,0.07123370986772759
2022-05-02 04:00:00+00:00,65.31,65.48,62.99,63.79,9962353.0,97277.0,63.91511,63.458,48.639386684297655,0.44463321082257323,0.47574655164362056,-0.03111334082104733
2022-05-03 04:00:00+00:00,64.11,64.89,63.64,64.69,9470244.0,81750.0,64.502307,63.56866666666667,53.011531888377654,0.4250804644859727,0.465613334212091,-0.040532869726118304
2022-05-04 04:00:00+00:00,64.52,66.3,64.43,66.19,8209721.0,77997.0,65.598275,63.72266666666666,59.23938718891913,0.5245752590713977,0.47740571918395236,0.04716953988744532
2022-05-05 04:00:00+00:00,65.72,66.07,64.81,65.23,8702286.0,93088.0,65.275729,63.870999999999995,54.28079822217377,0.519967758999357,0.4859181271470333,0.03404963185232368
2022-05-06 04:00:00+00:00,65.05,65.945,64.75,65.73,8938078.0,92956.0,65.357042,64.03366666666666,56.33103448682169,0.5503183756494536,0.4987981768475174,0.0515201988019362
2022-05-09 04:00:00+00:00,65.4,66.705,65.23,66.28,11518053.0,101995.0,66.174003,64.19233333333334,58.53384146705601,0.6117005582026707,0.5213786531185481,0.09032190508412252
2022-05-10 04:00:00+00:00,66.89,67.93,65.71,65.92,10826835.0,109941.0,66.34452,64.33733333333333,56.52400393219016,0.6241031165198336,0.5419235457988053,0.08217957072102833
2022-05-11 04:00:00+00:00,65.61,66.41,65.43,65.56,9582341.0,91304.0,65.780679,64.42066666666666,54.508414114398704,0.5979899856683772,0.5531368337727197,0.04485315189565753
2022-05-12 04:00:00+00:00,65.64,65.9,64.84,65.68,8552239.0,89838.0,65.392257,64.51833333333333,55.08337693716013,0.5802889288968203,0.5585672527975398,0.02172167609928044
2022-05-13 04:00:00+00:00,65.83,66.455,65.36,66.38,6838594.0,70201.0,66.005825,64.63833333333334,58.38734323427888,0.6156480561681406,0.56998341347166,0.04566464269648052
2022-05-16 04:00:00+00:00,66.4,66.45,65.795,66.13,7865366.0,70947.0,66.147269,64.725,56.78092859312067,0.6163921239030117,0.5792651555579303,0.037126968345081335
2022-05-17 04:00:00+00:00,66.14,66.25,64.54,65.72,9896564.0,82753.0,65.543883,64.81433333333334,54.14967142320507,0.5772441185795856,0.5788609481622614,-0.0016168295826758383
2022-05-18 04:00:00+00:00,65.4,65.4,60.71,60.96,10840429.0,102436.0,61.917007,64.74600000000001,34.28525041484312,0.1602792241685762,0.4951446033635244,-0.3348653791949482
2022-05-19 04:00:00+00:00,60.33,61.56,59.65,61.1,9669446.0,107456.0,60.759057,64.676,35.04004979539229,-0.15706112585905885,0.3647034575190078,-0.5217645833780666
2022-05-20 04:00:00+00:00,61.22,61.46,60.41,61.19,14050793.0,98332.0,60.993438,64.61933333333333,35.55252603504242,-0.3967202476657832,0.21241871648204957,-0.6091389641478328
2022-05-23 04:00:00+00:00,62.06,62.42,61.51,62.04,7410387.0,71203.0,62.00834,64.574,40.339652795017194,-0.5121600696207409,0.06750295926149147,-0.5796630288822324
2022-05-24 04:00:00+00:00,61.97,63.04,61.76,63.0,6414126.0,64783.0,62.575566,64.56033333333333,45.28307497050184,-0.5201865960000234,-0.05003495179081151,-0.47015164420921185
2022-05-25 04:00:00+00:00,62.81,62.98,61.78,62.37,8412850.0,80852.0,62.38373,64.517,42.77802357721164,-0.5708035429239615,-0.15418867001744152,-0.41661487290652
2022-05-26 04:00:00+00:00,62.3,63.225,62.27,62.5,5907897.0,55198.0,62.7031,64.47200000000001,43.4729274165043,-0.5935854410219292,-0.24206802421833906,-0.35151741680359017
2022-05-27 04:00:00+00:00,62.79,63.76,62.5,63.76,8596660.0,64786.0,63.218679,64.47333333333333,49.832087573037654,-0.5041571795200852,-0.2944858552786883,-0.2096713242413969
2022-05-31 04:00:00+00:00,63.62,63.935,62.61,63.56,8656177.0,66577.0,63.465537,64.473,48.89187916276208,-0.44430133726627474,-0.3244489516762056,-0.11985238559006917
2022-06-01 04:00:00+00:00,63.45,63.74,62.08,62.91,7516033.0,68451.0,62.88882,64.39633333333333,45.86323808159989,-0.44419432310997564,-0.3483980259629596,-0.09579629714701604
2022-06-02 04:00:00+00:00,62.85,63.06,61.465,63.04,7655232.0,74398.0,62.592572,64.30666666666667,46.57602862170665,-0.4286780661714502,-0.3644540340046577,-0.06422403216679251
2022-06-03 04:00:00+00:00,62.84,63.04,62.075,62.41,5970261.0,61603.0,62.427695,64.19233333333334,43.58133716787044,-0.4618926447390308,-0.38394175615153237,-0.07795088858749843
2022-06-06 04:00:00+00:00,62.71,63.135,62.22,62.45,4475749.0,48293.0,62.532503,64.10533333333333,43.82828852089021,-0.47946084567101366,-0.4030455740554286,-0.07641527161558503
2022-06-07 04:00:00+00:00,61.96,63.34,61.88,63.24,5883064.0,53806.0,62.89109,64.02066666666666,48.61237428600641,-0.4247412213793069,-0.40738470352020434,-0.017356517859102583
2022-06-08 04:00:00+00:00,63.0,63.16,62.51,62.62,3828561.0,43638.0,62.776462,63.973333333333336,45.34807872989617,-0.42648805452536465,-0.41120537372123644,-0.015282680804128201
2022-06-09 04:00:00+00:00,62.44,63.02,61.2,61.23,7108380.0,53158.0,61.779613,63.879333333333335,39.02168203617944,-0.5338795841466251,-0.4357402158063142,-0.09813936834031084
2022-06-10 04:00:00+00:00,60.51,61.31,60.04,60.8,8196360.0,69179.0,60.830947,63.69866666666667,37.288627361317275,-0.6462361434322759,-0.4778394013315066,-0.16839674210076927
2022-06-13 04:00:00+00:00,60.2,60.3,58.965,59.2,8595571.0,83937.0,59.521044,63.522666666666666,31.655036453594803,-0.8545355999274946,-0.5531786410507042,-0.30135695887679037
2022-06-14 04:00:00+00:00,59.515,59.6,57.82,58.47,7094090.0,74837.0,58.478306,63.34533333333333,29.467572845022346,-1.0662285006012198,-0.6557886129608074,-0.4104398876404124
2022-06-15 04:00:00+00:00,58.94,59.88,58.29,59.04,8971525.0,83975.0,59.020488,63.157000000000004,33.34098397575973,-1.174463924199138,-0.7595236752084735,-0.4149402489906644
2022-06-16 04:00:00+00:00,58.4,59.1791,57.99,58.61,7995697.0,90703.0,58.687814,62.90433333333333,31.91699996252072,-1.2801815475399678,-0.8636552496747725,-0.41652629786519535
2022-06-17 04:00:00+00:00,58.72,59.2,58.1,58.8,11415047.0,73561.0,58.687946,62.690000000000005,33.273117598388055,-1.3332630866526998,-0.957576817070358,-0.37568626958234175
2022-06-21 04:00:00+00:00,59.28,60.08,58.29,59.82,10581324.0,77894.0,59.578973,62.493,40.163681986355236,-1.2782897844002434,-1.0217194105363352,-0.25657037386390824
2022-06-22 04:00:00+00:00,59.84,60.74,59.63,60.28,10341345.0,73504.0,60.311819,62.293,43.02132923398662,-1.183956971702166,-1.0541669227695014,-0.12979004893266466
2022-06-23 04:00:00+00:00,60.54,61.4,60.52,61.04,6440965.0,65887.0,60.9871,62.13033333333333,47.48381997950609,-1.0359303295973774,-1.0505196041350766,0.014589274537699204
2022-06-24 04:00:00+00:00,61.59,62.71,61.32,62.65,6505561.0,53956.0,62.324941,62.03333333333333,55.444704286242676,-0.7797165179244274,-0.9963589868929469,0.21664246896851946
2022-06-27 04:00:00+00:00,62.15,62.81,62.08,62.63,5204874.0,50569.0,62.52267,61.931666666666665,55.332492823554965,-0.5716889843581612,-0.9114249863859898,0.3397360020278286
2022-06-28 04:00:00+00:00,62.87,63.18,61.555,61.72,6724379.0,66544.0,62.108434,61.77633333333333,50.34032426494421,-0.4747820679246715,-0.8240964026937262,0.3493143347690547
2022-06-29 04:00:00+00:00,61.5,62.36,61.49,62.05,5034766.0,51373.0,61.996201,61.64033333333334,52.0304983628116,-0.36712243746623585,-0.7327016096482282,0.3655791721819923
2022-06-30 04:00:00+00:00,61.58,62.51,61.51,62.09,7276231.0,59966.0,62.048576,61.51933333333333,52.24267535420655,-0.27539910947211865,-0.6412411096130063,0.36584200014088764
2022-07-01 04:00:00+00:00,61.55,63.62,61.55,63.34,9477374.0,81465.0,63.002342,61.59866666666667,58.43055690493552,-0.1006825521038266,-0.5331293981111704,0.43244684600734384
2022-07-05 04:00:00+00:00,63.125,63.2,61.13,62.48,9230908.0,83502.0,62.285209,61.64466666666667,53.31251008682948,-0.03125296952634926,-0.4327541123942062,0.40150114286785693
2022-07-06 04:00:00+00:00,62.53,62.92,62.14,62.41,8540544.0,76634.0,62.474924,61.68533333333333,52.90629518472756,0.017915540692769127,-0.34262018177681114,0.36053572246958027
2022-07-07 04:00:00+00:00,62.32,62.63,61.775,62.37,9442403.0,72412.0,62.168359,61.696333333333335,52.659379265360364,0.05304282886225309,-0.2634875796489983,0.3165304085112514
2022-07-08 04:00:00+00:00,62.37,62.83,62.16,62.44,4951710.0,52343.0,62.505952,61.67766666666667,53.072137028197304,0.08554377738406771,-0.19368130824238514,0.2792250856264529
2022-07-11 04:00:00+00:00,62.55,62.81,62.015,62.28,5176747.0,54322.0,62.301244,61.67466666666667,51.95704082784884,0.09726909286545293,-0.13549122802081753,0.23276032088627047
2022-07-12 04:00:00+00:00,62.72,63.5,62.275,62.56,5920015.0,57583.0,62.880246,61.67666666666666,53.786964554004385,0.1276832962441361,-0.0828563231678268,0.21053961941196292
2022-07-13 04:00:00+00:00,62.04,62.65,61.46,61.97,5062807.0,55903.0,62.065209,61.617,49.50783135682507,0.10299148070043174,-0.0456867623941751,0.14867824309460684
2022-07-14 04:00:00+00:00,61.04,61.19,60.26,60.88,7261416.0,69492.0,60.712664,61.52766666666666,42.74238182626009,-0.00447921786742711,-0.0374452534888255,0.03296603562139839
2022-07-15 04:00:00+00:00,61.63,61.63,60.385,60.74,6310290.0,57019.0,60.765922,61.45533333333333,41.94945107818544,-0.09979695357880303,-0.04991559350682101,-0.04988136007198202
2022-07-18 04:00:00+00:00,60.57,61.01,59.975,60.06,6884763.0,62874.0,60.437865,61.355999999999995,38.238829312482274,-0.22758381826915297,-0.0854492384592874,-0.14213457980986557
2022-07-19 04:00:00+00:00,60.87,61.6,60.6,61.42,8695464.0,74272.0,61.241922,61.323,48.12242079739872,-0.21661815592377565,-0.11168302195218505,-0.1049351339715906
2022-07-20 04:00:00+00:00,61.8,61.985,61.02,61.45,6356132.0,56790.0,61.507977,61.28966666666667,48.31889164365447,-0.2031650796597333,-0.1299794334936947,-0.07318564616603859
2022-07-21 04:00:00+00:00,61.41,61.7,60.95,61.35,4398730.0,42380.0,61.264749,61.22666666666667,47.6708031495681,-0.19828685660774426,-0.14364091811650462,-0.05464593849123964
2022-07-22 04:00:00+00:00,61.73,62.03,61.535,61.99,4774047.0,45505.0,61.854456,61.20566666666666,52.098996884183904,-0.14115107664840565,-0.14314294982288484,0.001991873174479186
2022-07-25 04:00:00+00:00,62.06,63.12,61.9,62.76,6350205.0,57449.0,62.681804,61.25666666666666,56.83203060398136,-0.033353515977722736,-0.12118506305385243,0.0878315470761297
2022-07-26 04:00:00+00:00,62.45,63.095,61.97,62.94,7701101.0,63931.0,62.789715,61.327999999999996,57.87976744239922,0.06584233373268233,-0.08377958369654548,0.1496219174292278
2022-07-27 04:00:00+00:00,62.98,63.82,62.29,63.63,8280351.0,77969.0,63.25061,61.47566666666667,61.71571293113166,0.19785227485926526,-0.02745321198538333,0.2253054868446486
2022-07-28 04:00:00+00:00,63.57,64.395,63.15,64.2,5228602.0,56889.0,63.926523,61.666666666666664,64.58503275792941,0.3444942256010677,0.046936275531906865,0.2975579500691608
2022-07-29 04:00:00+00:00,63.43,64.45,63.4,64.04,6192014.0,56884.0,64.081155,61.833333333333336,63.15419494448707,0.4426952499645722,0.12608807041843995,0.31660717954613227
2022-08-01 04:00:00+00:00,63.92,65.1675,63.9101,64.89,6120727.0,57944.0,64.845715,62.04266666666667,67.2989921719803,0.5823946821586077,0.2173493927664735,0.3650452893921342
2022-08-02 04:00:00+00:00,65.164,65.164,64.54,64.76,5186477.0,55493.0,64.779078,62.24133333333334,66.0747706419895,0.674838457442732,0.3088472057017252,0.3659912517410068
2022-08-03 04:00:00+00:00,64.68,65.32,64.475,65.13,5313978.0,47448.0,65.040922,62.41833333333334,67.86642235350322,0.7690911194750925,0.4008959884563987,0.3681951310186938
2022-08-04 04:00:00+00:00,64.97,65.18,64.08,64.25,5672905.0,52352.0,64.413839,62.550666666666665,59.78006695427656,0.7639717963440447,0.47351115003392785,0.2904606463101168
2022-08-05 04:00:00+00:00,64.15,64.15,63.125,63.77,5679949.0,60016.0,63.549637,62.641666666666666,55.86970047800126,0.712964101055114,0.5214017402381651,0.19156236081694888
2022-08-08 04:00:00+00:00,64.02,64.59,63.71,63.94,4928688.0,42056.0,64.049114,62.68466666666667,56.943907639298594,0.6784371135660123,0.5528088149037346,0.12562829866227776
2022-08-09 04:00:00+00:00,64.16,64.32,63.82,63.93,3472010.0,36462.0,64.011445,62.727999999999994,56.85623480913697,0.6428568571165201,0.5708184233462917,0.07203843377022834
2022-08-10 04:00:00+00:00,64.32,64.66,64.18,64.47,3597378.0,35991.0,64.436723,62.81966666666666,60.401696394968454,0.6507315068257142,0.5868010400421763,0.06393046678353798
2022-08-11 04:00:00+00:00,64.81,65.1,64.13,64.29,3636419.0,38647.0,64.589627,62.89433333333333,58.67091959705344,0.6351263861497145,0.5964661092636839,0.038660276886030576
2022-08-12 04:00:00+00:00,64.49,64.67,63.785,64.2,4834446.0,47510.0,64.129116,62.964666666666666,57.779422743174656,0.608482757287895,0.5988694388685262,0.009613318419368855
2022-08-15 04:00:00+00:00,64.39,65.38,64.08,65.18,4763676.0,55721.0,64.95961,63.025999999999996,64.16465575093925,0.6588504810310525,0.6108656473010314,0.04798483373002105
2022-08-16 04:00:00+00:00,65.18,66.31,65.06,65.96,5257228.0,60212.0,65.870012,63.142,68.27692105479206,0.7530263274847329,0.6392977833377718,0.1137285441469611
2022-08-17 04:00:00+00:00,65.78,65.84,65.225,65.51,4188947.0,42851.0,65.487412,63.245333333333335,63.73294410128246,0.7823318900625864,0.6679046046827347,0.1144272853798517
2022-08-18 04:00:00+00:00,65.47,65.74,65.095,65.55,3596544.0,40749.0,65.471668,63.35133333333333,63.96253180515907,0.7995675087197327,0.6942371854901344,0.10533032322959834
2022-08-19 04:00:00+00:00,65.22,65.655,64.96,65.36,5057112.0,46169.0,65.352035,63.44866666666667,61.95621507480404,0.788802622952872,0.713150272982682,0.07565234997018999
2022-08-22 04:00:00+00:00,65.245,65.48,64.3029,64.51,5429783.0,46388.0,64.645626,63.523,53.82252003835723,0.7035731241560228,0.7112348432173502,-0.007661719061327399
2022-08-23 04:00:00+00:00,64.23,64.39,63.645,63.72,5409759.0,50054.0,63.873151,63.56166666666666,47.57160419428044,0.5657600054501586,0.682139875663912,-0.1163798702137534
2022-08-24 04:00:00+00:00,63.78,64.675,63.59,64.6,5911352.0,58126.0,64.356894,63.64933333333333,53.98281343512471,0.5215387870287458,0.6500196579368788,-0.12848087090813298
2022-08-25 04:00:00+00:00,64.6,64.97,64.07,64.46,4375197.0,48285.0,64.432381,63.768666666666675,52.87503202742093,0.46978098015124203,0.6139719223797514,-0.14419094222850937
2022-08-26 04:00:00+00:00,64.56,64.68,62.57,62.73,7071872.0,62399.0,63.195206,63.835,41.53292326721474,0.28587066444778486,0.5483516707933581,-0.26248100634557325
2022-08-29 04:00:00+00:00,62.23,62.85,61.79,62.48,5480878.0,56473.0,62.443458,63.91566666666667,40.19123056834049,0.11858058046987452,0.4623974527286614,-0.3438168722587869
2022-08-30 04:00:00+00:00,62.45,62.55,61.64,61.85,4850311.0,50512.0,62.039975,63.93,36.95171287987651,-0.06409490504523774,0.3570989811738816,-0.42119388621911935
2022-08-31 04:00:00+00:00,61.955,62.9,61.82,61.86,9928800.0,78417.0,62.233787,63.943666666666665,37.038462685333585,-0.20568857711496236,0.24454146951611286,-0.45023004663107524
2022-09-01 04:00:00+00:00,61.54,62.02,60.97,61.97,7560812.0,67947.0,61.686512,63.964333333333336,38.048241429622635,-0.30550483213124835,0.1345322091866406,-0.44003704131788896
2022-09-02 04:00:00+00:00,62.04,62.45,60.38,60.73,6258107.0,63351.0,61.129832,63.922333333333334,31.847544109864415,-0.4791442931026282,0.011796908728786845,-0.49094120183141504
2022-09-06 04:00:00+00:00,60.86,60.86,59.76,60.0,8902209.0,79996.0,60.172948,63.830333333333336,28.865146342614736,-0.6679598902385706,-0.12415445106468466,-0.5438054391738859
2022-09-07 04:00:00+00:00,60.05,61.51,59.82,61.42,8240526.0,68590.0,60.93126,63.77966666666667,40.531312079229195,-0.6950039063395153,-0.23832434211965078,-0.45667956421986444
2022-09-08 04:00:00+00:00,61.01,61.25,60.1,60.95,5595514.0,66612.0,60.82047,63.690333333333335,38.292811795509955,-0.7457648430984847,-0.3398124423154176,-0.4059524007830671
2022-09-09 04:00:00+00:00,61.33,61.75,60.93,61.33,6341335.0,60209.0,61.306957,63.59466666666667,41.12404023871593,-0.7467226728316021,-0.4211944884186545,-0.3255281844129476
2022-09-12 04:00:00+00:00,61.62,62.4398,61.445,61.9,5887210.0,51058.0,61.950433,63.523333333333326,45.18661808504495,-0.6934933636728644,-0.47565426346949646,-0.21783910020336794
2022-09-13 04:00:00+00:00,61.03,61.27,59.62,59.88,8640056.0,77536.0,60.246782,63.35633333333333,35.767444419931905,-0.8050260318399651,-0.5415286171435902,-0.2634974146963749
2022-09-14 04:00:00+00:00,60.12,60.47,59.925,60.24,6541460.0,66883.0,60.217761,63.205666666666666,38.23835831624693,-0.8545171418644486,-0.604126322087762,-0.25039081977668665
2022-09-15 04:00:00+00:00,60.09,60.24,59.305,59.57,6616709.0,61727.0,59.668835,63.02033333333333,35.50118530471893,-0.9370014344264916,-0.6707013445555079,-0.26630008987098375
2022-09-16 04:00:00+00:00,59.48,60.39,59.38,60.3,11923148.0,79317.0,60.041436,62.88866666666666,40.498786263985444,-0.93271418290756,-0.7231039122259184,-0.20961027068164162
2022-09-19 04:00:00+00:00,60.3,60.46,59.85,60.38,7782729.0,49037.0,60.256792,62.775666666666666,41.037966674241204,-0.9123442373253994,-0.7609519772458146,-0.15139226007958473
2022-09-20 04:00:00+00:00,60.04,60.23,59.26,59.75,6295189.0,57117.0,59.694611,62.635999999999996,38.10927149294171,-0.9362442031818219,-0.7960104224330161,-0.14023378074880577
2022-09-21 04:00:00+00:00,59.94,61.05,59.74,59.75,8870008.0,75287.0,60.314555,62.49666666666667,38.10927149294171,-0.944299798047318,-0.8256682975558765,-0.11863150049144155
2022-09-22 04:00:00+00:00,59.87,60.335,59.5,59.8,7005445.0,68289.0,59.88904,62.341,38.51316724220648,-0.9358613062975323,-0.8477068993042077,-0.08815440699332455
2022-09-23 04:00:00+00:00,59.54,59.7491,58.255,58.95,6145397.0,72995.0,58.968585,62.163000000000004,34.402880675726635,-0.9863911340571221,-0.8754437462547906,-0.11094738780233149
2022-09-26 04:00:00+00:00,58.79,59.12,58.095,58.35,7200062.0,66309.0,58.513305,61.967999999999996,31.821233522164647,-1.06260235370857,-0.9128754677455465,-0.14972688596302353
2022-09-27 04:00:00+00:00,58.69,59.13,57.31,57.58,7415403.0,76587.0,57.970438,61.714666666666666,28.83111955967999,-1.1716270716268369,-0.9646257885218046,-0.2070012831050323
2022-09-28 04:00:00+00:00,57.99,58.455,57.2605,58.14,6258751.0,63058.0,57.967361,61.45399999999999,33.709796573828584,-1.1990210577835825,-1.0115048423741602,-0.18751621540942232
2022-09-29 04:00:00+00:00,57.62,57.7,56.285,56.67,7336430.0,68413.0,56.709764,61.15933333333333,28.23768426420338,-1.3240844821766657,-1.0740207703346614,-0.2500637118420044
2022-09-30 04:00:00+00:00,56.49,56.7,54.72,54.83,14619188.0,121304.0,55.393944,60.802,23.168079742293642,-1.5537599915196623,-1.1699686145716617,-0.3837913769480006
2022-10-03 04:00:00+00:00,55.24,56.555,54.845,56.35,12176034.0,96801.0,55.994601,60.50166666666667,33.749513629857475,-1.5947449633237696,-1.2549238843220833,-0.33982107900168623
2022-10-04 04:00:00+00:00,56.84,57.925,56.74,57.53,11281863.0,75084.0,57.269491,60.269,40.58997893214653,-1.514550910311911,-1.306849289520049,-0.20770162079186205
2022-10-05 04:00:00+00:00,57.2,57.645,56.51,57.24,4901075.0,56652.0,57.171831,60.053000000000004,39.51026866740664,-1.4575948754984935,-1.3369984067157379,-0.12059646878275565
2022-10-06 04:00:00+00:00,57.01,57.33,55.8,56.01,6069059.0,68233.0,56.329389,59.766666666666666,35.229808291791855,-1.494480091807084,-1.3684947437340071,-0.12598534807307682
2022-10-07 04:00:00+00:00,55.85,55.95,54.95,55.26,6753265.0,68663.0,55.369114,59.46,32.88997519611597,-1.5661767132248556,-1.408031137632177,-0.1581455755926786
2022-10-10 04:00:00+00:00,55.54,55.855,54.97,55.62,6944653.0,61374.0,55.534741,59.223,35.117527507267425,-1.5757831634726784,-1.4415815428002774,-0.13420162067240105
2022-10-11 04:00:00+00:00,55.53,56.755,55.37,56.28,7973766.0,85768.0,56.287874,59.016333333333336,39.108021969840436,-1.5127023690688617,-1.4558057080539943,-0.056896661014867345
2022-10-12 04:00:00+00:00,56.94,57.535,56.61,56.83,8269411.0,73920.0,57.074994,58.849000000000004,42.29317247042256,-1.4021666769397285,-1.4450779018311413,0.04291122489141275
2022-10-13 04:00:00+00:00,56.1,58.03,55.87,57.68,9985208.0,95830.0,57.327584,58.709666666666664,46.91469537048457,-1.23177926371104,-1.4024181742071211,0.17063891049608104
2022-10-14 04:00:00+00:00,58.21,58.32,56.84,56.94,7916907.0,77594.0,57.298454,58.542,43.63811117734908,-1.143278820142001,-1.3505903033940971,0.20731148325209614
2022-10-17 04:00:00+00:00,57.61,57.965,57.34,57.44,7340621.0,71607.0,57.571145,58.43233333333333,46.363902296987874,-1.0210260074295903,-1.284677444201196,0.26365143677160563
2022-10-18 04:00:00+00:00,58.12,58.695,57.79,58.35,6349125.0,67154.0,58.262711,58.37733333333333,51.00787229940962,-0.8410156725987363,-1.195945089880704,0.3549294172819677
2022-10-19 04:00:00+00:00,58.2,58.59,57.37,57.7,4619002.0,49849.0,57.835673,58.25333333333333,47.82276847050489,-0.7422495621460854,-1.1052059843337803,0.36295642218769486
2022-10-20 04:00:00+00:00,57.75,57.865,56.79,56.91,5723269.0,56829.0,57.1571,58.11866666666667,44.20949864773757,-0.7194299649293825,-1.0280507804529007,0.30862081552351817
2022-10-21 04:00:00+00:00,56.58,57.43,56.38,57.35,9719920.0,69918.0,57.180925,57.986,46.62822957548057,-0.6582530159427336,-0.9540912275508673,0.2958382116081337
2022-10-24 04:00:00+00:00,58.17,58.78,57.8,58.74,6485977.0,61760.0,58.451728,57.88066666666667,53.48840654586516,-0.4919377081504308,-0.8616605236707799,0.36972281552034914
2022-10-25 04:00:00+00:00,58.83,59.385,58.515,59.31,7080578.0,66706.0,59.079762,57.861666666666665,55.98674861530921,-0.31055747887554475,-0.751439914711733,0.44088243583618825
2022-10-26 04:00:00+00:00,59.84,60.54,59.3,59.9,6604265.0,70885.0,60.034346,57.85033333333333,58.47320548827236,-0.11784581800348093,-0.6247210953700826,0.5068752773666017
2022-10-27 04:00:00+00:00,60.0,60.69,59.74,60.31,7547600.0,70168.0,60.375889,57.875,60.15765835080908,0.0671886264746675,-0.4863391510011326,0.5535277774758001
2022-10-28 04:00:00+00:00,60.66,61.81,60.42,61.7,6256815.0,58413.0,61.56599,57.92166666666667,65.29705783687093,0.32227614136240135,-0.3246160925284258,0.6468922338908272
2022-10-31 04:00:00+00:00,61.23,61.99,60.64,61.48,6834803.0,60443.0,61.522738,57.958333333333336,63.8922773891009,0.5009085118144796,-0.15951117165984474,0.6604196834743243
2022-11-01 04:00:00+00:00,61.56,62.275,61.54,61.87,8507530.0,84196.0,61.953764,58.028999999999996,65.31677247447982,0.666265400210655,0.005644142714255201,0.6606212574963998
2022-11-02 04:00:00+00:00,64.95,64.96,62.0,62.58,11406324.0,126553.0,62.986431,58.123333333333335,67.80679618187246,0.8448639264445816,0.1734880994603205,0.6713758269842611
2022-11-03 04:00:00+00:00,62.09,62.645,61.84,62.0,8159803.0,91232.0,62.228211,58.19666666666667,63.77857667427506,0.9288956615116746,0.3245696118705913,0.6043260496410833
2022-11-04 04:00:00+00:00,62.31,63.28,62.12,63.22,7506553.0,73342.0,62.883916,58.339000000000006,68.07482791791317,1.0814687227578474,0.4759494340480426,0.6055192887098049
2022-11-07 05:00:00+00:00,63.4,64.51,63.37,64.39,6480252.0,61566.0,64.188332,58.540333333333336,71.55885805600052,1.2820149248993502,0.6371625322183041,0.6448523926810461
2022-11-08 05:00:00+00:00,64.2,64.7,62.97,63.92,6770521.0,75370.0,63.96595,58.751666666666665,68.3327831610372,1.3870352835583617,0.7871370824863158,0.599898201072046
2022-11-09 05:00:00+00:00,63.85,64.31,63.3,63.39,5584372.0,58889.0,63.680535,58.92666666666666,64.78584306478128,1.4112303191623354,0.9119557298215197,0.4992745893408157
2022-11-10 05:00:00+00:00,64.76,65.165,63.465,64.98,8597276.0,72060.0,64.668805,59.20366666666666,69.84312352946336,1.5409417536764138,1.0377529345924985,0.5031888190839153
2022-11-11 05:00:00+00:00,65.05,65.19,63.96,64.8,6384590.0,73971.0,64.598152,59.535999999999994,68.64128747413034,1.6106479573136525,1.1523319391367293,0.45831601817692325
2022-11-14 05:00:00+00:00,65.0,65.325,64.06,64.1,5766264.0,55569.0,64.530992,59.794333333333334,64.0270961435964,1.5910656615044871,1.2400786836102808,0.3509869778942063
2022-11-15 05:00:00+00:00,64.79,64.99,64.17,64.65,5922146.0,64600.0,64.615514,60.03166666666666,65.96311388359734,1.6014662484174877,1.3123561965717223,0.28911005184576544
2022-11-16 05:00:00+00:00,64.99,65.5501,64.68,65.0,4711114.0,52541.0,65.022301,60.290333333333336,67.17383474403081,1.6192847567006865,1.373741908597515,0.2455428481031714
2022-11-17 05:00:00+00:00,64.31,64.63,64.005,64.45,5152630.0,47993.0,64.341167,60.571666666666665,63.35977775886571,1.5709170950228497,1.4131769458825822,0.15774014914026746
2022-11-18 05:00:00+00:00,64.66,65.09,64.31,64.99,4973224.0,49206.0,64.781519,60.895999999999994,65.43488612650813,1.558196937354765,1.442180944177019,0.11601599317774602
2022-11-21 05:00:00+00:00,65.3,65.96,65.045,65.85,5825015.0,53107.0,65.69315,61.237,68.49508961464156,1.5990777604084911,1.4735603074233137,0.12551745298517747
2022-11-22 05:00:00+00:00,66.245,66.39,65.81,66.31,4077949.0,43838.0,66.153999,61.571333333333335,70.02382592078489,1.6495789435940864,1.5087640346574682,0.1408149089366182
2022-11-23 05:00:00+00:00,66.31,66.7,66.14,66.67,3235786.0,35258.0,66.516965,61.89933333333333,71.20157408009003,1.6990647259349885,1.5468241729129724,0.1522405530220161
2022-11-25 05:00:00+00:00,66.67,66.82,66.485,66.69,2212168.0,21176.0,66.644529,62.199666666666666,71.2691104142124,1.7200685186415683,1.5814730420586918,0.13859547658287652
2022-11-28 05:00:00+00:00,66.68,66.99,66.065,66.15,3755035.0,40617.0,66.352527,62.50666666666667,66.71954164005595,1.6738456380710431,1.5999475612611622,0.07389807680988092
2022-11-29 05:00:00+00:00,65.81,66.13,65.59,66.05,3673512.0,36660.0,65.927645,62.79366666666667,65.88081815469593,1.6105787585577005,1.60207380072047,0.008504957837230487
2022-11-30 05:00:00+00:00,65.79,67.75,65.59,67.61,8383512.0,59442.0,67.117507,63.10233333333334,71.83005241839425,1.667100961120667,1.6150792328005097,0.05202172832015739
2022-12-01 05:00:00+00:00,67.76,68.525,67.685,68.09,5846490.0,59163.0,68.035539,63.44866666666667,73.36875691573968,1.7306770347968268,1.6381987931997732,0.09247824159705353
2022-12-02 05:00:00+00:00,67.41,68.36,67.21,68.31,3798399.0,44391.0,67.932297,63.82866666666666,74.0679108676016,1.7783143912690775,1.6662219128136342,0.11209247845544335
2022-12-05 05:00:00+00:00,67.55,67.645,67.05,67.43,4190090.0,43505.0,67.365537,64.16466666666666,66.54257861887332,1.7251719851858667,1.678011927288081,0.04716005789778577
2022-12-06 05:00:00+00:00,67.68,67.97,66.91,67.29,4819646.0,56914.0,67.2928,64.44966666666667,65.40408524679674,1.6527080261726894,1.6729511470650027,-0.020243120892313282
2022-12-07 05:00:00+00:00,67.62,68.81,67.48,68.03,7220767.0,65929.0,67.949042,64.74033333333334,68.47439812610563,1.6361313286418806,1.6655871833803784,-0.029455854738497766
2022-12-08 05:00:00+00:00,67.34,68.08,67.2,67.59,5929787.0,62344.0,67.602281,64.99666666666667,64.79236823045582,1.5693988011901894,1.6463495069423406,-0.07695070575215124
2022-12-09 05:00:00+00:00,67.56,67.62,66.945,67.06,4819229.0,50750.0,67.141885,65.22166666666666,60.56755962788254,1.4569513930591995,1.6084698841657123,-0.15151849110651283
2022-12-12 05:00:00+00:00,67.34,67.43,66.9,67.38,6224970.0,52232.0,67.267583,65.411,62.17140391152797,1.377775202722276,1.562330947877025,-0.18455574515474904
2022-12-13 05:00:00+00:00,68.25,68.5,67.07,67.6,6980807.0,75200.0,67.673537,65.615,63.27726592179888,1.3175912906039287,1.513383016422406,-0.19579172581847737
2022-12-14 05:00:00+00:00,67.74,68.06,66.79,67.26,7902860.0,59494.0,67.408751,65.79466666666667,60.341394849388294,1.228300860418841,1.456366585221693,-0.22806572480285192
2022-12-15 05:00:00+00:00,66.94,67.215,65.815,66.39,7716750.0,65116.0,66.519999,65.92166666666667,53.50106953044289,1.0749445306679206,1.3800821743109386,-0.305137643643018
2022-12-16 05:00:00+00:00,65.92,66.39,65.275,66.16,17537746.0,71702.0,66.013863,66.06033333333333,51.82835397844675,0.9241959015962067,1.2889049197679923,-0.3647090181717856
2022-12-19 05:00:00+00:00,66.06,66.29,65.4725,65.7,7117251.0,67951.0,65.819875,66.143,48.55842089718989,0.7588606976044616,1.1828960753352862,-0.42403537773082456
2022-12-20 05:00:00+00:00,65.78,66.2097,65.38,65.85,5718286.0,52748.0,65.888338,66.19166666666666,49.67345129650257,0.6326423959288121,1.0728453394539914,-0.4402029435251793
2022-12-21 05:00:00+00:00,66.25,67.285,66.1,66.89,5608468.0,56614.0,66.905941,66.29066666666667,56.68393767333928,0.60950677614386,0.9801776267919652,-0.37067085064810523
2022-12-22 05:00:00+00:00,66.69,66.83,65.97,66.73,4856779.0,46342.0,66.55913,66.402,55.405224765557335,0.571671099376232,0.8984763213088186,-0.32680522193258665
2022-12-23 05:00:00+00:00,66.79,67.235,66.54,67.1,3365198.0,38081.0,67.018135,66.47266666666667,57.777284508131594,0.5650286620297749,0.83178678945301,-0.2667581274232351
2022-12-27 05:00:00+00:00,67.39,67.6,67.135,67.49,3139551.0,34414.0,67.441729,66.56233333333334,60.18150372965653,0.5844965112651295,0.782328733815434,-0.19783222255030453
2022-12-28 05:00:00+00:00,67.82,67.83,66.8,66.83,3499231.0,38206.0,67.118239,66.65333333333334,54.523353484164375,0.5404385981445046,0.7339507066812482,-0.1935121085367436
2022-12-29 05:00:00+00:00,66.54,67.13,66.5,66.97,3277679.0,40755.0,66.956923,66.73066666666666,55.47953407668496,0.5109295368888098,0.6893464727227606,-0.1784169358339508
2022-12-30 05:00:00+00:00,66.89,66.99,66.105,66.65,4328866.0,49073.0,66.510565,66.78566666666667,52.74944980585953,0.456460277649839,0.6427692337081763,-0.1863089560583373
2023-01-03 05:00:00+00:00,66.5,66.7,65.37,66.25,6544598.0,57427.0,66.167077,66.84566666666667,49.472273452920476,0.3766742736574997,0.5895502416980409,-0.2128759680405412
2023-01-04 05:00:00+00:00,66.36,67.385,66.26,66.73,6078940.0,64843.0,66.849425,66.90366666666667,53.22751800075312,0.3481618856446147,0.5412725704873557,-0.19311068484274097
2023-01-05 05:00:00+00:00,66.99,67.13,66.025,66.19,5341414.0,58921.0,66.275756,66.91499999999999,48.83069876393013,0.2787785402140628,0.4887737644326971,-0.2099952242186343
2023-01-06 05:00:00+00:00,67.15,68.255,66.89,68.02,5843540.0,64417.0,67.836214,66.97200000000001,60.68346344508494,0.36722431185434345,0.46446387391702637,-0.09723956206268292
