timestamp,open,high,low,close,volume,trade_count,vwap,30sma,rsi,macd,signal,histogram
2022-01-03 05:00:00+00:00,338.295,341.0816,337.19,338.54,14557590.0,206100.0,339.008258,,,,,
2022-01-04 05:00:00+00:00,339.95,343.0854,331.8711,336.53,15994491.0,272810.0,336.907941,,,,,
2022-01-05 05:00:00+00:00,333.02,335.76,323.86,324.13,17690441.0,322969.0,329.36526,,,,,
2022-01-06 05:00:00+00:00,322.82,339.165,322.72,332.46,27935699.0,394323.0,333.352686,,,,,
2022-01-07 05:00:00+00:00,332.74,337.0,328.8801,331.79,14712054.0,219560.0,332.819272,,,,,
2022-01-10 05:00:00+00:00,325.31,328.34,315.43,328.07,24899015.0,405906.0,322.586764,,,,,
2022-01-11 05:00:00+00:00,326.78,334.63,325.28,334.37,16226848.0,248862.0,331.3167,,,,,
2022-01-12 05:00:00+00:00,335.18,336.365,330.03,333.26,14097213.0,220900.0,333.150867,,,,,
2022-01-13 05:00:00+00:00,334.98,335.63,325.76,326.48,14774871.0,244717.0,329.60719,,,,,
2022-01-14 05:00:00+00:00,321.79,332.73,321.21,331.9,16851228.0,251519.0,329.909957,,,,,
2022-01-18 05:00:00+00:00,323.29,324.21,317.64,318.15,22639077.0,381701.0,320.049775,,,,,
2022-01-19 05:00:00+00:00,319.5822,327.1,319.33,319.59,20788611.0,295263.0,322.373606,,,,,
2022-01-20 05:00:00+00:00,323.9,327.82,315.98,316.56,16415876.0,263921.0,322.59381,,,,,
2022-01-21 05:00:00+00:00,314.81,318.31,303.04,303.17,28647391.0,472863.0,309.624264,,,,,
2022-01-24 05:00:00+00:00,297.84,309.53,289.01,308.71,38454614.0,587139.0,299.376474,,32.22076528787693,,,
2022-01-25 05:00:00+00:00,299.95,306.23,297.58,300.15,25070765.0,371174.0,301.292884,,29.03065903288963,,,
2022-01-26 05:00:00+00:00,307.01,307.51,290.85,294.63,28055766.0,433393.0,299.212979,,27.163002274450292,,,
2022-01-27 05:00:00+00:00,298.05,301.709,294.26,294.64,21950632.0,330906.0,297.437255,,27.172143055468666,,,
2022-01-28 05:00:00+00:00,295.6204,301.9,293.0333,301.71,21835106.0,316580.0,297.535967,,33.52399381223253,,,
2022-01-31 05:00:00+00:00,300.68,313.79,299.32,313.26,21563528.0,313818.0,309.024235,,42.36737613350256,,,
2022-02-01 05:00:00+00:00,314.555,319.6598,312.12,319.0,17991133.0,282542.0,316.827725,,46.19797515753727,,,
2022-02-02 05:00:00+00:00,327.82,328.0,316.8747,323.0,58447475.0,928174.0,296.257757,,48.75414567433106,,,
2022-02-03 05:00:00+00:00,244.645,248.0,235.745,237.76,188147847.0,2787957.0,241.797291,,23.32362130989624,,,
2022-02-04 05:00:00+00:00,234.97,242.6099,230.11,237.09,89381535.0,1286244.0,235.69768,,23.221093312842754,,,
2022-02-07 05:00:00+00:00,237.7,238.3,224.01,224.91,88615648.0,1142777.0,228.236548,,21.38103188353746,,,
2022-02-08 05:00:00+00:00,220.85,225.77,216.15,220.18,94809609.0,1203008.0,220.792941,,20.69519976954976,-33.615359831349224,,
2022-02-09 05:00:00+00:00,224.145,233.37,222.21,232.0,86195846.0,1002088.0,228.467362,,26.99708349475118,-34.32861369906624,,
2022-02-10 05:00:00+00:00,228.27,235.0,226.7,228.07,48546069.0,620752.0,230.551079,,26.25018257219719,-34.80972583247342,,
2022-02-11 05:00:00+00:00,228.46,230.42,218.7701,219.55,44985858.0,566175.0,223.000205,,24.657507964730698,-35.4696316255135,,
2022-02-14 05:00:00+00:00,219.31,221.0,214.78,217.7,36957506.0,520009.0,217.869353,294.91200000000003,24.31256889008222,-35.73001785509746,,
2022-02-15 05:00:00+00:00,220.47,221.15,215.06,221.0,42201037.0,534936.0,218.622849,290.99399999999997,26.293306890176638,-35.26359660642282,,
2022-02-16 05:00:00+00:00,212.4,217.46,212.36,216.54,45300836.0,607413.0,215.091013,286.9943333333333,25.328547197207115,-34.85208598018005,,
2022-02-17 05:00:00+00:00,214.02,217.5,207.1601,207.71,38265251.0,541898.0,212.054741,283.1136666666667,23.490813709668032,-34.83689006525847,,
2022-02-18 05:00:00+00:00,209.39,210.75,205.18,206.16,36494048.0,517373.0,207.295187,278.9036666666667,23.172972883806082,-34.55162956137107,-34.82861678408137,0.2769872227102965
2022-02-22 05:00:00+00:00,202.34,207.48,200.06,202.08,38924555.0,584669.0,203.205054,274.58,22.316998909561065,-34.25985418583113,-34.71486426443132,0.45501007860018916
2022-02-23 05:00:00+00:00,204.16,206.94,198.05,198.45,44482723.0,588768.0,201.33173,270.25933333333336,21.55414605870621,-33.93040220572627,-34.55797185269031,0.6275696469640408
2022-02-24 05:00:00+00:00,191.06,208.35,190.22,207.53,49963466.0,621594.0,199.827623,266.0313333333333,28.1684496971705,-32.561282822957764,-34.1586340467438,1.5973512237860348
2022-02-25 05:00:00+00:00,204.94,211.32,203.18,210.48,36402247.0,478880.0,208.541518,261.9386666666667,30.226819968862614,-30.882214556424515,-33.50335014867994,2.6211355922554276
2022-02-28 05:00:00+00:00,207.675,213.1508,206.83,211.03,33114830.0,414164.0,209.772256,258.0903333333333,30.625964859246267,-29.170896517899337,-32.63685942252382,3.465962904624483
2022-03-01 05:00:00+00:00,209.87,211.7517,202.22,203.49,26127108.0,367274.0,206.379794,253.81,28.24083043843615,-28.09916988922123,-31.729321515863305,3.630151626642075
2022-03-02 05:00:00+00:00,204.775,209.15,202.02,208.11,28441534.0,372237.0,206.240403,250.14199999999997,31.748284294845902,-26.570732560322767,-30.697603724755197,4.12687116443243
2022-03-03 05:00:00+00:00,209.01,209.08,201.44,202.97,26510441.0,342102.0,204.824842,246.25466666666668,29.991881573115904,-25.480467045541076,-29.654176388912376,4.1737093433713
2022-03-04 05:00:00+00:00,202.37,205.89,198.79,200.06,31393138.0,455627.0,200.489925,242.37133333333335,29.0132596974218,-24.56803147646093,-28.636947406422088,4.0689159299611575
2022-03-07 05:00:00+00:00,200.79,200.81,187.28,187.47,37605885.0,568344.0,191.377379,238.51466666666664,25.18447050099506,-24.577513221751843,-27.82506056948804,3.247547347736198
2022-03-08 05:00:00+00:00,187.85,196.7,186.11,190.29,36502269.0,434854.0,191.303601,234.56733333333332,27.492575033654006,-24.079899053854433,-27.076028266361323,2.99612921250689
2022-03-09 05:00:00+00:00,195.74,199.08,193.92,198.5,30933384.0,361704.0,196.961556,231.179,33.887373512800735,-22.760686824830998,-26.21295997805526,3.4522731532242616
2022-03-10 05:00:00+00:00,194.84,196.26,191.068,195.21,24422842.0,367567.0,193.961926,227.86499999999998,32.644872415420835,-21.730185086139386,-25.316404999672088,3.5862199135327018
2022-03-11 05:00:00+00:00,192.635,193.56,186.67,187.61,34121683.0,491093.0,189.444246,224.29733333333334,29.91610628110287,-21.281442298433518,-24.509412459424375,3.227970160990857
2022-03-14 04:00:00+00:00,187.03,192.29,185.82,186.63,29973534.0,423758.0,188.425471,220.46133333333333,29.572831876901816,-20.765516270476724,-23.760633221634848,2.995116951158124
2022-03-15 04:00:00+00:00,190.8,192.28,185.911,192.03,31365833.0,389869.0,189.180537,216.42033333333336,34.06256736499364,-19.693887430676057,-22.947284063443092,3.2533966327670356
2022-03-16 04:00:00+00:00,194.7,203.73,194.52,203.63,41552143.0,470264.0,199.429891,212.5746666666667,42.53712084557382,-17.704504294870105,-21.898728109728495,4.19422381485839
2022-03-17 04:00:00+00:00,201.69,208.04,201.11,207.84,28999685.0,348715.0,205.05622,208.73600000000002,45.285616722500336,-15.608269595365499,-20.640636406855897,5.032366811490398
2022-03-18 04:00:00+00:00,206.7,216.8,206.0,216.49,51622377.0,430560.0,213.691739,208.02700000000002,50.522077538785354,-13.0980199636127,-19.132113118207258,6.034093154594558
2022-03-21 04:00:00+00:00,214.5,214.71,207.63,211.49,29715026.0,351920.0,210.796444,207.17366666666666,47.681387708313444,-11.3808953807453,-17.58186957071487,6.200974189969568
2022-03-22 04:00:00+00:00,211.37,219.46,210.18,216.65,31747111.0,439721.0,216.415174,206.89833333333334,50.75846615754488,-9.49424910777799,-15.964345478127495,6.470096370349506
2022-03-23 04:00:00+00:00,213.33,216.7988,212.16,213.46,23484551.0,360657.0,214.500844,206.67433333333332,48.84581665340386,-8.16238380436738,-14.403953143375473,6.241569339008093
2022-03-24 04:00:00+00:00,215.0,220.67,214.79,219.57,31239256.0,388163.0,218.256864,206.26000000000002,52.53504223649134,-6.5384735660329625,-12.830857227906971,6.292383661874009
2022-03-25 04:00:00+00:00,220.51,225.5,218.8901,221.82,39593007.0,451317.0,221.633652,206.05166666666668,53.85483649953656,-5.012179521001343,-11.267121686525847,6.254942165524504
2022-03-28 04:00:00+00:00,222.13,224.04,219.54,223.59,50778939.0,653597.0,222.207146,206.18633333333335,54.9168327615299,-3.618049662119006,-9.73730728164448,6.119257619525474
2022-03-29 04:00:00+00:00,226.07,230.89,225.29,229.86,31454696.0,409479.0,228.398592,206.59166666666667,58.55550247131469,-1.9843804033124002,-8.186721905978064,6.202341502665664
2022-03-30 04:00:00+00:00,228.91,231.151,226.71,227.85,25588046.0,289815.0,228.774735,206.82000000000002,56.968149430252424,-0.8421679594802924,-6.717811116678511,5.875643157198218
2022-03-31 04:00:00+00:00,228.45,228.49,222.26,222.36,24108104.0,307890.0,224.604153,207.014,52.76107296463085,-0.3756235324382544,-5.44937359983046,5.073750067392206
2022-04-01 04:00:00+00:00,224.55,227.28,222.7,224.85,19507320.0,287776.0,224.611383,207.58533333333335,54.40571135614478,0.19281581675346615,-4.3209357165136755,4.513751533267142
2022-04-04 04:00:00+00:00,225.98,234.351,225.86,233.89,28064578.0,335984.0,232.55283,208.50966666666667,59.86844642364204,1.3571165511145011,-3.1853252629880404,4.542441814102542
2022-04-05 04:00:00+00:00,234.08,236.86,231.02,231.84,29679529.0,343316.0,233.066012,209.50166666666667,58.16651197148358,2.0903195019544683,-2.1301963099995387,4.220515811954007
2022-04-06 04:00:00+00:00,226.91,228.9899,221.405,223.27,27269475.0,347733.0,224.074849,210.329,51.566777295572436,1.9572982297982833,-1.3126974020399744,3.269995631838258
2022-04-07 04:00:00+00:00,223.93,225.52,218.56,222.95,19849899.0,269711.0,222.344109,210.843,51.332570062650476,1.805246825917493,-0.689108556448481,2.494355382365974
2022-04-08 04:00:00+00:00,222.38,225.13,220.0283,222.4,17381581.0,255991.0,223.12614,211.24033333333333,50.9046280006124,1.6216709758579668,-0.2269526499871914,1.8486236258451583
2022-04-11 04:00:00+00:00,218.42,220.61,215.2198,216.46,20419133.0,297361.0,217.864566,211.4213333333333,46.405107939504425,0.985517008137748,0.015541281637796472,0.9699757264999516
2022-04-12 04:00:00+00:00,220.235,222.03,213.13,214.14,19894965.0,261404.0,216.893933,211.77633333333333,44.74166728444687,0.29080359174000137,0.07059374365823745,0.22020984808176391
2022-04-13 04:00:00+00:00,211.82,216.61,211.33,214.99,19182894.0,245803.0,214.967014,212.00566666666666,45.51231431725466,-0.1889952797025387,0.01867593898608222,-0.20767121868862093
2022-04-14 04:00:00+00:00,214.89,214.99,210.0,210.18,18346531.0,228791.0,212.106728,212.246,41.94721449590308,-0.946455987759208,-0.17435044636297584,-0.7721055413962322
2022-04-18 04:00:00+00:00,210.0,213.38,208.3,210.77,16541696.0,216237.0,210.625892,212.60299999999998,42.54176218505875,-1.482056759168188,-0.4358917089240183,-1.0461650502441695
2022-04-19 04:00:00+00:00,210.52,218.4299,209.0,217.31,20057341.0,241775.0,215.689067,213.59766666666667,48.80118080458056,-1.363088055751632,-0.6213309782895411,-0.741757077462091
2022-04-20 04:00:00+00:00,213.605,214.16,198.92,200.42,42930593.0,538322.0,203.56841,213.93533333333335,37.453428273564576,-2.601695617966584,-1.0174039062249496,-1.5842917117416344
2022-04-21 04:00:00+00:00,201.6,202.965,185.58,188.07,49865796.0,647790.0,192.022967,213.58766666666668,31.65687808018285,-4.527650880465842,-1.719453301073128,-2.808197579392714
2022-04-22 04:00:00+00:00,190.37,192.72,183.27,184.11,36402982.0,466978.0,186.433121,213.2176666666667,30.05086908865688,-6.300890463558261,-2.635740733570155,-3.665149729988106
2022-04-25 04:00:00+00:00,182.73,187.18,181.655,186.99,29118339.0,371713.0,184.521395,213.197,32.724010702566986,-7.388632125940546,-3.586319012044233,-3.802313113896313
2022-04-26 04:00:00+00:00,186.63,187.185,179.5,180.95,31649518.0,407312.0,181.580512,213.00766666666667,30.123965382763444,-8.638473803009958,-4.596749970237378,-4.04172383277258
2022-04-27 04:00:00+00:00,174.43,181.2099,169.0,174.92,68912501.0,829383.0,180.894736,212.43733333333333,27.753180199534484,-10.00027598529499,-5.677455173248902,-4.322820812046089
2022-04-28 04:00:00+00:00,202.94,208.53,192.9,205.73,100676035.0,1015091.0,202.041532,212.50733333333332,49.585314573676754,-8.495473980130328,-6.241058934625187,-2.254415045505141
2022-04-29 04:00:00+00:00,204.46,212.48,199.9,200.47,49087896.0,505136.0,206.176336,212.26166666666666,46.97539781130139,-7.639284671467067,-6.520704081993563,-1.1185805894735035
2022-05-02 04:00:00+00:00,201.165,211.88,200.99,211.13,49523291.0,499522.0,207.141909,212.083,52.43901844769935,-6.031053336514759,-6.422773932897803,0.3917205963830437
2022-05-03 04:00:00+00:00,210.45,214.8999,208.09,212.03,41407622.0,419127.0,211.727857,212.101,52.880460944200124,-4.63051820700494,-6.06432278771923,1.4338045807142903
2022-05-04 04:00:00+00:00,210.6,224.3,206.96,223.41,43044607.0,428367.0,214.56846,212.32633333333334,58.16759800074454,-2.5726571430641343,-5.365989658788211,2.793332515724077
2022-05-05 04:00:00+00:00,218.74,220.17,206.16,208.28,40869149.0,471173.0,210.556279,212.15366666666668,50.11607664219722,-2.1380063705399834,-4.720393001138566,2.5823866305985828
2022-05-06 04:00:00+00:00,207.34,209.38,201.02,203.77,34602001.0,385875.0,205.822238,211.62699999999998,47.983940057131676,-2.1328753508069553,-4.202889471072244,2.070014120265289
2022-05-09 04:00:00+00:00,199.84,202.57,195.58,196.21,35925177.0,379799.0,198.509448,210.77333333333334,44.561559677383904,-2.7076259723744727,-3.90383677133269,1.1962107989582171
2022-05-10 04:00:00+00:00,199.51,202.96,194.19,197.65,34200332.0,383037.0,198.51304,209.90866666666668,45.360953637082716,-3.0122012346011218,-3.7255096639863763,0.7133084293852545
2022-05-11 04:00:00+00:00,196.325,200.6742,188.27,188.74,30879906.0,361056.0,192.71875,208.538,41.38457064139522,-3.9272707279741326,-3.765861876783928,-0.16140885119020476
2022-05-12 04:00:00+00:00,187.055,198.05,184.78,191.24,38040039.0,447772.0,190.581323,207.31766666666667,42.89712500949904,-4.400020094827937,-3.8926935203927298,-0.5073265744352073
2022-05-13 04:00:00+00:00,192.61,199.89,191.28,198.62,24407548.0,300858.0,197.146938,206.52633333333333,47.22641500324265,-4.131547147550094,-3.9404642458242027,-0.19108290172589149
2022-05-16 04:00:00+00:00,197.05,205.37,195.93,200.03,25842724.0,313332.0,201.279291,205.699,48.037003294631226,-3.761643303984272,-3.9047000574562167,0.1430567534719449
2022-05-17 04:00:00+00:00,202.115,205.46,198.36,202.67,23014143.0,285259.0,201.960959,204.65833333333333,49.597996548099104,-3.2183665797776086,-3.7674333619204954,0.5490667821428867
2022-05-18 04:00:00+00:00,200.0,201.0,191.64,192.24,23743857.0,280441.0,195.722302,203.33833333333334,43.97718151229958,-3.588068672438766,-3.73156042402415,0.1434917515853842
2022-05-19 04:00:00+00:00,191.2,195.29,189.6,191.29,24198525.0,283244.0,192.620147,202.27233333333334,43.49369380883888,-3.912615113441774,-3.767771361907675,-0.14484375153409879
2022-05-20 04:00:00+00:00,194.97,197.91,187.87,193.54,31446709.0,327055.0,192.832726,201.292,45.03499636371752,-3.9428140046727265,-3.8027798904606858,-0.1400341142120407
2022-05-23 04:00:00+00:00,195.19,196.9924,191.24,196.23,24985142.0,277160.0,193.74575,200.41966666666667,46.89983515447008,-3.706954856723513,-3.783614883713251,0.07666002698973795
2022-05-24 04:00:00+00:00,180.55,183.6759,176.11,181.28,50276270.0,600138.0,179.164979,199.247,38.98372295000705,-4.672513018794916,-3.9613945107295843,-0.711118508065332
2022-05-25 04:00:00+00:00,180.4,185.45,179.32,183.83,27833299.0,301116.0,182.465611,198.23666666666668,40.818610499718055,-5.172337641286219,-4.203583136840912,-0.9687545044453074
2022-05-26 04:00:00+00:00,182.878,192.8301,182.26,191.63,22998673.0,272293.0,189.498834,197.458,46.152772500709446,-4.88277188806677,-4.339420887086083,-0.543351000980687
2022-05-27 04:00:00+00:00,191.36,195.3329,189.8,195.13,22502986.0,243394.0,193.467179,196.95633333333333,48.40020742091793,-4.321057729412587,-4.335748255551384,0.014690526138797289
2022-05-31 04:00:00+00:00,194.885,197.6,192.01,193.64,25828286.0,244247.0,194.809739,196.38533333333334,47.49146202325381,-3.9505858646047614,-4.25871577736206,0.3081299127572983
2022-06-01 04:00:00+00:00,196.51,199.53,185.0,188.64,36339218.0,388007.0,191.380521,195.4296666666667,44.473819116132994,-4.014169607395161,-4.20980654336868,0.1956369359735195
2022-06-02 04:00:00+00:00,188.45,200.935,187.73,198.86,31818624.0,334811.0,195.813083,195.37766666666667,51.28717670243546,-3.2029697522321214,-4.008439185141369,0.8054694329092476
2022-06-03 04:00:00+00:00,195.98,196.61,189.78,190.78,19017084.0,231711.0,192.106641,195.468,46.43583579122304,-3.1754716349137198,-3.8418456750958394,0.6663740401821197
2022-06-06 04:00:00+00:00,193.99,196.92,188.4,194.25,30464567.0,305829.0,193.288049,195.80599999999998,48.68093003570265,-2.840930698155262,-3.641662679707724,0.8007319815524623
2022-06-07 04:00:00+00:00,191.83,196.53,191.49,195.65,18968709.0,203099.0,194.440678,196.09466666666668,49.59880665488921,-2.4347697853313264,-3.4002841008324447,0.9655143155011183
2022-06-08 04:00:00+00:00,194.67,202.03,194.41,196.64,22211813.0,246906.0,198.364578,196.61766666666665,50.27607807328746,-2.0098315227446903,-3.1221935852148937,1.1123620624702033
2022-06-09 04:00:00+00:00,194.28,199.45,183.68,184.0,23458984.0,281546.0,190.750577,196.92033333333333,42.43550408936915,-2.662317709917602,-3.0302184101554355,0.3679007002378336
2022-06-10 04:00:00+00:00,183.04,183.1,175.02,175.57,27398594.0,365035.0,177.335914,195.91500000000002,38.161126929217346,-3.8156636661366576,-3.18730746135168,-0.6283562047849776
2022-06-13 04:00:00+00:00,170.59,172.575,164.03,164.26,31514255.0,436284.0,167.257431,194.708,33.31297123336125,-5.578021168403609,-3.6654502027620666,-1.9125709656415424
2022-06-14 04:00:00+00:00,166.03,166.75,161.3601,163.73,27307543.0,341866.0,163.796042,193.12800000000001,33.10074887583815,-6.937497602733515,-4.3198596827563565,-2.6176379199771587
2022-06-15 04:00:00+00:00,167.2,172.16,163.975,169.35,29697762.0,334572.0,167.550204,191.70533333333333,37.637514175165336,-7.47523557717733,-4.950934861640551,-2.5243007155367785
2022-06-16 04:00:00+00:00,163.72,165.08,159.61,160.87,26941673.0,343658.0,161.18571,189.6206666666667,33.90165748499001,-8.487819624651252,-5.658311814242691,-2.8295078104085603
2022-06-17 04:00:00+00:00,161.68,165.9,159.9,163.74,31429492.0,315748.0,163.307439,188.136,36.209447897484004,-8.955481546465307,-6.317745760687215,-2.6377357857780925
2022-06-21 04:00:00+00:00,165.93,167.76,155.97,157.05,50763048.0,499307.0,160.124836,186.5786666666667,33.29155849657283,-9.753501780975256,-7.004896964744824,-2.748604816230432
2022-06-22 04:00:00+00:00,158.38,160.79,155.44,155.85,47575245.0,442151.0,158.235344,185.23333333333332,32.78127378117331,-10.363306787716965,-7.676578929339253,-2.6867278583777123
2022-06-23 04:00:00+00:00,156.27,159.75,154.25,158.75,40430014.0,409913.0,157.300131,183.93666666666664,35.35986285427026,-10.491634849549143,-8.239590113381231,-2.252044736167912
2022-06-24 04:00:00+00:00,161.725,170.25,161.3,170.16,57799047.0,398006.0,168.260547,183.31733333333332,44.397564575499366,-9.562414557827395,-8.504155002270466,-1.0582595555569299
2022-06-27 04:00:00+00:00,171.18,171.75,168.01,169.49,29140789.0,271191.0,169.587043,182.59233333333336,44.008460523954504,-8.778866869922012,-8.559097375800775,-0.21976949412123759
2022-06-28 04:00:00+00:00,169.9,171.3,160.61,160.68,27729297.0,288774.0,164.899683,181.32766666666666,39.14974639291826,-8.76772418714802,-8.600822738070224,-0.1669014490777947
2022-06-29 04:00:00+00:00,163.57,166.33,160.32,163.94,28547894.0,273594.0,163.427338,180.12466666666666,41.714083833062055,-8.39902010022081,-8.560462210500342,0.16144211027953226
2022-06-30 04:00:00+00:00,162.15,165.23,158.49,161.25,35291049.0,348639.0,162.252278,178.74400000000003,40.20834937596766,-8.229020942654273,-8.494173956931128,0.265153014276855
2022-07-01 04:00:00+00:00,160.45,160.62,155.0,160.03,31529629.0,311995.0,157.79377,177.67033333333333,39.511748270102004,-8.099374640371025,-8.415214093619108,0.31583945324808305
2022-07-05 04:00:00+00:00,158.14,168.25,157.02,168.19,28663804.0,282014.0,163.783168,176.90033333333332,46.22266984261435,-7.254559165472557,-8.183083107989798,0.9285239425172414
2022-07-06 04:00:00+00:00,168.2,171.59,165.46,169.77,23085921.0,246615.0,168.555528,176.108,47.4386575686827,-6.383953774421343,-7.823257241276108,1.4393034668547653
2022-07-07 04:00:00+00:00,169.45,172.72,167.78,172.19,24083368.0,256780.0,170.872156,175.30666666666667,49.3285464874283,-5.436055490555873,-7.345816891132062,1.9097614005761887
2022-07-08 04:00:00+00:00,169.98,172.4,168.1501,170.88,19249243.0,207549.0,170.669797,174.95999999999998,48.31580257591753,-4.7359522141307195,-6.823843955731793,2.087891741601074
2022-07-11 04:00:00+00:00,167.12,167.49,161.91,162.88,21383276.0,244747.0,163.677711,174.26166666666666,42.56816207533395,-4.771643923893038,-6.413403949364043,1.6417600254710054
2022-07-12 04:00:00+00:00,164.8,165.9107,162.1,163.27,16639162.0,189942.0,163.873636,173.31633333333332,42.92462019505527,-4.714118694517168,-6.073546898394669,1.359428203877501
2022-07-13 04:00:00+00:00,160.16,164.98,159.6127,163.49,16555138.0,200248.0,162.919106,172.26166666666668,43.1390143485435,-4.597777062447506,-5.778392931205237,1.180615868757731
2022-07-14 04:00:00+00:00,161.22,162.59,157.2801,158.05,23765168.0,260330.0,158.359649,171.07533333333333,39.21625925418531,-4.888190005271014,-5.600352346018393,0.7121623407473789
2022-07-15 04:00:00+00:00,160.54,164.98,159.82,164.7,23342865.0,232609.0,163.144745,170.27733333333333,45.714719844635475,-4.52953131369091,-5.386188139552896,0.856656825861986
2022-07-18 04:00:00+00:00,166.75,171.685,165.64,167.23,23574337.0,235311.0,168.454965,169.22299999999998,47.99280551071866,-3.9950889620120336,-5.107968304044724,1.1128793420326906
2022-07-19 04:00:00+00:00,170.37,176.49,169.51,175.78,25924238.0,269492.0,174.112392,168.723,54.8833713165891,-2.848786960417357,-4.656132035319251,1.8073450749018942
2022-07-20 04:00:00+00:00,177.485,183.6,176.7,183.09,24783899.0,272767.0,180.908743,168.35100000000003,59.788774542659745,-1.3350883898184804,-3.991923306219097,2.6568349164006166
2022-07-21 04:00:00+00:00,180.63,183.85,178.87,183.17,27195815.0,297710.0,181.359061,167.93499999999997,59.84023652510669,-0.12754576738549872,-3.2190477984523778,3.091502031066879
2022-07-22 04:00:00+00:00,173.07,175.5995,168.41,169.27,42468795.0,436530.0,171.031973,167.02266666666668,48.27894243908486,-0.2888437610077119,-2.6330069909634446,2.3441632299557327
2022-07-25 04:00:00+00:00,169.0,170.57,164.805,166.65,26162650.0,256112.0,167.083134,166.44433333333333,46.45699664606997,-0.6209280151446706,-2.23059119579969,1.6096631806550192
2022-07-26 04:00:00+00:00,165.94,166.0,157.95,159.15,28468362.0,302869.0,160.925257,165.897,41.6155215658036,-1.4723224818885114,-2.078937453017454,0.6066149711289426
2022-07-27 04:00:00+00:00,162.59,170.87,162.02,169.58,43772180.0,440820.0,166.816533,166.07433333333336,49.49768735441181,-1.2905680329625682,-1.921263569006477,0.6306955360439088
2022-07-28 04:00:00+00:00,161.06,161.51,154.85,160.72,73214326.0,724898.0,158.637876,165.97400000000002,44.05651595191448,-1.840241122459787,-1.9050590796971392,0.06481795723735218
2022-07-29 04:00:00+00:00,157.69,160.14,155.17,159.1,42060866.0,434863.0,157.835886,165.63233333333335,43.12308268696523,-2.3791560373369975,-1.999878471225111,-0.37927756611188657
2022-08-01 04:00:00+00:00,157.25,165.19,155.2301,159.93,40590428.0,386873.0,160.762306,165.601,43.780300618922766,-2.7080591069720015,-2.1415145983744894,-0.566544508597512
2022-08-02 04:00:00+00:00,158.31,162.24,158.01,160.19,27374516.0,277048.0,160.082873,165.48266666666666,43.99859983645925,-2.9141448839569932,-2.2960406554909905,-0.6181042284660028
2022-08-03 04:00:00+00:00,162.69,169.54,161.57,168.8,31717528.0,329313.0,167.300379,165.8743333333333,50.810255883752085,-2.3555608643987114,-2.307944697272535,-0.047616167126176556
2022-08-04 04:00:00+00:00,168.295,172.15,166.8,170.57,24238583.0,256436.0,169.48215,166.36499999999998,52.100117360956226,-1.7498832323869635,-2.1963324042954206,0.4464491719084571
2022-08-05 04:00:00+00:00,166.99,171.612,165.8,167.11,25913379.0,261809.0,167.796248,166.6436666666667,49.37453658565835,-1.5314191818662266,-2.063349759809582,0.5319305779433554
2022-08-08 04:00:00+00:00,168.0,177.51,167.13,170.25,27299113.0,286640.0,172.401948,166.64666666666668,51.83701258068212,-1.0923214877902865,-1.869144105405723,0.7768226176154365
2022-08-09 04:00:00+00:00,168.95,169.53,166.6,168.53,18646642.0,201821.0,167.852377,166.61466666666666,50.391105571928684,-0.8730589469867311,-1.6699270737219247,0.7968681267351936
2022-08-10 04:00:00+00:00,175.99,180.48,173.95,178.34,30262132.0,322538.0,177.924028,167.20333333333335,57.64726908857611,0.09124143622960901,-1.3176933717316182,1.4089348079612272
2022-08-11 04:00:00+00:00,179.71,183.1,176.37,177.49,24087482.0,259470.0,179.264452,167.655,56.87106932120234,0.7779013782226798,-0.8985744217407587,1.6764757999634385
2022-08-12 04:00:00+00:00,180.81,181.4572,178.911,180.5,21286359.0,203381.0,180.095459,168.29666666666665,58.97750911341248,1.5471318013998996,-0.40943317711262706,1.9565649785125268
2022-08-15 04:00:00+00:00,178.96,181.44,178.2,180.89,15878671.0,190435.0,180.343296,168.99200000000002,59.25518330927613,2.163285189343327,0.10511049617856372,2.058174693164763
2022-08-16 04:00:00+00:00,179.44,180.99,177.035,179.47,21156710.0,237592.0,179.032468,169.36800000000002,57.723137177034445,2.5080972717566112,0.5857078512941732,1.922389420462438
2022-08-17 04:00:00+00:00,176.76,178.14,174.17,174.85,20115779.0,230092.0,175.668798,169.53733333333332,52.928321335294754,2.3811198745390527,0.9447902559431491,1.4363296185959036
2022-08-18 04:00:00+00:00,174.34,175.76,171.86,174.66,18844451.0,202551.0,174.398491,169.61966666666666,52.73431690899114,2.23934419438811,1.2037010436321414,1.0356431507559687
2022-08-19 04:00:00+00:00,170.2,172.32,167.05,167.96,26240799.0,263721.0,168.636633,169.52233333333334,46.29078544694459,1.5682738558722633,1.2766156060801659,0.2916582497920974
2022-08-22 04:00:00+00:00,165.49,165.49,162.26,163.05,19499711.0,246950.0,163.270435,169.528,42.21946978142757,0.6329535182216546,1.1478831885084637,-0.5149296702868091
2022-08-23 04:00:00+00:00,162.48,165.05,160.7,161.11,18111776.0,195712.0,162.286741,169.456,40.69646308069268,-0.26181829638460385,0.8659428915298503,-1.1277611879144542
2022-08-24 04:00:00+00:00,160.6,165.46,159.77,163.26,20891481.0,202871.0,163.226691,169.44833333333332,43.14431071425274,-0.7883566890660347,0.5350829754106733,-1.323439664476708
2022-08-25 04:00:00+00:00,165.18,168.88,164.02,168.78,15600414.0,178205.0,167.141814,169.806,48.96840298148137,-0.7515607666476001,0.27775422699901864,-1.0293149936466186
2022-08-26 04:00:00+00:00,168.48,170.92,161.6726,161.78,24023633.0,256217.0,164.372086,169.7086666666667,42.95874752237291,-1.27257181584514,-0.0323109815698131,-1.240260834275327
2022-08-29 04:00:00+00:00,160.655,163.05,159.01,159.17,20052661.0,215221.0,160.467587,169.44000000000003,40.941210718727845,-1.8744742411042523,-0.400743633476701,-1.4737306076275514
2022-08-30 04:00:00+00:00,160.355,161.66,155.91,157.16,19566478.0,242047.0,157.72628,168.81933333333333,39.40632507488975,-2.485030565838855,-0.8176010199491318,-1.667429545889723
2022-08-31 04:00:00+00:00,167.07,167.84,162.14,162.93,40943310.0,376594.0,164.519913,168.14733333333334,45.69967929000673,-2.4747823237837565,-1.1490372807160567,-1.3257450430676998
2022-09-01 04:00:00+00:00,163.58,167.3599,160.345,165.36,30145442.0,309570.0,163.6376,167.5536666666667,48.14244633766239,-2.2447042728997246,-1.3681706791527903,-0.8765335937469343
2022-09-02 04:00:00+00:00,167.45,167.93,159.22,160.32,22628641.0,260336.0,162.867163,167.25533333333334,43.7466882329448,-2.4409142982994467,-1.5827194029821217,-0.8581948953173251
2022-09-06 04:00:00+00:00,160.1,161.69,157.69,158.54,19320667.0,222041.0,159.114093,166.985,42.27844245978688,-2.708817716509486,-1.8079390656875947,-0.9008786508218916
2022-09-07 04:00:00+00:00,157.76,160.955,156.81,160.39,16824929.0,188194.0,159.195302,167.02633333333333,44.36827976292968,-2.740265491842024,-1.9944043509184808,-0.7458611409235432
2022-09-08 04:00:00+00:00,158.71,162.23,157.74,162.06,22517153.0,211516.0,160.622611,166.77566666666664,46.25976696421947,-2.600456592266738,-2.1156147991881324,-0.48484179307860575
2022-09-09 04:00:00+00:00,163.248,169.54,163.02,169.15,22138497.0,227145.0,167.801511,167.05666666666667,53.48984740825364,-1.8957008265907405,-2.071632004668654,0.17593117807791359
2022-09-12 04:00:00+00:00,167.39,171.39,167.28,168.96,23220405.0,240516.0,168.927384,167.38533333333334,53.28296478462935,-1.337095017852107,-1.9247246073053448,0.5876295894532377
2022-09-13 04:00:00+00:00,161.54,161.63,152.67,153.13,44265689.0,511666.0,156.083023,167.15866666666668,39.55594128774519,-2.1469953669275412,-1.969178759229784,-0.1778166076977572
2022-09-14 04:00:00+00:00,153.33,153.54,149.05,151.47,43057824.0,445218.0,150.877505,166.868,38.437645650914575,-2.8894871462096887,-2.153240436625765,-0.7362467095839236
2022-09-15 04:00:00+00:00,149.8,154.1984,148.7,149.55,34601646.0,335639.0,150.742228,166.22633333333334,37.13012329762123,-3.5914452394226544,-2.440881397185143,-1.1505638422375113
2022-09-16 04:00:00+00:00,148.05,148.58,144.2935,146.29,40120138.0,366054.0,146.186959,165.417,34.95585408646352,-4.360541235650203,-2.824813364878155,-1.5357278707720479
2022-09-19 04:00:00+00:00,145.235,148.58,145.1,148.02,22256577.0,211788.0,146.975394,164.78066666666666,37.06211540892764,-4.775410848242728,-3.21493286155107,-1.5604779866916583
2022-09-20 04:00:00+00:00,145.775,148.84,145.22,146.09,23217350.0,215233.0,146.902895,163.97533333333334,35.67422715561193,-5.199990620521845,-3.611944413345225,-1.5880462071766202
2022-09-21 04:00:00+00:00,146.39,149.6,142.0,142.12,38415542.0,332139.0,144.997544,163.095,32.941562311673934,-5.790074594580744,-4.047570449592329,-1.7425041449884153
2022-09-22 04:00:00+00:00,141.55,144.58,140.87,142.82,34485462.0,319500.0,142.80818,161.911,33.90296643763149,-6.1305668865689995,-4.464169736987664,-1.6663971495813357
2022-09-23 04:00:00+00:00,141.42,142.62,138.89,140.41,31724684.0,320006.0,140.218653,160.675,32.19176541641778,-6.519721053949297,-4.875280000379991,-1.644441053569306
2022-09-26 04:00:00+00:00,140.12,142.24,136.19,136.37,30636871.0,302992.0,138.347217,159.204,29.503422100688923,-7.072594306980022,-5.314742861699997,-1.757851445280025
2022-09-27 04:00:00+00:00,137.92,139.42,134.1201,134.4,30826469.0,302932.0,136.014269,157.65433333333334,28.263934743088967,-7.582308743890366,-5.768256038138071,-1.8140527057522942
2022-09-28 04:00:00+00:00,134.62,142.03,134.27,141.61,32653985.0,289698.0,139.204909,156.3923333333333,38.454932037417265,-7.320092889687459,-6.07862340844795,-1.241469481239509
2022-09-29 04:00:00+00:00,139.36,139.84,135.2,136.41,38985414.0,304759.0,136.950938,155.111,34.63348304647576,-7.446048070700158,-6.352108340898392,-1.0939397298017663
2022-09-30 04:00:00+00:00,136.05,140.99,135.5,135.68,33152844.0,281606.0,137.81123,153.81166666666667,34.12085760420216,-7.518109274391577,-6.58530852759703,-0.9328007467945474
2022-10-03 04:00:00+00:00,137.14,139.62,136.1,138.61,27723063.0,261454.0,138.031616,152.83333333333334,38.08225628522883,-7.255158829712286,-6.719278588020082,-0.5358802416922046
2022-10-04 04:00:00+00:00,140.49,142.3901,139.34,140.28,34670729.0,298427.0,140.640277,152.07433333333336,40.28624091497105,-6.833244278129257,-6.742071726041917,-0.09117255208733965
2022-10-05 04:00:00+00:00,138.24,140.21,134.78,138.98,27990048.0,270882.0,137.426067,151.33666666666667,39.11891584201833,-6.528516418306339,-6.699360664494803,0.17084424618846406
2022-10-06 04:00:00+00:00,137.715,141.45,136.6,139.07,36224270.0,281249.0,139.353559,150.53033333333332,39.25015519529794,-6.208190984903126,-6.601126728576468,0.39293574367334205
2022-10-07 04:00:00+00:00,136.76,138.29,132.44,133.45,33214773.0,305232.0,134.431646,149.35266666666666,34.28068905088858,-6.334794238106838,-6.547860230482542,0.21306599237570456
2022-10-10 04:00:00+00:00,133.55,136.11,131.87,133.79,24023982.0,235882.0,133.807641,148.41966666666667,34.818365346737764,-6.334670926649807,-6.505222369715995,0.17055144306618875
2022-10-11 04:00:00+00:00,131.62,132.66,126.99,128.54,38476140.0,358182.0,129.172481,147.39866666666666,30.648667743957517,-6.681187751842742,-6.5404154461413455,-0.14077230570139676
2022-10-12 04:00:00+00:00,128.32,129.67,126.25,127.5,34583246.0,282659.0,127.654856,146.41,29.88516507372006,-6.959499364152407,-6.624232229743558,-0.33526713440884937
2022-10-13 04:00:00+00:00,123.53,131.14,122.5301,130.29,34132487.0,327404.0,127.863443,145.322,34.59257034532078,-6.875675136028605,-6.674520811000567,-0.2011543250280372
2022-10-14 04:00:00+00:00,131.0,131.79,126.52,126.76,23542217.0,222915.0,128.08486,144.0353333333333,31.69326570541716,-7.0132410526150295,-6.742264859323461,-0.27097619329156863
2022-10-17 04:00:00+00:00,130.3,134.79,130.18,134.04,29612245.0,273868.0,133.055603,143.15933333333336,42.41285035559887,-6.460356901192853,-6.685883267697339,0.22552636650448665
2022-10-18 04:00:00+00:00,137.085,137.8399,131.4,132.8,25444979.0,246946.0,133.779072,142.30133333333333,41.22609387292737,-6.05248063553509,-6.55920274126489,0.5067221057297999
2022-10-19 04:00:00+00:00,132.89,137.0,132.22,133.23,30691047.0,265353.0,133.976472,141.39600000000002,41.8339006623301,-5.629643326138989,-6.373290858239711,0.7436475321007219
2022-10-20 04:00:00+00:00,132.93,136.77,131.31,131.53,26356276.0,269032.0,132.942473,140.37833333333336,40.0696445486719,-5.369817589989452,-6.17259620458966,0.802778614600208
2022-10-21 04:00:00+00:00,126.31,130.12,125.44,130.01,46348647.0,388930.0,128.325492,139.07366666666667,38.50598964932649,-5.226309476596072,-5.983338858990943,0.7570293823948715
2022-10-24 04:00:00+00:00,127.25,133.48,124.57,129.72,63537444.0,550633.0,129.454491,137.76566666666668,38.199705495709225,-5.077449165799607,-5.802160920352676,0.724711754553069
2022-10-25 04:00:00+00:00,130.875,138.35,130.59,137.51,38433219.0,325937.0,135.502788,137.245,49.76002410831783,-4.2815335471892695,-5.498035445719995,1.2165018985307254
2022-10-26 04:00:00+00:00,131.68,135.55,128.53,129.82,89270778.0,867627.0,123.304891,136.52333333333334,41.50603212909396,-4.222607822669062,-5.242949921109808,1.0203420984407465
2022-10-27 04:00:00+00:00,97.975,102.5,96.38,97.94,232315671.0,1849372.0,99.612431,134.803,23.846369891346555,-6.6714539607495595,-5.528650729037759,-1.1428032317118006
2022-10-28 04:00:00+00:00,99.58,100.85,97.51,99.2,95704732.0,760105.0,99.305043,133.23333333333332,25.200948403604414,-8.413524821516333,-6.105625547533474,-2.3078992739828585
2022-10-31 04:00:00+00:00,98.19,99.32,92.6,93.16,121578383.0,951540.0,94.227911,131.40466666666666,23.081473944462317,-10.164337891102676,-6.917368016247316,-3.2469698748553597
2022-11-01 04:00:00+00:00,94.33,97.49,93.55,95.2,110284217.0,735797.0,95.462261,129.70833333333334,25.364621367461808,-11.25748957934151,-7.7853923288661555,-3.472097250475354
2022-11-02 04:00:00+00:00,94.205,95.2,90.48,90.54,71087132.0,580115.0,92.904368,127.989,23.638529558759743,-12.357394866943537,-8.699792836481633,-3.657602030461904
2022-11-03 04:00:00+00:00,90.08,90.4576,88.41,88.91,60664012.0,503016.0,89.357038,126.19200000000001,23.047716902958456,-13.208347501196485,-9.601503769424603,-3.606843731771882
2022-11-04 04:00:00+00:00,90.35,91.39,88.09,90.79,55663390.0,437507.0,89.749496,124.53800000000001,25.364729378757517,-13.574554294400969,-10.396113874419877,-3.178440419981092
2022-11-07 05:00:00+00:00,94.78,96.88,93.1,96.72,81987255.0,596421.0,95.460433,123.21633333333332,32.29006444685507,-13.233724240137803,-10.963635947563462,-2.270088292574341
2022-11-08 05:00:00+00:00,95.92,97.8,94.79,96.47,52061889.0,422392.0,96.183387,121.95200000000001,32.15460482651275,-12.83582349403261,-11.338073456857293,-1.497750037175317
2022-11-09 05:00:00+00:00,101.72,104.9,100.74,101.47,107677284.0,843384.0,102.722253,120.614,37.776824285090534,-11.978940305556648,-11.466246826597164,-0.5126934789594841
2022-11-10 05:00:00+00:00,107.12,112.75,104.61,111.87,80760566.0,678763.0,109.437098,119.79599999999999,47.5186514812358,-10.341451308254335,-11.241287722928599,0.8998364146742635
2022-11-11 05:00:00+00:00,109.23,114.9,108.81,113.02,60032902.0,496470.0,112.702132,119.04066666666667,48.47920157374121,-8.848929144461891,-10.762816007235259,1.9138868627733672
2022-11-14 05:00:00+00:00,110.99,116.27,110.8,114.22,53394548.0,385306.0,114.377317,118.22766666666666,49.51750416893883,-7.483005179730355,-10.106853841734278,2.6238486620039225
2022-11-15 05:00:00+00:00,116.07,118.74,114.4116,117.08,50639366.0,421408.0,117.000059,117.45433333333334,52.000345338277185,-6.099412270841185,-9.30536552755566,3.2059532567144746
2022-11-16 05:00:00+00:00,114.5,116.075,112.66,113.23,33287773.0,274745.0,113.608473,116.596,48.539495487996405,-5.253014267912732,-8.494895275627075,3.2418810077143423
2022-11-17 05:00:00+00:00,110.41,112.33,109.8,111.45,35093822.0,284093.0,111.301851,115.67533333333333,46.98260668694182,-4.672012820969783,-7.7303187846956165,3.058305963725833
2022-11-18 05:00:00+00:00,113.8,114.32,110.62,112.05,33357707.0,259579.0,112.255929,114.962,47.592802473602774,-4.115706697912273,-7.0073963673389486,2.8916896694266754
2022-11-21 05:00:00+00:00,111.52,112.3699,109.19,109.86,24351074.0,226749.0,110.242256,114.16433333333335,45.53286808242722,-3.8076525365662093,-6.367447601184401,2.559795064618192
2022-11-22 05:00:00+00:00,109.86,111.62,108.3216,111.44,29028963.0,236543.0,110.355721,113.59433333333332,47.304933388468854,-3.396867623413982,-5.773331605630318,2.376463982216336
2022-11-23 05:00:00+00:00,111.72,112.67,110.73,112.24,21343083.0,196118.0,111.955039,113.08566666666667,48.223468480912075,-2.972499185777167,-5.213165121659689,2.2406659358825216
2022-11-25 05:00:00+00:00,111.3,112.73,111.02,111.41,12007566.0,115714.0,111.531959,112.45633333333333,47.30221308590974,-2.672352983232358,-4.705002693974222,2.0326497107418646
2022-11-28 05:00:00+00:00,110.78,112.04,108.38,108.78,23333084.0,227167.0,109.487556,111.857,44.40728261016364,-2.616542106785758,-4.28731057653653,1.6707684697507723
2022-11-29 05:00:00+00:00,109.54,110.94,108.5437,109.46,23899238.0,223338.0,109.616825,111.03766666666667,45.33876355902173,-2.4887524787231996,-3.9275989569738643,1.4388464782506647
2022-11-30 05:00:00+00:00,109.505,118.16,109.38,118.1,43301028.0,373862.0,114.61302,110.54766666666666,55.53354834048156,-1.6710397789166649,-3.4762871213624247,1.8052473424457598
2022-12-01 05:00:00+00:00,119.198,121.2,118.4,120.44,36551374.0,334504.0,119.968532,110.12133333333333,57.827652766211074,-0.824671825747231,-2.945964062239386,2.121292236492155
2022-12-02 05:00:00+00:00,117.83,124.04,117.61,123.49,39950464.0,359062.0,122.006384,109.85333333333332,60.67547489141304,0.0911397822999902,-2.338543293331511,2.4296830756315013
2022-12-05 05:00:00+00:00,121.75,124.67,121.35,122.43,35474884.0,298476.0,122.744081,109.60066666666667,59.17975940399987,0.7230589648748804,-1.7262228416902328,2.4492818065651134
2022-12-06 05:00:00+00:00,119.91,120.55,113.74,114.12,43689183.0,396026.0,115.48446,109.08066666666667,48.98496541695269,0.5470063704264447,-1.2715769992668973,1.818583369693342
2022-12-07 05:00:00+00:00,113.76,115.88,112.88,113.93,29453892.0,258906.0,113.973996,108.29466666666666,48.778062285652155,0.3876830400702289,-0.9397249913994721,1.327408031469701
2022-12-08 05:00:00+00:00,116.39,117.34,114.59,115.33,30619418.0,251557.0,115.596219,107.81166666666667,50.43918536396507,0.3701199403316622,-0.6777560050532452,1.0478759453849074
2022-12-09 05:00:00+00:00,115.3,117.54,113.87,115.9,26033353.0,225861.0,116.109888,108.41033333333333,51.13402388946444,0.39761187141590426,-0.4626824297594153,0.8602943011753196
2022-12-12 05:00:00+00:00,115.18,115.72,113.14,114.71,24759063.0,213233.0,114.324241,108.92733333333334,49.57147336142897,0.3196911693147797,-0.30620770994457636,0.6258988792593561
2022-12-13 05:00:00+00:00,122.13,123.3,118.64,120.15,44626945.0,402874.0,120.808458,109.827,56.16584422968386,0.6889590959385146,-0.10717434876795817,0.7961334447064727
2022-12-14 05:00:00+00:00,119.39,124.14,119.39,121.59,36765689.0,344184.0,121.872278,110.70666666666668,57.741143617777375,1.085291983225602,0.13131891763075387,0.9539730655948482
2022-12-15 05:00:00+00:00,118.33,118.625,114.01,116.15,34530905.0,305279.0,116.17775,111.56033333333333,50.375792723150994,0.9494810888411251,0.29495135187282817,0.654529736968297
2022-12-16 05:00:00+00:00,120.23,123.31,118.8214,119.43,66989919.0,394876.0,120.257468,112.57766666666666,54.17158570652265,1.0939086663023971,0.454742814758742,0.6391658515436551
2022-12-19 05:00:00+00:00,116.83,117.8,114.331,114.48,29769875.0,265821.0,115.620664,113.36733333333333,48.18184035227202,0.79972618521019,0.5237394888490317,0.27598669636115836
2022-12-20 05:00:00+00:00,113.26,117.33,112.46,117.09,28742501.0,267692.0,115.736031,114.04633333333332,51.24305172280005,0.7683327748364235,0.5726581460465101,0.19567462878991337
2022-12-21 05:00:00+00:00,116.7,120.34,115.62,119.76,20392803.0,213043.0,119.154092,114.82266666666666,54.22239044513264,0.9479723219813394,0.647720981233476,0.3002513407478634
2022-12-22 05:00:00+00:00,117.2,118.62,114.38,117.12,24818120.0,226014.0,116.346578,115.34433333333332,50.90984038355703,0.8673141629412413,0.691639617575029,0.1756745453662123
2022-12-23 05:00:00+00:00,116.03,118.175,115.535,118.04,17831774.0,202560.0,117.309038,115.55,52.010117451085065,0.8676268398990885,0.726837062039841,0.1407897778592475
2022-12-27 05:00:00+00:00,117.93,118.6,116.0501,116.88,21392311.0,215816.0,117.274395,115.67866666666667,50.473980218897275,0.7654487168330348,0.7345593929984798,0.030889323834555005
2022-12-28 05:00:00+00:00,116.25,118.15,115.51,115.62,19612473.0,199776.0,116.488006,115.72533333333332,48.78837535163589,0.5761587489968747,0.7028792641981589,-0.12672051520128425
2022-12-29 05:00:00+00:00,116.4,121.03,115.77,120.26,22372191.0,230684.0,119.60703,115.83133333333333,54.77764074880809,0.7914311816152946,0.7205896476815861,0.07084153393370851
2022-12-30 05:00:00+00:00,118.16,120.42,117.74,120.34,19564000.0,206717.0,119.177849,116.06833333333334,54.87562874075891,0.9574545270386778,0.7679626235530045,0.18949190348567335
2023-01-03 05:00:00+00:00,122.82,126.37,122.28,124.74,35524572.0,333849.0,124.250576,116.51133333333334,60.008231202820745,1.4276157859653864,0.899893256035481,0.5277225299299054
2023-01-04 05:00:00+00:00,127.38,129.0498,125.85,127.37,32356280.0,301377.0,127.424694,117.02199999999999,62.736562676545326,1.9895071906975375,1.1178160429678923,0.8716911477296452
2023-01-05 05:00:00+00:00,126.125,128.52,124.54,126.94,25408936.0,254914.0,126.561671,117.59133333333332,61.99190123543646,2.37276105832872,1.368805046040058,1.0039560122886622
2023-01-06 05:00:00+00:00,128.97,130.33,126.04,130.02,27565842.0,266628.0,128.939915,118.21066666666667,65.18001405844106,2.891689176178474,1.6733818720677411,1.2183073041107328
