timestamp,open,high,low,close,volume,trade_count,vwap,30sma,rsi,macd,signal,histogram
2022-01-03 05:00:00+00:00,95.52,96.69,94.885,96.54,1842549.0,19426.0,96.167904,,,,,
2022-01-04 05:00:00+00:00,96.41,97.96,96.41,97.74,2089305.0,26391.0,97.477603,,,,,
2022-01-05 05:00:00+00:00,97.5,98.73,96.0,96.05,2347728.0,27515.0,96.75937,,,,,
2022-01-06 05:00:00+00:00,95.625,96.8,95.29,95.52,2478736.0,29834.0,95.895943,,,,,
2022-01-07 05:00:00+00:00,95.36,95.71,94.02,94.06,1834961.0,23672.0,94.554434,,,,,
2022-01-10 05:00:00+00:00,93.82,93.865,91.15,92.73,3139141.0,41514.0,92.179964,,,,,
2022-01-11 05:00:00+00:00,92.14,94.735,91.55,94.58,1871181.0,26034.0,93.805899,,,,,
2022-01-12 05:00:00+00:00,95.1,95.28,93.69,93.98,1870303.0,20197.0,94.081776,,,,,
2022-01-13 05:00:00+00:00,94.35,95.05,93.66,94.37,2383755.0,23137.0,94.399096,,,,,
2022-01-14 05:00:00+00:00,94.24,94.36,89.15,89.91,4008465.0,45483.0,90.53026,,,,,
2022-01-18 05:00:00+00:00,88.34,88.86,86.55,86.7,3098315.0,46700.0,87.302827,,,,,
2022-01-19 05:00:00+00:00,86.85,87.47,86.19,86.73,2896038.0,33658.0,86.778479,,,,,
2022-01-20 05:00:00+00:00,87.26,89.12,86.24,86.37,1960454.0,27375.0,87.286694,,,,,
2022-01-21 05:00:00+00:00,86.54,87.75,85.52,85.62,3064521.0,35690.0,86.229119,,,,,
2022-01-24 05:00:00+00:00,85.53,88.28,84.2,88.14,3302481.0,44668.0,86.463375,,29.39156035328749,,,
2022-01-25 05:00:00+00:00,86.95,87.3,85.38,86.33,2786236.0,38663.0,86.383314,,26.82582334297915,,,
2022-01-26 05:00:00+00:00,86.11,87.2389,84.08,84.59,2452976.0,31943.0,85.33034,,24.60239921451968,,,
2022-01-27 05:00:00+00:00,85.33,85.91,82.7004,83.17,2361559.0,34165.0,83.827507,,22.931947336101388,,,
2022-01-28 05:00:00+00:00,82.91,85.31,82.0,85.31,2600480.0,32184.0,84.298017,,30.581592122334726,,,
2022-01-31 05:00:00+00:00,85.26,86.79,84.81,86.72,2285730.0,28872.0,86.328726,,35.14903720578019,,,
2022-02-01 05:00:00+00:00,86.61,86.74,85.33,86.47,3472960.0,31411.0,86.25616,,34.71292774398904,,,
2022-02-02 05:00:00+00:00,87.13,87.935,86.6,87.21,2083422.0,23998.0,87.263478,,37.19686044514401,,,
2022-02-03 05:00:00+00:00,86.41,86.98,85.82,86.08,3425375.0,28878.0,86.259355,,35.006608492401625,,,
2022-02-04 05:00:00+00:00,85.05,85.62,83.82,84.29,3076540.0,34981.0,84.494542,,31.811195127367867,,,
2022-02-07 05:00:00+00:00,84.52,85.13,84.16,84.54,1531526.0,20187.0,84.590841,,32.734701181221936,,,
2022-02-08 05:00:00+00:00,84.38,84.985,83.76,84.72,2564894.0,28535.0,84.586909,,33.43373476144586,-3.0088728464121743,,
2022-02-09 05:00:00+00:00,85.74,86.59,85.33,86.29,2126704.0,24200.0,86.164262,,39.353749018784804,-2.775866329168821,,
2022-02-10 05:00:00+00:00,84.99,85.025,83.21,83.83,3055887.0,37781.0,84.105301,,34.21862173861962,-2.757916877434937,,
2022-02-11 05:00:00+00:00,83.86,84.735,82.55,82.8,1996846.0,27366.0,83.248893,,32.31717033961095,-2.7945899066755118,,
2022-02-14 05:00:00+00:00,83.0,85.71,81.53,82.57,2767581.0,35702.0,82.660205,88.46533333333333,31.891016531446866,-2.809822736916132,,
2022-02-15 05:00:00+00:00,85.0,85.13,81.92,82.78,3838271.0,43127.0,83.252682,88.00666666666667,32.762820170895736,-2.7729843818406437,,
2022-02-16 05:00:00+00:00,82.39,83.66,81.08,83.22,2580339.0,35511.0,82.608836,87.52266666666667,34.650273065006715,-2.6774217460197747,,
2022-02-17 05:00:00+00:00,82.89,82.9,81.29,82.14,2282070.0,29260.0,82.135039,87.059,32.25672236594009,-2.6581926524732893,,
2022-02-18 05:00:00+00:00,81.98,82.0882,80.45,81.27,5169494.0,38272.0,81.229834,86.584,30.432991316769204,-2.682236038982765,-2.7708781684360053,0.08864212945324024
2022-02-22 05:00:00+00:00,80.84,82.2,80.51,81.65,4441518.0,37596.0,81.589106,86.17033333333333,32.23515418687039,-2.6401932672852553,-2.7447411882058557,0.10454792092060039
2022-02-23 05:00:00+00:00,81.8,81.99,79.21,79.41,3204184.0,40699.0,80.241958,85.72633333333333,27.682675914809494,-2.7558555599178476,-2.7469640625482543,-0.00889149736959327
2022-02-24 05:00:00+00:00,78.89,80.41,76.37,80.35,4732338.0,61992.0,78.643463,85.25200000000001,32.021332685872025,-2.740082648904462,-2.745587779819496,0.00550513091503424
2022-02-25 05:00:00+00:00,83.0,86.98,82.13,84.57,5636954.0,61650.0,84.414534,84.93833333333333,47.305656381399444,-2.359860765359443,-2.6684423769274854,0.30858161156804265
2022-02-28 05:00:00+00:00,82.98,84.95,82.86,84.4,3840103.0,40460.0,84.03822,84.606,46.848681731142314,-2.0486343806405785,-2.5444807776701044,0.49584639702952593
2022-03-01 05:00:00+00:00,84.21,84.645,82.81,83.23,2471956.0,34304.0,83.559534,84.38333333333334,43.71852448015535,-1.8747831176199128,-2.4105412456600663,0.5357581280401535
2022-03-02 05:00:00+00:00,83.48,84.32,82.78,83.75,1608789.0,23360.0,83.766325,84.28500000000001,45.46260034912905,-1.6757283318616345,-2.26357866290038,0.5878503310387453
2022-03-03 05:00:00+00:00,84.17,84.38,83.25,83.35,3697568.0,22479.0,83.439456,84.17233333333334,44.32474392747522,-1.5325859403773734,-2.1173801183957783,0.5847941780184049
2022-03-04 05:00:00+00:00,82.94,82.94,80.88,81.32,3739712.0,25423.0,81.347316,84.00399999999999,38.99114979600452,-1.564909298156067,-2.0068859543478363,0.4419766561917693
2022-03-07 05:00:00+00:00,81.34,81.34,74.71,75.0,5303426.0,45090.0,75.916181,83.65,27.78254642461505,-2.0765596861803317,-2.0208207007143355,-0.055738985465996205
2022-03-08 05:00:00+00:00,74.79,75.67,71.775,72.49,4141170.0,50102.0,73.303867,83.12833333333333,24.740690736119603,-2.6539887971830325,-2.147454320008075,-0.5065344771749576
2022-03-09 05:00:00+00:00,74.57,77.16,74.25,76.68,3411000.0,35925.0,76.436832,82.80666666666667,37.11780107746618,-2.7419006215050103,-2.266343580307462,-0.47555704119754827
2022-03-10 05:00:00+00:00,75.36,76.495,74.07,75.39,2686715.0,34805.0,75.353579,82.5,35.19849809537678,-2.882436659119037,-2.389562196069777,-0.49287446304925986
2022-03-11 05:00:00+00:00,76.31,76.51,73.09,73.22,1617877.0,23040.0,74.007365,82.16833333333332,32.183739707358114,-3.1328003733850807,-2.538209831532838,-0.5945905418522428
2022-03-14 04:00:00+00:00,73.76,74.78,73.13,73.23,1855483.0,24946.0,73.629209,81.76566666666666,32.21255364438916,-3.2924551310193237,-2.689058891430135,-0.6033962395891885
2022-03-15 04:00:00+00:00,74.21,75.21,73.989,75.08,1924284.0,26121.0,74.822925,81.37766666666667,37.502910524604246,-3.2324415635701484,-2.7977354258581384,-0.43470613771201005
2022-03-16 04:00:00+00:00,75.94,78.06,75.28,77.19,2910892.0,34183.0,76.716555,81.06833333333333,42.969750690029535,-2.9802663575792536,-2.8342416122023613,-0.14602474537689236
2022-03-17 04:00:00+00:00,77.095,78.44,76.49,78.28,2287363.0,24124.0,77.893534,80.77066666666666,45.61626554923886,-2.661778474166681,-2.799748984595225,0.13797051042854402
2022-03-18 04:00:00+00:00,79.13,80.82,78.21,80.59,4707789.0,36211.0,80.043167,80.58766666666666,50.82447278586533,-2.197643768083708,-2.6793279412929216,0.48168417320921364
2022-03-21 04:00:00+00:00,79.96,80.21,77.83,79.0,2277649.0,29662.0,78.73012,80.41133333333333,47.45565855928011,-1.9357986990091973,-2.5306220928361767,0.5948233938269794
2022-03-22 04:00:00+00:00,79.44,81.75,79.44,81.3,3487237.0,40537.0,81.190992,80.30333333333333,52.3734355429979,-1.525113260856699,-2.329520326440281,0.804407065583582
2022-03-23 04:00:00+00:00,80.87,80.9,77.85,78.05,2501584.0,31418.0,78.549487,80.081,45.84413225878076,-1.4452302165964,-2.1526623044715048,0.7074320878751048
2022-03-24 04:00:00+00:00,78.32,78.63,77.25,78.56,2190123.0,25620.0,78.196731,79.82333333333332,46.961556396688614,-1.3254901652061761,-1.987227876618439,0.6617377114122629
2022-03-25 04:00:00+00:00,79.06,79.27,78.06,78.7,1698941.0,23663.0,78.619141,79.65233333333332,47.283118443479594,-1.2054033424337263,-1.8308629697814967,0.6254596273477704
2022-03-28 04:00:00+00:00,79.16,80.08,78.54,80.02,3232104.0,43696.0,79.466769,79.55966666666667,50.34021679697976,-0.9922822893506407,-1.6631468336953257,0.670864544344685
2022-03-29 04:00:00+00:00,81.42,83.58,80.65,82.58,2569210.0,30887.0,82.461065,79.56,55.70514265082357,-0.609782520817177,-1.4524739711196961,0.8426914503025191
2022-03-30 04:00:00+00:00,81.78,82.17,79.6,80.06,1947697.0,24039.0,80.238985,79.46933333333332,49.981015887088176,-0.504179767455426,-1.2628151303868422,0.7586353629314162
2022-03-31 04:00:00+00:00,80.43,80.97,79.87,79.9,2673173.0,27295.0,80.143773,79.35866666666666,49.63229143254564,-0.428460461916103,-1.0959441966926944,0.6674837347765914
2022-04-01 04:00:00+00:00,80.28,82.25,80.08,82.15,2267951.0,30985.0,81.662831,79.359,54.44571197132488,-0.1847662998905264,-0.9137086173322608,0.7289423174417344
2022-04-04 04:00:00+00:00,81.96,82.77,81.14,82.6,2121377.0,24072.0,82.395033,79.40333333333334,55.36446137906269,0.044165209387543314,-0.7221338519883,0.7662990613758434
2022-04-05 04:00:00+00:00,82.65,82.89,81.49,81.9,1991028.0,21803.0,81.920573,79.41166666666666,53.55504544488145,0.1671837399115219,-0.5442703336083358,0.7114540735198577
2022-04-06 04:00:00+00:00,81.03,81.82,79.16,80.8,2122731.0,30867.0,80.650835,79.45800000000001,50.748268571762296,0.1739112639412781,-0.400634014098413,0.5745452780396911
2022-04-07 04:00:00+00:00,80.64,82.32,80.18,81.75,2223792.0,27227.0,81.489375,79.50466666666667,53.03742264506325,0.252983697139058,-0.26991047185091877,0.5228941689899768
2022-04-08 04:00:00+00:00,81.66,83.12,80.52,81.63,3227017.0,38627.0,81.953524,79.40666666666668,52.704194995329395,0.3024793790217757,-0.15543250167637987,0.4579118806981556
2022-04-11 04:00:00+00:00,81.47,83.08,81.12,82.17,2395798.0,35961.0,82.384574,79.33233333333332,54.10169701539329,0.3808879117900261,-0.048168418983098676,0.42905633077312477
2022-04-12 04:00:00+00:00,82.63,83.4199,82.035,82.69,2959365.0,38026.0,82.608318,79.31433333333332,55.4663199753165,0.47945997692994524,0.05735726019951011,0.42210271673043515
2022-04-13 04:00:00+00:00,82.48,84.56,82.48,84.01,2962952.0,36577.0,83.934525,79.32300000000001,58.81383597372323,0.6565240168323925,0.17719061152608662,0.47933340530630586
2022-04-14 04:00:00+00:00,84.12,84.49,81.9,82.59,6265115.0,36066.0,82.830322,79.29766666666667,54.10243581828791,0.6744912957664297,0.27665074837415526,0.3978405473922745
2022-04-18 04:00:00+00:00,82.06,82.825,81.73,82.44,2203797.0,25936.0,82.2276,79.335,53.6138564416341,0.6689159012473027,0.35510377894878475,0.31381212229851796
2022-04-19 04:00:00+00:00,82.37,83.98,82.05,83.8,1887696.0,23630.0,83.609389,79.62833333333333,57.372574490809974,0.7654147699146989,0.43716597714196764,0.3282487927727313
2022-04-20 04:00:00+00:00,84.49,85.57,83.93,85.35,2092454.0,29059.0,85.073124,80.057,61.22860435966366,0.9559433448545036,0.5409214506844748,0.41502189417002877
2022-04-21 04:00:00+00:00,86.03,88.03,85.81,86.88,4248508.0,48062.0,87.073256,80.39699999999999,64.62981145247747,1.216375210179379,0.6760122025834556,0.5403630075959234
2022-04-22 04:00:00+00:00,86.5,86.94,85.19,85.65,3969676.0,42170.0,85.908982,80.739,60.06774766525596,1.3084357860301452,0.8024969192727935,0.5059388667573517
2022-04-25 04:00:00+00:00,85.65,86.79,83.62,86.68,3481502.0,46213.0,85.527324,81.18766666666667,62.45758047661856,1.4478173108587526,0.9315609975899855,0.5162563132687672
2022-04-26 04:00:00+00:00,85.84,87.04,85.74,86.26,4179704.0,48473.0,86.419534,81.62200000000001,60.858172101568165,1.5070157441477505,1.0466519469015385,0.460363797246212
2022-04-27 04:00:00+00:00,85.99,87.42,85.73,86.75,3202311.0,49425.0,86.73541,82.011,62.07826767355603,1.5753106335434097,1.1523836842299127,0.42292694931349706
2022-04-28 04:00:00+00:00,86.86,87.99,85.38,87.81,2647415.0,33923.0,87.217144,82.36500000000001,64.64564738917096,1.6954241721463603,1.2609917818132024,0.43443239033315795
2022-04-29 04:00:00+00:00,87.25,87.82,85.24,85.68,3301167.0,36712.0,86.184247,82.61166666666666,56.38483643344167,1.6002946178079895,1.32885234901216,0.27144226879582956
2022-05-02 04:00:00+00:00,86.14,86.59,83.14,84.75,3465405.0,41483.0,84.732998,82.75033333333333,53.18893957353022,1.4333379058014657,1.3497494603700213,0.08358844543144439
2022-05-03 04:00:00+00:00,85.51,85.51,83.105,83.92,2792217.0,37218.0,84.023077,82.91433333333333,50.44107940455839,1.2199862037359424,1.3237968090432055,-0.10381060530726316
2022-05-04 04:00:00+00:00,83.81,86.87,83.35,86.65,3478529.0,43386.0,85.30194,83.09266666666667,58.10729365584467,1.2567051129012867,1.3103784698148218,-0.05367335691353503
2022-05-05 04:00:00+00:00,85.75,86.17,82.13,83.04,3866636.0,46684.0,83.431722,83.259,47.617737574059596,0.9831748552627317,1.2449377469044038,-0.2617628916416721
2022-05-06 04:00:00+00:00,82.55,87.59,82.55,86.67,6604983.0,77388.0,86.104013,83.52933333333334,56.18320676453263,1.047238900072827,1.2053979775380885,-0.15815907746526148
2022-05-09 04:00:00+00:00,85.37,86.486,82.205,83.57,4256721.0,59212.0,83.817044,83.69166666666666,48.83858066541128,0.8382037340400217,1.1319591288384752,-0.2937553947984535
2022-05-10 04:00:00+00:00,84.89,85.28,83.07,84.14,2903884.0,40061.0,84.095837,83.82900000000001,50.12951631288623,0.7103476497232606,1.0476368330154322,-0.3372891832921716
2022-05-11 04:00:00+00:00,83.88,87.315,83.39,84.91,3451390.0,42578.0,85.643387,83.90666666666667,51.89534930773304,0.6635048754041719,0.9708104414931802,-0.3073055660890083
2022-05-12 04:00:00+00:00,83.71,86.53,83.71,85.68,3153768.0,37776.0,85.529766,84.094,53.66230303124684,0.6806678883974371,0.9127819308740316,-0.2321140424765945
2022-05-13 04:00:00+00:00,86.11,89.15,85.86,88.89,3182784.0,37830.0,88.344677,84.39366666666668,60.221951596681244,0.942426170504433,0.9187107788001119,0.02371539170432113
2022-05-16 04:00:00+00:00,88.11,90.064,88.11,89.11,2694293.0,34655.0,89.31471,84.62566666666666,60.63326968092874,1.154317403830376,0.9658321038061648,0.18848530002421127
2022-05-17 04:00:00+00:00,89.76,90.21,88.08,89.23,2314076.0,32198.0,88.969646,84.84666666666666,60.870941113366,1.3167470891560527,1.0360151008761425,0.2807319882799102
2022-05-18 04:00:00+00:00,89.45,90.24,86.26,86.62,2623674.0,38955.0,87.380198,85.004,53.329427722699315,1.2207960210874944,1.072971284918413,0.14782473616908143
2022-05-19 04:00:00+00:00,86.08,87.59,85.14,86.76,3221031.0,47336.0,86.783221,85.20266666666666,53.6610675848144,1.1428765686567317,1.086952341666077,0.0559242269906548
2022-05-20 04:00:00+00:00,87.11,87.97,85.905,87.62,3285920.0,44320.0,87.0315,85.39833333333333,55.74159964101492,1.1374083188188564,1.097043537096633,0.040364781722223464
2022-05-23 04:00:00+00:00,88.69,88.89,86.38,87.05,2935869.0,39808.0,87.166249,85.579,54.01071006562287,1.074692073859623,1.092573244449231,-0.01788117058960803
2022-05-24 04:00:00+00:00,86.96,87.67,86.58,87.49,2811492.0,39971.0,87.094534,85.75633333333333,55.167995782851335,1.04840792668233,1.083740180895851,-0.03533225421352082
2022-05-25 04:00:00+00:00,87.06,88.13,86.815,87.73,1725118.0,27764.0,87.495546,85.92433333333334,55.82104005588745,1.0350125643447825,1.0739946575856372,-0.038982093240854665
2022-05-26 04:00:00+00:00,87.97,89.4,87.855,88.73,1605117.0,27498.0,88.779092,86.08166666666666,58.531519010915396,1.0924946871362238,1.0776946634957545,0.014800023640469284
2022-05-27 04:00:00+00:00,89.1,89.71,88.665,89.67,2111700.0,31192.0,89.317606,86.31766666666665,60.95641322226419,1.2000662114071758,1.1021689730780388,0.09789723832913699
2022-05-31 04:00:00+00:00,89.565,90.0,87.78,89.09,2705795.0,33692.0,89.226361,86.53933333333335,58.67647283158325,1.2244021211760696,1.126615602697645,0.09778651847842457
2022-06-01 04:00:00+00:00,88.82,88.97,86.96,88.04,1609449.0,30982.0,87.893949,86.68066666666667,54.68855222753951,1.1457547328619313,1.1304434287305023,0.015311304131429004
2022-06-02 04:00:00+00:00,88.48,90.39,87.4,90.34,2669133.0,29220.0,89.499782,86.84700000000001,60.949403611906135,1.2545551581672498,1.1552657746178518,0.09928938354939798
2022-06-03 04:00:00+00:00,89.79,89.99,88.38,88.83,1954995.0,27072.0,88.880115,86.912,55.52504754473139,1.2050448912905836,1.165221597952398,0.03982329333818546
2022-06-06 04:00:00+00:00,90.0,91.85,89.8,91.36,3481419.0,37832.0,91.006041,87.10233333333333,61.6788740464695,1.3543454526687952,1.2030463688956776,0.15129908377311763
2022-06-07 04:00:00+00:00,90.9,92.0,90.22,90.85,2352845.0,29091.0,90.876216,87.24133333333334,59.88022063616766,1.4152009300714496,1.2454772811308321,0.16972364894061753
2022-06-08 04:00:00+00:00,90.34,90.93,89.98,90.24,1892352.0,24457.0,90.366942,87.374,57.712394325007786,1.3980911083205996,1.2760000465687857,0.12209106175181383
2022-06-09 04:00:00+00:00,89.68,90.96,89.223,89.3,2105897.0,30314.0,89.945987,87.459,54.441589784435045,1.2937675601303624,1.279553549281101,0.014214010849261438
2022-06-10 04:00:00+00:00,87.71,88.12,86.855,87.04,3039772.0,39246.0,87.294311,87.43333333333334,47.475062900959024,1.0170038963331223,1.2270436186915052,-0.21003972235838297
2022-06-13 04:00:00+00:00,85.25,85.96,83.9,84.49,2894014.0,39950.0,84.646247,87.39366666666666,41.08652654336624,0.5851576765907538,1.098666430271355,-0.5135087536806011
2022-06-14 04:00:00+00:00,85.76,88.36,85.76,88.06,4680601.0,51831.0,87.566261,87.50399999999999,51.02316060922748,0.5249344824724602,0.983920040711576,-0.4589855582391158
2022-06-15 04:00:00+00:00,88.66,90.42,87.05,87.87,3665096.0,53196.0,88.556506,87.63566666666667,50.53463886145191,0.4566122137761113,0.8784584753244832,-0.4218462615483719
2022-06-16 04:00:00+00:00,86.77,88.57,85.29,87.89,4115728.0,55079.0,87.596927,87.67699999999999,50.58826884858151,0.39947525438410025,0.7826618311364066,-0.3831865767523064
2022-06-17 04:00:00+00:00,87.81,89.07,87.07,88.12,4807929.0,44717.0,88.083115,87.84633333333333,51.24294496625558,0.3685049841552086,0.699830461740167,-0.33132547758495845
2022-06-21 04:00:00+00:00,88.84,91.56,88.03,90.84,2958342.0,35437.0,90.243049,87.98533333333333,58.28243406835923,0.557021097404288,0.6712685888729912,-0.11424749146870328
2022-06-22 04:00:00+00:00,90.2,91.64,89.78,90.74,2480637.0,31138.0,90.952746,88.22433333333333,57.95116443949882,0.6903938801788883,0.6750936471341706,0.015300233044717615
2022-06-23 04:00:00+00:00,91.56,92.7,91.0,92.18,1788987.0,28866.0,92.01801,88.49233333333333,61.357275858039664,0.9018922840031109,0.7204533745079587,0.1814389094951523
2022-06-24 04:00:00+00:00,93.29,94.59,92.22,94.58,2947801.0,37106.0,93.936671,88.81466666666667,66.2624245654472,1.2487711783496849,0.826116935276304,0.42265424307338084
2022-06-27 04:00:00+00:00,94.0,94.275,93.07,94.21,2401558.0,33264.0,93.943457,89.099,64.8947919364535,1.4767957117739314,0.9562526905758295,0.5205430211981019
2022-06-28 04:00:00+00:00,94.17,94.73,90.39,90.81,3509944.0,40219.0,91.969046,89.163,53.888098583866736,1.367392759764158,1.0384807044134952,0.3289120553506628
2022-06-29 04:00:00+00:00,91.2725,93.36,90.835,93.35,2540512.0,35484.0,92.840709,89.30433333333333,59.424755930269974,1.4687164553717196,1.12452785460514,0.34418860076657953
2022-06-30 04:00:00+00:00,92.73,93.12,91.42,92.7,2567462.0,32166.0,92.526497,89.42000000000002,57.521364459983594,1.4795117558577573,1.1955246348556636,0.28398712100209367
2022-07-01 04:00:00+00:00,92.17,94.69,91.92,94.59,1817546.0,25504.0,93.917301,89.68566666666666,61.39353016896628,1.6218783103028471,1.2807953699451002,0.3410829403577469
2022-07-05 04:00:00+00:00,94.09,96.62,93.03,96.11,3623580.0,47523.0,95.334848,89.99733333333333,64.21846727620712,1.8361896756338751,1.3918742310828551,0.44431544455102
2022-07-06 04:00:00+00:00,96.25,98.52,96.25,97.39,3679644.0,50420.0,97.488454,90.32300000000001,66.44513422478086,2.085280464133845,1.5305554776930532,0.5547249864407919
2022-07-07 04:00:00+00:00,97.39,97.45,96.37,96.99,3354362.0,43705.0,96.929612,90.65433333333334,65.08214357512048,2.224764352968492,1.669397252748141,0.5553671002203511
2022-07-08 04:00:00+00:00,96.99,98.01,95.9,97.48,3151199.0,37336.0,96.987294,90.98733333333334,66.002172809689,2.347781481223933,1.8050740984432996,0.5427073827806335
2022-07-11 04:00:00+00:00,97.41,97.7412,96.475,96.86,2087136.0,26989.0,96.903329,91.29166666666667,63.714608234183935,2.367948388190726,1.917648956392785,0.45029943179794096
2022-07-12 04:00:00+00:00,97.12,97.86,96.435,96.75,2123367.0,49185.0,97.05618,91.559,63.29545450779476,2.347988575834904,2.003716880281209,0.3442716955536951
2022-07-13 04:00:00+00:00,95.342,97.84,95.34,96.8,2190604.0,36694.0,96.897998,91.79666666666667,63.41327473508167,2.309581445632091,2.0648897933513854,0.24469165228070544
2022-07-14 04:00:00+00:00,96.44,97.84,95.69,97.75,2791393.0,41252.0,97.193436,92.08533333333334,65.66821320921974,2.328953848514402,2.1177026043839886,0.21125124413041352
2022-07-15 04:00:00+00:00,97.97,98.95,96.28,97.15,6425256.0,41993.0,97.219468,92.389,63.026143804400746,2.269727624578735,2.148107608422938,0.1216200161557972
2022-07-18 04:00:00+00:00,97.49,97.54,94.895,95.02,2288529.0,33811.0,96.177201,92.545,54.6240763262897,2.0275449405883705,2.1239950748560243,-0.09645013426765381
2022-07-19 04:00:00+00:00,96.0,96.41,95.39,96.26,2434301.0,28462.0,96.159958,92.79266666666666,58.12399116390964,1.9136121261732342,2.0819184851194663,-0.16830635894623214
2022-07-20 04:00:00+00:00,96.37,97.85,96.16,96.4,2583146.0,31050.0,96.849628,92.96066666666665,58.513067091197044,1.8137090707064232,2.0282766022368577,-0.2145675315304345
2022-07-21 04:00:00+00:00,96.6,96.99,94.8284,95.77,2273749.0,28718.0,95.604155,93.12466666666666,55.99195637902688,1.664511986557713,1.9555236791010289,-0.29101169254331594
2022-07-22 04:00:00+00:00,95.91,96.1,94.16,95.07,1952218.0,30054.0,94.921414,93.28566666666667,53.24675400268435,1.472810430753924,1.8589810294316078,-0.3861705986776838
2022-07-25 04:00:00+00:00,95.47,96.27,94.37,95.84,1877559.0,28074.0,95.56142,93.50366666666667,55.81312467715668,1.3672572410984998,1.7606362717649862,-0.3933790306664864
2022-07-26 04:00:00+00:00,95.91,96.27,95.34,95.89,1676613.0,22527.0,95.826798,93.79866666666666,55.982091323021386,1.2729661980226155,1.6631022570165122,-0.3901360589938967
2022-07-27 04:00:00+00:00,95.27,97.65,94.76,97.39,2263484.0,33894.0,96.614235,94.22866666666667,60.822185729597024,1.3042428315327044,1.5913303719197507,-0.2870875403870463
2022-07-28 04:00:00+00:00,97.5,99.09,96.94,98.91,1929886.0,28060.0,98.396317,94.59033333333333,65.01963776688272,1.4351377115587525,1.5600918398475512,-0.1249541282887987
2022-07-29 04:00:00+00:00,98.3,99.81,97.86,99.62,3011531.0,32340.0,99.039404,94.982,66.80848033239519,1.5779740111625387,1.5636682741105488,0.014305737051989897
2022-08-01 04:00:00+00:00,98.56,99.02,97.67,98.49,3022471.0,40199.0,98.416502,95.33533333333334,61.42460530183193,1.5817577329471249,1.567286165877864,0.014471567069260782
2022-08-02 04:00:00+00:00,97.9,98.085,96.05,96.9,3097018.0,40802.0,96.810701,95.628,54.74005808156374,1.4398588513487596,1.5418007029720433,-0.10194185162328373
2022-08-03 04:00:00+00:00,96.67,97.15,95.89,96.05,2979281.0,37873.0,96.36524,95.80166666666668,51.51267716303342,1.2444695982292444,1.4823344820234836,-0.2378648837942392
2022-08-04 04:00:00+00:00,95.77,96.42,95.11,96.36,3079635.0,38274.0,95.848233,95.989,52.610061036893015,1.101934205064623,1.4062544266317116,-0.3043202215670886
2022-08-05 04:00:00+00:00,91.61,92.47,88.84,91.38,6932158.0,83324.0,91.141099,95.96233333333333,37.80691701527388,0.5804385642084213,1.2410912541470536,-0.6606526899386322
2022-08-08 04:00:00+00:00,91.72,92.02,89.1355,89.43,2685630.0,42074.0,89.81458,95.79066666666667,33.79685243926893,0.009689118361436044,0.9948108269899302,-0.9851217086284941
2022-08-09 04:00:00+00:00,88.78,88.98,87.355,88.81,6215360.0,63898.0,88.304728,95.61066666666667,32.61243421831378,-0.4870483576538476,0.6984389900611747,-1.1854873477150223
2022-08-10 04:00:00+00:00,89.88,91.55,89.4,89.82,3581019.0,52488.0,90.125391,95.57766666666666,36.5155425415412,-0.7901099316526796,0.4007292057184038,-1.1908391373710834
2022-08-11 04:00:00+00:00,89.39,90.7599,88.97,89.3,2088633.0,32966.0,89.779474,95.44266666666667,35.37936164851132,-1.0600287154790777,0.10857762147890754,-1.1686063369579853
2022-08-12 04:00:00+00:00,89.37,90.14,88.955,90.02,2961553.0,39361.0,89.537438,95.35333333333332,38.244585772806055,-1.2019875493546976,-0.1535354126878135,-1.0484521366668842
2022-08-15 04:00:00+00:00,90.16,92.18,90.0,91.79,1813789.0,28393.0,91.65505,95.26,44.732199577017475,-1.1583144129398164,-0.3544912127382141,-0.8038232002016024
2022-08-16 04:00:00+00:00,91.56,92.755,91.025,92.28,1523899.0,27994.0,92.072398,95.13233333333332,46.41060285336999,-1.0718090848319832,-0.49795478715696795,-0.5738542976750153
2022-08-17 04:00:00+00:00,91.76,92.11,91.13,91.51,1260153.0,21324.0,91.564092,94.93633333333334,44.14201491020602,-1.0532444079972691,-0.6090127113250282,-0.44423169667224094
2022-08-18 04:00:00+00:00,91.54,92.1756,91.04,91.26,1665676.0,28887.0,91.610866,94.74533333333332,43.40025281595385,-1.0466396679359207,-0.6965381026472067,-0.35010156528871395
2022-08-19 04:00:00+00:00,90.76,91.38,90.28,90.59,1909032.0,25568.0,90.762941,94.51566666666666,41.39274965733754,-1.082984789905666,-0.7738274400988986,-0.30915734980676735
2022-08-22 04:00:00+00:00,90.01,90.38,89.38,89.59,2008313.0,25875.0,89.756532,94.27333333333334,38.528223188255325,-1.1788906855810524,-0.8548400891953294,-0.324050596385723
2022-08-23 04:00:00+00:00,89.21,90.29,88.86,90.16,2217117.0,33149.0,89.761356,94.05366666666667,41.033155471582084,-1.1951258951776538,-0.9228972503917944,-0.2722286447858594
2022-08-24 04:00:00+00:00,90.0,90.66,89.76,90.43,1352681.0,22635.0,90.295424,93.84133333333334,42.23394400560754,-1.1726876588766686,-0.9728553320887693,-0.1998323267878993
2022-08-25 04:00:00+00:00,90.41,91.3,90.23,91.18,1504522.0,22596.0,90.864221,93.62233333333333,45.55084113075198,-1.081914822357362,-0.9946672301424879,-0.0872475922148741
2022-08-26 04:00:00+00:00,91.09,91.33,89.06,89.15,2107784.0,28819.0,89.609768,93.35566666666666,39.02004007844831,-1.1604043114392937,-1.0278146464018492,-0.13258966503744452
2022-08-29 04:00:00+00:00,88.4,89.35,87.89,88.59,1724436.0,26562.0,88.712583,93.14133333333332,37.425926412495855,-1.2533473093075855,-1.0729211789829964,-0.1804261303245891
2022-08-30 04:00:00+00:00,88.75,88.89,87.58,88.53,2379358.0,31426.0,88.340557,92.88366666666667,37.25033242816911,-1.3166690619473371,-1.1216707555758647,-0.19499830637147242
2022-08-31 04:00:00+00:00,89.09,89.665,88.37,88.83,3283718.0,34734.0,88.950459,92.63133333333333,38.79653979410861,-1.3273437221414923,-1.1628053488889902,-0.1645383732525021
2022-09-01 04:00:00+00:00,88.07,89.08,87.63,89.0,2313919.0,31144.0,88.619562,92.40566666666668,39.70323777951727,-1.3070193821552323,-1.1916481555422387,-0.1153712266129936
2022-09-02 04:00:00+00:00,89.79,90.695,87.985,88.39,3461378.0,41073.0,89.0638,92.18299999999999,37.55341945788846,-1.324861914847986,-1.218290907403388,-0.10657100744459802
2022-09-06 04:00:00+00:00,89.365,90.69,88.41,88.59,2455506.0,39872.0,89.227928,91.94133333333333,38.72492548472791,-1.3077885496944646,-1.2361904358616034,-0.07159811383286119
2022-09-07 04:00:00+00:00,88.88,90.65,88.88,90.45,1744758.0,24832.0,90.004704,91.76,48.416875048587855,-1.1311323399622921,-1.2151788166817412,0.08404647671944909
2022-09-08 04:00:00+00:00,90.49,91.47,89.48,91.42,2227312.0,28790.0,90.760506,91.56099999999999,52.62527914615671,-0.902457163220987,-1.1526344859895903,0.25017732276860327
2022-09-09 04:00:00+00:00,91.57,92.935,91.435,92.43,2477632.0,38723.0,92.402622,91.34500000000001,56.59603775516167,-0.6324414872758553,-1.0485958862468434,0.41615439897098816
2022-09-12 04:00:00+00:00,93.25,94.23,92.62,93.56,2750032.0,38021.0,93.655001,91.143,60.577251332605584,-0.3235409834752261,-0.90358490569252,0.580043922217294
2022-09-13 04:00:00+00:00,91.95,92.48,89.23,89.53,2802766.0,40755.0,90.346962,90.84433333333332,44.796129384307996,-0.3993193239906958,-0.8027317893521553,0.40341246536145947
2022-09-14 04:00:00+00:00,89.53,90.0,87.98,88.93,2193522.0,36497.0,88.804701,90.57866666666668,43.00003954933438,-0.5020024189929586,-0.742585915280316,0.24058349628735742
2022-09-15 04:00:00+00:00,88.59,89.47,87.105,87.37,2013807.0,33308.0,87.853785,90.28933333333333,38.65987638236101,-0.701175756456351,-0.734303883515523,0.03312812705917201
2022-09-16 04:00:00+00:00,87.24,87.64,86.43,87.24,4279335.0,35301.0,87.136406,89.98533333333334,38.3128320984333,-0.8596030065321543,-0.7593637081188492,-0.10023929841330503
2022-09-19 04:00:00+00:00,87.07,88.17,86.67,87.85,1575083.0,30265.0,87.710165,89.86766666666668,40.98967926392349,-0.9252699060897385,-0.7925449477130271,-0.1327249583767114
2022-09-20 04:00:00+00:00,87.36,88.09,86.69,87.7,1471183.0,25292.0,87.559607,89.81,40.52399972628855,-0.9781397572406831,-0.8296639096185583,-0.14847584762212485
2022-09-21 04:00:00+00:00,88.16,89.605,87.02,87.04,2164469.0,34982.0,88.040419,89.75099999999999,38.45390398252292,-1.0610646861225774,-0.8759440649193622,-0.18512062120321526
2022-09-22 04:00:00+00:00,86.675,87.5,86.66,86.77,1946934.0,32667.0,86.958287,89.64933333333333,37.60753925036127,-1.1354809160314971,-0.9278514351417892,-0.2076294808897079
2022-09-23 04:00:00+00:00,86.47,87.17,86.15,87.09,2046020.0,35426.0,86.694671,89.57566666666666,39.312396443915084,-1.155317211076607,-0.9733445903287529,-0.18197262074785414
2022-09-26 04:00:00+00:00,87.11,88.9,87.07,87.91,2861811.0,45566.0,87.957539,89.50533333333333,43.56771507095775,-1.0922793543617644,-0.9971315431353552,-0.09514781122640914
2022-09-27 04:00:00+00:00,88.35,89.57,87.0,87.35,2792375.0,43521.0,87.861151,89.35733333333333,41.431141494285825,-1.0751154568859107,-1.0127283258854665,-0.06238713100044424
2022-09-28 04:00:00+00:00,87.77,89.9799,87.17,89.4,2839050.0,39975.0,88.798287,89.26133333333334,50.91989326154965,-0.8858831673320537,-0.987359294174784,0.10147612684273022
2022-09-29 04:00:00+00:00,89.16,89.93,87.08,88.01,2957629.0,42459.0,87.820609,89.14466666666667,45.533267932309315,-0.8384119072276519,-0.9575698167853576,0.11915790955770567
2022-09-30 04:00:00+00:00,88.46,89.03,86.82,86.96,2959137.0,37139.0,87.809741,89.00133333333333,41.9252848806573,-0.8754254566361368,-0.9411409447555135,0.06571548811937666
2022-10-03 04:00:00+00:00,87.52,89.54,87.12,89.07,2343785.0,33656.0,88.768059,88.95066666666666,50.426200636073055,-0.7261292294589055,-0.898138601696192,0.17200937223728652
2022-10-04 04:00:00+00:00,90.15,91.74,90.145,91.65,2383775.0,34206.0,91.076163,89.01933333333334,58.43748855984359,-0.3950723081153882,-0.7975253429800313,0.4024530348646431
2022-10-05 04:00:00+00:00,91.14,92.615,90.55,92.18,2135172.0,33237.0,91.868921,89.08666666666667,59.87210996818309,-0.08891577648596183,-0.6558034296812174,0.5668876531952556
2022-10-06 04:00:00+00:00,92.07,93.13,91.52,91.74,2151271.0,31082.0,92.051974,89.13033333333333,58.07976393924901,0.11686402210104063,-0.5012699393247658,0.6181339614258065
2022-10-07 04:00:00+00:00,91.18,91.425,89.94,90.29,2775848.0,39974.0,90.290859,89.10066666666667,52.501848825922906,0.16108621162533154,-0.3687987091347464,0.529884920760078
2022-10-10 04:00:00+00:00,90.65,91.405,89.99,91.02,2142482.0,34972.0,90.885989,89.163,54.85266525120628,0.25213110414006223,-0.24461274647978465,0.4967438506198469
2022-10-11 04:00:00+00:00,90.6,91.01,89.37,89.46,3974241.0,42986.0,89.997875,89.19200000000001,49.243742202767415,0.1961448392539893,-0.1564612293330299,0.35260606858701915
2022-10-12 04:00:00+00:00,90.24,90.73,89.53,89.57,2602315.0,35650.0,89.946304,89.22666666666667,49.63482156151278,0.15882061646001944,-0.09340486017442001,0.25222547663443945
2022-10-13 04:00:00+00:00,87.77,90.805,85.77,90.08,4026454.0,50196.0,88.986099,89.26833333333335,51.50065696718342,0.16845183089255045,-0.04103352196102592,0.20948535285357636
2022-10-14 04:00:00+00:00,91.38,91.38,87.26,87.4,3697472.0,46868.0,88.199921,89.215,42.57488584320934,-0.039711198607790266,-0.040769057290378795,0.0010578586825885292
2022-10-17 04:00:00+00:00,88.32,90.1,88.29,89.38,2272458.0,35571.0,89.406368,89.248,49.53390113780831,-0.04440062401567957,-0.041495370635438955,-0.0029052533802406133
2022-10-18 04:00:00+00:00,90.92,92.43,89.465,90.48,2188915.0,37158.0,90.537258,89.31099999999999,52.9455095520342,0.04018060250540145,-0.025160176007270878,0.06534077851267234
2022-10-19 04:00:00+00:00,90.09,90.33,88.045,88.24,2210230.0,32279.0,88.705847,89.23733333333332,46.10967530858955,-0.07269941207216846,-0.034668023220250394,-0.03803138885191806
2022-10-20 04:00:00+00:00,88.04,88.96,86.98,87.01,2203574.0,35464.0,87.496897,89.09033333333333,42.83895760203076,-0.2584293447232824,-0.0794202875208568,-0.1790090572024256
2022-10-21 04:00:00+00:00,86.48,87.85,85.61,87.59,3319460.0,46581.0,87.182114,88.929,44.826379394815284,-0.35473137919667863,-0.13448250585602117,-0.22024887334065746
2022-10-24 04:00:00+00:00,88.56,90.19,87.85,90.11,2151771.0,31827.0,89.384962,88.81400000000001,52.54636703585671,-0.2251135272405662,-0.15260871013293018,-0.07250481710763604
2022-10-25 04:00:00+00:00,90.57,91.71,90.06,91.66,1638685.0,27059.0,91.154107,88.885,56.57146233768302,0.002651040841755048,-0.12155675993799314,0.12420780077974819
2022-10-26 04:00:00+00:00,91.8,93.04,91.52,92.01,2505718.0,34027.0,92.268219,88.98766666666667,57.449142033674036,0.20898908089665724,-0.055447591771063065,0.2644366726677203
2022-10-27 04:00:00+00:00,92.23,92.59,91.55,91.73,2479576.0,37519.0,92.005544,89.13300000000001,56.465986037078316,0.3459321142058087,0.024828349424311294,0.32110376478149744
2022-10-28 04:00:00+00:00,92.0,93.7,91.7,93.54,2169091.0,35892.0,93.248931,89.343,61.10034683028702,0.5936688825909755,0.13859645605764415,0.45507242653333135
2022-10-31 04:00:00+00:00,92.93,94.24,92.49,93.72,2951543.0,40191.0,93.677474,89.53866666666666,61.53883928965219,0.7953581583048077,0.26994879650707687,0.5254093617977309
2022-11-01 04:00:00+00:00,95.8,95.998,93.48,94.35,2694162.0,38007.0,94.277348,89.76033333333334,63.106385434105135,0.9945693212338256,0.4148729014524266,0.579696419781399
2022-11-02 04:00:00+00:00,94.39,94.89,91.67,91.71,2262353.0,37838.0,93.10751,89.916,53.302588477717116,0.928714029269571,0.5176411270158555,0.4110729022537155
2022-11-03 04:00:00+00:00,90.56,91.87,90.12,91.09,2591403.0,42679.0,91.103837,90.06,51.28745152067131,0.8170756776819701,0.5775280371490785,0.23954764053289157
2022-11-04 04:00:00+00:00,97.786,100.47,95.27,97.94,6183519.0,88534.0,97.534797,90.42166666666667,66.40099380494308,1.2667370754104184,0.7153698448013466,0.5513672306090718
2022-11-07 05:00:00+00:00,98.33,99.13,97.815,98.9,3041153.0,48885.0,98.555645,90.78800000000001,67.90393685693908,1.6811813377285887,0.9085321433867951,0.7726491943417936
2022-11-08 05:00:00+00:00,98.5,99.35,97.02,97.86,2605475.0,38088.0,98.367793,91.13833333333334,64.5359927317597,1.903766656208873,1.1075790459512107,0.7961876102576624
2022-11-09 05:00:00+00:00,97.71,97.91,96.1,96.23,1964661.0,32280.0,96.865379,91.366,59.550646207912315,1.9264330264574454,1.2713498420524578,0.6550831844049876
2022-11-10 05:00:00+00:00,98.7,99.53,96.99,99.3,3329295.0,45518.0,98.723197,91.74233333333333,65.02994654881378,2.167138210823609,1.4505075158066882,0.7166306950169206
2022-11-11 05:00:00+00:00,99.0,99.31,96.22,98.12,2694379.0,42361.0,97.683415,92.11433333333333,61.57722205008643,2.2368971078532525,1.6077854342160012,0.6291116736372513
2022-11-14 05:00:00+00:00,98.51,98.59,96.76,96.92,1757307.0,32618.0,97.763734,92.376,58.19340981344472,2.170333313698663,1.7202950101125336,0.4500383035861293
2022-11-15 05:00:00+00:00,98.45,98.82,96.92,98.14,3052899.0,42229.0,97.92059,92.59233333333333,60.565987294575244,2.1907709870681487,1.8143902055036567,0.37638078156449195
2022-11-16 05:00:00+00:00,98.79,99.42,98.555,99.19,2327221.0,29910.0,99.110664,92.82600000000001,62.536581547351474,2.2655780418497358,1.9046277727728727,0.3609502690768631
2022-11-17 05:00:00+00:00,97.9301,99.44,97.5,98.96,1791590.0,25182.0,98.876232,93.06666666666666,61.807973498200695,2.2800214261732066,1.9797065034529395,0.30031492272026705
2022-11-18 05:00:00+00:00,99.4,99.88,98.2757,99.7,2086784.0,26220.0,99.212983,93.38033333333333,63.28992393329534,2.3243856568976042,2.0486423341418725,0.27574332275573177
2022-11-21 05:00:00+00:00,100.0,101.38,99.67,101.1,2549110.0,38611.0,100.873424,93.71633333333334,65.97949331676742,2.4443361435688757,2.127781096027273,0.3165550475416028
2022-11-22 05:00:00+00:00,101.83,103.44,101.2701,103.16,2991694.0,44978.0,102.681209,94.173,69.5183268793648,2.6747892468746386,2.237182726196746,0.4376065206778925
2022-11-23 05:00:00+00:00,103.72,104.42,103.45,103.93,1975991.0,31234.0,103.930069,94.65166666666666,70.74337127715835,2.886286245226742,2.3670034300027454,0.5192828152239968
2022-11-25 05:00:00+00:00,103.89,103.95,103.3,103.37,867576.0,13516.0,103.544359,95.09466666666667,68.58452775456647,2.974424506098302,2.4884876452218565,0.4859368608764454
2022-11-28 05:00:00+00:00,103.73,104.485,101.67,101.88,2000731.0,31662.0,102.686741,95.57733333333333,63.069616506511935,2.8907217246603807,2.5689344611095613,0.32178726355081944
2022-11-29 05:00:00+00:00,101.44,101.69,99.31,99.79,2349244.0,37619.0,100.10614,95.92433333333334,56.238512449610425,2.6254762779536236,2.580242824478374,0.04523345347524943
2022-11-30 05:00:00+00:00,99.76,103.06,99.35,102.86,4517261.0,49052.0,101.985013,96.337,62.639665853689294,2.6326432210984194,2.5907229038023836,0.04192031729603585
2022-12-01 05:00:00+00:00,102.75,103.32,102.07,103.25,2115413.0,37655.0,102.984421,96.83733333333333,63.37263012960011,2.639367826455768,2.6004518883330605,0.03891593812270733
2022-12-02 05:00:00+00:00,101.95,104.65,101.76,104.04,1687326.0,35605.0,103.71196,97.405,64.87585842778822,2.6775780690980753,2.6158771244860635,0.06170094461201181
2022-12-05 05:00:00+00:00,102.78,103.02,101.68,102.17,1706469.0,29910.0,102.219386,97.891,58.731334031816495,2.5278273695260935,2.5982671734940697,-0.07043980396797611
2022-12-06 05:00:00+00:00,102.55,103.2,101.0675,101.44,1564918.0,29632.0,101.54357,98.26866666666666,56.48236255912706,2.3234605551090226,2.5433058498170604,-0.21984529470803782
2022-12-07 05:00:00+00:00,101.6,102.07,100.73,101.23,1177352.0,20919.0,101.278492,98.58766666666666,55.82016689971141,2.12011378535081,2.4586674369238106,-0.33855365157300055
2022-12-08 05:00:00+00:00,101.03,101.768,100.74,101.54,1073634.0,19118.0,101.391257,98.90533333333333,56.62852674591178,1.9613650194678627,2.359206953432621,-0.39784193396475853
2022-12-09 05:00:00+00:00,101.02,101.21,99.97,100.04,1366904.0,26200.0,100.407433,99.18233333333333,51.69929195011883,1.6949793479702038,2.2263614323401377,-0.531382084369934
2022-12-12 05:00:00+00:00,100.41,100.86,99.78,100.82,1525725.0,26568.0,100.53816,99.425,53.94428893116175,1.5291788435435905,2.0869249145808286,-0.5577460710372382
2022-12-13 05:00:00+00:00,102.67,102.71,99.79,100.44,1661919.0,32785.0,100.689032,99.64900000000002,52.66013262171781,1.3515382335963295,1.939847578383929,-0.5883093447875996
2022-12-14 05:00:00+00:00,100.42,102.77,100.16,101.9,2758888.0,44844.0,101.817615,99.90066666666667,56.904903180405704,1.3134262088958053,1.8145633044863043,-0.501137095590499
2022-12-15 05:00:00+00:00,100.73,101.13,99.128,99.65,1966928.0,33132.0,99.712649,100.16533333333334,49.5336421375403,1.0891113609521312,1.6694729157794699,-0.5803615548273386
2022-12-16 05:00:00+00:00,99.26,101.54,98.4154,100.78,6083768.0,39866.0,100.453104,100.48833333333333,52.837842508376205,0.991097034375727,1.5337977394987214,-0.5427007051229944
2022-12-19 05:00:00+00:00,101.0,101.69,99.9054,100.42,1672540.0,29554.0,100.628973,100.571,51.67700746625994,0.8742926812531806,1.4018967278496133,-0.5276040465964327
2022-12-20 05:00:00+00:00,100.5,101.59,100.2,101.16,1524924.0,23733.0,101.074015,100.64633333333333,53.91814883817814,0.831847188849423,1.2878868200495752,-0.45603963120015223
2022-12-21 05:00:00+00:00,101.57,102.74,101.5472,101.95,1238906.0,22438.0,102.062247,100.78266666666667,56.25088059795841,0.8521323764094717,1.2007359313215544,-0.3486035549120827
2022-12-22 05:00:00+00:00,101.19,101.46,99.33,100.81,1539632.0,24546.0,100.54326,100.93533333333333,52.148471975617774,0.7673742484133896,1.1140635947399216,-0.3466893463265319
2022-12-23 05:00:00+00:00,101.46,101.52,100.47,101.26,715317.0,14906.0,101.151289,101.00066666666666,53.5873960263079,0.7281207378932208,1.0368750233705815,-0.3087542854773606
2022-12-27 05:00:00+00:00,101.79,102.43,101.155,102.01,1500131.0,21668.0,101.997371,101.13033333333333,55.96413779330965,0.748897950586624,0.97927960881379,-0.23038165822716594
2022-12-28 05:00:00+00:00,102.33,102.73,101.28,101.32,1121681.0,20854.0,101.71617,101.277,53.26183092294801,0.7015992089579584,0.9237435288426237,-0.22214431988466532
2022-12-29 05:00:00+00:00,101.62,102.71,101.48,102.02,1103999.0,20992.0,102.15877,101.40633333333334,55.603918450265525,0.7123868135627589,0.8814721857866508,-0.16908537222389186
2022-12-30 05:00:00+00:00,101.82,101.82,100.69,101.53,1141656.0,21876.0,101.308948,101.48433333333334,53.57989290002194,0.6736319531982815,0.839904139268977,-0.1662721860706955
2023-01-03 05:00:00+00:00,101.77,102.29,100.32,101.32,1505918.0,25280.0,101.193604,101.563,52.69460476774234,0.618839604443238,0.7956912323038293,-0.17685162786059128
2023-01-04 05:00:00+00:00,102.11,102.73,101.16,102.15,1743743.0,29477.0,102.074779,101.64466666666667,55.80288524808712,0.6350696491001884,0.7635669156631012,-0.12849726656291283
2023-01-05 05:00:00+00:00,101.33,101.55,100.17,100.38,1846169.0,27753.0,100.59693,101.62066666666666,48.48630014143708,0.4993516538986569,0.7107238633102124,-0.21137220941155554
2023-01-06 05:00:00+00:00,101.2,103.145,101.01,102.43,1940717.0,25071.0,102.438842,101.59633333333333,55.72664835102422,0.550862037670683,0.6787514981823065,-0.12788946051162353
