timestamp,open,high,low,close,volume,trade_count,vwap,30sma,rsi,macd,signal,histogram
2022-01-03 05:00:00+00:00,228.39,233.37,228.07,231.22,1518550.0,31929.0,231.459347,,,,,
2022-01-04 05:00:00+00:00,232.41,234.9,225.455,232.87,1964568.0,38868.0,231.149287,,,,,
2022-01-05 05:00:00+00:00,231.75,234.28,224.26,224.65,1541578.0,36367.0,228.791819,,,,,
2022-01-06 05:00:00+00:00,225.5,228.76,224.11,226.96,1954836.0,35764.0,227.052484,,,,,
2022-01-07 05:00:00+00:00,228.0,229.99,219.88,221.33,1758153.0,29908.0,222.369202,,,,,
2022-01-10 05:00:00+00:00,220.05,222.14,214.7,221.83,1920252.0,39711.0,219.45406,,,,,
2022-01-11 05:00:00+00:00,222.67,227.75,220.755,227.54,1755379.0,32282.0,226.076682,,,,,
2022-01-12 05:00:00+00:00,229.06,231.4,225.86,229.02,1262087.0,24729.0,228.763702,,,,,
2022-01-13 05:00:00+00:00,231.99,232.36,220.6,221.86,2907907.0,47103.0,225.491583,,,,,
2022-01-14 05:00:00+00:00,218.71,225.39,218.07,225.29,1719646.0,27997.0,223.049523,,,,,
2022-01-18 05:00:00+00:00,220.0,221.165,216.7425,217.42,2344796.0,35396.0,218.290299,,,,,
2022-01-19 05:00:00+00:00,217.94,220.45,210.78,210.95,1883909.0,42680.0,214.294544,,,,,
2022-01-20 05:00:00+00:00,208.0,211.77,199.41,199.61,2878429.0,56088.0,204.819136,,,,,
2022-01-21 05:00:00+00:00,197.33,207.73,196.8,199.95,3786708.0,76978.0,201.827131,,,,,
2022-01-24 05:00:00+00:00,195.83,203.47,188.07,203.07,3676253.0,60568.0,197.243957,,28.422504982370043,,,
2022-01-25 05:00:00+00:00,197.2,199.875,193.39,194.77,3849772.0,64103.0,195.972591,,24.997147865047324,,,
2022-01-26 05:00:00+00:00,200.45,205.25,193.54,196.96,3397342.0,52651.0,199.253601,,27.48055919177456,,,
2022-01-27 05:00:00+00:00,200.8738,201.02,186.39,187.96,3775948.0,65621.0,190.461063,,23.968267333760352,,,
2022-01-28 05:00:00+00:00,186.48,189.53,180.12,189.45,4941221.0,85721.0,185.537228,,25.662226826555212,,,
2022-01-31 05:00:00+00:00,190.39,205.9,190.0,205.44,5678161.0,84567.0,202.309316,,40.88385524358993,,,
2022-02-01 05:00:00+00:00,208.99,210.99,200.01,208.2,4060455.0,70411.0,205.55494,,43.05145696779735,,,
2022-02-02 05:00:00+00:00,209.63,211.8336,205.6849,210.35,2860797.0,48047.0,209.386368,,44.750922937418615,,,
2022-02-03 05:00:00+00:00,206.72,208.7999,197.8,198.34,4260672.0,53082.0,200.323562,,37.93986111038464,,,
2022-02-04 05:00:00+00:00,196.97,200.11,190.79,198.12,3195700.0,48592.0,196.52409,,37.82628920251917,,,
2022-02-07 05:00:00+00:00,198.4,201.91,196.06,196.92,2165177.0,32426.0,198.094014,,37.17264428417928,,,
2022-02-08 05:00:00+00:00,197.29,203.32,196.085,202.53,2300448.0,34056.0,201.236552,,42.20109352961215,-8.41301517936418,,
2022-02-09 05:00:00+00:00,205.54,210.0,200.5,209.76,3036908.0,52491.0,207.180722,,47.97964182094573,-7.207221478747556,,
2022-02-10 05:00:00+00:00,204.36,209.62,198.13,199.05,2365321.0,45502.0,202.226619,,41.37993312655494,-7.034736710700372,,
2022-02-11 05:00:00+00:00,200.01,200.97,185.18,186.74,3502842.0,62168.0,190.064706,,35.35950700034667,-7.801425434188161,,
2022-02-14 05:00:00+00:00,187.84,191.67,183.97,185.88,1924306.0,39922.0,186.923811,208.80133333333333,34.97664638304387,-8.38180633795568,,
2022-02-15 05:00:00+00:00,190.5,196.9,189.21,196.62,2723548.0,36450.0,194.454769,207.648,43.24184471480502,-7.884249423950678,,
2022-02-16 05:00:00+00:00,195.45,200.64,193.0,199.66,1889137.0,34476.0,197.449735,206.541,45.359017956435494,-7.162069512135332,,
2022-02-17 05:00:00+00:00,196.4,197.45,187.39,187.61,2700591.0,46836.0,190.265061,205.30633333333336,39.12855793447455,-7.475893575389563,,
2022-02-18 05:00:00+00:00,188.77,190.14,185.19,187.09,2621957.0,39771.0,187.297744,203.97733333333335,38.880365925661664,-7.678053242322221,-7.670941210528194,-0.007112031794027196
2022-02-22 05:00:00+00:00,185.18,191.605,183.92,187.24,2231321.0,43377.0,187.642803,202.841,39.000562580231836,-7.736975451544993,-7.684148058731554,-0.0528273928134384
2022-02-23 05:00:00+00:00,190.48,194.6,185.03,185.15,2612345.0,49856.0,188.035773,201.61833333333334,37.882690371166476,-7.861692561887111,-7.719656959362666,-0.14203560252444447
2022-02-24 05:00:00+00:00,179.12,191.73,178.305,191.42,3208658.0,56029.0,186.123098,200.41433333333333,43.14743476749777,-7.369642519427089,-7.649654071375551,0.28001155194846206
2022-02-25 05:00:00+00:00,190.49,194.32,185.58,194.2,1936282.0,35658.0,192.044145,199.25366666666665,45.35873316659253,-6.678382314999112,-7.455399720100264,0.7770174051011516
2022-02-28 05:00:00+00:00,191.43,192.73,186.73,190.12,2573806.0,36274.0,189.727645,198.19566666666665,42.73180284823428,-6.386159849250731,-7.241551745930358,0.8553918966796266
2022-03-01 05:00:00+00:00,189.61,189.985,179.23,181.18,2822697.0,47207.0,182.376433,196.72533333333334,37.59409598715483,-6.797596266692864,-7.152760650082859,0.35516438338999556
2022-03-02 05:00:00+00:00,183.02,190.47,182.63,188.35,3029775.0,46423.0,188.122301,195.75633333333334,43.4649613283006,-6.470515439712301,-7.016311608008748,0.5457961682964472
2022-03-03 05:00:00+00:00,189.42,189.92,184.05,184.7,2451210.0,38759.0,185.899119,194.88133333333334,41.333222020220674,-6.431685556012837,-6.899386397609566,0.467700841596729
2022-03-04 05:00:00+00:00,182.48,183.23,174.1612,176.45,3040685.0,49593.0,176.931631,194.10933333333332,36.92502169313218,-6.9860873786869035,-6.916726593825034,-0.06936078486186936
2022-03-07 05:00:00+00:00,177.785,179.1,169.55,169.72,2851778.0,51961.0,172.410748,193.10166666666666,33.76177453915584,-7.877700346551933,-7.1089213443704145,-0.7687790021815184
2022-03-08 05:00:00+00:00,170.0,185.44,168.74,176.9,3821069.0,62588.0,177.60597,192.22933333333333,39.69710112046769,-7.913719619419965,-7.269880999380325,-0.6438386200396398
2022-03-09 05:00:00+00:00,183.42,186.27,182.2,183.35,2963768.0,45983.0,183.902201,191.84866666666667,44.507592612413184,-7.33722509395281,-7.2833498182948215,-0.05387527565798855
2022-03-10 05:00:00+00:00,179.24,181.32,175.82,180.5,1849307.0,33829.0,179.362414,191.3,42.87989111338642,-7.029290920507549,-7.232538038737367,0.2032471182298181
2022-03-11 05:00:00+00:00,183.98,185.27,178.16,178.56,2122301.0,35438.0,180.29441,190.98666666666665,41.76033419496103,-6.862683908030391,-7.1585672125959725,0.29588330456558154
2022-03-14 04:00:00+00:00,178.38,179.64,170.22,171.71,2371104.0,45217.0,172.619225,190.39533333333333,37.98877191820312,-7.200382870812916,-7.166930344239362,-0.03345252657355413
2022-03-15 04:00:00+00:00,172.86,179.0,172.78,178.44,2126869.0,35396.0,176.8132,189.49533333333335,43.39757910823199,-6.846040088140398,-7.10275229301957,0.2567122048791717
2022-03-16 04:00:00+00:00,181.37,188.42,178.18,188.32,2730736.0,49777.0,185.701833,188.83266666666665,50.257031284686256,-5.702255399856909,-6.822652914387039,1.1203975145301293
2022-03-17 04:00:00+00:00,187.03,190.32,185.14,189.77,1432668.0,28522.0,188.788534,188.14666666666668,51.19188192494064,-4.625475311887129,-6.383217393887057,1.757742081999928
2022-03-18 04:00:00+00:00,187.51,192.85,184.68,192.42,2822399.0,39926.0,191.100953,187.94933333333336,52.93285068990101,-3.5177362080716534,-5.8101211567239766,2.292384948652323
2022-03-21 04:00:00+00:00,190.87,193.23,186.53,190.51,1843759.0,33753.0,189.485922,187.69566666666665,51.506797765259215,-2.762125956272371,-5.200522116633655,2.4383961603612843
2022-03-22 04:00:00+00:00,189.95,192.19,187.51,187.75,2747924.0,43359.0,188.740542,187.39,49.43427675016185,-2.358817343537652,-4.632181162014455,2.2733638184768035
2022-03-23 04:00:00+00:00,185.05,188.54,183.44,183.59,1821524.0,34584.0,184.946906,186.75866666666667,46.40349923808452,-2.3478055547165866,-4.175306040554881,1.8275004858382946
2022-03-24 04:00:00+00:00,188.2,191.38,184.25,191.08,2274591.0,39126.0,189.327693,186.136,52.09796523087017,-1.7149295884924811,-3.6832307501424015,1.9683011616499204
2022-03-25 04:00:00+00:00,191.58,191.84,186.4,190.46,1757831.0,34457.0,189.513341,185.84966666666665,51.609157693831435,-1.2490019273369342,-3.1963849855813082,1.947383058244374
2022-03-28 04:00:00+00:00,188.38,190.11,183.99,189.42,4866216.0,82191.0,187.484926,185.939,50.749013874349956,-0.9526882107354027,-2.7476456306121273,1.7949574198767246
2022-03-29 04:00:00+00:00,193.38,196.352,190.72,194.74,2083281.0,38906.0,193.805316,186.23433333333332,54.890666660681255,-0.28528927937253457,-2.2551743603642085,1.969885080991674
2022-03-30 04:00:00+00:00,192.76,194.39,186.2301,187.33,1922403.0,39827.0,188.926868,185.92466666666667,48.742346827038574,-0.3502583299643618,-1.874191154284239,1.5239328243198773
2022-03-31 04:00:00+00:00,188.45,189.28,184.76,185.08,2616890.0,42695.0,186.364365,185.4386666666667,47.020118766003755,-0.5766556393458302,-1.6146840512965575,1.0380284119507273
2022-04-01 04:00:00+00:00,187.12,187.12,179.15,182.02,2409827.0,46631.0,181.491182,185.25233333333333,44.70656741651726,-0.9915634385553176,-1.4900599287483096,0.498496490192992
2022-04-04 04:00:00+00:00,181.72,184.75,180.68,182.61,1838307.0,36509.0,182.553384,185.10299999999998,45.265770680104204,-1.2582682562999992,-1.4437015942586475,0.18543333795864836
2022-04-05 04:00:00+00:00,180.4,181.18,172.78,175.07,4225282.0,71070.0,175.165951,184.69733333333335,39.73513717772621,-2.054367264432699,-1.565834728293458,-0.48853253613924097
2022-04-06 04:00:00+00:00,170.845,177.25,169.78,173.96,3333161.0,77822.0,173.694441,184.32433333333336,38.980072899523385,-2.743226974343713,-1.8013131775035092,-0.941913796840204
2022-04-07 04:00:00+00:00,172.51,175.56,169.44,172.85,1654900.0,41570.0,172.423964,183.70533333333333,38.19837529258145,-3.340217037956677,-2.109093949594143,-1.231123088362534
2022-04-08 04:00:00+00:00,170.52,170.72,165.26,167.5,5720045.0,70318.0,167.641348,182.81533333333334,34.59713757123697,-4.196659771124047,-2.526607113900124,-1.670052657223923
2022-04-11 04:00:00+00:00,165.43,168.1568,164.75,165.59,2878414.0,53157.0,166.288582,181.99766666666667,33.38696283702457,-4.972201402282252,-3.0157259715765496,-1.9564754307057024
2022-04-12 04:00:00+00:00,169.83,170.47,165.08,166.23,3120729.0,61258.0,167.15775,181.49933333333334,34.217293244693124,-5.472102094474224,-3.507001196156085,-1.9651008983181386
2022-04-13 04:00:00+00:00,167.51,171.355,165.63,171.03,2907661.0,44179.0,170.332629,180.922,40.2344153695549,-5.418496060214665,-3.889300168967801,-1.5291958912468635
2022-04-14 04:00:00+00:00,171.26,172.51,168.79,170.0,2691152.0,44284.0,170.53282,180.432,39.40155702468518,-5.39691302983789,-4.190822741141819,-1.2060902886960712
2022-04-18 04:00:00+00:00,169.7,176.73,169.15,173.25,2127099.0,40517.0,173.652303,180.32533333333333,43.383947592426715,-5.059240706553112,-4.364506334224078,-0.6947343723290338
2022-04-19 04:00:00+00:00,170.225,179.28,170.225,178.65,2971741.0,47037.0,177.341444,180.623,49.34103263695756,-4.306258222993193,-4.352856711977902,0.0465984889847082
2022-04-20 04:00:00+00:00,180.67,185.28,178.37,178.79,2669307.0,46045.0,180.133829,180.686,49.48941952752583,-3.656072422791084,-4.213499854140538,0.5574274313494545
2022-04-21 04:00:00+00:00,181.26,183.22,174.36,174.85,2335697.0,40334.0,176.552806,180.40266666666668,45.454209191261285,-3.4193049448801105,-4.054660872288453,0.6353559274083427
2022-04-22 04:00:00+00:00,174.76,175.33,170.015,170.75,2156685.0,32592.0,171.410659,180.07766666666666,41.64858108537875,-3.521902448569449,-3.948109187544653,0.4262067389752038
2022-04-25 04:00:00+00:00,169.96,173.5,169.01,172.84,2764167.0,44163.0,171.809569,179.88700000000003,44.21268042896776,-3.39542582099196,-3.837572514234114,0.44214669324215405
2022-04-26 04:00:00+00:00,169.98,170.96,167.41,167.75,3345903.0,47044.0,168.414849,179.75500000000002,39.64375198470654,-3.663680020798836,-3.8027940155470588,0.13911399474822295
2022-04-27 04:00:00+00:00,166.645,172.41,165.67,170.76,3304083.0,56440.0,170.272126,179.499,43.37060954915251,-3.591985390780877,-3.760632290593823,0.16864689981294578
2022-04-28 04:00:00+00:00,172.06,179.43,170.31,177.25,3083717.0,48994.0,175.333079,179.13000000000002,50.47186906356851,-2.97715928018809,-3.603937688512677,0.6267784083245869
2022-04-29 04:00:00+00:00,174.47,178.11,170.64,170.9,2877142.0,40844.0,171.977781,178.501,44.5812678288159,-2.968082876957993,-3.4767667262017405,0.5086838492437473
2022-05-02 04:00:00+00:00,172.26,177.62,170.255,177.0,2757622.0,45332.0,174.408461,177.987,50.5516586146362,-2.440537741926363,-3.2695209293466654,0.8289831874203024
2022-05-03 04:00:00+00:00,173.76,179.35,171.975,178.07,3258987.0,58707.0,176.17884,177.57233333333335,51.537908468447746,-1.9140503826631061,-2.9984268200099535,1.0843764373468474
2022-05-04 04:00:00+00:00,180.66,186.02,173.6,185.92,3155182.0,54745.0,181.226682,177.51133333333334,58.1350573607523,-0.8535369201900664,-2.569448840045976,1.7159119198559094
2022-05-05 04:00:00+00:00,180.64,182.42,175.78,178.37,3920218.0,63443.0,178.292409,177.33733333333333,50.9510140408957,-0.6152025901021148,-2.1785995900572037,1.563396999955089
2022-05-06 04:00:00+00:00,177.0,182.27,173.73,177.58,2437221.0,42890.0,178.49069,176.88733333333332,50.25126444818132,-0.48448250139961146,-1.8397761723256854,1.355293670926074
2022-05-09 04:00:00+00:00,174.93,176.79,171.85,172.9,2894444.0,56103.0,173.426813,176.30200000000002,46.203046549066016,-0.749878642713611,-1.6217966664032706,0.8719180236896595
2022-05-10 04:00:00+00:00,178.03,181.7899,172.62,178.44,3411101.0,56758.0,177.84255,175.936,51.213375626983144,-0.5073271449657,-1.3989027621157566,0.8915756171500566
2022-05-11 04:00:00+00:00,175.93,178.61,170.55,170.87,3612555.0,57860.0,172.892088,175.14033333333333,45.040561956682986,-0.915387058183569,-1.302199621329319,0.38681256314574997
2022-05-12 04:00:00+00:00,169.91,175.08,168.7,173.66,2522395.0,44230.0,172.352467,174.6846666666667,47.54978928997248,-1.002096254486048,-1.2421789479606649,0.24008269347461675
2022-05-13 04:00:00+00:00,176.9,183.1,175.61,182.06,2327777.0,48451.0,180.753736,174.58399999999997,54.312962230211234,-0.38852543957219154,-1.0714482462829702,0.6829228067107787
2022-05-16 04:00:00+00:00,180.05,181.15,176.49,176.99,1925528.0,39045.0,178.440526,174.4163333333333,50.11280699418131,-0.30782436874710584,-0.9187234707757974,0.6108991020286916
2022-05-17 04:00:00+00:00,182.04,185.87,181.33,185.75,2327328.0,42456.0,184.356876,174.52100000000002,56.38827282143534,0.45771435476251554,-0.6434359056681348,1.1011502604306505
2022-05-18 04:00:00+00:00,182.5784,185.31,174.44,175.39,1756765.0,42951.0,178.139201,174.53166666666667,48.60166377459881,0.22584054150351562,-0.4695806162338047,0.6954211577373204
2022-05-19 04:00:00+00:00,175.07,179.99,173.495,175.79,1654951.0,35560.0,176.998357,174.59266666666664,48.895095507210684,0.07350817451705893,-0.360962858083632,0.4344710326006909
2022-05-20 04:00:00+00:00,178.75,180.55,173.725,180.11,2692162.0,50555.0,177.384731,174.83466666666666,52.07716017586642,0.2979371385645493,-0.22918285875399574,0.527119997318545
2022-05-23 04:00:00+00:00,180.44,182.06,176.74,180.69,1881380.0,37716.0,179.658855,175.27433333333335,52.50474821179587,0.5166443082477201,-0.08001742535365258,0.5966617336013726
2022-05-24 04:00:00+00:00,178.11,180.445,175.615,179.12,2180240.0,39945.0,178.705267,175.72533333333334,51.17372277979828,0.5568662297003755,0.04735930565715303,0.5095069240432224
2022-05-25 04:00:00+00:00,176.88,185.59,176.63,184.63,2269877.0,45572.0,182.994311,176.33866666666665,55.442874316377164,1.021577236767854,0.24220289187929323,0.7793743448885607
2022-05-26 04:00:00+00:00,184.93,193.45,183.9,192.63,2872150.0,54085.0,191.871404,177.05866666666668,60.801793700450844,2.012201789464399,0.5962026713963144,1.4159991180680844
2022-05-27 04:00:00+00:00,194.07,198.28,194.07,195.93,3251630.0,60390.0,196.376108,177.92299999999997,62.78985623374647,3.0286489257427434,1.0826919222656004,1.945957003477143
2022-05-31 04:00:00+00:00,194.98,195.5,188.31,189.76,5061124.0,64189.0,190.386921,178.47333333333333,56.97177835781344,3.2983023923340795,1.5258140162792964,1.7724883760547832
2022-06-01 04:00:00+00:00,191.08,191.19,181.92,184.57,2533708.0,49253.0,185.195176,178.67066666666668,52.56001322175586,3.057964767671109,1.832244166557659,1.22572060111345
2022-06-02 04:00:00+00:00,184.77,187.97,183.35,187.94,2422959.0,48498.0,186.658021,178.97566666666668,54.9969368022968,3.1036493663804663,2.0865252065222206,1.0171241598582457
2022-06-03 04:00:00+00:00,184.84,185.14,181.26,182.37,2185803.0,42050.0,182.736855,179.22633333333334,50.38961673114159,2.6597424352681003,2.2011686522713965,0.4585737829967038
2022-06-06 04:00:00+00:00,183.99,184.5579,177.125,180.01,3140956.0,56303.0,179.855524,179.535,48.53437372144553,2.0933795412596226,2.1796108300690418,-0.08623128880941922
2022-06-07 04:00:00+00:00,178.31,182.48,176.1,181.83,2363675.0,39196.0,180.765473,179.83466666666666,50.06137840123485,1.7709769372215192,2.0978840514995376,-0.32690711427801844
2022-06-08 04:00:00+00:00,181.47,181.595,175.56,177.07,2394056.0,45458.0,177.465745,180.14533333333333,46.20046795257842,1.1184851313543618,1.9020042674705027,-0.7835191361161409
2022-06-09 04:00:00+00:00,176.53,194.71,176.38,184.22,10120227.0,136843.0,188.066787,180.594,52.16793254084069,1.1648977036082897,1.7545829546980602,-0.5896852510897705
2022-06-10 04:00:00+00:00,179.73,182.97,178.07,178.57,3583262.0,63276.0,179.563554,180.63799999999998,47.66838466596358,0.7372733918002723,1.5511210421185029,-0.8138476503182306
2022-06-13 04:00:00+00:00,173.52,176.92,167.77,168.52,3194623.0,64992.0,171.078367,180.55866666666668,40.909277153241085,-0.4078712786111396,1.1593225779725744,-1.567193856583714
2022-06-14 04:00:00+00:00,168.65,171.11,166.22,168.29,1891898.0,37278.0,168.668023,180.26833333333335,40.766810863085176,-1.3187638690632468,0.6637052885654102,-1.982469157628657
2022-06-15 04:00:00+00:00,170.71,172.155,165.1,168.94,2318177.0,43989.0,169.150401,179.964,41.388032839762296,-1.965545655097685,0.1378550998327912,-2.103400754930476
2022-06-16 04:00:00+00:00,164.16,164.75,156.1,158.32,3991570.0,64651.0,158.209908,179.04399999999998,34.94033592048042,-3.2970636281434906,-0.5491286457624651,-2.7479349823810253
2022-06-17 04:00:00+00:00,159.37,160.7,156.55,157.83,4906930.0,62425.0,158.381186,178.35933333333335,34.67194716983077,-4.3417906596962155,-1.3076610485492153,-3.034129611147
2022-06-21 04:00:00+00:00,162.1,162.56,158.32,159.09,2653948.0,52950.0,159.673999,177.743,36.03262377740648,-5.01031707291051,-2.0481922534214743,-2.962124819489036
2022-06-22 04:00:00+00:00,156.05,159.71,155.72,156.95,2602673.0,50317.0,157.491796,177.21133333333333,34.71028921705475,-5.647705948529563,-2.768094992443092,-2.8796109560864704
2022-06-23 04:00:00+00:00,157.87,157.9399,151.315,153.51,3178601.0,55264.0,153.360739,176.38033333333334,32.63688707458813,-6.357139330299134,-3.485903860014301,-2.871235470284833
2022-06-24 04:00:00+00:00,155.99,160.55,155.48,159.32,5853091.0,75707.0,159.127143,175.99533333333335,39.23858382726461,-6.377041389175048,-4.064131365846451,-2.3129100233285973
2022-06-27 04:00:00+00:00,161.36,161.36,157.65,158.86,2501503.0,42448.0,159.233418,175.502,38.91342224197989,-6.356656490696935,-4.5226363908165474,-1.8340200998803873
2022-06-28 04:00:00+00:00,160.3,164.42,153.81,154.22,3215856.0,49507.0,156.282587,174.574,35.699788471098444,-6.638387336724662,-4.94578657999817,-1.6926007567264918
2022-06-29 04:00:00+00:00,152.88,153.75,146.975,150.02,3121520.0,55448.0,149.492976,173.675,33.03996662211219,-7.118508229347782,-5.380330909868093,-1.7381773194796892
2022-06-30 04:00:00+00:00,147.27,149.62,145.31,148.03,4464522.0,79040.0,147.544666,172.4176666666667,31.829896327412143,-7.572295159700957,-5.818723759834666,-1.7535713998662912
2022-07-01 04:00:00+00:00,146.67,149.525,143.34,146.09,2529948.0,48325.0,145.718635,171.44099999999997,30.65133096202635,-7.996290103314408,-6.254237028530615,-1.7420530747837928
2022-07-05 04:00:00+00:00,141.93,146.0,140.33,145.91,3164976.0,58563.0,143.690339,170.44500000000002,30.53834631722789,-8.251713035167512,-6.6537322298579955,-1.5979808053095166
2022-07-06 04:00:00+00:00,145.83,147.87,143.7,145.75,2264355.0,38959.0,145.842563,169.2996666666667,30.430967649711775,-8.370557633796949,-6.9970973106457865,-1.3734603231511624
2022-07-07 04:00:00+00:00,149.04,152.9,147.97,152.02,2362028.0,44473.0,151.182363,168.344,39.42037961469757,-7.868107588463374,-7.171299366209304,-0.6968082222540701
2022-07-08 04:00:00+00:00,150.8,154.88,150.05,154.28,1721879.0,32989.0,153.242726,167.516,42.313808228668506,-7.204500201510115,-7.177939533269467,-0.026560668240647622
2022-07-11 04:00:00+00:00,152.18,154.54,150.88,151.96,2074665.0,33784.0,152.42345,166.427,40.19161042038944,-6.787548542768832,-7.09986133516934,0.31231279240050824
2022-07-12 04:00:00+00:00,152.85,154.8,151.09,152.24,1864467.0,36592.0,152.812579,165.08066666666667,40.57895613449142,-6.361189852384456,-6.952127038612364,0.590937186227908
2022-07-13 04:00:00+00:00,149.62,155.83,149.25,155.01,2439797.0,42046.0,153.991109,163.71666666666667,44.41431519258893,-5.733687290375201,-6.708439088964932,0.9747517985897307
2022-07-14 04:00:00+00:00,154.75,160.215,153.0,159.82,2337141.0,40603.0,157.950968,162.71866666666668,50.40102790360376,-4.7930093595659855,-6.3253531430851435,1.532343783519158
2022-07-15 04:00:00+00:00,161.2,165.09,160.09,163.98,2681723.0,49955.0,163.281261,162.03233333333336,54.92286299437433,-3.669537939592203,-5.794190102386556,2.1246521627943524
2022-07-18 04:00:00+00:00,165.92,165.92,160.8,161.92,1985738.0,35577.0,162.701091,161.165,52.376406195011825,-2.911837676768357,-5.217719617262916,2.305881940494559
2022-07-19 04:00:00+00:00,164.12,170.81,164.12,170.43,2174480.0,36551.0,169.430234,160.767,60.5198633409222,-1.606154135504454,-4.4954065209112235,2.8892523854067695
2022-07-20 04:00:00+00:00,169.45,177.48,168.28,176.48,2410453.0,44640.0,175.622027,160.64933333333332,65.09016572355311,-0.08225786658823608,-3.612776790046626,3.53051892345839
2022-07-21 04:00:00+00:00,177.9,180.14,175.01,179.95,2215814.0,33738.0,178.782192,160.58666666666664,67.41975529326781,1.3894244850308723,-2.6123365350311265,4.001761020061998
2022-07-22 04:00:00+00:00,180.0,180.0,172.7,175.14,2402393.0,50323.0,174.977685,160.52233333333334,61.31205415993536,2.142914367524128,-1.6612863545200758,3.804200722044204
2022-07-25 04:00:00+00:00,174.79,175.35,171.87,174.13,3661486.0,54938.0,173.552734,160.186,60.08124558208488,2.628264966428816,-0.8033760903302976,3.4316410567591134
2022-07-26 04:00:00+00:00,177.46,177.88,174.01,174.46,3852550.0,64827.0,175.514144,160.049,60.36123525247994,3.0048984559817313,-0.0417211810678918,3.046619637049623
2022-07-27 04:00:00+00:00,177.59,182.64,177.42,181.42,3212903.0,58578.0,180.542474,160.47899999999998,65.8083342688351,3.82095149245788,0.7308133536372626,3.0901381388206173
2022-07-28 04:00:00+00:00,182.33,183.83,178.11,183.12,2275201.0,44406.0,182.325709,160.97333333333333,67.0011366663793,4.552378213429705,1.4951263255957512,3.057251887833954
2022-07-29 04:00:00+00:00,182.86,185.27,181.15,183.88,2525719.0,45170.0,183.79854,161.47133333333335,67.54621997915764,5.134181163325849,2.222937293141771,2.911243870184078
2022-08-01 04:00:00+00:00,182.82,186.69,182.09,184.5,1926068.0,36123.0,184.489592,162.34400000000002,68.01045168115962,5.580959187736454,2.894541672060708,2.686417515675746
2022-08-02 04:00:00+00:00,183.74,183.8,179.665,180.47,2645450.0,46448.0,181.286623,163.09866666666665,61.82033415207016,5.545916794465711,3.4248166965417086,2.1211000979240024
2022-08-03 04:00:00+00:00,181.25,186.18,180.9,185.55,2187863.0,36885.0,185.315086,163.98066666666668,66.01892624093034,5.860502762194187,3.9119539096722047,1.9485488525219825
2022-08-04 04:00:00+00:00,184.83,185.195,182.49,184.26,1627754.0,29790.0,184.187779,164.891,64.091478845248,5.937280910560418,4.317019309849847,1.6202616007105703
2022-08-05 04:00:00+00:00,181.28,182.96,177.63,181.66,2240872.0,42704.0,180.628519,165.82933333333332,60.272050512537014,5.722366002179967,4.598088648315872,1.1242773538640956
2022-08-08 04:00:00+00:00,180.61,182.665,177.29,179.96,1660359.0,29946.0,179.691909,166.5173333333333,57.844756810075765,5.353160692170462,4.74910305708679,0.6040576350836719
2022-08-09 04:00:00+00:00,176.43,177.39,169.34,171.04,3118418.0,49100.0,171.724406,166.92333333333332,47.12151250266495,4.291325640827722,4.657547573834977,-0.3662219330072549
2022-08-10 04:00:00+00:00,175.41,180.26,172.44,179.97,2726208.0,37940.0,178.842708,167.78166666666667,55.92958074980674,4.122864268512728,4.550610912770527,-0.42774664425779907
2022-08-11 04:00:00+00:00,181.33,184.69,179.74,180.38,1488677.0,24864.0,181.030978,168.79366666666667,56.28958173568063,3.9766012073712034,4.435808971690663,-0.4592077643194594
2022-08-12 04:00:00+00:00,181.8,187.57,181.315,187.47,2085560.0,31102.0,186.302192,170.10833333333332,62.061079587523366,4.38227429385725,4.42510203612398,-0.04282774226672981
2022-08-15 04:00:00+00:00,186.0,189.13,184.41,187.57,1284500.0,27303.0,187.039261,171.491,62.137017184276885,4.658146093310876,4.47171084756136,0.1864352457495162
2022-08-16 04:00:00+00:00,186.77,187.555,184.76,185.85,1297556.0,23900.0,186.066387,172.82233333333332,59.915625666523944,4.683992704355063,4.5141672189201,0.1698254854349628
2022-08-17 04:00:00+00:00,183.14,183.14,177.39,180.22,1680016.0,31371.0,179.969976,173.97133333333332,53.21009198068635,4.2017472548386365,4.451683226103808,-0.2499359712651712
2022-08-18 04:00:00+00:00,180.63,184.98,179.893,182.76,1610089.0,32729.0,183.037176,174.996,55.62310764363324,3.9786575464729026,4.357078090177627,-0.3784205437047241
2022-08-19 04:00:00+00:00,180.94,183.17,179.28,180.33,1619975.0,27814.0,180.41642,175.86433333333335,52.81678775404868,3.5646851818390815,4.1985995085099175,-0.633914326670836
2022-08-22 04:00:00+00:00,177.07,178.18,172.1,172.52,2154992.0,33516.0,173.574226,176.54966666666667,44.96473194679903,2.5767047231449283,3.87422055143692,-1.2975158282919916
2022-08-23 04:00:00+00:00,172.15,176.81,172.15,173.94,1043714.0,26005.0,174.472392,177.273,46.521460618282674,1.8865581560979479,3.4766880723691256,-1.5901299162711777
2022-08-24 04:00:00+00:00,174.26,174.26,170.36,173.01,1237991.0,28164.0,172.594507,177.87300000000002,45.61149407657792,1.2501577613335542,3.0313820101620115,-1.7812242488284573
2022-08-25 04:00:00+00:00,173.35,179.2,173.33,179.02,1542840.0,32599.0,177.520701,178.51299999999998,52.128198990300874,1.2167368507764422,2.668452978284898,-1.4517161275084556
2022-08-26 04:00:00+00:00,178.04,178.662,167.82,168.12,2380674.0,40685.0,170.029843,178.65099999999998,42.24250245739475,0.30717076016017586,2.1961965346599537,-1.8890257744997778
2022-08-29 04:00:00+00:00,166.66,168.575,165.5,165.88,1242072.0,26871.0,166.55094,178.783,40.54099009553615,-0.5876422254811757,1.639428782631728,-2.2270710081129037
2022-08-30 04:00:00+00:00,167.57,168.68,163.355,165.72,1966657.0,37675.0,165.443294,178.626,40.41576455435638,-1.2947732857359995,1.0525883689581825,-2.347361654694182
2022-08-31 04:00:00+00:00,166.07,167.12,163.23,164.58,2205452.0,39931.0,164.60092,178.22933333333333,39.480044890305564,-1.924978267009891,0.45707504176456787,-2.382053308774459
2022-09-01 04:00:00+00:00,161.85,164.64,158.91,164.4,2188424.0,54285.0,162.033697,177.71099999999998,39.32522792759553,-2.41115050855484,-0.11657006829931371,-2.2945804402555265
2022-09-02 04:00:00+00:00,166.86,168.21,161.34,162.39,1696237.0,37917.0,163.785495,177.286,37.554269138018164,-2.92491906807237,-0.678239868253925,-2.2466791998184448
2022-09-06 04:00:00+00:00,161.86,163.16,159.01,160.75,2031383.0,46734.0,160.891496,176.84,36.12479889605101,-3.4249380925596142,-1.2275795131150629,-2.1973585794445514
2022-09-07 04:00:00+00:00,160.51,165.33,160.3635,163.32,1680760.0,33263.0,163.091773,176.46866666666665,39.98032295366378,-3.5726460109748643,-1.6965928126870233,-1.876053198287841
2022-09-08 04:00:00+00:00,161.97,166.89,160.7,165.45,1497697.0,32438.0,164.753225,175.93633333333335,43.0485472667954,-3.477743143511333,-2.0528228788518854,-1.4249202646594474
2022-09-09 04:00:00+00:00,166.57,168.87,165.66,168.14,2098026.0,33733.0,167.563203,175.43699999999998,46.750782765725724,-3.1491697499885163,-2.2720922530792116,-0.8770774969093047
2022-09-12 04:00:00+00:00,169.55,169.9,167.0,169.07,1280186.0,27708.0,168.591535,174.9433333333333,48.009133315387274,-2.7816644445219936,-2.374006691367768,-0.4076577531542256
2022-09-13 04:00:00+00:00,162.05,163.4,155.0,155.46,3860810.0,60852.0,157.22367,173.9753333333333,34.981037122368306,-3.547731063378478,-2.6087515657699103,-0.9389794976085679
2022-09-14 04:00:00+00:00,154.62,160.43,154.15,159.45,2805618.0,47610.0,157.912322,173.2746666666667,40.11197259498,-3.78920512586285,-2.8448422777884987,-0.9443628480743511
2022-09-15 04:00:00+00:00,159.06,161.9899,156.83,159.68,2338336.0,44228.0,159.378036,172.41233333333332,40.403926163822376,-3.916864803013169,-3.059246782833433,-0.8576180201797361
2022-09-16 04:00:00+00:00,158.56,160.675,156.855,159.94,2505513.0,37108.0,159.254253,171.60166666666666,40.75552854254721,-3.9515056919142353,-3.2376985646495937,-0.7138071272646416
2022-09-19 04:00:00+00:00,158.27,163.38,157.81,163.1,1582357.0,32208.0,162.11778,170.983,45.002465314849836,-3.6815348135100976,-3.3264658144216943,-0.3550689990884033
2022-09-20 04:00:00+00:00,160.35,162.55,159.505,160.9,1358006.0,28980.0,161.20023,170.34766666666667,42.70711748086542,-3.6035629308457544,-3.3818852377065065,-0.2216776931392479
2022-09-21 04:00:00+00:00,161.85,166.71,159.13,159.17,1528256.0,32652.0,161.765365,169.95200000000003,40.9388188310499,-3.6394133027657745,-3.4333908507183604,-0.2060224520474141
2022-09-22 04:00:00+00:00,158.92,159.9,154.16,155.13,2090029.0,41549.0,155.36324,169.124,37.077901945704504,-3.9483056077997674,-3.536373802134642,-0.41193180566512533
2022-09-23 04:00:00+00:00,152.63,153.37,148.42,152.94,2680335.0,52571.0,151.301995,168.20933333333332,35.14307411414801,-4.320021167495355,-3.693103275206785,-0.6269178922885699
2022-09-26 04:00:00+00:00,153.05,154.9631,151.24,151.95,2167962.0,38289.0,152.61209,167.02533333333332,34.27241598775116,-4.6409946553765735,-3.882681551240743,-0.7583131041358304
2022-09-27 04:00:00+00:00,154.41,156.5,150.75,153.51,1741513.0,34552.0,153.039941,165.89,36.9242387685871,-4.7151363378432904,-4.049172508561252,-0.6659638292820382
2022-09-28 04:00:00+00:00,152.95,157.1,152.27,156.44,2102492.0,39888.0,155.558623,164.90966666666665,41.683261311762756,-4.485758609430121,-4.136489728735026,-0.349268880695095
2022-09-29 04:00:00+00:00,153.96,155.04,146.95,151.01,2841081.0,49111.0,149.835401,163.936,36.22798957745698,-4.688089350879295,-4.24680965316388,-0.441279697715415
2022-09-30 04:00:00+00:00,149.75,152.79,147.43,147.51,2112265.0,42239.0,149.192753,162.761,33.21089977215834,-5.072387346591597,-4.4119251918494236,-0.6604621547421736
2022-10-03 04:00:00+00:00,149.52,153.9,147.8,151.96,2415512.0,45033.0,152.355968,161.81533333333334,40.047327127337944,-4.960684780877926,-4.5216771096551245,-0.43900767122280193
2022-10-04 04:00:00+00:00,156.48,159.96,155.49,159.89,2392218.0,41986.0,158.938779,161.39433333333332,49.89062175091743,-4.184043912801684,-4.454150470284437,0.2701065574827526
2022-10-05 04:00:00+00:00,156.83,162.35,155.13,161.24,1904454.0,36338.0,159.51438,160.971,51.35487606762955,-3.4201908804023446,-4.247358552308018,0.8271676719056735
2022-10-06 04:00:00+00:00,161.26,163.785,158.87,158.99,1559991.0,31218.0,160.144496,160.50366666666665,48.7956310257303,-2.9622411726204803,-3.9903350763705108,1.0280939037500305
2022-10-07 04:00:00+00:00,154.87,154.87,150.3622,151.75,2753027.0,48423.0,151.673385,159.59466666666668,41.609947522003274,-3.1472407899125017,-3.821716219078909,0.6744754291664075
2022-10-10 04:00:00+00:00,151.74,151.96,146.08,147.5,1812098.0,46566.0,147.812993,158.90733333333336,38.066207870397456,-3.595348857136571,-3.7764427466904418,0.18109388955387073
2022-10-11 04:00:00+00:00,145.0,145.775,141.5622,143.75,3003193.0,52888.0,143.261048,158.16966666666667,35.21627228526492,-4.204603338783528,-3.8620748651090593,-0.3425284736744687
2022-10-12 04:00:00+00:00,142.55,143.79,140.13,140.28,2065834.0,32652.0,141.366572,157.32166666666666,32.7713102221783,-4.910832880372652,-4.071826468161778,-0.8390064122108738
2022-10-13 04:00:00+00:00,134.19,145.24,132.08,143.17,3294560.0,62770.0,141.17671,156.608,36.71226410049891,-5.177641405772988,-4.292989455684021,-0.8846519500889674
2022-10-14 04:00:00+00:00,144.9,145.54,137.08,138.09,2891282.0,52983.0,138.76838,155.73100000000002,33.045297731303265,-5.732917129026532,-4.580974990352523,-1.1519421386740092
2022-10-17 04:00:00+00:00,141.81,143.165,139.5,141.27,1972101.0,34104.0,141.056289,155.02700000000002,37.26929854270796,-5.848954608737699,-4.834570914029559,-1.0143836947081404
2022-10-18 04:00:00+00:00,143.44,146.4754,137.73,140.95,2218572.0,44714.0,140.945135,154.36700000000002,37.01622741164895,-5.8987394762181395,-5.047404626467275,-0.8513348497508648
2022-10-19 04:00:00+00:00,140.37,143.975,139.83,141.32,2160432.0,35381.0,141.641036,153.63366666666667,37.544307562808555,-5.841006942463821,-5.206125089666584,-0.6348818527972373
2022-10-20 04:00:00+00:00,142.08,143.74,138.575,139.04,2895772.0,44634.0,140.470878,152.7533333333333,35.56543811687213,-5.9110910605484435,-5.347118283842955,-0.5639727767054881
2022-10-21 04:00:00+00:00,138.71,145.59,137.51,145.25,2496473.0,35971.0,143.358589,151.99033333333333,44.19325937008223,-5.403252793400554,-5.358345185754475,-0.044907607646079484
2022-10-24 04:00:00+00:00,144.01,145.77,140.45,144.94,1921728.0,34934.0,144.052232,151.186,43.877411440433946,-4.968527623488086,-5.280381673301197,0.31185404981311127
2022-10-25 04:00:00+00:00,145.44,148.79,144.81,148.74,2831861.0,41340.0,147.869554,150.96200000000002,48.71591636385763,-4.268175679841704,-5.077940474609299,0.8097647947675952
2022-10-26 04:00:00+00:00,146.69,152.64,144.14,147.28,2021186.0,39844.0,148.338231,150.55633333333333,47.03797771334123,-3.787293949864136,-4.819811169660267,1.032517219796131
2022-10-27 04:00:00+00:00,149.33,151.86,144.86,145.12,2197887.0,36448.0,146.484845,150.071,44.590957384089954,-3.539682407005756,-4.563785417129365,1.0241030101236088
2022-10-28 04:00:00+00:00,145.96,152.19,145.0,151.66,2546195.0,41939.0,150.54129,149.795,52.626782840287774,-2.7836370967092705,-4.207755753045346,1.4241186563360753
2022-10-31 04:00:00+00:00,149.77,150.58,145.54,146.08,3307091.0,59152.0,146.736338,149.22766666666666,46.438512439023334,-2.6046997499332747,-3.8871445524229316,1.2824448024896569
2022-11-01 04:00:00+00:00,150.48,153.85,147.8,151.85,4306559.0,70823.0,151.793061,148.926,52.64005776415656,-1.974538583656539,-3.5046233586696536,1.5300847750131146
2022-11-02 04:00:00+00:00,151.95,158.5,148.41,148.61,2949052.0,55558.0,152.148438,148.57399999999998,49.1955512992821,-1.7167822444521619,-3.1470551358261556,1.4302728913739937
2022-11-03 04:00:00+00:00,146.39,146.39,142.755,144.85,2373323.0,44865.0,144.828327,148.2313333333333,45.47655518260768,-1.7952149445689827,-2.876687097574721,1.0814721530057385
2022-11-04 04:00:00+00:00,149.9,151.84,146.93,151.06,2385672.0,41900.0,150.081583,148.16866666666667,51.93879390033045,-1.3408221603918946,-2.569514110138156,1.2286919497462612
2022-11-07 05:00:00+00:00,152.7,158.22,151.31,157.9,2451175.0,42487.0,155.966931,148.36700000000002,57.86278889540581,-0.42389536754211576,-2.1403903616189477,1.716494994076832
2022-11-08 05:00:00+00:00,161.41,165.1,159.77,163.11,2659029.0,53765.0,162.947477,148.68699999999998,61.73199726838221,0.7149378219275775,-1.569324724909643,2.2842625468372204
2022-11-09 05:00:00+00:00,159.94,161.03,154.63,154.72,2780129.0,53504.0,157.010107,148.62966666666668,53.251907985867426,0.9297508584416789,-1.0695096082393787,1.9992604666810576
2022-11-10 05:00:00+00:00,163.98,165.81,161.67,165.47,4487419.0,84086.0,164.482781,149.11166666666668,60.70099198073329,1.945006076696984,-0.46660647125210614,2.4116125479490904
2022-11-11 05:00:00+00:00,166.52,171.0,163.54,169.94,2515251.0,44983.0,168.967693,149.85933333333332,63.31839755553373,3.0748498394132753,0.24168479088097017,2.833165048532305
2022-11-14 05:00:00+00:00,168.04,172.655,168.04,169.01,1823402.0,35167.0,170.224223,150.42766666666665,62.38740445703955,3.8508260086136374,0.9635130344275037,2.8873129741861336
2022-11-15 05:00:00+00:00,175.22,176.66,171.89,174.81,2333878.0,44166.0,174.710473,150.925,65.76789609711611,4.877578551336285,1.74632613780926,3.131252413527025
2022-11-16 05:00:00+00:00,171.54,172.855,165.48,166.88,2204373.0,40151.0,167.271172,151.11299999999997,58.081632817226314,4.99383677083307,2.395828264414022,2.598008506419048
2022-11-17 05:00:00+00:00,162.56,170.4,162.56,170.09,1460548.0,33677.0,168.600621,151.483,60.11371569408143,5.284080825756945,2.9734787766826067,2.310602049074338
2022-11-18 05:00:00+00:00,172.82,172.83,169.22,171.94,1533725.0,29562.0,171.587472,152.156,61.278747638011026,5.598840916358228,3.498551204617731,2.1002897117404964
2022-11-21 05:00:00+00:00,170.44,171.275,168.12,168.85,1271227.0,28648.0,169.08961,152.86766666666665,58.21990470283,5.535147643565949,3.905870492407375,1.6292771511585742
2022-11-22 05:00:00+00:00,169.75,173.43,168.0,173.41,1695549.0,34314.0,171.696803,153.8563333333333,61.2907183045448,5.785927584898872,4.281881910905675,1.5040456739931969
2022-11-23 05:00:00+00:00,174.09,179.03,173.275,175.2,1586522.0,36609.0,176.140679,155.02033333333335,62.4572146731502,6.059263122012709,4.6373581531270816,1.4219049688856273
2022-11-25 05:00:00+00:00,174.97,175.52,172.69,172.69,735363.0,15096.0,173.431134,156.00433333333334,59.73871353925356,6.0041355442869815,4.910713631359062,1.0934219129279192
2022-11-28 05:00:00+00:00,169.05,170.86,163.38,164.1,2751965.0,51814.0,165.795445,156.87133333333335,51.480374161832344,5.20727905980911,4.970026717049072,0.23725234276003793
2022-11-29 05:00:00+00:00,164.68,166.26,162.79,164.69,1347265.0,28478.0,164.765632,157.652,51.97148503563828,4.570684616872796,4.8901582970138175,-0.3194736801410212
2022-11-30 05:00:00+00:00,165.07,176.66,162.61,175.84,3650919.0,53208.0,173.232887,158.815,60.17539872068279,4.909299402414149,4.893986518093884,0.015312884320264786
2022-12-01 05:00:00+00:00,177.55,178.07,173.13,173.44,2083001.0,42304.0,174.408659,159.88566666666665,57.88348810705283,4.927196463423314,4.90062850715977,0.026567956263543913
2022-12-02 05:00:00+00:00,169.17,171.2,167.32,171.06,1619959.0,37749.0,169.597223,160.953,55.621092179448226,4.695210440414286,4.859544893810673,-0.1643344533963873
2022-12-05 05:00:00+00:00,169.81,170.3,166.535,168.37,1208132.0,26927.0,168.216765,161.72366666666667,53.095120187779564,4.24536144300933,4.736708203650405,-0.4913467606410755
2022-12-06 05:00:00+00:00,166.66,167.8685,161.14,163.08,1903991.0,38262.0,163.442676,162.32833333333335,48.436572971057,3.422541157942618,4.473874794508848,-1.0513336365662305
2022-12-07 05:00:00+00:00,161.45,164.305,160.0,163.95,1426949.0,29359.0,163.177939,162.83533333333332,49.22559477033584,2.8082797818027245,4.1407557919676234,-1.332476010164899
2022-12-08 05:00:00+00:00,164.65,171.87,163.53,171.47,2520290.0,52518.0,170.321624,163.64166666666668,55.55615473012091,2.8949037203620094,3.891585377646501,-0.9966816572844914
2022-12-09 05:00:00+00:00,169.71,172.87,168.395,169.72,1961974.0,37157.0,170.796624,164.46166666666667,53.872814741846305,2.7901799831037692,3.6713042987379545,-0.8811243156341853
2022-12-12 05:00:00+00:00,169.89,173.28,169.1006,173.07,2048360.0,32771.0,172.045528,165.17533333333333,56.584715277030725,2.9435710153589696,3.5257576420621577,-0.5821866267031881
2022-12-13 05:00:00+00:00,180.575,180.575,171.29,174.31,3064961.0,50159.0,175.031941,166.11633333333336,57.57888480030169,3.129121584614637,3.446430430572654,-0.31730884595801667
2022-12-14 05:00:00+00:00,173.23,175.36,169.0,171.57,1959337.0,42297.0,172.063208,166.77366666666666,54.60344351339306,3.0202609584233358,3.3611965361427902,-0.3409355777194545
2022-12-15 05:00:00+00:00,168.26,169.645,164.59,165.16,2570271.0,41082.0,165.961285,167.32533333333333,48.313473844461775,2.3892133343882733,3.166799895791887,-0.7775865614036137
2022-12-16 05:00:00+00:00,164.35,165.425,161.66,163.72,3687489.0,41628.0,163.657183,167.95433333333332,47.00354331714758,1.7527035054788769,2.8839806177292853,-1.1312771122504084
2022-12-19 05:00:00+00:00,164.29,164.33,158.53,160.27,1418231.0,31584.0,160.213156,168.2613333333333,43.930376007597374,0.9588259642481205,2.4989496870330523,-1.5401237227849318
2022-12-20 05:00:00+00:00,157.99,161.22,157.055,159.51,1101408.0,23537.0,159.682063,168.315,43.259387391120846,0.265288563406358,2.0522174623077136,-1.7869288989013556
2022-12-21 05:00:00+00:00,160.87,163.84,160.01,163.43,1737528.0,35455.0,163.011885,168.32566666666668,47.69685497968829,0.03160212612687019,1.6480943950715452,-1.616492268944675
2022-12-22 05:00:00+00:00,159.86,161.0098,153.96,157.51,2759052.0,40255.0,156.865122,168.41866666666667,42.314737780538636,-0.6240963888485282,1.1936562382875306,-1.817752627136059
2022-12-23 05:00:00+00:00,156.21,157.82,154.2001,157.67,1212321.0,23708.0,156.908109,168.15866666666665,42.50357483154576,-1.1179445542697408,0.7313360797760764,-1.8492806340458172
2022-12-27 05:00:00+00:00,155.55,155.56,153.24,153.78,1374931.0,30153.0,154.018816,167.62,39.14814736674959,-1.8024359140240165,0.2245816810160578,-2.0270175950400744
2022-12-28 05:00:00+00:00,152.9,154.845,150.9,151.7,1433409.0,30973.0,152.11609,167.043,37.44589094385799,-2.484103664099024,-0.3171553880069586,-2.1669482760920653
2022-12-29 05:00:00+00:00,154.84,159.6967,153.488,158.12,2016648.0,43245.0,158.197645,166.48666666666665,45.34534854704731,-2.4777282128574996,-0.7492699529770668,-1.7284582598804328
2022-12-30 05:00:00+00:00,155.53,158.18,154.07,158.03,1020860.0,25374.0,156.965138,166.19166666666666,45.259062782657494,-2.451676469430595,-1.0897512562677725,-1.3619252131628223
2023-01-03 05:00:00+00:00,159.78,160.45,153.11,155.05,1900044.0,34625.0,156.096499,165.69033333333334,42.38325936065641,-2.641047024074112,-1.4000104098290405,-1.2410366142450715
2023-01-04 05:00:00+00:00,158.28,160.36,156.1,157.96,1678233.0,30725.0,157.982725,165.2243333333333,45.99213609637348,-2.5271801136202043,-1.6254443505872733,-0.901735763032931
2023-01-05 05:00:00+00:00,156.1,157.26,153.1,153.51,1688858.0,34687.0,154.532129,164.71300000000002,41.691590733002904,-2.7641541283514925,-1.8531863061401173,-0.9109678222113753
2023-01-06 05:00:00+00:00,155.85,160.17,153.89,159.63,2063253.0,35210.0,158.677474,164.25366666666667,48.7844004360644,-2.4301120700543777,-1.9685714589229695,-0.4615406111314082
2023-01-09 05:00:00+00:00,162.29,164.45,160.71,162.31,887504.0,24686.0,162.933409,163.82399999999998,51.56303898869826,-1.926915448083065,-1.9602402567549888,0.03332480867192378
