timestamp,open,high,low,close,volume,trade_count,vwap,30sma,rsi,macd,signal,histogram
2022-01-03 05:00:00+00:00,703.76,708.71,688.48,695.94,359229.0,16070.0,696.258585,,,,,
2022-01-04 05:00:00+00:00,694.85,704.195,694.68,698.86,400858.0,17505.0,699.582915,,,,,
2022-01-05 05:00:00+00:00,700.76,703.05,684.47,684.5,390612.0,19093.0,693.274194,,,,,
2022-01-06 05:00:00+00:00,689.31,701.945,687.16,700.22,404941.0,17607.0,698.789694,,,,,
2022-01-07 05:00:00+00:00,699.97,699.97,681.2877,682.25,350740.0,17279.0,686.210308,,,,,
2022-01-10 05:00:00+00:00,681.72,681.72,664.44,675.08,454001.0,21916.0,671.284053,,,,,
2022-01-11 05:00:00+00:00,673.36,681.87,664.935,681.845,408525.0,19282.0,677.254025,,,,,
2022-01-12 05:00:00+00:00,683.27,687.5,678.53,683.6,353974.0,12451.0,682.85592,,,,,
2022-01-13 05:00:00+00:00,692.96,693.665,685.12,687.74,291683.0,13740.0,689.496045,,,,,
2022-01-14 05:00:00+00:00,692.46,692.79,674.77,678.87,589845.0,20900.0,681.812493,,,,,
2022-01-18 05:00:00+00:00,674.17,677.035,656.45,665.67,541723.0,20740.0,665.29304,,,,,
2022-01-19 05:00:00+00:00,668.0,673.78,658.89,659.59,537105.0,19289.0,665.542021,,,,,
2022-01-20 05:00:00+00:00,659.64,669.34,646.09,648.06,491854.0,16493.0,657.752555,,,,,
2022-01-21 05:00:00+00:00,649.9274,653.52,633.81,635.92,895304.0,26723.0,643.041523,,,,,
2022-01-24 05:00:00+00:00,630.89,660.13,630.89,657.77,588039.0,27658.0,646.543,,36.78964490897762,,,
2022-01-25 05:00:00+00:00,655.0,656.98,642.41,646.37,684899.0,22771.0,650.006378,,33.90816161279082,,,
2022-01-26 05:00:00+00:00,649.0,654.64,629.99,630.82,698262.0,21126.0,640.768782,,30.409441658770064,,,
2022-01-27 05:00:00+00:00,638.48,644.095,631.0,634.67,497934.0,19206.0,636.507759,,32.27274444956602,,,
2022-01-28 05:00:00+00:00,640.59,643.52,629.51,643.52,679019.0,23352.0,639.020944,,36.48283506405973,,,
2022-01-31 05:00:00+00:00,640.0,653.17,636.11,651.75,608272.0,20099.0,649.634699,,40.20531040493901,,,
2022-02-01 05:00:00+00:00,651.36,657.74,645.27,656.99,438242.0,17661.0,653.417848,,42.51529542282516,,,
2022-02-02 05:00:00+00:00,658.41,674.74,652.685,672.42,562917.0,17725.0,668.175937,,48.78906514351572,,,
2022-02-03 05:00:00+00:00,666.39,673.295,658.14,660.48,508910.0,17195.0,663.310611,,44.72166140636151,,,
2022-02-04 05:00:00+00:00,656.22,656.22,634.16,646.43,491389.0,17865.0,644.86202,,40.44845914384802,,,
2022-02-07 05:00:00+00:00,647.02,650.975,632.995,634.03,512750.0,16588.0,638.23356,,37.08089573953249,,,
2022-02-08 05:00:00+00:00,636.38,645.45,628.83,637.13,480882.0,16453.0,639.052764,,38.46030715449315,-13.28174667062217,,
2022-02-09 05:00:00+00:00,645.45,651.08,634.37,640.22,656143.0,20058.0,641.776101,,39.875272725532824,-13.094037671547653,,
2022-02-10 05:00:00+00:00,632.48,670.54,631.2,658.45,1259560.0,38560.0,658.666876,,47.53899914544832,-11.343507399662485,,
2022-02-11 05:00:00+00:00,660.66,674.4799,655.0008,668.28,668362.0,23161.0,668.807866,,51.1544573453624,-9.058579039642382,,
2022-02-14 05:00:00+00:00,671.68,671.68,651.12,661.04,746703.0,21189.0,659.41478,662.6171666666667,48.50311310341918,-7.742711190172145,,
2022-02-15 05:00:00+00:00,664.91,677.81,661.565,674.76,653523.0,22710.0,672.715894,661.9111666666668,53.42914353338477,-5.529051636425493,,
2022-02-16 05:00:00+00:00,676.91,680.96,669.78,678.44,574636.0,19481.0,676.121553,661.2305,54.68133745026042,-3.438132594186186,,
2022-02-17 05:00:00+00:00,676.62,683.24,670.01,674.94,589761.0,19695.0,676.640393,660.9118333333333,53.2157804653225,-2.0399694403613466,,
2022-02-18 05:00:00+00:00,673.93,684.435,673.4,676.96,548597.0,19656.0,679.675877,660.1365000000001,53.98235776244538,-0.7601553518618402,-7.3653212216090775,6.605165869747237
2022-02-22 05:00:00+00:00,674.92,677.46,647.1125,652.21,941246.0,28962.0,657.90896,659.1351666666667,44.38591534103281,-1.7231482414778156,-6.236886625582826,4.51373838410501
2022-02-23 05:00:00+00:00,653.0,655.5,626.41,631.75,626401.0,22170.0,636.42421,657.6908333333334,38.32117346083847,-4.090129585291152,-5.807535217524491,1.7174056322333398
2022-02-24 05:00:00+00:00,622.92,638.27,620.82,637.16,620212.0,23396.0,631.687192,656.2013333333333,40.63112198400591,-5.4664240331758265,-5.739312980654759,0.27288894747893266
2022-02-25 05:00:00+00:00,638.27,655.28,635.83,654.71,380915.0,16162.0,650.140373,655.2383333333332,47.50005927313619,-5.082421973448163,-5.607934779213441,0.5255128057652776
2022-02-28 05:00:00+00:00,649.7,653.67,640.23,649.24,693183.0,18503.0,647.280627,653.955,45.72434497538548,-5.1599995964711525,-5.518347742664983,0.3583481461938307
2022-03-01 05:00:00+00:00,647.42,660.42,645.7106,656.52,712671.0,22144.0,654.947349,653.2100000000002,48.48457311673807,-4.58123563050367,-5.330925320232721,0.7496896897290508
2022-03-02 05:00:00+00:00,656.52,681.435,654.65,675.87,548069.0,19729.0,676.207692,653.55,55.03077746826655,-2.531990521777061,-4.771138360541589,2.239147838764528
2022-03-03 05:00:00+00:00,680.75,687.23,673.71,684.19,717604.0,20295.0,682.333898,654.37,57.52976429672955,-0.23389830813903245,-3.863690350061078,3.6297920419220455
2022-03-04 05:00:00+00:00,679.37,686.69,671.68,674.09,690731.0,20068.0,678.015626,655.2376666666667,53.63334067456712,0.7635687915275184,-2.938238521743359,3.7018073132708773
2022-03-07 05:00:00+00:00,674.0,682.41,657.07,660.43,549934.0,18902.0,667.412213,656.0546666666667,48.81759077415992,0.44667186059371033,-2.261256445275945,2.7079283058696553
2022-03-08 05:00:00+00:00,661.22,672.78,650.55,655.17,542101.0,16887.0,661.09584,655.9680000000001,47.065130931822715,-0.22630062786561211,-1.8542652817938785,1.6279646539282664
2022-03-09 05:00:00+00:00,664.25,679.77,661.935,674.7,461753.0,18007.0,673.674677,656.9123333333333,53.70964768948938,0.8069693669639264,-1.3220183520423177,2.1289877190062443
2022-03-10 05:00:00+00:00,665.3,676.95,660.15,675.58,438176.0,15774.0,672.330497,658.4043333333334,53.98989400009798,1.677514583802349,-0.7221117648733842,2.399626348675733
2022-03-11 05:00:00+00:00,682.71,689.75,674.675,675.11,390292.0,14877.0,679.540502,659.7523333333334,53.802544687580095,2.3029558268090113,-0.11709824653690509,2.4200540733459164
2022-03-14 04:00:00+00:00,678.07,686.59,670.33,674.82,590012.0,18617.0,676.457262,660.7956666666668,53.67877137357808,2.743595480710951,0.4550404989126662,2.288554981798285
2022-03-15 04:00:00+00:00,679.74,697.41,675.59,695.84,583597.0,17448.0,690.948555,662.2653333333334,60.73054653068684,4.734369050227201,1.3109062091755732,3.423462841051628
2022-03-16 04:00:00+00:00,698.22,701.53,683.33,700.86,562894.0,21091.0,695.471556,663.7276666666668,62.210162794128834,6.640594849133436,2.3768439371671457,4.26375091196629
2022-03-17 04:00:00+00:00,696.05,701.75,691.16,701.32,471547.0,16690.0,698.007396,664.691,62.350152550593805,8.09509546253139,3.5204942422399945,4.574601220291395
2022-03-18 04:00:00+00:00,694.24,696.15,670.05,689.98,940247.0,25235.0,685.054437,665.6743333333333,56.767262266656175,8.23779428542116,4.4639542508762275,3.773840034544932
2022-03-21 04:00:00+00:00,689.85,691.19,678.38,685.47,500157.0,17466.0,683.413628,666.9756666666667,54.67062276216791,7.895945280159026,5.150352456732787,2.7455928234262386
2022-03-22 04:00:00+00:00,690.69,690.7486,681.56,687.0,553892.0,18525.0,685.604331,668.7413333333334,55.27413233240246,7.660183862587132,5.652318737903657,2.0078651246834758
2022-03-23 04:00:00+00:00,686.84,689.37,680.01,688.25,652009.0,19731.0,685.639179,670.4453333333333,55.79198791302862,7.487890058363064,6.019433001995538,1.4684570563675257
2022-03-24 04:00:00+00:00,688.18,701.42,684.795,700.24,601592.0,19616.0,696.30158,672.446,60.51458064602665,8.224037191140724,6.460353839824576,1.763683351316148
2022-03-25 04:00:00+00:00,702.87,704.25,694.39,703.36,518555.0,16896.0,700.88137,673.943,61.662274217793,8.955958310084611,6.959474733876584,1.9964835762080275
2022-03-28 04:00:00+00:00,705.0,705.0,682.61,686.55,1118260.0,37600.0,689.927679,674.552,52.76366822040122,8.086369918259152,7.184853770753097,0.9015161475060545
2022-03-29 04:00:00+00:00,692.44,703.615,689.54,702.52,538190.0,20838.0,697.250119,675.9346666666667,58.84070973441798,8.586876221891544,7.465258260980788,1.121617960910756
2022-03-30 04:00:00+00:00,702.51,704.16,693.68,696.53,484215.0,16182.0,697.766498,676.6603333333333,55.93402009569413,8.403319893148819,7.6528705874143945,0.7504493057344241
2022-03-31 04:00:00+00:00,700.74,700.74,684.4,684.96,558260.0,17159.0,688.979266,676.8776666666668,50.72197531641179,7.240780662445559,7.5704526024206285,-0.3296719399750696
2022-04-01 04:00:00+00:00,688.41,692.16,665.01,667.43,530268.0,18905.0,674.128291,676.6273333333334,44.027863584881864,4.849038750499176,7.026169832036338,-2.177131081537162
2022-04-04 04:00:00+00:00,668.2,687.555,662.175,686.85,531995.0,18414.0,681.115661,676.957,51.641946514145225,4.469080970478672,6.514752059724805,-2.0456710892461336
2022-04-05 04:00:00+00:00,682.82,697.95,682.34,690.49,660085.0,20301.0,691.46845,678.233,52.93431669353636,4.410833923790278,6.0939684325379,-1.6831345087476217
2022-04-06 04:00:00+00:00,688.35,702.59,682.51,701.14,494428.0,21597.0,695.645203,680.546,56.58978452312633,5.164505509162154,5.908075847862752,-0.7435703387005974
2022-04-07 04:00:00+00:00,695.33,728.4511,695.33,726.65,639801.0,24677.0,717.068554,683.529,63.835295976579644,7.731119936343589,6.272684665558919,1.45843527078467
2022-04-08 04:00:00+00:00,725.0,747.0,723.38,736.47,475540.0,22997.0,737.572959,686.2543333333334,66.1757040312065,10.437258078022978,7.105599348051731,3.331658729971247
2022-04-11 04:00:00+00:00,733.73,739.35,721.04,723.94,362773.0,18031.0,726.600563,688.7443333333333,60.771509662335276,11.438964507224568,7.9722723798862996,3.466692127338269
2022-04-12 04:00:00+00:00,725.17,732.207,714.1125,717.55,454743.0,20166.0,721.360497,690.7786666666666,58.162878071601874,11.583675077029511,8.694552919314942,2.889122157714569
2022-04-13 04:00:00+00:00,720.22,724.94,713.115,724.1,383195.0,16689.0,720.608053,692.3863333333334,60.055628868266844,12.087551733406144,9.373152682133183,2.714399051272961
2022-04-14 04:00:00+00:00,724.57,729.5,712.87,713.88,407325.0,14840.0,717.740371,693.3760000000001,55.81276176208036,11.529306358961662,9.80438341749888,1.7249229414627827
2022-04-18 04:00:00+00:00,710.0,727.35,709.91,721.62,467738.0,18328.0,721.055101,694.9603333333333,58.22015629204806,11.57798241762805,10.159103217524713,1.418879200103337
2022-04-19 04:00:00+00:00,723.1,733.42,722.18,730.29,474722.0,19940.0,728.063813,697.2890000000001,60.79669077569331,12.175800042878109,10.562442582595393,1.6133574602827156
2022-04-20 04:00:00+00:00,734.06,744.72,733.405,743.86,429876.0,19434.0,741.864951,700.2453333333332,64.48807149518515,13.587927241659372,11.167539514408189,2.4203877272511836
2022-04-21 04:00:00+00:00,746.6,748.68,726.6,728.15,431707.0,17797.0,734.310533,702.027,57.71290367153969,13.286227158178576,11.591277043162266,1.6949501150163098
2022-04-22 04:00:00+00:00,725.18,725.5,706.13,707.77,480394.0,20903.0,711.724558,703.1,50.326247343996314,11.27268746703919,11.527559127937652,-0.2548716608984609
2022-04-25 04:00:00+00:00,706.94,715.9,699.21,713.42,466340.0,19560.0,707.360561,704.377,52.15453569921464,10.017376455838303,11.225522593517782,-1.2081461376794795
2022-04-26 04:00:00+00:00,713.72,722.49,707.41,714.25,547577.0,21664.0,716.610343,705.6913333333333,52.431517571761,8.98592336779393,10.777602748373013,-1.7916793805790832
2022-04-27 04:00:00+00:00,714.25,722.49,707.56,711.78,589752.0,25525.0,714.548585,706.2226666666667,51.47647459732869,7.878364129379747,10.197755024574361,-2.319390895194614
2022-04-28 04:00:00+00:00,654.18,666.485,621.54,623.28,1980885.0,56058.0,639.055012,703.6366666666667,30.22963353175564,-0.13899269991213714,8.130405479677062,-8.2693981795892
2022-04-29 04:00:00+00:00,624.89,630.265,606.01,606.55,1144311.0,36442.0,615.471874,700.4776666666666,27.88640096738237,-7.753400555341273,4.953644272673396,-12.707044828014668
2022-05-02 04:00:00+00:00,603.21,624.7,601.575,610.65,912316.0,34142.0,610.570535,697.8333333333334,29.332098063545686,-13.303681347425709,1.302179148653575,-14.605860496079284
2022-05-03 04:00:00+00:00,612.12,613.87,596.31,603.49,673667.0,23282.0,604.633886,695.1006666666666,28.266375618120506,-18.07175112643847,-2.5726069063648342,-15.499144220073637
2022-05-04 04:00:00+00:00,601.78,629.4829,599.9,628.08,808909.0,24155.0,614.748266,693.1366666666667,36.76396610286727,-19.639877008839562,-5.98606092685978,-13.653816081979782
2022-05-05 04:00:00+00:00,624.27,627.5025,596.93,603.55,678958.0,23672.0,607.684565,690.3133333333333,32.61352319831627,-22.60145851774257,-9.30914044503634,-13.292318072706232
2022-05-06 04:00:00+00:00,599.05,609.43,586.82,608.4,676684.0,23811.0,604.192036,687.2520000000001,34.19534507192509,-24.277324845028488,-12.302777325034771,-11.974547519993717
2022-05-09 04:00:00+00:00,603.79,614.51,600.15,610.1,763083.0,29320.0,607.788775,684.1433333333333,34.77331072180195,-25.178048322588438,-14.877831524545506,-10.300216798042932
2022-05-10 04:00:00+00:00,622.35,627.99,604.27,611.81,829083.0,24324.0,613.208876,681.652,35.3880488356898,-25.46040377284089,-16.994345974204585,-8.466057798636307
2022-05-11 04:00:00+00:00,608.11,619.81,603.78,607.53,803433.0,22465.0,609.290974,678.4856666666667,34.511332941074286,-25.73289988032832,-18.74205675542933,-6.990843124898987
2022-05-12 04:00:00+00:00,606.34,628.18,606.34,622.34,762236.0,23007.0,620.196809,676.0126666666667,40.04629049223338,-24.471717059922867,-19.88798881632804,-4.583728243594827
2022-05-13 04:00:00+00:00,619.51,643.13,619.01,635.62,591241.0,21027.0,634.988317,674.3679999999999,44.57025052185684,-22.145357675731475,-20.33946258820873,-1.805895087522746
2022-05-16 04:00:00+00:00,634.35,643.965,629.7,638.83,559731.0,21028.0,637.722659,673.4146666666668,45.63804918762954,-19.814274310046017,-20.23442493257619,0.42015062253017277
2022-05-17 04:00:00+00:00,648.99,652.3,636.1,648.34,524292.0,19113.0,645.444321,672.131,48.78577729244458,-17.003490769294785,-19.58823809991991,2.584747330625124
2022-05-18 04:00:00+00:00,637.32,638.51,592.55,599.87,863057.0,28125.0,609.711718,669.1103333333334,37.02009959462846,-18.474090664497794,-19.365408612835488,0.8913179483376936
2022-05-19 04:00:00+00:00,597.61,609.83,586.35,601.53,798683.0,24848.0,599.627333,665.7899999999998,37.575363562106354,-19.283317469406143,-19.34899038414962,0.0656729147434767
2022-05-20 04:00:00+00:00,602.27,602.61,562.9,572.57,1498211.0,38631.0,573.321736,660.654,32.23574338897237,-22.00777359895642,-19.88074702711098,-2.1270265718454375
2022-05-23 04:00:00+00:00,580.57,583.2199,567.67,579.11,872567.0,28282.0,577.216531,655.4086666666666,34.49942911933664,-23.369808759157422,-20.57855937352027,-2.791249385637151
2022-05-24 04:00:00+00:00,585.53,611.61,578.11,608.18,764066.0,25721.0,600.992267,651.55,43.529462273329024,-21.8516333575011,-20.833174170316436,-1.0184591871846642
2022-05-25 04:00:00+00:00,608.17,619.08,604.0,615.79,684884.0,26042.0,613.685365,648.158,45.64212906663129,-19.806092705405717,-20.627757877334293,0.8216651719285757
2022-05-26 04:00:00+00:00,620.0,642.72,617.62,639.15,524144.0,21795.0,634.574027,645.3263333333333,51.624917761358866,-16.114274898716644,-19.725061281610763,3.610786382894119
2022-05-27 04:00:00+00:00,639.02,649.88,639.02,647.34,511424.0,20387.0,644.96747,643.1083333333333,53.55500053721293,-12.384853256453425,-18.257019676579297,5.872166420125872
2022-05-31 04:00:00+00:00,641.27,647.36,634.16,637.17,644795.0,21205.0,638.740848,640.2933333333333,50.84230421735004,-10.133085835803286,-16.632232908424097,6.499147072620811
2022-06-01 04:00:00+00:00,640.0,641.0,623.97,624.61,538296.0,17450.0,629.526515,636.7706666666667,47.63333528893621,-9.25534115198002,-15.156854557135283,5.901513405155264
2022-06-02 04:00:00+00:00,624.87,634.48,613.6,634.12,494708.0,19090.0,626.651791,633.1126666666667,50.19649549345695,-7.703542996255351,-13.666192244959298,5.962649248703947
2022-06-03 04:00:00+00:00,631.76,637.73,612.5,632.18,295772.0,15136.0,632.064579,629.9136666666667,49.662478443317134,-6.554714891385515,-12.243896774244542,5.689181882859026
2022-06-06 04:00:00+00:00,634.47,639.56,629.03,637.8,311757.0,15082.0,636.451888,627.5813333333333,51.279488907500756,-5.131619197924692,-10.821441258980572,5.68982206105588
2022-06-07 04:00:00+00:00,632.37,637.0,626.03,634.84,329572.0,15556.0,632.92523,624.962,50.36186880751456,-4.194303549795336,-9.496013717143526,5.30171016734819
2022-06-08 04:00:00+00:00,635.03,636.0,624.09,624.83,401976.0,16671.0,629.437513,621.9813333333334,47.28060218820218,-4.2106596254798205,-8.438942898810785,4.228283273330964
2022-06-09 04:00:00+00:00,620.0,633.575,618.61,619.13,544627.0,19373.0,624.586767,618.8929999999999,45.570823953388945,-4.6301903443154515,-7.6771923879117185,3.047002043596267
2022-06-10 04:00:00+00:00,612.52,615.1525,605.47,607.44,521095.0,20130.0,609.361214,618.365,42.20030543105458,-5.838652413553405,-7.309484393040056,1.4708319794866513
2022-06-13 04:00:00+00:00,595.91,604.6,590.0,594.27,740732.0,22821.0,596.564684,617.9556666666667,38.725262644671744,-7.769514121206498,-7.401490338673345,-0.36802378253315293
2022-06-14 04:00:00+00:00,598.87,607.97,593.78,596.69,547536.0,19025.0,599.125771,617.4903333333333,39.70773521493828,-9.000707605878233,-7.721333792114323,-1.2793738137639101
2022-06-15 04:00:00+00:00,607.18,607.18,593.82,599.01,476048.0,17895.0,599.869352,617.3410000000001,40.68954539500864,-9.677674494371672,-8.112601932565793,-1.565072561805879
2022-06-16 04:00:00+00:00,591.78,593.08,580.01,585.0,639946.0,24512.0,585.894185,615.9050000000001,36.79311173689607,-11.215381606503456,-8.733157867353327,-2.482223739150129
2022-06-17 04:00:00+00:00,585.07,592.81,581.32,586.72,1092343.0,24688.0,586.957397,615.3439999999999,37.5833533150082,-12.15511929713091,-9.417550153308843,-2.737569143822066
2022-06-21 04:00:00+00:00,595.07,599.37,590.33,597.35,548553.0,19059.0,596.577819,614.9756666666667,42.378170060105816,-11.90488393454973,-9.915016909557021,-1.9898670249927086
2022-06-22 04:00:00+00:00,593.24,614.01,591.76,608.82,620806.0,20492.0,607.436413,614.9330000000001,47.10031690079594,-10.658176639826024,-10.063648855610822,-0.5945277842152024
2022-06-23 04:00:00+00:00,620.6,628.35,615.01,628.19,658465.0,20066.0,623.808412,615.4789999999999,53.96185039300977,-8.014765777693924,-9.653872240027443,1.639106462333519
2022-06-24 04:00:00+00:00,630.09,640.21,625.78,639.23,676630.0,22438.0,634.39351,616.5356666666667,57.3568630546002,-4.971697258613858,-8.717437243744726,3.745739985130868
2022-06-27 04:00:00+00:00,639.06,644.73,634.62,641.12,474253.0,16581.0,641.296714,617.1616666666666,57.92884898537135,-2.380100017071186,-7.449969798410018,5.0698697813388325
2022-06-28 04:00:00+00:00,642.2,650.53,630.05,630.52,455984.0,18398.0,636.219311,616.9916666666667,53.58746538022774,-1.168106736465802,-6.193597186021176,5.025490449555374
2022-06-29 04:00:00+00:00,640.34,646.38,630.53,637.13,634097.0,20122.0,638.735954,616.935,55.81140861406329,0.32206585359779183,-4.890464578097382,5.212530431695174
2022-06-30 04:00:00+00:00,632.54,639.83,625.94,631.76,634608.0,18967.0,632.703646,616.3823333333333,53.565802724677184,1.0575336565981388,-3.7008649311582777,4.7583985877564166
2022-07-01 04:00:00+00:00,626.92,638.305,624.85,636.08,532325.0,17212.0,632.114247,617.5893333333333,55.129892960773496,1.9663185887882264,-2.567428227168977,4.533746815957203
2022-07-05 04:00:00+00:00,633.95,649.34,626.44,647.51,464360.0,14719.0,639.459158,619.122,59.059294013436826,3.5677162582956043,-1.3403993300760606,4.908115588371665
2022-07-06 04:00:00+00:00,651.06,661.51,644.29,657.75,483139.0,15990.0,654.151675,621.9613333333333,62.24890158571624,5.598580913798173,0.047396718698786255,5.5511841950993865
2022-07-07 04:00:00+00:00,657.65,664.375,654.735,661.62,510005.0,18333.0,660.580107,624.7116666666667,63.40914775411961,7.434630647723907,1.5248435045038105,5.909787143220097
2022-07-08 04:00:00+00:00,658.67,662.93,657.41,657.88,480153.0,18336.0,659.497832,626.3683333333333,61.443780130845745,8.490058437577773,2.917886491118603,5.57217194645917
2022-07-11 04:00:00+00:00,659.69,661.16,654.44,655.3,314029.0,15313.0,656.920129,627.6853333333333,60.0608004970109,9.014395783616237,4.13718834961813,4.877207433998107
2022-07-12 04:00:00+00:00,657.19,664.25,650.6001,653.29,346777.0,17570.0,656.90453,628.1566666666665,58.94762105815291,9.162131359189289,5.142176951532362,4.019954407656926
2022-07-13 04:00:00+00:00,647.54,670.44,647.54,667.16,361846.0,17756.0,664.478027,628.8173333333332,63.917398986218224,10.279905598066307,6.169722680839151,4.110182917227156
2022-07-14 04:00:00+00:00,661.97,675.61,656.17,673.78,357311.0,17902.0,668.611847,630.0376666666667,66.03111279913094,11.566595892365171,7.249097323144356,4.317498569220816
2022-07-15 04:00:00+00:00,677.03,683.98,674.28,683.2,390196.0,16475.0,681.695744,631.9906666666667,68.82927478803308,13.194326511632198,8.438143160841925,4.756183350790273
2022-07-18 04:00:00+00:00,681.5,684.145,671.33,672.74,383992.0,15060.0,677.169457,633.278,62.65724138015396,13.484835384144844,9.44748160550251,4.037353778642334
2022-07-19 04:00:00+00:00,680.5,690.42,677.27,689.32,363062.0,15557.0,686.488847,635.1826666666667,67.61451613001915,14.881389795553332,10.534263243512674,4.347126552040658
2022-07-20 04:00:00+00:00,691.0,691.93,684.95,689.96,411669.0,15210.0,687.91896,636.9213333333333,67.79225281347607,15.85702200055357,11.598814994920854,4.258207005632716
2022-07-21 04:00:00+00:00,688.5,689.57,677.68,685.86,475940.0,17188.0,682.874668,638.622,65.31907537295474,16.11363387625977,12.501778771188636,3.6118551050711325
2022-07-22 04:00:00+00:00,689.95,695.31,686.69,688.2,337540.0,14483.0,689.818308,640.7343333333333,66.07966778985934,16.317718578009476,13.264966732552804,3.0527518454566724
2022-07-25 04:00:00+00:00,689.11,690.99,683.15,685.2,325992.0,13503.0,686.055771,642.9366666666667,64.13760119940125,16.052340853420105,13.822441556726265,2.2298992966938407
2022-07-26 04:00:00+00:00,676.51,681.91,672.46,675.35,556577.0,22170.0,675.542687,645.2003333333333,58.09990385542846,14.875736187677262,14.033100482916465,0.8426357047607969
2022-07-27 04:00:00+00:00,675.79,690.2,665.445,689.4,773076.0,29321.0,682.319884,648.3713333333333,63.39340208575322,14.905168587021876,14.207514103737548,0.6976544832843281
2022-07-28 04:00:00+00:00,673.88,711.87,671.2001,707.01,852490.0,25732.0,696.709533,652.0486666666667,68.72642025845786,16.163155012867264,14.598642285563493,1.5645127273037716
2022-07-29 04:00:00+00:00,702.33,706.9099,698.0,703.59,472288.0,18790.0,702.632841,655.5346666666666,66.69427983268442,16.69174090191575,15.017262008833946,1.6744788930818046
2022-08-01 04:00:00+00:00,701.27,711.1,699.56,708.99,442168.0,18829.0,707.105002,659.6676666666667,68.28867761596918,17.346425106704032,15.483094628407965,1.8633304782960671
2022-08-02 04:00:00+00:00,706.68,711.66,701.0919,708.47,449383.0,16548.0,707.162565,663.7260000000001,67.95133584609152,17.620192787302244,15.91051426018682,1.7096785271154236
2022-08-03 04:00:00+00:00,709.68,712.63,701.26,705.37,474637.0,18259.0,707.674207,667.3266666666666,65.86250769336363,17.386589770251817,16.20572936219982,1.1808604080519984
2022-08-04 04:00:00+00:00,707.95,711.82,703.54,706.92,473024.0,18108.0,708.447965,670.5966666666666,66.41836238012833,17.129076411932942,16.390398772146444,0.7386776397864985
2022-08-05 04:00:00+00:00,702.33,709.855,697.78,709.01,330330.0,15271.0,704.852153,673.2906666666667,67.1940407287848,16.898841428498713,16.4920873034169,0.4067541250818145
2022-08-08 04:00:00+00:00,714.31,717.38,708.2,712.27,322696.0,12619.0,712.074158,675.7253333333334,68.4193802584052,16.785935485027494,16.55085693973902,0.2350785452884736
2022-08-09 04:00:00+00:00,710.19,725.39,709.63,717.02,660419.0,20158.0,718.410378,678.2553333333334,70.1678151212321,16.88510107934451,16.61770576766012,0.267395311684389
2022-08-10 04:00:00+00:00,722.94,729.76,717.775,719.83,561303.0,17475.0,722.851698,681.2323333333334,71.18419703577565,16.994531660882558,16.69307094630461,0.3014607145779493
2022-08-11 04:00:00+00:00,722.78,725.0,714.34,719.41,408541.0,17189.0,719.043899,683.975,70.79595019033452,16.853093721507662,16.72507550134522,0.12801822016244202
2022-08-12 04:00:00+00:00,721.16,732.48,718.67,731.59,515259.0,17401.0,728.723695,687.3026666666666,75.04644468438693,17.521846404658277,16.884429682007834,0.6374167226504426
2022-08-15 04:00:00+00:00,730.21,739.24,728.5,737.96,310536.0,14927.0,735.832239,690.6986666666667,76.93699845096337,18.354266923882733,17.178397130382816,1.175869793499917
2022-08-16 04:00:00+00:00,734.18,750.88,734.18,742.59,475713.0,21323.0,744.277082,693.868,78.22815268451455,19.166627536678106,17.576043211641874,1.5905843250362324
2022-08-17 04:00:00+00:00,742.59,748.035,738.83,743.76,424562.0,20145.0,743.518842,696.7350000000001,78.55487621027162,19.678002631755135,17.996435095664527,1.6815675360906077
2022-08-18 04:00:00+00:00,744.21,746.98,735.62,736.72,304475.0,14741.0,738.724371,699.2383333333332,71.59298725614426,19.292806451182855,18.255709366768194,1.0370970844146612
2022-08-19 04:00:00+00:00,735.1,739.53,731.49,736.55,337450.0,15362.0,735.952533,701.8606666666668,71.42836611616417,18.757592276077276,18.35608594863001,0.4015063274472652
2022-08-22 04:00:00+00:00,735.0,735.0,723.63,724.38,339835.0,16357.0,727.989348,704.1633333333333,60.67275320435054,17.153676984742788,18.115604155852566,-0.9619271711097781
2022-08-23 04:00:00+00:00,726.2,729.69,718.68,720.09,275059.0,14546.0,721.842654,706.39,57.392045426494086,15.359342474611935,17.56435181960444,-2.2050093449925043
2022-08-24 04:00:00+00:00,715.0,717.755,709.37,711.21,524711.0,22626.0,713.549094,707.8583333333335,51.21841868553665,13.07011352821769,16.66550416132709,-3.5953906331093997
2022-08-25 04:00:00+00:00,711.21,714.26,699.92,713.73,414762.0,19773.0,708.713978,709.19,52.77105302179154,11.328636564196813,15.598130641901035,-4.269494077704222
2022-08-26 04:00:00+00:00,718.52,718.98,697.48,698.79,368739.0,18531.0,704.038165,709.7096666666665,43.858505120819814,8.64333539222389,14.207171591965606,-5.563836199741717
2022-08-29 04:00:00+00:00,694.67,707.99,692.29,704.77,435193.0,21816.0,702.091565,710.7773333333333,47.66833790763001,6.9180044410516075,12.749338161782806,-5.831333720731198
2022-08-30 04:00:00+00:00,704.32,706.65,696.26,698.26,400653.0,19161.0,699.181784,711.0753333333334,44.15540164620494,4.9680955255628305,11.193089634538811,-6.224994108975981
2022-08-31 04:00:00+00:00,695.61,703.04,694.235,697.12,434985.0,17864.0,697.343654,711.3140000000001,43.55014658734484,3.292832466127834,9.613038200856616,-6.320205734728782
2022-09-01 04:00:00+00:00,699.31,707.23,696.31,706.47,369411.0,18670.0,702.270129,712.0010000000001,49.64656960597354,2.688648217668856,8.228160204219064,-5.539511986550208
2022-09-02 04:00:00+00:00,710.18,712.5,699.0288,702.7,421052.0,19481.0,704.32472,712.4843333333333,47.42268211788711,1.883903883774451,6.959308940130141,-5.07540505635569
2022-09-06 04:00:00+00:00,702.06,713.49,701.99,707.53,467505.0,23905.0,707.900574,713.2286666666666,50.4830120427884,1.6172363414493702,5.890894420393987,-4.273658078944616
2022-09-07 04:00:00+00:00,711.12,726.77,710.15,724.41,438817.0,19613.0,721.103194,714.864,59.381289580029005,2.7364314425742577,5.2600018248300415,-2.523570382255784
2022-09-08 04:00:00+00:00,721.85,728.73,719.61,728.64,300563.0,16199.0,725.49738,716.172,61.26001695152266,3.919545194822149,4.991910498828464,-1.0723653040063148
2022-09-09 04:00:00+00:00,729.0,729.04,720.445,721.02,352361.0,21094.0,723.363063,716.639,56.21578340396747,4.19395573923498,4.832319546909767,-0.6383638076747875
2022-09-12 04:00:00+00:00,724.11,729.57,723.82,727.42,471602.0,18408.0,726.700193,717.4333333333333,59.25070749069103,4.871696698655455,4.840194977258905,0.03150172139655005
2022-09-13 04:00:00+00:00,715.36,720.83,694.15,695.68,562352.0,24591.0,702.348874,716.9896666666666,43.242231791157515,2.8152066047695143,4.435197302761027,-1.619990697991513
2022-09-14 04:00:00+00:00,699.93,699.93,681.6,689.43,479269.0,22250.0,688.948878,716.3549999999999,40.89894050986253,0.6733387921264011,3.6828256006341022,-3.009486808507701
2022-09-15 04:00:00+00:00,693.36,694.46,683.11,688.87,495617.0,20773.0,688.453843,715.805,40.68619619745484,-1.057108511706474,2.734838778165987,-3.791947289872461
2022-09-16 04:00:00+00:00,687.08,695.03,683.4,693.51,1093411.0,25929.0,692.180779,715.3580000000001,43.317144173468684,-2.0306827980518847,1.7817344629224128,-3.8124172609742972
2022-09-19 04:00:00+00:00,693.35,703.19,685.895,695.28,808775.0,26884.0,693.299553,714.9003333333333,44.33153588670544,-2.629116409313383,0.8995642884752538,-3.5286806977886367
2022-09-20 04:00:00+00:00,690.66,703.99,688.54,701.07,452384.0,18291.0,697.621144,714.5269999999999,47.63296470496254,-2.6061328693124324,0.1984248569177166,-2.804557726230149
2022-09-21 04:00:00+00:00,706.34,711.07,695.425,695.425,486782.0,20225.0,703.89919,713.8071666666666,44.84082975484343,-3.008739692738345,-0.4430080530134958,-2.5657316397248495
2022-09-22 04:00:00+00:00,693.78,696.53,684.15,693.56,385673.0,18132.0,691.381813,712.9315,43.92474095396869,-3.438659686103506,-1.0421383796314978,-2.396521306472008
2022-09-23 04:00:00+00:00,689.53,695.3352,680.0,688.23,461970.0,23057.0,687.195039,711.8921666666666,41.32623998457683,-4.1614897699525955,-1.6660086576957174,-2.4954811122568783
2022-09-26 04:00:00+00:00,687.94,703.54,687.94,693.72,533864.0,23178.0,695.870983,710.6298333333333,44.93937842971659,-4.242436533424552,-2.1812942328414846,-2.0611423005830676
2022-09-27 04:00:00+00:00,694.59,704.335,691.16,693.19,503141.0,21211.0,697.017402,709.1375,44.65349803231558,-4.299788709553127,-2.6049931281838132,-1.6947955813693136
2022-09-28 04:00:00+00:00,701.07,722.14,696.72,717.63,533255.0,23120.0,713.656888,708.3055,57.94060316877571,-2.346092679915273,-2.5532130385301053,0.20712035861483225
2022-09-29 04:00:00+00:00,709.69,713.92,701.43,711.76,444869.0,20035.0,709.05508,707.2388333333332,54.55308897442106,-1.2569451617669074,-2.293959463177466,1.0370143014105584
2022-09-30 04:00:00+00:00,712.5,713.6,701.02,703.35,517155.0,18987.0,707.02741,706.1265000000001,50.03919833476777,-1.0601834861604402,-2.047204267774061,0.9870207816136207
2022-10-03 04:00:00+00:00,708.54,725.1775,707.195,718.19,478053.0,20775.0,717.653539,705.5144999999999,56.827504581674866,0.2898740487011082,-1.579788604479027,1.8696626531801352
2022-10-04 04:00:00+00:00,722.57,735.68,722.57,729.71,505372.0,20669.0,730.012077,705.6921666666666,61.23120341628398,2.2632823845762005,-0.8111744066679816,3.074456791244182
2022-10-05 04:00:00+00:00,726.34,738.92,725.05,732.09,349158.0,17459.0,731.707711,706.0921666666667,62.09151553719702,3.97346518465406,0.1457535115964268,3.8277116730576335
2022-10-06 04:00:00+00:00,736.31,739.85,731.08,732.41,300858.0,16322.0,734.317308,706.7988333333332,62.2129311764085,5.293597404832894,1.1753222902437204,4.118275114589174
2022-10-07 04:00:00+00:00,728.38,729.32,705.71,710.77,466679.0,21799.0,712.463271,706.7001666666666,50.44613858129537,4.541295327710031,1.8485168977369826,2.692778429973049
2022-10-10 04:00:00+00:00,712.18,727.59,708.18,724.57,375660.0,19538.0,721.408127,707.5595,56.14285156277868,5.000986915973158,2.4790109013842176,2.5219760145889403
2022-10-11 04:00:00+00:00,726.98,744.605,726.95,730.9,652920.0,26755.0,734.7097,708.4305,58.49957534589919,5.809110104316346,3.1450307419706434,2.664079362345703
2022-10-12 04:00:00+00:00,735.63,735.63,725.63,727.56,401961.0,19041.0,729.055327,709.4071666666666,56.76622733618834,6.109615621060357,3.737947717788586,2.3716679032717707
2022-10-13 04:00:00+00:00,715.44,742.57,715.39,737.98,524816.0,24103.0,733.059095,710.7691666666667,60.68046639161603,7.1066542382124,4.411689021873348,2.6949652163390514
2022-10-14 04:00:00+00:00,745.0,746.47,731.36,731.91,485067.0,20396.0,735.450725,711.6171666666667,57.419194818283465,7.322605813038422,4.993872380106363,2.328733432932059
2022-10-17 04:00:00+00:00,737.31,741.69,731.8,736.27,479333.0,22475.0,736.447876,712.7361666666668,59.11878544150655,7.7561564108303855,5.546329186251167,2.209827224579218
2022-10-18 04:00:00+00:00,747.86,748.07,734.97,742.11,382758.0,20915.0,741.177307,713.8888333333333,61.34441920468807,8.473312504133787,6.131725849827692,2.341586654306095
2022-10-19 04:00:00+00:00,739.63,748.3899,734.1558,737.72,372850.0,18433.0,739.627227,714.3325,58.75495012545412,8.588425540150638,6.623065787892282,1.9653597522583564
2022-10-20 04:00:00+00:00,739.15,742.01,727.43,730.92,427887.0,20648.0,733.200794,714.4085,54.88988291210635,8.038289878452701,6.906110606004366,1.1321792724483357
2022-10-21 04:00:00+00:00,731.03,744.74,729.59,744.07,418277.0,19240.0,739.528881,715.1768333333333,60.32524373399791,8.564670315829517,7.2378225479693965,1.3268477678601203
2022-10-24 04:00:00+00:00,750.0,770.08,749.815,768.46,580848.0,25197.0,765.223991,716.5448333333334,68.02155320131601,10.825114586528343,7.955280955681186,2.8698336308471575
2022-10-25 04:00:00+00:00,771.57,778.425,761.645,775.73,652005.0,24277.0,774.099269,719.2131666666667,69.89610822506789,13.052697823269341,8.974764329198818,4.077933494070523
2022-10-26 04:00:00+00:00,778.44,780.595,768.31,777.46,734166.0,29545.0,776.599272,722.1474999999999,70.34164571222082,14.787212349795482,10.137253933318151,4.649958416477331
2022-10-27 04:00:00+00:00,817.0,819.19,801.94,813.22,946479.0,37215.0,810.911657,726.2925,77.69136427705469,18.83029680961181,11.875862508576883,6.954434301034926
2022-10-28 04:00:00+00:00,811.39,839.215,809.67,836.3,566798.0,24944.0,828.932411,731.0521666666666,80.96930623397526,23.624504898532223,14.225590986567951,9.398913911964272
2022-10-31 04:00:00+00:00,832.18,845.24,831.535,837.17,534588.0,20262.0,838.538743,735.7818333333333,81.08214756809457,27.18082741949786,16.816638273153934,10.364189146343925
2022-11-01 04:00:00+00:00,838.51,839.398,828.9718,834.0,562022.0,21968.0,834.622445,740.2128333333334,79.23851400112072,29.404489481001065,19.33420851472336,10.070280966277704
2022-11-02 04:00:00+00:00,837.46,842.33,813.91,815.11,682638.0,25976.0,826.070301,744.2023333333334,69.14854587112555,29.304686372708602,21.328304086320408,7.976382286388194
2022-11-03 04:00:00+00:00,812.37,824.16,808.64,819.37,339663.0,17712.0,819.032658,748.3960000000001,70.07401978335923,29.23236557421501,22.90911638389933,6.3232491903156784
2022-11-04 04:00:00+00:00,821.52,827.28,805.25,815.74,473447.0,22069.0,814.639212,752.6463333333334,68.19671954099344,28.552998959164825,24.037892898952432,4.515106060212393
2022-11-07 05:00:00+00:00,816.3,830.955,815.88,830.2,373143.0,20942.0,826.972074,757.1956666666666,71.47501763140124,28.84884564014635,25.00008344719122,3.8487621929551317
2022-11-08 05:00:00+00:00,834.84,840.67,826.245,833.51,309477.0,19233.0,834.654899,761.873,72.18190193716407,29.015918160685715,25.803250389890117,3.2126677707955977
2022-11-09 05:00:00+00:00,830.32,841.25,827.445,828.7,427606.0,17883.0,831.842261,765.5753333333334,69.48708771239438,28.4324459968841,26.329089511288913,2.103356485595185
2022-11-10 05:00:00+00:00,847.93,848.65,834.25,843.85,467548.0,20229.0,840.639177,769.9783333333334,72.91676521356493,28.85984021616332,26.835239652263798,2.024600563899522
2022-11-11 05:00:00+00:00,839.34,842.22,808.805,815.6,652301.0,30611.0,816.541147,773.7199999999999,59.489175156285974,26.612244915414408,26.79064070489392,-0.17839578947951296
2022-11-14 05:00:00+00:00,822.19,833.0,819.62,824.92,562253.0,22742.0,827.348868,777.2776666666667,61.97688925750487,25.291510763369843,26.490814716589107,-1.199303953219264
2022-11-15 05:00:00+00:00,825.54,828.0,808.23,825.12,568318.0,27343.0,820.406385,780.4580000000001,62.03077326664907,23.984479609906316,25.98954769525255,-2.0050680853462346
2022-11-16 05:00:00+00:00,814.68,841.84,814.22,833.98,631268.0,28588.0,835.683422,783.8543333333333,64.4352492091329,23.393905576738007,25.47041927154964,-2.0765136948116343
2022-11-17 05:00:00+00:00,833.98,835.81,822.15,829.98,358218.0,18417.0,828.507716,787.1066666666667,62.51059261247015,22.345519589762944,24.845439335192303,-2.4999197454293594
2022-11-18 05:00:00+00:00,829.98,839.515,827.88,838.27,399497.0,18285.0,835.936452,791.3566666666667,64.85368169541877,21.930795302648335,24.26251052868351,-2.3317152260351754
2022-11-21 05:00:00+00:00,841.95,852.25,840.37,846.39,493651.0,22249.0,846.543447,795.4173333333333,67.02747672182294,22.00369456143153,23.810747335233117,-1.807052773801587
2022-11-22 05:00:00+00:00,850.96,853.895,844.5,852.13,332854.0,17659.0,850.405078,799.4583333333334,68.51016444658116,22.267946749236785,23.502187218033853,-1.2342404687970685
2022-11-23 05:00:00+00:00,850.76,855.1881,850.0,850.82,225801.0,14152.0,852.073376,803.5669999999999,67.76126569844601,22.116714739691133,23.22509272236531,-1.1083779826741775
2022-11-25 05:00:00+00:00,850.13,858.38,848.45,855.97,154202.0,10345.0,854.908249,807.5,69.18726389370467,22.157012000136206,23.011476577919492,-0.8544645777832862
2022-11-28 05:00:00+00:00,851.24,861.5,851.24,852.56,422976.0,18714.0,855.215615,811.5216666666666,67.07176613971696,21.664059574557427,22.74199317724708,-1.0779336026896509
2022-11-29 05:00:00+00:00,852.0,855.1,843.18,849.73,411649.0,17762.0,849.542054,815.3036666666667,65.28760574488561,20.80520443116029,22.35463542802972,-1.5494309968694289
2022-11-30 05:00:00+00:00,847.36,870.92,845.245,864.54,795759.0,23814.0,861.455265,819.3846666666666,69.81309960789154,21.076640379425726,22.099036418308923,-1.0223960388831976
2022-12-01 05:00:00+00:00,869.06,869.99,853.74,857.18,339531.0,19092.0,858.273382,823.3666666666667,65.25971806376451,20.46199173058028,21.771627480763197,-1.3096357501829168
2022-12-02 05:00:00+00:00,848.93,859.23,846.81,858.41,365654.0,19660.0,853.726335,827.6163333333333,65.66278224473561,19.84536396603653,21.386374777817863,-1.5410108117813337
2022-12-05 05:00:00+00:00,849.7,851.45,840.32,843.1,331612.0,18669.0,844.990383,830.9173333333333,56.82514481001769,17.914782509872452,20.69205632422878,-2.7772738143563274
2022-12-06 05:00:00+00:00,840.0,841.19,820.8,829.66,681750.0,26440.0,828.980359,832.9573333333334,50.410839977974504,15.125924873164081,19.578830034015844,-4.452905160851763
2022-12-07 05:00:00+00:00,828.72,834.4835,821.5,828.79,557609.0,22245.0,828.174484,834.726,50.01725945026323,12.699145529610178,18.20289313313471,-5.503747603524534
2022-12-08 05:00:00+00:00,832.04,839.74,831.65,836.36,324090.0,16386.0,835.592125,836.6893333333334,53.42468796269133,11.256977718795838,16.813710050266938,-5.5567323314711
2022-12-09 05:00:00+00:00,834.3,836.36,826.58,827.8,327185.0,16425.0,831.286713,837.1753333333334,49.329481450887684,9.315940514097406,15.314156143033033,-5.998215628935627
2022-12-12 05:00:00+00:00,831.07,834.89,824.16,834.35,342898.0,15596.0,830.673503,837.1103333333334,52.339991928897184,8.211527427634564,13.89363039995334,-5.682102972318775
2022-12-13 05:00:00+00:00,844.72,845.14,815.72,818.76,520727.0,24040.0,823.495031,836.4966666666666,45.42254609411145,6.009021135646549,12.316708547091983,-6.307687411445434
2022-12-14 05:00:00+00:00,820.92,826.17,807.17,814.5,524460.0,21099.0,814.779019,835.8466666666666,43.72210592664095,3.8751028597511095,10.628387409623809,-6.753284549872699
2022-12-15 05:00:00+00:00,809.99,811.97,801.42,807.2,485986.0,23790.0,806.282529,835.583,40.89672897072086,1.5767326679840608,8.81805646129586,-7.2413237933118
2022-12-16 05:00:00+00:00,806.82,815.33,800.38,811.77,1179411.0,27718.0,810.512242,835.3296666666666,43.364158226134776,0.12260522237761506,7.078966213512212,-6.956360991134597
2022-12-19 05:00:00+00:00,811.35,828.01,811.105,816.43,523983.0,24440.0,820.281129,835.3526666666668,45.84678720206465,-0.6463277361160635,5.533907423586557,-6.180235159702621
2022-12-20 05:00:00+00:00,820.57,831.13,815.93,823.63,432280.0,21513.0,824.876219,835.1336666666667,49.52808938648337,-0.6670435556069378,4.293717227747858,-4.960760783354796
2022-12-21 05:00:00+00:00,826.74,836.3,819.3487,833.62,398631.0,21318.0,829.684128,835.1373333333333,54.1821265270445,0.12125081437147855,3.459223945072582,-3.3379731307011036
2022-12-22 05:00:00+00:00,834.65,834.65,821.12,823.78,372591.0,19449.0,825.726512,834.9733333333332,49.354626724271405,-0.047478677119670465,2.757883420634132,-2.8053620977538025
2022-12-23 05:00:00+00:00,823.78,835.42,823.0,833.55,188403.0,10570.0,832.441081,834.6299999999999,53.75986552408339,0.6002401392576076,2.3263547643588276,-1.72611462510122
2022-12-27 05:00:00+00:00,837.21,847.51,836.24,843.84,265168.0,15336.0,842.769388,835.5713333333333,57.912191902382666,1.9217265037781317,2.2454291122426886,-0.3237026084645569
2022-12-28 05:00:00+00:00,842.38,851.19,840.28,844.62,334153.0,16976.0,844.84249,836.228,58.21847329304081,2.997401273658511,2.395823544525853,0.6015777291326581
2022-12-29 05:00:00+00:00,847.45,849.4,841.3,843.66,265712.0,14753.0,844.330112,836.846,57.662290555216444,3.7294267911015595,2.6625441938409944,1.0668825972605651
2022-12-30 05:00:00+00:00,840.52,844.305,839.47,844.03,283971.0,15101.0,842.386766,837.181,57.829507598355185,4.289966136208136,2.988028582314423,1.3019375538937132
2023-01-03 05:00:00+00:00,842.43,843.88,833.51,840.72,455431.0,20658.0,838.613267,837.5390000000001,55.70970700692639,4.416201051762187,3.273663076203976,1.1425379755582106
2023-01-04 05:00:00+00:00,846.02,850.72,824.25,826.74,498203.0,21178.0,836.399643,837.1546666666667,47.74865410011096,3.3495622984012243,3.288842920643426,0.06071937775779812
2023-01-05 05:00:00+00:00,824.7,837.15,823.675,834.29,366326.0,17965.0,832.632519,836.7513333333334,51.75813533565582,3.077984217581161,3.2466711800309733,-0.1686869624498124
2023-01-06 05:00:00+00:00,846.68,856.57,839.0,842.52,420223.0,19206.0,844.561026,836.431,55.74465576400896,3.4866568412396646,3.2946683122727114,0.19198852896695318
