timestamp,open,high,low,close,volume,trade_count,vwap,30sma,rsi,macd,signal,histogram
2022-01-03 05:00:00+00:00,625.0,629.33,621.87,627.1,515290.0,19677.0,626.139061,,,,,
2022-01-04 05:00:00+00:00,622.95,625.07,612.11,616.82,724527.0,23680.0,616.837816,,,,,
2022-01-05 05:00:00+00:00,604.95,613.65,595.0,595.05,984775.0,31929.0,604.761008,,,,,
2022-01-06 05:00:00+00:00,600.0,606.0199,594.97,598.44,675849.0,19718.0,600.299501,,,,,
2022-01-07 05:00:00+00:00,598.44,607.01,592.86,603.73,583775.0,19670.0,602.486229,,,,,
2022-01-10 05:00:00+00:00,603.75,621.61,602.13,621.27,819038.0,27890.0,614.328427,,,,,
2022-01-11 05:00:00+00:00,623.19,628.08,617.76,626.09,613780.0,22590.0,623.962299,,,,,
2022-01-12 05:00:00+00:00,624.45,632.39,620.83,631.44,583685.0,20090.0,628.411094,,,,,
2022-01-13 05:00:00+00:00,632.75,632.75,614.1492,616.11,648502.0,21609.0,619.792798,,,,,
2022-01-14 05:00:00+00:00,616.02,623.2,604.805,615.24,791362.0,23506.0,614.306979,,,,,
2022-01-18 05:00:00+00:00,604.52,612.39,598.13,611.22,974022.0,28102.0,606.897504,,,,,
2022-01-19 05:00:00+00:00,617.01,628.05,612.4,618.11,654508.0,25431.0,621.741842,,,,,
2022-01-20 05:00:00+00:00,621.15,622.29,612.43,614.38,764017.0,22821.0,616.038581,,,,,
2022-01-21 05:00:00+00:00,615.8,623.98,610.88,621.4,1326582.0,32905.0,617.932548,,,,,
2022-01-24 05:00:00+00:00,613.13,623.54,601.25,621.48,1107675.0,42770.0,613.373515,,47.35852603872909,,,
2022-01-25 05:00:00+00:00,616.29,618.0,602.4,603.19,972649.0,29521.0,606.685875,,39.95973154362419,,,
2022-01-26 05:00:00+00:00,604.47,618.01,600.27,605.25,845888.0,31257.0,609.154991,,41.076314233126794,,,
2022-01-27 05:00:00+00:00,609.84,618.75,603.245,608.72,654881.0,25827.0,611.18077,,42.999297097259834,,,
2022-01-28 05:00:00+00:00,608.29,625.0,601.89,624.92,735650.0,27567.0,616.236764,,51.03369070254822,,,
2022-01-31 05:00:00+00:00,623.15,623.17,602.5075,608.59,920265.0,30967.0,609.516256,,44.2611524853495,,,
2022-02-01 05:00:00+00:00,607.83,613.93,600.22,613.36,736954.0,23796.0,608.992272,,46.4947640448067,,,
2022-02-02 05:00:00+00:00,613.36,623.4,596.9,622.85,1032088.0,29178.0,612.026233,,50.72539669796808,,,
2022-02-03 05:00:00+00:00,617.91,625.0,613.96,620.69,958437.0,30479.0,620.36385,,49.76096810740984,,,
2022-02-04 05:00:00+00:00,610.01,635.0,610.01,622.96,1203957.0,34291.0,623.876595,,50.81923854020957,,,
2022-02-07 05:00:00+00:00,620.73,625.11,613.32,622.36,903413.0,24479.0,620.318704,,50.516339879095206,,,
2022-02-08 05:00:00+00:00,620.01,621.9,612.04,617.94,844786.0,25595.0,618.75362,,48.23551559812103,2.075786505823203,,
2022-02-09 05:00:00+00:00,620.0,620.96,616.26,619.77,799450.0,22724.0,618.988414,,49.257041168794125,2.079542340342641,,
2022-02-10 05:00:00+00:00,613.34,624.55,608.39,618.22,738087.0,24603.0,619.530682,,48.3860715526974,1.9351397338796232,,
2022-02-11 05:00:00+00:00,620.57,645.0,617.5,638.41,1075148.0,30322.0,638.355174,,58.64405393203238,3.4105492047831376,,
2022-02-14 05:00:00+00:00,638.0,639.195,614.39,623.53,796088.0,26166.0,623.502048,616.9546666666666,50.65383529948903,3.3406215913339565,,
2022-02-15 05:00:00+00:00,622.0,635.44,620.72,630.15,664019.0,18348.0,629.030156,617.0563333333334,53.67771424632415,3.775856405966806,,
2022-02-16 05:00:00+00:00,630.63,632.17,624.25,630.9,364441.0,17181.0,628.282147,617.5256666666667,54.02147319044302,4.133651700554196,,
2022-02-17 05:00:00+00:00,628.37,632.21,619.51,626.72,607488.0,20199.0,627.048059,618.5813333333333,51.717886828857004,4.033421213970996,,
2022-02-18 05:00:00+00:00,621.82,632.76,614.09,615.13,701680.0,23516.0,620.933881,619.1376666666667,45.87644961389645,2.9843697362892954,3.0854376036604285,-0.10106786737113316
2022-02-22 05:00:00+00:00,613.31,618.96,602.17,602.89,625925.0,22621.0,607.172213,619.1096666666667,40.65409983602251,1.152043139971397,2.6987587109226223,-1.5467155709512252
2022-02-23 05:00:00+00:00,625.0,625.0,604.18,608.98,863028.0,27635.0,611.656688,618.7,44.06582434949263,0.18914289339784318,2.1968355474176664,-2.007692654019823
2022-02-24 05:00:00+00:00,603.4,610.56,598.065,609.78,533523.0,22004.0,605.564427,618.1563333333332,44.51705657173285,-0.5036039424462615,1.656747649444881,-2.1603515918911427
2022-02-25 05:00:00+00:00,611.43,622.14,608.33,618.66,398865.0,17180.0,617.643139,617.7303333333334,49.396918040146765,-0.3322391677664882,1.2589502860026072,-1.5911894537690954
2022-02-28 05:00:00+00:00,611.54,620.325,607.74,618.36,487340.0,17083.0,616.302035,617.8053333333334,49.23935537022479,-0.21812443925364278,0.9635353409513572,-1.181659780205
2022-03-01 05:00:00+00:00,615.39,623.63,603.12,607.03,589169.0,20145.0,609.20724,617.5316666666666,43.584991162037205,-1.0300502281480703,0.5648182271314717,-1.594868455279542
2022-03-02 05:00:00+00:00,604.88,619.86,604.22,616.87,327671.0,15868.0,615.19571,617.72,49.05653374646651,-0.8694786926306506,0.2779588431790472,-1.1474375358096978
2022-03-03 05:00:00+00:00,618.58,620.0,608.67,611.15,564861.0,18700.0,612.382268,617.488,46.24852398187998,-1.190062490243804,-0.015645423505523032,-1.174417066738281
2022-03-04 05:00:00+00:00,604.23,624.615,604.23,620.41,527736.0,18797.0,619.710639,617.6890000000001,51.125838027403894,-0.6889807078580361,-0.15031248037602565,-0.5386682274820105
2022-03-07 05:00:00+00:00,618.43,636.36,609.01,618.59,728613.0,25152.0,623.314298,617.5953333333333,50.162421910899056,-0.4337288190047275,-0.20699574810176602,-0.22673307090296146
2022-03-08 05:00:00+00:00,611.17,627.34,609.03,614.74,568026.0,20101.0,617.275968,617.3706666666666,48.09765334368819,-0.5359248739600844,-0.2727815732734297,-0.26314330068665465
2022-03-09 05:00:00+00:00,622.2,626.68,614.485,623.43,520137.0,16606.0,622.534909,618.0453333333334,52.81838600799609,0.08333377100609596,-0.2015585044175246,0.28489227542362056
2022-03-10 05:00:00+00:00,616.13,632.68,615.92,630.36,466135.0,19191.0,626.331388,618.8823333333333,56.23683626747631,1.1203787632614421,0.06282894911826875,1.0575498141431734
2022-03-11 05:00:00+00:00,633.8,652.27,630.67,642.58,787209.0,25681.0,645.079586,620.011,61.52984984408134,2.8949253667293533,0.6292482326404857,2.2656771340888677
2022-03-14 04:00:00+00:00,644.6,665.98,644.6,656.41,986754.0,28020.0,656.494687,621.0606666666666,66.472214888163,5.355496917973596,1.574497969707108,3.7809989482664883
2022-03-15 04:00:00+00:00,660.0,668.94,654.5,665.93,737483.0,25558.0,664.564821,622.972,69.38767255446332,7.981694037404623,2.855937183246611,5.125756854158011
2022-03-16 04:00:00+00:00,670.01,678.68,663.865,677.98,782197.0,27145.0,674.353016,625.126,72.63169972726143,10.909549968156398,4.466659740228568,6.44289022792783
2022-03-17 04:00:00+00:00,675.79,689.99,675.02,685.23,780774.0,25500.0,684.919116,627.2053333333333,74.39015272637397,13.657476409991546,6.304823074181164,7.352653335810381
2022-03-18 04:00:00+00:00,686.43,688.84,677.03,685.94,1160602.0,23867.0,684.985669,629.3803333333333,74.56252285296596,15.711407651771424,8.186139989699218,7.525267662072206
2022-03-21 04:00:00+00:00,687.735,697.01,685.62,693.2,719850.0,26403.0,691.701684,631.7216666666667,76.31777860248845,17.72071095912861,10.093054183585096,7.627656775543514
2022-03-22 04:00:00+00:00,695.05,695.05,683.68,692.64,565281.0,20393.0,691.510495,634.0643333333334,75.88282199665986,19.04833365339266,11.88411007754661,7.16422357584605
2022-03-23 04:00:00+00:00,693.04,693.04,667.88,669.22,601072.0,23145.0,674.845602,635.7736666666667,60.38323478256445,18.003156748290166,13.107919411695322,4.895237336594844
2022-03-24 04:00:00+00:00,667.31,680.08,666.35,679.76,396194.0,18280.0,676.578705,637.7733333333333,63.951837443972686,17.81991949502435,14.05031942836113,3.7696000666632212
2022-03-25 04:00:00+00:00,679.9,685.01,676.14,680.03,364595.0,17275.0,679.439927,639.8336666666667,64.04119520288549,17.494820000357095,14.739219542760324,2.7556004575967705
2022-03-28 04:00:00+00:00,676.29,694.23,676.29,693.4,1206300.0,41712.0,690.243232,641.6666666666666,68.23962660325402,18.107293957522643,15.412834425712788,2.694459531809855
2022-03-29 04:00:00+00:00,692.56,699.0,680.12,698.43,725051.0,27641.0,691.619908,644.1633333333334,69.67417655972886,18.782055103934113,16.086678561357054,2.6953765425770584
2022-03-30 04:00:00+00:00,700.05,703.03,690.75,692.38,848528.0,26028.0,696.419409,646.2376666666667,65.82311399536384,18.614052525151806,16.592153354116007,2.0218991710357983
2022-03-31 04:00:00+00:00,695.77,710.21,691.77,698.42,1055445.0,32630.0,703.209606,648.4883333333333,67.74017937817243,18.75212398023507,17.02414747933982,1.7279765008952488
2022-04-01 04:00:00+00:00,701.82,701.95,685.28,694.83,601595.0,24459.0,692.760547,650.7586666666667,65.39231325604149,18.36021843672222,17.2913616708163,1.0688567659059203
2022-04-04 04:00:00+00:00,700.0,704.17,692.5,698.41,496065.0,22690.0,698.533221,653.5346666666667,66.63425458649618,18.129520721015865,17.458993480856215,0.6705272401596503
2022-04-05 04:00:00+00:00,697.02,710.41,689.12,691.47,669622.0,25103.0,698.870754,656.4873333333333,61.99004721513789,17.18855218909755,17.404905222504482,-0.21635303340693213
2022-04-06 04:00:00+00:00,692.0,710.3,690.01,708.36,677872.0,28584.0,706.438167,659.8,67.86091649103275,17.60279562204937,17.44448330241346,0.15831231963591108
2022-04-07 04:00:00+00:00,706.24,725.97,706.24,721.21,737193.0,30494.0,720.926317,663.5143333333333,71.47124013098447,18.75181488579176,17.70594961908912,1.0458652667026378
2022-04-08 04:00:00+00:00,725.0,747.4214,725.0,739.0,926240.0,33158.0,739.053861,667.5256666666666,75.56387087313246,20.857493056691965,18.336258306609693,2.5212347500822716
2022-04-11 04:00:00+00:00,736.64,741.85,722.02,722.37,705236.0,29313.0,729.934342,670.9926666666668,66.02822190194527,20.94293899620982,18.85759444452972,2.085344551680098
2022-04-12 04:00:00+00:00,722.385,726.33,711.685,715.79,477000.0,23701.0,717.146912,674.6179999999999,62.65893940824106,20.246317564251285,19.135339068474035,1.1109784957772497
2022-04-13 04:00:00+00:00,716.36,732.98,716.36,731.89,522749.0,24241.0,728.243828,678.452,67.08472146390247,20.75413476070264,19.459098206919755,1.2950365537828858
2022-04-14 04:00:00+00:00,732.25,738.9916,730.94,733.02,794749.0,23321.0,733.643355,682.5143333333332,67.3769783880636,21.005625330449902,19.768403631625787,1.237221698824115
2022-04-18 04:00:00+00:00,726.81,732.0,719.265,723.2,312683.0,18718.0,724.59624,685.9406666666666,62.20770851156566,20.179919932611597,19.850706891822952,0.32921304078864466
2022-04-19 04:00:00+00:00,724.2,725.805,710.6,716.22,466827.0,20595.0,717.369947,689.1949999999999,58.75701776768103,18.746220034788166,19.629809520415996,-0.8835894856278301
2022-04-20 04:00:00+00:00,720.07,721.715,713.01,719.62,412092.0,18345.0,718.992848,692.691,59.92319120590969,17.680543818148294,19.239956379962457,-1.5594125618141632
2022-04-21 04:00:00+00:00,719.0,725.3181,705.1,706.11,529356.0,19677.0,711.041861,695.447,53.455269913268275,15.56640383282479,18.505245870534925,-2.9388420377101347
2022-04-22 04:00:00+00:00,701.53,709.06,686.2616,688.08,607446.0,25450.0,691.865787,697.371,46.27642380452284,12.294340837681716,17.263064863964285,-4.968724026282569
2022-04-25 04:00:00+00:00,684.7,690.56,673.1,690.33,509752.0,22810.0,685.145443,698.9626666666667,47.22885176285705,9.77013945017427,15.764479781206283,-5.994340331032014
2022-04-26 04:00:00+00:00,683.01,692.51,673.89,674.82,534955.0,24369.0,679.717432,699.5763333333333,41.736065617221705,6.443883212666492,13.900360467498325,-7.456477254831833
2022-04-27 04:00:00+00:00,680.11,683.95,672.1,672.99,342222.0,19026.0,677.23389,699.8116666666667,41.128280816679414,3.6184245284348435,11.843973279685631,-8.225548751250788
2022-04-28 04:00:00+00:00,673.51,677.495,660.8216,675.58,554027.0,23812.0,671.093578,699.7316666666667,42.40661467889834,1.5701201515760204,9.78920265406371,-8.219082502487689
2022-04-29 04:00:00+00:00,673.95,676.64,655.9,659.11,672106.0,24256.0,662.399037,698.861,36.91699303535824,-1.3664159858668654,7.558078926077595,-8.92449491194446
2022-05-02 04:00:00+00:00,656.97,658.25,641.17,652.02,732003.0,27428.0,649.681915,697.7303333333333,34.82692120659135,-4.217133290292395,5.203036482803598,-9.420169773095992
2022-05-03 04:00:00+00:00,658.1,665.3,650.23,660.49,535143.0,24420.0,660.843833,696.64,39.25169349940462,-5.726873249141136,3.0170545364146513,-8.743927785555787
2022-05-04 04:00:00+00:00,661.3,666.25,636.8,660.86,993341.0,28889.0,653.078976,695.5806666666666,39.44510173555562,-6.814938763918349,1.0506558763480516,-7.8655946402664005
2022-05-05 04:00:00+00:00,659.99,660.87,630.03,639.37,731842.0,28312.0,640.073693,694.5856666666666,32.89447160909165,-9.304050620066619,-1.0202854229348826,-8.283765197131736
2022-05-06 04:00:00+00:00,639.04,639.04,622.06,623.05,767218.0,28373.0,626.003742,692.6953333333333,28.961032265297547,-12.450060756706193,-3.306240489689145,-9.143820267017048
2022-05-09 04:00:00+00:00,612.67,616.4903,597.76,599.77,675562.0,29925.0,604.674183,690.0200000000001,24.466636457811518,-16.630096496162196,-5.971011690983755,-10.659084805178441
2022-05-10 04:00:00+00:00,609.27,627.89,608.285,615.09,761321.0,33663.0,615.282162,687.4096666666667,31.95076129275671,-18.49342824079406,-8.475495000945816,-10.017933239848244
2022-05-11 04:00:00+00:00,610.37,624.83,604.7109,613.05,687342.0,26726.0,615.914664,684.5636666666667,31.50313858746611,-19.90528726304649,-10.76145345336595,-9.143833809680538
2022-05-12 04:00:00+00:00,606.79,634.19,606.77,633.96,783115.0,25336.0,625.316742,682.6163333333333,40.67718982925071,-19.116569548138273,-12.432476672320416,-6.684092875817857
2022-05-13 04:00:00+00:00,635.38,648.4826,629.08,645.52,599007.0,24586.0,641.723982,680.853,45.058270969733094,-17.35861043192085,-13.417703424240504,-3.940907007680348
2022-05-16 04:00:00+00:00,640.18,656.45,640.18,655.01,481746.0,19143.0,652.678572,679.5256666666666,48.42560926102353,-15.026436076685854,-13.739449954729574,-1.2869861219562804
2022-05-17 04:00:00+00:00,661.87,670.96,651.81,667.56,566422.0,23653.0,664.318289,678.4973333333332,52.56595654255126,-12.026852908605065,-13.396930545504674,1.3700776368996088
2022-05-18 04:00:00+00:00,664.1,672.54,655.25,659.85,435857.0,23540.0,663.956362,677.4433333333334,49.9148465896177,-10.154736718130266,-12.748491780029793,2.593755061899527
2022-05-19 04:00:00+00:00,660.35,660.6211,650.815,657.45,496267.0,25701.0,656.204382,675.7463333333333,49.084970503827314,-8.763708515130133,-11.951535127049862,3.1878266119197285
2022-05-20 04:00:00+00:00,661.29,664.9,647.54,661.14,534776.0,25833.0,657.217662,673.744,50.44903661547579,-7.2796413074789825,-11.017156363135687,3.7375150556567043
2022-05-23 04:00:00+00:00,671.61,686.32,668.5003,681.91,590698.0,25457.0,680.633343,671.8410000000001,57.371823866441325,-4.3770856170685875,-9.689142213922267,5.3120565968536795
2022-05-24 04:00:00+00:00,681.97,686.33,667.75,686.02,458632.0,22798.0,681.324012,670.6293333333332,58.604287885841316,-1.725258958005611,-8.096365562738935,6.371106604733324
2022-05-25 04:00:00+00:00,689.0,699.625,684.7,690.88,555608.0,25963.0,691.16848,669.7990000000001,60.07426165410016,0.7597363897846208,-6.325145172234224,7.084881562018845
2022-05-26 04:00:00+00:00,690.12,697.0051,682.9,683.44,522393.0,22243.0,686.082628,668.1839999999999,56.751834402255454,2.1045078287679644,-4.6392145720337865,6.743722400801751
2022-05-27 04:00:00+00:00,685.72,693.81,680.0,692.8,556300.0,20497.0,689.25843,666.8433333333335,59.766521340165674,3.8807873569883213,-2.935214186229365,6.816001543217686
2022-05-31 04:00:00+00:00,692.8,692.8,656.705,664.74,1677523.0,36097.0,666.697089,664.8946666666667,48.78717055275646,2.9898292966823874,-1.7502054896470147,4.740034786329402
2022-06-01 04:00:00+00:00,669.51,672.35,651.845,658.92,605074.0,25775.0,659.3221,662.9846666666667,46.86416913200633,1.7934395993296448,-1.041476471851683,2.8349160711813277
2022-06-02 04:00:00+00:00,655.02,655.02,617.21,630.7,1272285.0,47332.0,625.926517,660.0206666666668,38.864901106944515,-1.4155089054263499,-1.1162829585666163,-0.2992259468597336
2022-06-03 04:00:00+00:00,628.68,635.39,625.51,630.53,566686.0,29095.0,631.507265,657.5013333333334,38.82191156297761,-3.927072447267392,-1.6784408563067714,-2.2486315909606205
2022-06-06 04:00:00+00:00,625.48,627.0,599.68,609.03,936690.0,38747.0,609.207173,654.8663333333333,33.73900868819807,-7.565168413698075,-2.8557863677850324,-4.709382045913042
2022-06-07 04:00:00+00:00,605.45,616.68,603.23,613.98,512066.0,22160.0,611.015836,652.3213333333333,35.822395079581966,-9.934443961030524,-4.271517886434131,-5.662926074596394
2022-06-08 04:00:00+00:00,617.99,622.84,605.3297,607.76,564677.0,22266.0,612.052785,650.086,34.360419169762395,-12.173683276336192,-5.851950964414543,-6.321732311921648
2022-06-09 04:00:00+00:00,605.11,605.9,575.39,575.48,938198.0,35547.0,586.880671,646.8356666666666,27.978660939576443,-16.36438435497928,-7.954437642527491,-8.409946712451788
2022-06-10 04:00:00+00:00,570.96,577.81,566.77,571.81,834068.0,31758.0,571.742195,643.3766666666667,27.356560359200557,-19.75397198804751,-10.314344511631496,-9.439627476416014
2022-06-13 04:00:00+00:00,554.66,568.145,547.55,549.3,1047389.0,34492.0,552.845752,639.7163333333334,23.85327291566084,-23.980184840302627,-13.047512577365723,-10.932672262936904
2022-06-14 04:00:00+00:00,555.12,557.62,538.01,548.35,754777.0,27634.0,546.69342,636.2606666666667,23.715242547654256,-27.093825281923614,-15.856775118277302,-11.237050163646312
2022-06-15 04:00:00+00:00,554.03,570.455,552.36,561.19,753334.0,28624.0,561.287941,632.9506666666665,29.641359395640563,-28.20025212043663,-18.325470518709167,-9.874781601727463
2022-06-16 04:00:00+00:00,549.69,559.31,546.93,556.75,795978.0,29919.0,554.816028,629.4803333333333,28.807970454115562,-29.0999283942524,-20.480362093817817,-8.619566300434585
2022-06-17 04:00:00+00:00,565.61,585.52,561.71,580.95,1966620.0,44415.0,578.45012,627.5329999999999,38.8926110017098,-27.542695521666474,-21.89282877938755,-5.649866742278924
2022-06-21 04:00:00+00:00,583.44,600.05,583.44,587.67,715613.0,26539.0,589.288008,626.3536666666666,41.375990862323356,-25.472696028652877,-22.608802229240617,-2.86389379941226
2022-06-22 04:00:00+00:00,580.72,595.5633,580.72,586.84,536233.0,22621.0,589.497255,625.9226666666667,41.15353183057404,-23.626825246050544,-22.8124068326026,-0.8144184134479424
2022-06-23 04:00:00+00:00,589.98,609.09,589.98,607.39,680264.0,27383.0,601.393425,625.6659999999999,48.53186829921686,-20.27206237938435,-22.304337941958952,2.0322755625746005
2022-06-24 04:00:00+00:00,612.06,613.15,602.52,612.92,591028.0,23066.0,607.824053,625.6616666666666,50.33643898594744,-16.97152665901183,-21.237775685369527,4.266249026357698
2022-06-27 04:00:00+00:00,608.76,610.95,601.23,602.4,579885.0,21932.0,604.104849,624.6096666666667,46.96304522876532,-15.031431417591762,-19.996506831813974,4.965075414222213
2022-06-28 04:00:00+00:00,600.67,604.33,593.63,594.42,533681.0,21118.0,596.733826,622.9063333333332,44.525433452521014,-13.976696611150487,-18.79254478768128,4.815848176530793
2022-06-29 04:00:00+00:00,597.56,607.41,590.01,597.62,531415.0,18470.0,600.025981,620.9933333333335,45.74163831588895,-12.735788183184809,-17.581193466781986,4.845405283597177
2022-06-30 04:00:00+00:00,594.93,598.67,583.05,591.13,676285.0,24348.0,591.709976,618.4456666666666,43.65142483587026,-12.136150090810588,-16.492184791587707,4.356034700777119
2022-07-01 04:00:00+00:00,587.76,597.0,586.17,595.4,390111.0,16835.0,592.641937,616.2973333333333,45.418646754019825,-11.187417681220495,-15.431231369514265,4.24381368829377
2022-07-05 04:00:00+00:00,593.92,597.0,583.09,596.56,585968.0,23850.0,591.738583,614.2676666666667,45.9148968573587,-10.224081261385322,-14.389801347888477,4.165720086503155
2022-07-06 04:00:00+00:00,594.79,601.88,588.915,594.9,529986.0,25813.0,594.548899,612.0596666666665,45.280440524396006,-9.485238410957209,-13.408888760502224,3.9236503495450155
2022-07-07 04:00:00+00:00,598.01,609.65,596.0,607.45,527985.0,22803.0,605.056977,609.5776666666666,50.81406148122679,-7.797139443687911,-12.286538897139362,4.489399453451451
2022-07-08 04:00:00+00:00,605.58,624.48,604.12,621.57,586711.0,20907.0,618.837412,607.4293333333334,56.18296341619715,-5.259316726383531,-10.881094462988196,5.621777736604665
2022-07-11 04:00:00+00:00,615.55,620.64,613.695,614.46,432642.0,17716.0,616.202117,604.882,53.04322124237082,-3.778238338451388,-9.460523238080835,5.6822848996294475
2022-07-12 04:00:00+00:00,619.09,620.0,605.03,610.09,415303.0,19300.0,612.047807,602.4369999999999,51.15113411613554,-2.9233964295192436,-8.153097876368518,5.229701446849274
2022-07-13 04:00:00+00:00,597.938,613.819,597.85,602.02,433238.0,19159.0,605.432332,599.411,47.762861401829916,-2.864094119905644,-7.095297125075943,4.231203005170299
2022-07-14 04:00:00+00:00,595.99,605.74,583.11,598.86,539474.0,21488.0,597.376316,597.215,46.4649449151732,-3.03707271926919,-6.2836522439145925,3.2465795246454023
2022-07-15 04:00:00+00:00,601.29,607.7299,596.24,607.54,516347.0,19286.0,605.459787,595.5023333333334,50.4481580123323,-2.445565095189181,-5.51603481416951,3.0704697189803287
2022-07-18 04:00:00+00:00,605.0,608.41,582.73,586.7,562057.0,19587.0,590.883138,594.0356666666667,42.3088233191276,-3.6167136507368696,-5.1361705814829826,1.519456930746113
2022-07-19 04:00:00+00:00,594.58,597.57,588.0,595.73,552124.0,18250.0,594.462876,592.8756666666667,46.348098414731105,-3.772722192539277,-4.863480903694242,1.0907587111549653
2022-07-20 04:00:00+00:00,598.01,599.245,589.785,594.59,417246.0,16052.0,594.841882,592.3943333333334,45.91106645242263,-3.9428972928968733,-4.679364181534768,0.7364668886378949
2022-07-21 04:00:00+00:00,590.89,599.9718,585.36,592.44,638717.0,21070.0,591.982425,591.6763333333333,45.04832976766533,-4.202802032004456,-4.5840517516287065,0.38124971962425036
2022-07-22 04:00:00+00:00,593.6,602.7,580.79,586.11,429429.0,17733.0,587.499995,590.9546666666666,42.51521318009073,-4.863493186211144,-4.639940038545194,-0.22355314766595047
2022-07-25 04:00:00+00:00,580.0,588.2,575.395,587.28,452645.0,19176.0,582.728976,591.348,43.15151362401205,-5.2323709487810675,-4.758426220592368,-0.47394472818869904
2022-07-26 04:00:00+00:00,587.57,594.68,580.0,582.56,456210.0,18314.0,584.74127,591.7063333333334,41.17159294456851,-5.838273800380875,-4.97439573655007,-0.8638780638308052
2022-07-27 04:00:00+00:00,579.59,591.44,568.01,587.91,596321.0,25138.0,584.470613,592.9933333333333,44.29169071038511,-5.81967035020557,-5.14345065928117,-0.6762196909244
2022-07-28 04:00:00+00:00,588.89,592.03,563.82,582.37,581697.0,22749.0,580.245258,594.1273333333334,41.81832458241884,-6.180711289809437,-5.350902785386824,-0.8298085044226138
2022-07-29 04:00:00+00:00,584.95,585.15,574.46,581.69,681673.0,21479.0,579.500442,594.8106666666667,41.511900707192915,-6.447387680783322,-5.570199764466124,-0.8771879163171983
2022-08-01 04:00:00+00:00,581.53,586.895,573.53,576.68,512647.0,16388.0,579.382426,595.475,39.23103739099949,-6.98250579130945,-5.852660969834789,-1.129844821474661
2022-08-02 04:00:00+00:00,578.5,585.96,569.65,574.96,634758.0,22205.0,577.055371,595.2753333333334,38.44995317608505,-7.459393133843491,-6.174007402636529,-1.2853857312069623
2022-08-03 04:00:00+00:00,600.0,623.48,595.1582,608.77,1151852.0,31392.0,608.026404,595.9786666666666,56.69980457250624,-5.050921471910442,-5.949390216491312,0.8984687445808701
2022-08-04 04:00:00+00:00,602.65,623.35,602.65,614.96,699256.0,20195.0,616.031108,596.9159999999999,59.09133761563978,-2.6125927171548256,-5.282030716624015,2.6694379994691895
2022-08-05 04:00:00+00:00,613.47,621.63,606.96,613.61,566774.0,20352.0,613.225878,597.1233333333333,58.334608197870345,-0.7801403569656031,-4.381652644692333,3.60151228772673
2022-08-08 04:00:00+00:00,619.78,633.93,618.8707,630.63,715657.0,23216.0,628.93962,597.7136666666667,64.50598901808907,2.0221529777348906,-3.1008915202068885,5.123044497941779
2022-08-09 04:00:00+00:00,630.0,634.85,617.1,622.15,469058.0,17393.0,622.520356,598.372,59.756843214131585,3.5181702288224415,-1.7770791704010227,5.295249399223464
2022-08-10 04:00:00+00:00,630.0,645.95,624.78,641.49,682986.0,20250.0,636.712747,599.9410000000001,65.9194848821351,6.192962431482783,-0.1830708500242615,6.376033281507045
2022-08-11 04:00:00+00:00,638.63,643.98,622.3688,623.9,468887.0,16282.0,630.056649,600.8169999999999,57.321675631576746,6.814831394461862,1.2165095988729633,5.598321795588899
2022-08-12 04:00:00+00:00,628.87,632.57,622.305,628.71,351149.0,12347.0,628.453561,602.0696666666666,58.900292195207086,7.608092474921705,2.4948261740827116,5.113266300838993
2022-08-15 04:00:00+00:00,628.7,643.71,624.805,643.29,541765.0,17357.0,636.602315,603.6659999999999,63.328200765674985,9.305968335966668,3.857054606459503,5.448913729507165
2022-08-16 04:00:00+00:00,641.52,649.785,638.4601,648.7,607625.0,18582.0,646.845152,605.404,64.84180022700448,10.961728986802768,5.277989482528156,5.683739504274612
2022-08-17 04:00:00+00:00,640.84,652.52,635.74,636.34,413860.0,14644.0,640.674271,606.7853333333334,58.86408736176658,11.148074465528452,6.452006479128215,4.696067986400237
2022-08-18 04:00:00+00:00,636.11,636.11,622.73,624.83,447997.0,15490.0,626.852139,607.3646666666666,53.88248415254349,10.248851413640864,7.211375466030746,3.037475947610118
2022-08-19 04:00:00+00:00,620.94,624.46,616.16,618.36,477699.0,17257.0,619.871756,607.2576666666666,51.25656209362377,8.911410544912428,7.5513824818070825,1.3600280631053456
2022-08-22 04:00:00+00:00,616.35,620.45,608.31,612.1,534167.0,18989.0,612.457051,607.1790000000001,48.77955748989001,7.262630256935381,7.493632036832743,-0.23100177989736181
2022-08-23 04:00:00+00:00,610.53,612.17,600.54,602.53,406614.0,15481.0,604.549365,606.927,45.18462828693656,5.124667008441406,7.0198390311544765,-1.8951720227130702
2022-08-24 04:00:00+00:00,600.18,605.7278,597.0,602.79,386463.0,14207.0,602.596059,606.9526666666667,45.3025694767282,3.4119645543968318,6.298264135802948,-2.8862995814061163
2022-08-25 04:00:00+00:00,605.92,607.92,599.51,603.8,311272.0,13045.0,602.553133,607.1173333333334,45.7905147704991,2.1117906709785075,5.460969442838061,-3.3491787718595534
2022-08-26 04:00:00+00:00,603.8,609.85,595.49,596.18,516168.0,16279.0,599.125117,606.7386666666666,42.69588626179734,0.4612066805967743,4.4610168903898035,-3.9998102097930293
2022-08-29 04:00:00+00:00,592.36,599.73,587.4,592.77,373140.0,15824.0,594.133275,606.941,41.34914663748828,-1.109264613070991,3.346960589697645,-4.4562252027686355
2022-08-30 04:00:00+00:00,595.0,596.41,585.65,588.39,393919.0,17096.0,589.408121,606.6963333333333,39.620439942656034,-2.676451357533324,2.142278200251451,-4.818729557784775
2022-08-31 04:00:00+00:00,591.84,598.2407,579.75,581.06,785477.0,21635.0,584.427512,606.2453333333334,36.84431031049623,-4.458532694561882,0.8221160212887846,-5.280648715850666
2022-09-01 04:00:00+00:00,577.62,602.465,577.42,600.63,479648.0,18695.0,594.379215,606.5183333333333,47.434277622363204,-4.24280117577166,-0.19086741812330443,-4.051933757648356
2022-09-02 04:00:00+00:00,601.11,602.66,577.83,580.62,463840.0,20931.0,586.126848,606.3353333333332,40.041129556300476,-5.62166906075629,-1.2770277466499016,-4.344641314106388
2022-09-06 04:00:00+00:00,584.57,588.39,572.22,573.97,662885.0,21683.0,578.542825,605.8916666666667,37.92555517157255,-7.168398383057593,-2.4553018739314396,-4.713096509126153
2022-09-07 04:00:00+00:00,575.46,599.5,575.46,596.44,740784.0,21993.0,592.885037,606.3543333333333,47.93546342940381,-6.50605356852941,-3.265452212851034,-3.240601355678376
2022-09-08 04:00:00+00:00,686.99,718.96,652.64,708.85,3730286.0,80442.0,698.745594,610.3856666666667,72.13964665804045,3.054200101753736,-2.00152174993008,5.055721851683816
2022-09-09 04:00:00+00:00,711.73,754.67,707.25,724.32,2144709.0,56804.0,733.264665,615.1173333333334,73.93548841417481,11.743695711214741,0.747521742298884,10.996173968915857
2022-09-12 04:00:00+00:00,720.35,723.44,707.45,710.74,1063025.0,29029.0,714.153476,619.419,69.68890899706975,17.33456895838549,4.064931185516206,13.269637772869284
2022-09-13 04:00:00+00:00,700.0,714.39,695.11,701.39,1039695.0,30527.0,703.21965,623.5760000000001,66.8422597880753,20.771468864762824,7.406238721365529,13.365230143397294
2022-09-14 04:00:00+00:00,701.98,704.96,686.835,697.62,900799.0,25720.0,696.880618,627.6646666666667,65.67732881905148,22.92674407500408,10.51033979209324,12.41640428291084
2022-09-15 04:00:00+00:00,694.73,717.46,690.04,705.85,825992.0,22575.0,705.272123,630.9006666666666,67.02826261773453,25.01060078872581,13.410391991419756,11.600208797306054
2022-09-16 04:00:00+00:00,710.23,718.17,701.46,710.3,1186874.0,22855.0,709.210209,634.0786666666667,67.76701413275225,26.713216723536448,16.070956937843096,10.642259785693351
2022-09-19 04:00:00+00:00,703.93,718.05,683.93,715.34,826015.0,23680.0,707.761374,637.4696666666666,68.62445281047064,28.14480223686644,18.485725997647766,9.659076239218674
2022-09-20 04:00:00+00:00,711.27,716.01,694.5,704.22,769480.0,21214.0,701.875077,639.9226666666667,64.54480423415805,28.05861080443981,20.400302959006176,7.658307845433633
2022-09-21 04:00:00+00:00,700.91,709.59,684.34,684.63,664957.0,20488.0,694.195752,642.0053333333333,58.002849680001724,26.108590613171827,21.541960489839305,4.566630123332523
2022-09-22 04:00:00+00:00,681.36,698.5,678.015,688.26,770584.0,27061.0,689.036879,643.5643333333333,58.83543103239694,24.572835869435835,22.14813556575861,2.4247003036772234
2022-09-23 04:00:00+00:00,685.8,699.37,681.0,697.33,815878.0,28678.0,692.186237,646.0120000000001,60.92013893797372,23.813109664292824,22.481130385465455,1.3319792788273688
2022-09-26 04:00:00+00:00,696.22,697.105,683.06,686.1,698244.0,22212.0,688.438099,647.925,57.06659135394268,22.05066765554227,22.395037839480818,-0.34437018393854757
2022-09-27 04:00:00+00:00,686.36,700.48,686.36,695.01,663219.0,22662.0,695.916187,649.649,59.26808434855463,21.12931659278263,22.141893590141184,-1.012576997358554
2022-09-28 04:00:00+00:00,700.89,715.33,699.16,705.42,737635.0,23488.0,706.756932,651.5396666666667,61.73674587480658,20.997097764776868,21.912934425068322,-0.915836660291454
2022-09-29 04:00:00+00:00,704.83,706.585,686.91,691.82,770577.0,24611.0,691.769982,653.3889999999999,56.886036544543444,19.56932406460396,21.444212352975452,-1.8748882883714906
2022-09-30 04:00:00+00:00,694.4,702.375,685.97,688.87,799826.0,23766.0,692.353888,655.5236666666667,55.860771299201865,17.992358070854834,20.75384149655133,-2.761483425696497
2022-10-03 04:00:00+00:00,705.39,736.48,694.6403,735.13,1448996.0,38383.0,728.111753,659.4159999999999,66.1604455954976,20.242058696027243,20.651484936446515,-0.4094262404192719
2022-10-04 04:00:00+00:00,738.17,743.06,728.66,739.54,874943.0,26359.0,736.387124,663.664,66.95214384996696,22.125760796136433,20.9463401083845,1.1794206877519322
2022-10-05 04:00:00+00:00,738.2,749.0,728.13,745.68,569681.0,19374.0,740.63038,668.4356666666666,68.07214696982955,23.839250922476936,21.52492227120299,2.3143286512739465
2022-10-06 04:00:00+00:00,743.88,746.38,728.31,731.86,696700.0,20400.0,733.809872,672.7379999999999,62.90461903947447,23.807606424054484,21.98145910177329,1.8261473222811944
2022-10-07 04:00:00+00:00,731.66,732.69,720.14,722.37,670769.0,22493.0,724.669274,676.6903333333333,59.560989588138746,22.754464934702924,22.136060268359216,0.6184046663437073
2022-10-10 04:00:00+00:00,720.14,733.89,715.0757,730.92,481938.0,17345.0,727.544099,681.1816666666667,61.54425752974532,22.35209522156765,22.179267259000905,0.17282796256674615
2022-10-11 04:00:00+00:00,728.51,747.78,723.135,737.41,644476.0,23633.0,738.040144,686.003,63.02655069557902,22.299844361172973,22.203382679435318,0.09646168173765446
2022-10-12 04:00:00+00:00,738.51,747.765,727.2,728.06,507525.0,17862.0,733.34671,690.6586666666666,59.47005070597548,21.25890885104991,22.014487913758238,-0.7555790627083283
2022-10-13 04:00:00+00:00,712.37,754.0,709.07,752.56,953199.0,29372.0,743.132326,696.3753333333333,65.03733011910128,22.155510273591176,22.042692385724827,0.11281788786634905
2022-10-14 04:00:00+00:00,752.56,761.045,726.53,736.06,878908.0,26767.0,738.336581,700.8896666666667,59.144994237155856,21.28925201178049,21.89200431093596,-0.602752299155469
2022-10-17 04:00:00+00:00,734.0,739.95,728.42,735.96,627093.0,19485.0,734.859786,706.0676666666666,59.11004104933647,20.359969874900003,21.585597423728768,-1.225627548828765
2022-10-18 04:00:00+00:00,740.66,742.0,718.02,722.71,699586.0,26066.0,724.500398,711.0256666666667,54.51308727253306,18.342897318940686,20.937057402771153,-2.5941600838304666
2022-10-19 04:00:00+00:00,719.28,722.76,703.95,709.37,599569.0,22628.0,709.788276,714.7899999999998,50.27395864840616,15.489374406790944,19.847520803575115,-4.358146396784171
2022-10-20 04:00:00+00:00,709.46,713.16,702.44,705.89,480912.0,19142.0,707.072985,714.6913333333333,49.19912490642066,12.79958438266442,18.437933519392978,-5.638349136728557
2022-10-21 04:00:00+00:00,705.89,718.18,697.48,713.91,1224090.0,24768.0,712.197688,714.3443333333333,51.75886310851562,11.186106906409691,16.98756819679632,-5.80146129038663
2022-10-24 04:00:00+00:00,717.95,744.25,717.95,737.15,623862.0,23816.0,733.440616,715.2246666666666,58.313729418966446,11.648412508701199,15.919737059177297,-4.271324550476098
2022-10-25 04:00:00+00:00,736.55,751.0,731.4452,747.33,833945.0,26877.0,745.064489,716.756,60.82477252892199,12.689952083046933,15.273780063951225,-2.5838279809042923
2022-10-26 04:00:00+00:00,739.37,755.38,728.32,733.98,720868.0,28601.0,738.782066,717.9680000000001,56.05605268059517,12.296401013568016,14.678304253874584,-2.3819032403065687
2022-10-27 04:00:00+00:00,742.66,742.66,722.62,724.88,498542.0,20891.0,727.781912,718.6023333333334,53.0054433297926,11.122007429063729,13.967044888912415,-2.8450374598486867
2022-10-28 04:00:00+00:00,733.61,752.61,724.34,750.76,690158.0,26806.0,745.584961,719.9509999999999,59.71925483070653,12.13965339642857,13.601566590415647,-1.4619131939870762
2022-10-31 04:00:00+00:00,745.2,760.81,741.68,748.75,759437.0,24403.0,752.421821,721.0646666666667,59.01408498429118,12.638268859219579,13.408907044176434,-0.7706381849568551
2022-11-01 04:00:00+00:00,750.0,764.59,748.785,759.91,572951.0,21182.0,758.798778,722.921,61.71703340459949,13.775152553893804,13.482156146119909,0.29299640777389513
2022-11-02 04:00:00+00:00,755.94,757.53,740.0,740.48,726736.0,25815.0,746.414779,724.7826666666666,54.9254639492732,12.958920091841946,13.377508935264318,-0.4185888434223717
2022-11-03 04:00:00+00:00,726.07,742.57,702.07,738.68,725170.0,27748.0,730.935126,726.4633333333334,54.32900407062201,12.028151979501217,13.1076375441117,-1.0794855646104828
2022-11-04 04:00:00+00:00,725.18,741.06,710.62,740.21,748630.0,23915.0,730.46636,727.8926666666666,54.778531064836805,11.283896028470735,12.742889240983509,-1.4589932125127731
2022-11-07 05:00:00+00:00,735.99,755.99,735.79,750.93,598942.0,21243.0,748.691641,730.0536666666667,57.90486415546942,11.427354801555452,12.4797823530979,-1.052427551542447
2022-11-08 05:00:00+00:00,748.4,769.489,745.3,751.95,701137.0,28941.0,758.849524,731.9516666666666,58.20096991583374,11.490892532017142,12.282004388881749,-0.7911118568646067
2022-11-09 05:00:00+00:00,751.0,769.63,731.12,742.95,1256516.0,36631.0,751.896426,733.2026666666667,54.55450073448957,10.691773744977127,11.963958260100824,-1.2721845151236977
2022-11-10 05:00:00+00:00,758.73,760.0,734.66,741.08,844851.0,29023.0,742.994095,734.8446666666666,53.80025914982845,9.79466616259549,11.530099840599757,-1.7354336780042665
2022-11-11 05:00:00+00:00,736.0,737.43,706.75,734.45,951892.0,31311.0,725.610711,736.3639999999999,51.102644757197346,8.451295080528894,10.914338888585585,-2.4630438080566908
2022-11-14 05:00:00+00:00,737.88,755.0,737.0,742.01,727855.0,21702.0,745.473054,736.5933333333335,53.93876125604877,7.905562237536287,10.312583558375724,-2.407021320839437
2022-11-15 05:00:00+00:00,749.92,749.92,717.67,728.73,650358.0,21392.0,728.583669,736.2330000000001,48.60558613771708,6.328528674080189,9.515772581516618,-3.1872439074364287
2022-11-16 05:00:00+00:00,735.07,742.43,729.63,735.67,523527.0,16922.0,736.793169,735.8993333333333,51.31470913956203,5.574459316112097,8.727509928435714,-3.153050612323616
2022-11-17 05:00:00+00:00,733.74,742.215,726.04,739.08,538232.0,19479.0,735.455031,736.14,52.63582934677916,5.192160425212933,8.020440027791157,-2.828279602578224
2022-11-18 05:00:00+00:00,737.32,745.4,728.14,736.73,496643.0,15894.0,735.947073,736.6186666666667,51.59671161236824,4.6460041953037035,7.345552861293666,-2.699548665989963
2022-11-21 05:00:00+00:00,734.96,740.59,724.2401,738.98,447212.0,17712.0,736.431336,736.8873333333333,52.56233097699867,4.344645277907034,6.74537134461634,-2.400726066709306
2022-11-22 05:00:00+00:00,743.85,749.72,733.9,749.23,406266.0,16177.0,744.688942,737.2813333333332,56.791245239310314,4.876690054557457,6.371635086604565,-1.4949450320471076
2022-11-23 05:00:00+00:00,749.8,751.695,734.16,735.36,406233.0,15240.0,739.18214,737.5246666666667,50.26173915847904,4.131520690912453,5.923612207466143,-1.7920915165536906
2022-11-25 05:00:00+00:00,732.69,737.24,728.61,736.23,229209.0,9415.0,734.696589,736.9803333333333,50.64505527894349,3.5700173924337832,5.452893244459672,-1.8828758520258884
2022-11-28 05:00:00+00:00,740.0,750.9949,736.11,741.48,570688.0,21338.0,743.511016,737.161,52.99901063761831,3.5082126156491995,5.063957118697578,-1.5557445030483787
2022-11-29 05:00:00+00:00,739.9,740.0,727.0,736.08,515105.0,20029.0,732.780279,737.1650000000001,50.33953572310355,2.989041208018648,4.648973936561792,-1.6599327285431444
2022-11-30 05:00:00+00:00,737.89,756.0,729.42,751.7,1820480.0,31466.0,749.187077,738.1313333333334,57.05281603369859,3.7942597210371787,4.47803109345687,-0.6837713724196917
2022-12-01 05:00:00+00:00,756.19,768.295,752.405,761.24,670454.0,24097.0,760.00682,739.8603333333334,60.559661793211966,5.1429151403987134,4.611007902845239,0.5319072375534741
2022-12-02 05:00:00+00:00,752.52,769.0,752.0,766.39,441486.0,19800.0,762.348717,741.877,62.347072118956554,6.551771492999478,4.999160620876087,1.5526108721233909
2022-12-05 05:00:00+00:00,762.0,765.4888,749.58,755.45,531072.0,17353.0,756.318827,743.2616666666667,56.49037376352348,6.708205712353333,5.340969639171536,1.3672360731817967
2022-12-06 05:00:00+00:00,751.28,755.87,744.81,747.47,501985.0,19460.0,749.614556,743.6056666666667,52.608320554296526,6.117740149598035,5.496323741256837,0.6214164083411982
2022-12-07 05:00:00+00:00,745.47,767.74,745.47,764.27,565656.0,20449.0,761.903349,744.1703333333334,58.99677911469081,6.925577783911194,5.782174549787708,1.143403234123486
2022-12-08 05:00:00+00:00,758.08,779.0,758.08,765.42,588902.0,22939.0,770.331929,745.2183333333334,59.400230115167275,7.57131293576424,6.140002226983015,1.4313107087812256
2022-12-09 05:00:00+00:00,753.18,759.99,746.57,750.06,508512.0,23000.0,750.843103,746.0576666666667,52.035592426812514,6.765648875982492,6.26513155678291,0.5005173191995826
2022-12-12 05:00:00+00:00,730.17,744.935,728.0,742.48,843061.0,27416.0,737.839708,745.7816666666666,48.81886952955715,5.452656819162144,6.102636609258757,-0.6499797900966131
2022-12-13 05:00:00+00:00,749.1,753.94,739.02,747.56,669645.0,26817.0,747.951459,745.742,51.00484590951702,4.767062964739694,5.8355218803549445,-1.0684589156152509
2022-12-14 05:00:00+00:00,741.28,757.0,741.28,750.0,560001.0,19426.0,749.869408,745.4116666666666,52.06387839370194,4.3702351532721195,5.54246453493838,-1.1722293816662601
2022-12-15 05:00:00+00:00,748.17,748.17,728.08,731.27,622406.0,22139.0,733.014758,745.1046666666666,44.171144812558154,2.5153958690367517,4.937050801758054,-2.421654932721302
2022-12-16 05:00:00+00:00,721.8,732.48,720.575,723.17,1799046.0,32529.0,723.837447,744.5876666666667,41.258194540009605,0.38735488145584895,4.027111617697613,-3.6397567362417638
2022-12-19 05:00:00+00:00,720.99,726.1499,712.9953,721.1,502032.0,20288.0,720.678731,743.9506666666667,40.52272769962439,-1.4494562043292945,2.9317980532922316,-4.381254257621526
2022-12-20 05:00:00+00:00,725.24,738.29,722.96,733.53,551380.0,21750.0,731.406414,743.3706666666668,46.67034873145783,-1.8804682378723783,1.9693447950593097,-3.8498130329316878
2022-12-21 05:00:00+00:00,734.98,754.86,733.2,736.19,532529.0,19969.0,741.598743,742.8453333333333,47.911132633111464,-1.9845321588776415,1.1785694042719195,-3.163101563149561
2022-12-22 05:00:00+00:00,736.08,736.495,726.05,733.62,506290.0,19216.0,732.708677,742.5343333333333,46.77870165733688,-2.248462214834717,0.4931630804505922,-2.741625295285309
2022-12-23 05:00:00+00:00,733.96,735.6,718.36,726.74,358582.0,16125.0,725.783171,742.0563333333334,43.794456860702,-2.978453430016657,-0.20116022164285763,-2.7772932083737993
2022-12-27 05:00:00+00:00,726.44,727.46,708.26,711.35,548645.0,16405.0,713.10046,741.2863333333333,37.960618098811025,-4.744133687723092,-1.1097549148589048,-3.6343787728641876
2022-12-28 05:00:00+00:00,710.51,717.94,707.87,713.03,359536.0,14361.0,713.442452,740.3203333333332,38.91717267416206,-5.939420115410826,-2.075687954969289,-3.863732160441537
2022-12-29 05:00:00+00:00,717.0,728.09,710.28,721.29,432117.0,15216.0,722.087733,740.0723333333333,43.5275293788494,-6.149295007583078,-2.8904093654920464,-3.2588856420910313
2022-12-30 05:00:00+00:00,721.16,722.16,710.245,721.49,363972.0,14973.0,717.759911,739.5996666666667,43.63845526747302,-6.227695051221303,-3.557866502637898,-2.6698285485834052
2023-01-03 05:00:00+00:00,721.86,732.43,719.3521,720.47,508074.0,17106.0,723.471574,738.9793333333332,43.17269742957695,-6.2995162244283165,-4.106196446995982,-2.1933197774323343
2023-01-04 05:00:00+00:00,728.19,731.8115,719.165,726.49,516145.0,16400.0,725.630113,738.638,46.78283335974202,-5.803769095465896,-4.4457109766899645,-1.358058118775931
2023-01-05 05:00:00+00:00,724.69,730.56,718.75,723.76,499943.0,17588.0,725.322636,738.1306666666666,45.375054272952674,-5.567001184222249,-4.669969018196422,-0.8970321660258271
2023-01-06 05:00:00+00:00,730.74,747.7,721.7919,737.15,602435.0,19917.0,739.318692,737.728,52.86671812152063,-4.249909502373498,-4.585957115031838,0.3360476126583398
2023-01-09 05:00:00+00:00,693.13,708.21,668.0,682.5631,1254882.0,38699.0,687.620221,735.9681033333333,32.99806935317372,-7.524078589217197,-5.17358140986891,-2.350497179348287
