timestamp,open,high,low,close,volume,trade_count,vwap,30sma,rsi,macd,signal,histogram
2022-01-03 05:00:00+00:00,106.14,106.55,100.25,102.72,8355121.0,110113.0,103.044074,,,,,
2022-01-04 05:00:00+00:00,102.99,106.8,99.0137,101.39,12151989.0,122683.0,102.248932,,,,,
2022-01-05 05:00:00+00:00,98.33,99.215,89.28,90.0,18570034.0,276881.0,93.492814,,,,,
2022-01-06 05:00:00+00:00,91.88,92.03,75.13,87.33,39820619.0,438887.0,83.103992,,,,,
2022-01-07 05:00:00+00:00,87.02,89.2699,81.6214,86.28,17516351.0,189711.0,85.824901,,,,,
2022-01-10 05:00:00+00:00,83.5201,83.75,77.65,81.44,17276462.0,211165.0,80.167765,,,,,
2022-01-11 05:00:00+00:00,78.94,86.5799,78.12,83.55,19970628.0,191777.0,83.4712,,,,,
2022-01-12 05:00:00+00:00,84.9,88.07,82.63,86.48,14419992.0,156700.0,85.590079,,,,,
2022-01-13 05:00:00+00:00,86.9404,86.9404,79.89,80.31,13669542.0,155943.0,82.743063,,,,,
2022-01-14 05:00:00+00:00,79.57,81.69,77.01,79.95,15831404.0,167094.0,79.245363,,,,,
2022-01-18 05:00:00+00:00,77.525,77.84,72.8554,73.16,16815403.0,199661.0,74.902594,,,,,
2022-01-19 05:00:00+00:00,74.82,76.32,68.95,69.4,15055260.0,177969.0,71.447885,,,,,
2022-01-20 05:00:00+00:00,70.8581,72.0799,64.81,65.02,18625021.0,214813.0,68.138373,,,,,
2022-01-21 05:00:00+00:00,63.865,67.16,60.51,64.51,19262528.0,184552.0,64.300959,,,,,
2022-01-24 05:00:00+00:00,60.11,64.2,55.1,63.9,23924659.0,247080.0,58.788532,,10.306748466257687,,,
2022-01-25 05:00:00+00:00,61.1053,61.93,58.0,59.61,16549539.0,169322.0,59.81679,,9.417040358744401,,,
2022-01-26 05:00:00+00:00,62.35,68.07,59.01,60.27,23476570.0,227118.0,63.237428,,10.694291843248067,,,
2022-01-27 05:00:00+00:00,61.33,61.7,53.331,53.94,23366156.0,244801.0,55.754432,,9.334792406962109,,,
2022-01-28 05:00:00+00:00,53.6,57.3,50.0,57.12,23949770.0,234488.0,53.883005,,15.169098065689823,,,
2022-01-31 05:00:00+00:00,58.65,65.93,57.92,65.74,18679734.0,201691.0,62.862217,,28.58455562931546,,,
2022-02-01 05:00:00+00:00,67.28,71.46,62.35,69.62,24467678.0,223130.0,67.697401,,33.66936529916268,,,
2022-02-02 05:00:00+00:00,69.39,69.9,63.55,64.32,15606569.0,151525.0,65.935909,,30.4771928228118,,,
2022-02-03 05:00:00+00:00,60.7674,63.9193,59.0,60.36,19765912.0,188131.0,60.65253,,28.31695313409655,,,
2022-02-04 05:00:00+00:00,62.065,62.78,59.11,60.87,14580772.0,133721.0,61.228645,,29.01479097717899,,,
2022-02-07 05:00:00+00:00,60.8753,63.83,57.52,58.36,14774420.0,145043.0,59.720588,,27.591163679587467,,,
2022-02-08 05:00:00+00:00,58.08,61.54,56.44,60.95,12072678.0,110616.0,59.376554,,31.33505033858485,-8.873013311029858,,
2022-02-09 05:00:00+00:00,61.86,65.12,60.75,64.53,13243515.0,126010.0,63.305262,,36.24223241938563,-8.148626866948561,,
2022-02-10 05:00:00+00:00,61.4205,68.98,60.66,64.72,17414299.0,145720.0,65.611795,,36.50159965251732,-7.4730690903384485,,
2022-02-11 05:00:00+00:00,64.5,66.3999,57.7,58.85,14900505.0,163351.0,60.778685,,32.15014796074989,-7.326884859771113,,
2022-02-14 05:00:00+00:00,60.36,66.3999,59.9,62.65,26309456.0,222667.0,63.636369,71.24499999999999,37.35644390355905,-6.8257218887024464,,
2022-02-15 05:00:00+00:00,65.8,67.18,63.88,66.29,16110699.0,149909.0,65.529919,70.03066666666668,41.95132941507152,-6.064916462495347,,
2022-02-16 05:00:00+00:00,65.37,66.43,63.34,66.25,12587106.0,104968.0,64.981744,68.85933333333334,41.91494541136255,-5.402918861193534,,
2022-02-17 05:00:00+00:00,64.685,71.5,64.13,64.74,22277518.0,192894.0,68.255273,68.01733333333333,40.48741157433033,-4.9431438873964595,,
2022-02-18 05:00:00+00:00,65.7725,66.8999,63.0101,66.37,14810843.0,127394.0,65.393743,67.31866666666666,42.753926335620015,-4.396560715476852,-6.606095104816958,2.2095343893401056
2022-02-22 05:00:00+00:00,65.25,69.1,59.76,62.39,22367342.0,208585.0,63.451618,66.52233333333334,38.862078206346055,-4.235715658098513,-6.132019215473269,1.8963035573747558
2022-02-23 05:00:00+00:00,63.427,63.5,57.05,57.53,22637048.0,199623.0,58.868263,65.72533333333334,34.70737907073428,-4.449119494533157,-5.795439271285248,1.3463197767520905
2022-02-24 05:00:00+00:00,54.24,64.43,53.5,63.71,24082217.0,192295.0,59.172938,65.06400000000001,43.0456725249275,-4.072622563027153,-5.450875929633629,1.3782533666064758
2022-02-25 05:00:00+00:00,63.35,63.99,60.81,63.43,13138976.0,107369.0,62.649887,64.29566666666666,42.77911002163604,-3.7535708638355416,-5.111414916474011,1.3578440526384696
2022-02-28 05:00:00+00:00,63.49,68.15,62.4,67.56,18791353.0,148293.0,66.067437,63.870666666666665,47.90363577127104,-3.1313671580434175,-4.715405364787893,1.5840382067444754
2022-03-01 05:00:00+00:00,65.42,66.54,60.8,61.91,16727323.0,167627.0,62.736261,63.26933333333333,42.31987813516345,-3.0589127770604847,-4.384106847242411,1.3251940701819267
2022-03-02 05:00:00+00:00,59.135,59.14,53.3,53.56,36114541.0,419247.0,54.943303,62.616,35.697440562961944,-3.633383985383716,-4.233962274870673,0.6005782894869567
2022-03-03 05:00:00+00:00,54.36,56.0,50.02,50.91,28224117.0,317322.0,51.77263,61.99966666666667,33.88515344648184,-4.253458191501537,-4.2378614581968455,-0.015596733304691135
2022-03-04 05:00:00+00:00,51.01,51.41,46.66,47.39,23817711.0,283277.0,48.445176,61.412000000000006,31.5909393860654,-4.971596578727727,-4.384608482303022,-0.5869880964247054
2022-03-07 05:00:00+00:00,48.0,49.44,42.28,42.43,22609493.0,251663.0,45.135022,60.676,28.647624098129768,-5.873253758705765,-4.682337537583571,-1.190916221122194
2022-03-08 05:00:00+00:00,41.85,45.06,39.86,42.19,24489448.0,236364.0,42.769231,59.95233333333333,28.509212109081474,-6.531893956595049,-5.0522488213858665,-1.4796451352091822
2022-03-09 05:00:00+00:00,43.39,46.25,42.69,43.95,15389145.0,147278.0,44.588496,59.43033333333334,31.136806748903467,-6.8330862032992385,-5.408416297768541,-1.4246699055306973
2022-03-10 05:00:00+00:00,44.105,44.19,39.77,41.16,31274688.0,315289.0,40.151404,58.79333333333333,29.298452573000418,-7.213757209084008,-5.769484480031634,-1.4442727290523738
2022-03-11 05:00:00+00:00,38.32,41.0,37.5,38.05,42369544.0,397027.0,38.572149,58.26366666666667,27.359345928609173,-7.677886832316133,-6.151164950488535,-1.5267218818275987
2022-03-14 04:00:00+00:00,37.74,37.74,34.9,35.83,20475190.0,213651.0,35.852124,57.553999999999995,26.034737589922813,-8.131117883767907,-6.547155537144409,-1.5839623466234976
2022-03-15 04:00:00+00:00,35.67,37.32,33.46,37.0,19480450.0,173417.0,35.582272,56.596000000000004,28.01286488219047,-8.300217791500572,-6.897767988015642,-1.40244980348493
2022-03-16 04:00:00+00:00,38.5,42.0998,37.65,41.58,23492063.0,188104.0,40.278282,55.66133333333333,35.30661088684778,-7.972757972299661,-7.112765984872445,-0.8599919874272155
2022-03-17 04:00:00+00:00,40.84,42.75,38.52,42.13,17043509.0,155161.0,40.758374,54.92166666666667,36.14333802071683,-7.581468849309779,-7.206506557759912,-0.37496229154986693
2022-03-18 04:00:00+00:00,42.61,45.7,42.3317,45.6,19612134.0,158731.0,44.564944,54.42966666666666,41.301581288462124,-6.91169567489537,-7.1475443811870045,0.2358487062916348
2022-03-21 04:00:00+00:00,45.64,46.55,42.31,43.56,13086952.0,137589.0,43.926913,53.852666666666664,39.29209006267031,-6.470913892378157,-7.012218283425236,0.5413043910470794
2022-03-22 04:00:00+00:00,43.65,48.3,43.13,46.93,13045119.0,121144.0,46.313382,53.471666666666664,44.12820358338258,-5.782997522686571,-6.766374131277503,0.9833766085909321
2022-03-23 04:00:00+00:00,46.47,48.0,44.63,45.87,11974165.0,111229.0,46.295049,52.96900000000001,42.96872086845141,-5.262687004863402,-6.465636705994683,1.2029497011312813
2022-03-24 04:00:00+00:00,46.25,48.7,44.6,48.66,12695006.0,118239.0,46.888726,52.43999999999999,46.92189937531823,-4.572498570616034,-6.087009078918954,1.5145105083029202
2022-03-25 04:00:00+00:00,48.87,49.1,45.23,46.16,10736503.0,115774.0,46.660808,51.821333333333335,43.98011928184677,-4.179074599959364,-5.705422183127037,1.5263475831676727
2022-03-28 04:00:00+00:00,46.835,48.1645,44.0,45.98,21069972.0,208399.0,45.697848,51.39233333333333,43.76735335182777,-3.837570638904033,-5.331851874282436,1.494281235378403
2022-03-29 04:00:00+00:00,47.36,54.83,46.61,53.88,26353155.0,232165.0,51.263209,51.1,54.2324377201321,-2.8960781265227453,-4.844697124730498,1.9486189982077526
2022-03-30 04:00:00+00:00,52.735,56.7599,51.81,52.01,20271746.0,169513.0,53.75839,50.623999999999995,51.77612880752336,-2.2746115925884354,-4.330680018302085,2.05606842571365
2022-03-31 04:00:00+00:00,51.895,51.93,49.55,50.24,12723935.0,116057.0,50.519892,50.09033333333333,49.491222569813594,-1.9029826945762167,-3.8451405535569116,1.942157858980695
2022-04-01 04:00:00+00:00,50.18,50.26,46.21,46.44,15223540.0,145014.0,47.476293,49.48033333333333,44.909085922946105,-1.893267943203945,-3.4547660314863182,1.5614980882823732
2022-04-04 04:00:00+00:00,46.8,47.6954,45.65,46.53,15534233.0,132962.0,46.768657,48.818999999999996,45.03887527429536,-1.8569014805253445,-3.1351931212941233,1.2782916407687788
2022-04-05 04:00:00+00:00,46.53,46.88,41.89,42.19,19553907.0,206787.0,43.394311,48.14566666666666,40.12921289163735,-2.1534587934634644,-2.938846255727992,0.7853874622645276
2022-04-06 04:00:00+00:00,43.3,43.35,39.571,40.06,21594319.0,200653.0,40.811819,47.563333333333325,37.94310535788959,-2.531177955526516,-2.857312595687697,0.32613464016118066
2022-04-07 04:00:00+00:00,40.36,40.5,37.6,39.92,18811034.0,190071.0,39.136448,46.77033333333333,37.79735641249611,-2.8094345302992636,-2.8477369826100105,0.038302452310746915
2022-04-08 04:00:00+00:00,39.49,41.0411,38.3085,38.73,10168962.0,96759.0,39.483598,45.947,36.51346239479087,-3.090354245231758,-2.8962604351343604,-0.19409381009739768
2022-04-11 04:00:00+00:00,37.84,41.94,37.15,39.5,14190618.0,127015.0,39.957517,45.01166666666666,37.98143486379161,-3.213805825361412,-2.959769513179771,-0.2540363121816407
2022-04-12 04:00:00+00:00,40.23,41.99,37.67,38.15,14210678.0,145615.0,39.629617,44.21966666666666,36.39260589583828,-3.3815948887067435,-3.044134588285166,-0.3374603004215775
2022-04-13 04:00:00+00:00,38.305,41.27,37.31,41.15,14040827.0,119377.0,39.975468,43.806000000000004,42.18088411896492,-3.235200623365266,-3.082347795301186,-0.15285282806407974
2022-04-14 04:00:00+00:00,40.25,41.9,40.21,40.59,9195744.0,91860.0,40.968982,43.461999999999996,41.42311653876203,-3.128308243130597,-3.0915398848670685,-0.03676835826352853
2022-04-18 04:00:00+00:00,40.02,40.64,37.32,38.23,12825266.0,119327.0,38.307357,43.15666666666666,38.30040167546902,-3.1971725236518083,-3.1126664126240167,-0.0845061110277916
2022-04-19 04:00:00+00:00,38.129,39.77,36.66,39.15,11347132.0,107289.0,38.683229,43.047333333333334,40.19318432857914,-3.1413006918817885,-3.118393268475571,-0.022907423406217653
2022-04-20 04:00:00+00:00,38.97,39.45,36.12,36.23,12594571.0,138473.0,37.010487,42.84866666666667,36.37862480952398,-3.294662639163043,-3.1536471426130657,-0.14101549654997747
2022-04-21 04:00:00+00:00,37.19,37.99,33.38,33.76,21498102.0,222178.0,34.591084,42.509,33.48378024941643,-3.5743090350197164,-3.237779521094396,-0.3365295139253206
2022-04-22 04:00:00+00:00,33.78,34.6736,32.4,33.61,12646260.0,133834.0,33.336272,42.257333333333335,33.31042454846893,-3.7646381595795617,-3.343151248791429,-0.4214869107881327
2022-04-25 04:00:00+00:00,33.37,34.85,33.05,33.9,12413423.0,123576.0,33.93446,42.119,34.02163254798208,-3.847720657060016,-3.444065130445147,-0.40365552661486914
2022-04-26 04:00:00+00:00,33.51,33.8,30.58,30.68,18789055.0,203618.0,31.492838,41.94733333333333,30.17383865449969,-4.1258312102762105,-3.58041834641136,-0.5454128638648506
2022-04-27 04:00:00+00:00,31.92,32.83,30.75,31.21,14861382.0,147578.0,31.433582,41.75433333333333,31.54617031433986,-4.254426872080614,-3.715220051545211,-0.5392068205354033
2022-04-28 04:00:00+00:00,31.57,32.335,29.44,32.18,17370435.0,156463.0,30.868318,41.441,34.098952615317344,-4.229316044467765,-3.8180392501297225,-0.4112767943380429
2022-04-29 04:00:00+00:00,32.27,33.7799,30.1,30.24,12839340.0,105008.0,31.561694,41.044666666666664,31.563714175109027,-4.316202820047813,-3.917671964113341,-0.39853085593447224
2022-05-02 04:00:00+00:00,29.94,31.88,29.32,31.74,13836182.0,105655.0,30.946326,40.58266666666667,35.55351503287477,-4.215430888436195,-3.977223748977912,-0.2382071394582832
2022-05-03 04:00:00+00:00,31.45,33.63,31.12,31.99,14714100.0,118874.0,32.201408,40.197,36.22090028512326,-4.068496401977676,-3.995478279577865,-0.07301812239981054
2022-05-04 04:00:00+00:00,31.6,34.275,30.55,33.92,15936599.0,118820.0,32.105963,39.763333333333335,41.27669942234703,-3.7530520447582916,-3.9469930326139506,0.19394098785565905
2022-05-05 04:00:00+00:00,33.05,33.27,30.08,30.71,15796263.0,142995.0,30.815815,39.258,36.14468076081309,-3.71920758203931,-3.9014359424990226,0.18222836045971258
2022-05-06 04:00:00+00:00,30.87,31.045,28.71,28.79,20605146.0,187937.0,29.62788,38.59566666666667,33.464589139137786,-3.803469526267577,-3.881842659252734,0.07837313298515713
2022-05-09 04:00:00+00:00,25.0,25.829,22.45,22.78,83489052.0,527014.0,23.973025,37.81633333333333,26.772618535503938,-4.305572536403485,-3.9665886346828847,-0.3389839017206002
2022-05-10 04:00:00+00:00,23.87,24.4,21.0,22.79,33179933.0,251426.0,22.539543,37.04333333333333,26.79884843652556,-4.64909401116633,-4.1030897099795745,-0.5460043011867555
2022-05-11 04:00:00+00:00,22.9051,23.5,19.25,20.6,52902207.0,344868.0,20.99677,35.934,24.711251343038768,-5.039954494115392,-4.2904626668067385,-0.7494918273086535
2022-05-12 04:00:00+00:00,22.19,26.7,21.68,24.3,73734368.0,514037.0,24.186612,35.01033333333334,34.05751734802598,-4.99359214321661,-4.431088562088712,-0.5625035811278973
2022-05-13 04:00:00+00:00,26.97,27.98,26.17,26.7,42179483.0,275549.0,26.857142,34.22566666666667,39.319522277813725,-4.708908339598288,-4.4866525175906276,-0.2222558220076607
2022-05-16 04:00:00+00:00,26.47,26.9988,24.33,24.87,31632987.0,236269.0,25.435067,33.50666666666667,36.90153025172207,-4.5781856063976285,-4.504959135352028,-0.07322647104560076
2022-05-17 04:00:00+00:00,25.85,27.87,25.719,27.5,26614850.0,196159.0,26.763,32.87233333333334,42.38518548218235,-4.213793885441017,-4.446726085369826,0.23293219992880854
2022-05-18 04:00:00+00:00,27.165,29.22,26.31,27.29,26737076.0,187765.0,27.736041,32.37566666666667,42.070787186748866,-3.897033489985649,-4.3367875662929904,0.43975407630734153
2022-05-19 04:00:00+00:00,27.825,30.41,27.45,29.61,29249167.0,215236.0,29.375655,32.02733333333334,46.768516988279345,-3.4193775278484217,-4.153305558604076,0.7339280307556546
2022-05-20 04:00:00+00:00,30.3,30.65,27.28,28.92,22662016.0,177896.0,28.606339,31.660666666666664,45.584512069353,-3.061221118449186,-3.9348886705730988,0.8736675521239126
2022-05-23 04:00:00+00:00,28.61,28.61,26.7,27.99,21472527.0,156371.0,27.499619,31.302666666666664,43.968803255269194,-2.8199165684247234,-3.711894250143424,0.8919776817187004
2022-05-24 04:00:00+00:00,27.385,27.5,25.54,26.53,19024890.0,135825.0,26.342829,30.87033333333333,41.48297959627495,-2.715191732155702,-3.5125537465458794,0.7973620143901772
2022-05-25 04:00:00+00:00,26.39,27.725,25.72,27.25,15655359.0,109371.0,27.019831,30.506999999999998,43.18876436130573,-2.5447641056525576,-3.318995818367215,0.7742317127146574
2022-05-26 04:00:00+00:00,27.23,29.92,27.081,29.23,14509606.0,126382.0,29.186309,30.109666666666666,47.70349715849938,-2.224289308755189,-3.10005451644481,0.875765207689621
2022-05-27 04:00:00+00:00,29.59,31.8214,29.58,30.96,17446130.0,145884.0,30.974847,29.788666666666664,51.341960623327324,-1.8098513418554845,-2.842013881526945,1.0321625396714604
2022-05-31 04:00:00+00:00,32.345,32.6,30.09,31.4,21231821.0,154904.0,31.474467,29.560999999999996,52.251859420923985,-1.4294244294200382,-2.559495991105564,1.1300715616855257
2022-06-01 04:00:00+00:00,31.65,32.22,29.95,30.25,13476146.0,115322.0,30.86731,29.264333333333333,49.6391410968766,-1.2068173107948894,-2.2889602550434294,1.08214294424854
2022-06-02 04:00:00+00:00,29.39,32.79,29.16,31.94,15210955.0,136369.0,31.640922,29.121333333333332,53.332164401985,-0.8838423054812274,-2.0079366651309893,1.124094359649762
2022-06-03 04:00:00+00:00,30.85,31.46,29.8768,30.17,13212643.0,129070.0,30.406835,29.001666666666665,49.258013952872886,-0.7619235143610474,-1.7587340349770009,0.9968105206159534
2022-06-06 04:00:00+00:00,30.85,31.0,28.675,28.98,14597577.0,134893.0,29.595468,28.847333333333335,46.676330799861674,-0.7526489798439719,-1.557517023950395,0.8048680441064231
2022-06-07 04:00:00+00:00,28.6,29.76,27.4,29.72,17501643.0,149189.0,28.504069,28.708000000000002,48.48447722226834,-0.6777740712639968,-1.3815684334131155,0.7037943621491187
2022-06-08 04:00:00+00:00,29.69,31.42,29.63,29.8,12610884.0,117369.0,30.383011,28.67866666666667,48.68705112496191,-0.60500570617981,-1.2262558879664545,0.6212501817866445
2022-06-09 04:00:00+00:00,29.5,30.21,28.73,28.87,10752837.0,92979.0,29.419504,28.600666666666665,46.40268285358432,-0.6152868365989903,-1.1040620776929617,0.4887752410939714
2022-06-10 04:00:00+00:00,28.33,29.64,27.71,28.36,14294621.0,127158.0,28.379218,28.473333333333336,45.1515673945294,-0.6570137981912296,-1.0146524217926154,0.35763862360138576
2022-06-13 04:00:00+00:00,27.16,27.87,26.3713,26.85,18650656.0,174758.0,26.869007,28.360333333333337,41.577186336079095,-0.8026743658410922,-0.9722568106023108,0.16958244476121864
2022-06-14 04:00:00+00:00,26.69,28.68,26.0257,27.3,16103416.0,147615.0,27.557509,28.212333333333333,43.02473971266308,-0.8717511710842523,-0.9521556826986992,0.08040451161444695
2022-06-15 04:00:00+00:00,27.18,29.56,27.14,29.08,18249202.0,138003.0,28.742372,28.115333333333336,48.46417169311571,-0.7739423869176747,-0.9165130235424944,0.14257063662481972
2022-06-16 04:00:00+00:00,27.95,28.9,25.8,26.42,22022050.0,170165.0,26.711398,27.865333333333336,42.0096686979035,-0.9006854490445093,-0.9133475086428975,0.012662059598388176
2022-06-17 04:00:00+00:00,26.545,27.17,25.59,26.24,19305801.0,135954.0,26.276001,27.716333333333335,41.60586331688269,-1.0040803216618954,-0.9314940712466971,-0.07258625041519828
2022-06-21 04:00:00+00:00,26.98,30.36,26.98,29.07,25614885.0,174362.0,29.418021,27.72566666666667,49.77929220447047,-0.8478902039500227,-0.9147732977873624,0.0668830938373397
2022-06-22 04:00:00+00:00,28.35,29.98,28.23,28.56,16140726.0,109463.0,28.897055,27.918333333333333,48.462818648492075,-0.7565402233615188,-0.8831266829021936,0.12658645954067482
2022-06-23 04:00:00+00:00,28.83,29.65,27.79,29.47,14158361.0,123539.0,28.895392,28.141000000000002,50.95518796841624,-0.6037555921498807,-0.8272524647517312,0.22349687260185047
2022-06-24 04:00:00+00:00,29.68,30.7,28.86,29.5,21880533.0,137398.0,29.586528,28.437666666666665,51.03925086179586,-0.47477896550658016,-0.7567577649027011,0.2819787993961209
2022-06-27 04:00:00+00:00,29.57,30.15,28.01,28.44,11861412.0,105096.0,28.717755,28.575666666666667,47.91428305472431,-0.45287671995405887,-0.6959815559129727,0.24310483595891386
2022-06-28 04:00:00+00:00,28.11,28.815,26.861,26.99,14399380.0,104515.0,27.538946,28.58533333333333,43.95014819711099,-0.5462253683678497,-0.6660303184039481,0.11980495003609837
2022-06-29 04:00:00+00:00,26.53,26.98,25.66,26.27,10817084.0,93574.0,26.14553,28.631999999999998,42.08809586719227,-0.6705728807334381,-0.6669388308698462,-0.0036340498635919483
2022-06-30 04:00:00+00:00,25.93,26.43,24.83,25.74,11626288.0,110555.0,25.732269,28.57333333333333,40.72045455207134,-0.8026334914958362,-0.6940777629950442,-0.10855572850079198
2022-07-01 04:00:00+00:00,25.91,26.78,25.295,25.7,8544250.0,87074.0,25.794368,28.520333333333333,40.613191818335096,-0.9001438447541759,-0.7352909793468706,-0.16485286540730526
2022-07-05 04:00:00+00:00,25.18,26.94,24.48,26.86,10470073.0,102138.0,25.839351,28.42866666666667,45.12733162241454,-0.8737471831217754,-0.7629822201018516,-0.11076496301992378
2022-07-06 04:00:00+00:00,28.0,30.6,28.0,29.66,36729416.0,286677.0,29.612202,28.453333333333333,54.18083933293723,-0.6197469817502714,-0.7343351724315356,0.11458819068126413
2022-07-07 04:00:00+00:00,30.0,31.77,29.66,31.63,25560928.0,181441.0,30.897279,28.574666666666666,59.272312152050795,-0.25653033416005755,-0.63877420477724,0.38224387061718246
2022-07-08 04:00:00+00:00,31.425,33.2,30.56,31.99,20009724.0,164346.0,32.142734,28.756666666666668,60.14390175106621,0.05968248471159043,-0.49908286687947395,0.5587653515910644
2022-07-11 04:00:00+00:00,32.35,32.7,29.47,29.93,18230446.0,150978.0,30.344858,28.846,53.13639145912099,0.14241694411574457,-0.37078290468043024,0.5131998487961749
2022-07-12 04:00:00+00:00,29.73,30.59,28.95,30.15,15861804.0,123306.0,29.848097,28.87666666666667,53.7560707987096,0.22316426194958794,-0.2519934713544266,0.47515773330401456
2022-07-13 04:00:00+00:00,29.5,31.37,29.31,30.76,12542885.0,106877.0,30.442724,28.87,55.51261859269921,0.33254561624163514,-0.1350856538352143,0.46763127007684946
2022-07-14 04:00:00+00:00,30.54,30.96,29.4,30.83,10947209.0,89246.0,30.305692,28.851,55.72047388947079,0.4200376104449006,-0.02406100097919131,0.4440986114240919
2022-07-15 04:00:00+00:00,31.07,31.63,29.91,31.6,13762650.0,102321.0,30.875951,28.896,58.042723563119026,0.5452232171802791,0.08979584265270278,0.4554273745275763
2022-07-18 04:00:00+00:00,32.45,33.58,31.7,31.8,13577026.0,121931.0,32.819221,28.891333333333332,58.649337483635556,0.6530441544552339,0.20244550501320902,0.4505986494420249
2022-07-19 04:00:00+00:00,32.22,32.74,31.5819,31.71,16238485.0,120610.0,32.2046,28.942666666666664,58.24126894856615,0.7228976619560612,0.30653593640177945,0.41636172555428175
2022-07-20 04:00:00+00:00,31.89,33.3,31.788,32.74,17831289.0,135320.0,32.742096,29.067999999999998,61.539382819791435,0.8515532856452452,0.4155394062504726,0.43601387939477265
2022-07-21 04:00:00+00:00,32.78,34.75,32.7,34.13,24446800.0,187018.0,33.819368,29.214999999999996,65.49948334810813,1.0535307311493582,0.5431376712302498,0.5103930599191084
2022-07-22 04:00:00+00:00,35.12,35.41,32.0,32.48,16882147.0,143897.0,33.175576,29.304333333333332,57.8808249505655,1.0681451886679767,0.6481391747177953,0.42000601395018144
2022-07-25 04:00:00+00:00,32.7,32.82,31.2,32.17,9878204.0,92193.0,32.046747,29.41433333333333,56.54995588540755,1.0426933227504485,0.727050004324326,0.3156433184261225
2022-07-26 04:00:00+00:00,31.334,31.82,30.86,31.69,7838711.0,75800.0,31.409604,29.525333333333332,54.46182815668535,0.9725792588805859,0.776155855235578,0.196423403645008
2022-07-27 04:00:00+00:00,32.17,32.365,31.01,32.01,10351727.0,94901.0,31.672486,29.697333333333333,55.63789065678997,0.9320901289668129,0.8073427099818249,0.12474741898498798
2022-07-28 04:00:00+00:00,32.8,33.91,31.9,33.845,11384191.0,104232.0,33.03234,29.9155,61.739885662618505,1.0361275328353123,0.8530996745525224,0.1830278582827899
2022-07-29 04:00:00+00:00,33.275,34.365,32.94,34.3,12380767.0,92613.0,33.881876,30.089499999999997,63.09538813323794,1.142126894466358,0.9109051185352897,0.2312217759310684
2022-08-01 04:00:00+00:00,34.3,35.48,33.8349,34.81,12396883.0,106789.0,34.809,30.36916666666667,64.6089191956249,1.252842896946909,0.9792926742176136,0.2735502227292954
2022-08-02 04:00:00+00:00,34.18,35.555,34.0,35.01,13829412.0,121510.0,34.882071,30.6615,65.21146673590519,1.3412632077570592,1.0516867809255028,0.2895764268315564
2022-08-03 04:00:00+00:00,35.44,36.79,34.48,36.59,14243849.0,132261.0,35.891007,30.912166666666664,69.61293895612047,1.5212932152834568,1.1456080677970937,0.37568514748636317
2022-08-04 04:00:00+00:00,36.0,37.29,35.62,36.18,12410225.0,113379.0,36.402809,31.166166666666665,67.23569792801382,1.6122991389547465,1.2389462820286243,0.3733528569261222
2022-08-05 04:00:00+00:00,36.15,36.31,35.105,35.67,12303877.0,117152.0,35.572979,31.372833333333332,64.2944752464761,1.6245425362589856,1.3160655328746966,0.30847700338428896
2022-08-08 04:00:00+00:00,36.56,39.29,36.06,38.09,16294784.0,145123.0,38.095861,31.659166666666668,70.81788461056911,1.808670069346249,1.4145864401690071,0.3940836291772418
2022-08-09 04:00:00+00:00,37.74,38.09,36.28,36.7,12896812.0,120563.0,36.83275,31.934500000000003,63.627260969253754,1.8214347169861682,1.4959560955324394,0.32547862145372886
2022-08-10 04:00:00+00:00,38.19,38.26,36.7705,37.4,15370267.0,124933.0,37.361016,32.2815,65.52565995264362,1.866518874345232,1.570068651294998,0.29645022305023394
2022-08-11 04:00:00+00:00,38.605,39.95,37.75,38.95,35949094.0,269925.0,38.815786,32.704166666666666,69.3414263061334,2.0042170731382924,1.6568983356636569,0.3473187374746356
2022-08-12 04:00:00+00:00,39.73,40.56,37.3,38.9,39039669.0,252466.0,39.206325,33.142833333333336,69.07582215076064,2.0852715927267127,1.742572987076268,0.34269860565044463
2022-08-15 04:00:00+00:00,37.24,39.29,36.46,37.28,21310411.0,185799.0,37.322439,33.52883333333333,60.932182926157004,1.9957812979002512,1.7932146492410648,0.2025666486591864
2022-08-16 04:00:00+00:00,36.96,38.645,35.85,38.23,17300386.0,141882.0,37.433453,33.907833333333336,63.63936343644666,1.9787073484162647,1.8303131890761049,0.14839415934015987
2022-08-17 04:00:00+00:00,37.65,38.13,36.265,36.42,11715153.0,108197.0,36.802721,34.13316666666667,55.71746817967339,1.7983934865878766,1.8239292485784593,-0.025535761990582717
2022-08-18 04:00:00+00:00,36.46,36.7,35.01,35.9,8882164.0,83765.0,35.68309,34.2755,53.65117492354491,1.5951459482711954,1.7781725885170068,-0.1830266402458114
2022-08-19 04:00:00+00:00,34.96,35.08,33.77,34.45,10999216.0,102830.0,34.379931,34.357499999999995,48.27501316421938,1.302058606874695,1.6829497921885446,-0.38089118531384947
2022-08-22 04:00:00+00:00,33.25,34.065,32.9,33.06,11006307.0,105126.0,33.380385,34.46183333333333,43.74921826284875,0.9467103068418297,1.5357018951192019,-0.5889915882773722
2022-08-23 04:00:00+00:00,33.18,33.59,31.97,32.21,9766752.0,92698.0,32.657799,34.530499999999996,41.20523818664085,0.5897085298150273,1.346503222058367,-0.7567946922433397
2022-08-24 04:00:00+00:00,32.47,33.72,32.43,32.56,9434137.0,81939.0,33.020594,34.5905,42.68318650763869,0.33120618565084214,1.143443814776862,-0.8122376291260198
2022-08-25 04:00:00+00:00,32.89,33.37,32.5811,32.9,8968441.0,79953.0,32.917273,34.6595,44.15185876900951,0.15202393668287328,0.9451598391580643,-0.7931359024751911
2022-08-26 04:00:00+00:00,32.82,33.86,31.44,32.11,10728721.0,100264.0,32.27735,34.676500000000004,41.49153085822753,-0.05311342574709954,0.7455051861770317,-0.7986186119241312
2022-08-29 04:00:00+00:00,31.6,33.26,31.55,32.31,8517328.0,85190.0,32.494902,34.6935,42.43714957173679,-0.19727388433756943,0.5569493720741114,-0.7542232564116809
2022-08-30 04:00:00+00:00,32.74,33.04,31.445,31.89,8539185.0,83095.0,32.10341,34.69950000000001,40.9407183533468,-0.3414762506481921,0.3772642475296507,-0.7187404981778428
2022-08-31 04:00:00+00:00,32.55,33.1397,31.76,32.71,19331918.0,97831.0,32.625417,34.698499999999996,45.01721014486433,-0.38515073991550963,0.22478125004061866,-0.6099319899561283
2022-09-01 04:00:00+00:00,32.28,32.43,30.71,31.95,10468532.0,109076.0,31.412913,34.62583333333334,42.115682715992946,-0.4756062430176442,0.08470375142896609,-0.5603099944466103
2022-09-02 04:00:00+00:00,32.21,32.56,30.9,32.07,8867572.0,94519.0,31.989227,34.61216666666667,42.74320260208759,-0.5314832754421914,-0.03853365394526541,-0.492949621496926
2022-09-06 04:00:00+00:00,32.39,34.99,32.02,33.22,24779286.0,193729.0,33.673671,34.647166666666664,48.504700930287314,-0.47746689599770065,-0.12632030235575248,-0.35114659364194817
2022-09-07 04:00:00+00:00,33.28,34.4,32.7,33.25,15052298.0,116190.0,33.283498,34.69916666666666,48.64986464664017,-0.4273119902107325,-0.1865186399267485,-0.24079335028398402
2022-09-08 04:00:00+00:00,35.24,36.9,34.6,36.88,44769393.0,313068.0,35.858455,34.8615,62.44505453160393,-0.09357453422138207,-0.1679298187856752,0.07435528456429313
2022-09-09 04:00:00+00:00,36.28,37.88,35.21,37.55,27141322.0,189756.0,36.672374,34.985,64.3488175653094,0.22241435049074454,-0.08986098493039124,0.3122753354211358
2022-09-12 04:00:00+00:00,37.82,38.99,37.75,38.74,20862965.0,171795.0,38.490026,35.133,67.50008208745257,0.5623781279661628,0.04058683764891957,0.5217912903172433
2022-09-13 04:00:00+00:00,37.02,39.57,36.85,38.76,24561694.0,209191.0,38.618472,35.26466666666667,67.55199395503726,0.8239180889173738,0.19725308790261042,0.6266650010147634
2022-09-14 04:00:00+00:00,38.3,40.345,37.7738,40.1,24685626.0,181039.0,39.468742,35.434333333333335,70.90519315401826,1.1263335216977524,0.3830691746616388,0.7432643470361135
2022-09-15 04:00:00+00:00,39.8,40.86,38.89,39.69,24185579.0,180483.0,40.024414,35.537666666666674,68.57027858431283,1.3177264274750016,0.5700006252243114,0.7477258022506902
2022-09-16 04:00:00+00:00,38.81,39.81,38.17,39.26,70430799.0,200771.0,39.258062,35.64033333333334,66.11139179809268,1.4183593145942126,0.7396723630982918,0.6786869514959208
2022-09-19 04:00:00+00:00,38.82,38.89,37.01,37.94,18345512.0,130501.0,37.92324,35.716,59.10467431402937,1.3757399604614662,0.8668858825709267,0.5088540778905395
2022-09-20 04:00:00+00:00,37.71,38.34,35.73,35.75,17513199.0,128056.0,36.987018,35.638000000000005,49.69443021467998,1.1519699256228577,0.923902691181313,0.22806723444154475
2022-09-21 04:00:00+00:00,35.65,36.67,34.84,35.1,13971911.0,107340.0,35.662055,35.584666666666664,47.28794379176574,0.9116718080071635,0.9214565145464831,-0.00978470653931962
2022-09-22 04:00:00+00:00,34.758,35.18,33.1,33.33,13543923.0,112928.0,33.960022,35.449,41.40762803837949,0.5718180485303961,0.8515288213432657,-0.2797107728128696
2022-09-23 04:00:00+00:00,32.71,33.5827,31.77,33.56,16238460.0,135211.0,33.083514,35.269333333333336,42.409790493182584,0.3173819914072311,0.7446994553560589,-0.42731746394882775
2022-09-26 04:00:00+00:00,33.42,35.05,33.18,33.85,11315860.0,97489.0,34.19384,35.101,43.71695274144218,0.13755451655110562,0.6232704675950682,-0.4857159510439626
2022-09-27 04:00:00+00:00,34.92,35.17,33.18,33.79,11483387.0,93895.0,33.95941,34.98466666666666,43.49697545846943,-0.009689852826781475,0.4966784035106983,-0.5063682563374798
2022-09-28 04:00:00+00:00,33.86,35.25,33.55,35.08,11275380.0,84555.0,34.59848,34.879666666666665,49.39302924510723,-0.022035841908298437,0.392935554426899,-0.4149713963351974
2022-09-29 04:00:00+00:00,35.34,35.76,32.14,32.31,17029920.0,124475.0,33.164061,34.742666666666665,39.79124379245737,-0.25242616563987497,0.2638632104135442,-0.5162893760534192
2022-09-30 04:00:00+00:00,31.75,34.13,31.641,32.91,12377935.0,107817.0,33.191969,34.643,42.40305596534906,-0.3821915057071763,0.13465226718940013,-0.5168437728965765
2022-10-03 04:00:00+00:00,32.722,32.85,31.01,31.89,13778547.0,118068.0,31.94966,34.55766666666667,39.283278500434186,-0.5608715697974347,-0.004452500207966836,-0.5564190695894679
2022-10-04 04:00:00+00:00,34.17,36.385,33.8,36.3,29058734.0,202860.0,35.244127,34.66566666666667,54.775756059604774,-0.3426765024060714,-0.07209730064758775,-0.27057920175848366
2022-10-05 04:00:00+00:00,36.17,36.23,34.65,36.13,15778890.0,133903.0,35.488584,34.79633333333334,54.20161343214735,-0.1813820592657578,-0.09395425237122176,-0.08742780689453603
2022-10-06 04:00:00+00:00,36.48,37.3901,35.28,36.76,17266383.0,150347.0,36.312796,34.93633333333333,56.040522461589084,-0.002688326785275308,-0.07570106725403247,0.07301274046875716
2022-10-07 04:00:00+00:00,35.71,36.0082,33.01,33.95,22803555.0,184865.0,33.811045,34.97133333333333,46.979645100791025,-0.0868150226847817,-0.07792385834018233,-0.00889116434459937
2022-10-10 04:00:00+00:00,32.0,32.348,30.16,31.48,26171458.0,207080.0,31.079426,34.95033333333333,40.74368037759638,-0.3487739437150523,-0.13209387541515633,-0.216680068299896
2022-10-11 04:00:00+00:00,31.448,33.685,30.81,32.33,20800128.0,154853.0,32.483213,34.951,43.521985834303386,-0.48223151496424066,-0.2021214033249732,-0.28011011163926747
2022-10-12 04:00:00+00:00,32.67,32.9774,31.565,32.35,14031547.0,106147.0,32.215229,34.96633333333333,43.58900589613659,-0.5797013327239782,-0.2776373892047742,-0.30206394351920396
2022-10-13 04:00:00+00:00,30.955,33.18,30.33,32.5,16095338.0,135573.0,31.962319,34.95933333333333,44.124546512207054,-0.6374944795987147,-0.34960880728356236,-0.2878856723151524
2022-10-14 04:00:00+00:00,33.055,33.25,28.615,28.71,22509661.0,188222.0,29.99808,34.85133333333333,35.06618225451949,-0.9778452986077113,-0.47525610554839215,-0.5025891930593192
2022-10-17 04:00:00+00:00,29.81,30.84,29.4,30.7,14050613.0,104377.0,30.407301,34.80566666666667,41.81989487871047,-1.0746119482745016,-0.5951272740936141,-0.47948467418088747
2022-10-18 04:00:00+00:00,32.0962,32.31,30.9901,31.64,13668133.0,110934.0,31.608477,34.753,44.74347288386009,-1.063194229941935,-0.6887406652632784,-0.37445356467865665
2022-10-19 04:00:00+00:00,30.91,31.76,30.57,31.5,10644887.0,92969.0,31.257113,34.69466666666666,44.38573211385344,-1.0533006417333226,-0.7616526605572873,-0.2916479811760353
2022-10-20 04:00:00+00:00,31.1,32.16,30.37,30.73,10633215.0,94318.0,31.170052,34.48966666666667,42.378790765308445,-1.094970330268076,-0.828316194499445,-0.26665413576863095
2022-10-21 04:00:00+00:00,30.39,32.0,30.09,31.92,9941781.0,83381.0,31.322912,34.302,46.41155961945033,-1.020210452849227,-0.8666950461694015,-0.15351540667982555
2022-10-24 04:00:00+00:00,31.45,31.79,29.45,31.34,11195046.0,108636.0,30.695934,34.05533333333334,44.76701809083325,-0.9962793756367461,-0.8926119120628705,-0.10366746357387557
2022-10-25 04:00:00+00:00,31.325,34.75,31.325,34.49,18931425.0,156933.0,33.766574,33.913000000000004,54.24877203207637,-0.7148942937678626,-0.857068388403869,0.1421740946360064
2022-10-26 04:00:00+00:00,34.0,35.85,33.9,34.44,11353796.0,102286.0,34.942879,33.724333333333334,54.09004471893347,-0.49027755676212337,-0.7837102220755199,0.2934326653133965
2022-10-27 04:00:00+00:00,34.37,35.22,33.9,34.5,8968105.0,80546.0,34.451766,33.55133333333333,54.262984737759936,-0.3039222493443816,-0.6877526275292922,0.3838303781849106
2022-10-28 04:00:00+00:00,34.36,35.07,34.1,34.48,8403908.0,77815.0,34.468988,33.392,54.189707537450275,-0.15604931903881436,-0.5814119658311967,0.42536264679238234
2022-10-31 04:00:00+00:00,34.28,35.995,33.97,34.97,23365176.0,136777.0,35.1746,33.293,55.76577351651296,0.0006721997936267599,-0.464995132706232,0.46566733249985875
2022-11-01 04:00:00+00:00,36.17,36.4464,33.38,33.48,10366136.0,100161.0,34.295521,33.217333333333336,50.11913754083328,0.004591655291484642,-0.3710777751066887,0.37566943039817335
2022-11-02 04:00:00+00:00,33.51,33.755,31.46,31.52,10686605.0,101398.0,32.529404,33.098,43.83181170058408,-0.14874314915083175,-0.3266108499155173,0.17786770076468555
2022-11-03 04:00:00+00:00,31.28,33.55,31.01,32.24,8075423.0,80293.0,32.472967,33.06166666666666,46.48750948675287,-0.20974627913668797,-0.30323793575975144,0.09349165662306347
2022-11-04 04:00:00+00:00,33.43,33.5,31.1,31.99,8159192.0,84798.0,32.217044,33.00933333333333,45.67989239140811,-0.2750935031525401,-0.29760904923830916,0.022515546085769056
2022-11-07 05:00:00+00:00,32.565,32.9276,31.01,31.32,7413963.0,76939.0,31.669291,32.925,43.498838668540394,-0.37660379543672207,-0.3134079984779918,-0.06319579695873029
2022-11-08 05:00:00+00:00,31.45,32.84,30.35,31.85,11767945.0,104169.0,31.672784,32.86033333333334,45.70719583177581,-0.40956366779114717,-0.33263913234062287,-0.0769245354505243
2022-11-09 05:00:00+00:00,31.03,31.15,27.3601,28.07,28081318.0,231236.0,28.743309,32.626666666666665,35.1539382399862,-0.7322579989202183,-0.41256290565654197,-0.3196950932636763
2022-11-10 05:00:00+00:00,32.885,33.52,31.13,32.96,29298964.0,225013.0,32.683291,32.64833333333333,50.9360801978199,-0.5866509022387731,-0.4473805049729882,-0.13927039726578494
2022-11-11 05:00:00+00:00,33.185,34.98,31.92,34.9,21051750.0,170900.0,33.833829,32.714666666666666,55.55733570032774,-0.3111279529614137,-0.42012999457067335,0.10900204160925964
2022-11-14 05:00:00+00:00,34.39,35.15,33.2036,34.38,12608879.0,98945.0,34.033646,32.797666666666665,54.08680082038816,-0.1331982581946889,-0.3627436472954765,0.2295453891007876
2022-11-15 05:00:00+00:00,34.44,35.735,33.92,35.15,19257023.0,139250.0,34.920137,32.75933333333333,55.9462687089323,0.06914777910909464,-0.27636536201456224,0.3455131411236569
2022-11-16 05:00:00+00:00,34.355,34.49,32.85,33.32,10069213.0,92411.0,33.420839,32.66566666666667,50.69174432702877,0.08091008435724945,-0.20491027274019993,0.28582035709744935
2022-11-17 05:00:00+00:00,32.24,32.755,31.71,32.07,7890864.0,77825.0,32.186328,32.50933333333334,47.41585319117932,-0.010511586281459984,-0.16603053544845198,0.155518949166992
2022-11-18 05:00:00+00:00,32.65,32.69,29.81,30.34,13130182.0,112086.0,30.665196,32.388999999999996,43.25004243905673,-0.22002415916042395,-0.17682926019084638,-0.043194898969577566
2022-11-21 05:00:00+00:00,29.68,30.15,28.4,28.42,13508577.0,126717.0,29.17937,32.287,39.14008315108169,-0.5348271816820009,-0.24842884448907732,-0.2863983371929236
2022-11-22 05:00:00+00:00,28.58,29.47,27.85,28.94,10770229.0,104908.0,28.766405,32.174,40.7814128281701,-0.7338913482538203,-0.34552134524202593,-0.38837000301179436
2022-11-23 05:00:00+00:00,29.27,30.18,28.95,29.71,9511282.0,84703.0,29.63995,32.086,43.22319803859547,-0.8200653665279916,-0.4404301494992191,-0.37963521702877245
2022-11-25 05:00:00+00:00,29.64,29.64,29.1,29.53,3907611.0,40037.0,29.471218,31.987000000000002,42.77913170811776,-0.8925941231071484,-0.5308629442208049,-0.36173117888634343
2022-11-28 05:00:00+00:00,29.1,29.56,28.58,28.64,7763925.0,76708.0,28.876368,31.984666666666666,40.560251902709126,-1.01024378569074,-0.626739112514792,-0.38350467317594805
2022-11-29 05:00:00+00:00,29.15,29.49,28.6647,28.85,6705719.0,62020.0,29.026769,31.923000000000002,41.33347733612879,-1.0741545608124596,-0.7162222021743255,-0.3579323586381341
2022-11-30 05:00:00+00:00,29.05,32.23,29.02,32.04,18358401.0,117923.0,31.091988,31.93633333333333,51.627473720326535,-0.857513093334461,-0.7444803804063527,-0.11303271292810835
2022-12-01 05:00:00+00:00,31.965,32.6,30.3,31.48,12056774.0,109147.0,31.352489,31.935666666666666,49.96985818429918,-0.7226798855572909,-0.7401202814365403,0.017440395879249393
2022-12-02 05:00:00+00:00,30.63,31.6,30.25,31.36,8879126.0,85261.0,30.970242,31.956666666666667,49.6023364977142,-0.6183783138166916,-0.7157718879125705,0.0973935740958789
2022-12-05 05:00:00+00:00,31.01,31.345,29.435,29.53,7560385.0,78442.0,30.075639,31.877,44.25660132163629,-0.6755964178510716,-0.7077367939002708,0.03214037604919917
2022-12-06 05:00:00+00:00,29.5,29.54,27.425,27.89,13170726.0,127443.0,28.09813,31.761999999999997,40.08707155152628,-0.8435525230876806,-0.7348999397377528,-0.10865258334992778
2022-12-07 05:00:00+00:00,27.75,28.2267,27.27,27.94,8876029.0,89094.0,27.828261,31.543666666666663,40.271827778310715,-0.9615403260726332,-0.7802280170047289,-0.1813123090679043
2022-12-08 05:00:00+00:00,28.26,28.64,27.59,28.58,9582391.0,99471.0,28.301831,31.348333333333336,42.70724243487899,-0.9919690568890722,-0.8225762249815975,-0.16939283190747467
2022-12-09 05:00:00+00:00,28.35,29.2754,27.245,27.29,11334450.0,102490.0,27.917185,31.108,39.23462004269697,-1.1074107228348389,-0.8795431245522459,-0.22786759828259295
2022-12-12 05:00:00+00:00,26.75,26.9,25.52,25.61,19595279.0,176082.0,26.061537,30.812333333333335,35.21829699619013,-1.3192535013070525,-0.9674851999032072,-0.3517683014038453
2022-12-13 05:00:00+00:00,27.2,27.96,24.63,24.96,20523938.0,178205.0,25.829211,30.478666666666662,33.77758701199717,-1.5220448120609866,-1.0783971223347633,-0.44364768972622337
2022-12-14 05:00:00+00:00,24.92,25.58,24.43,24.54,14169615.0,122180.0,24.873028,30.18066666666667,32.84268208647934,-1.69708592661679,-1.2021348831911687,-0.49495104342562124
2022-12-15 05:00:00+00:00,24.03,25.06,23.86,23.97,13295999.0,113570.0,24.273345,29.929,31.56575738209773,-1.8603564758942248,-1.33377920173178,-0.5265772741624448
2022-12-16 05:00:00+00:00,23.89,24.31,22.3,22.48,58402411.0,171286.0,22.615116,29.603666666666665,28.451671699954673,-2.085934752668347,-1.4842103119190935,-0.6017244407492537
2022-12-19 05:00:00+00:00,22.53,22.74,21.85,22.03,18825174.0,128937.0,22.174371,29.27166666666667,27.56713293066791,-2.2747959694837654,-1.6423274434320279,-0.6324685260517375
2022-12-20 05:00:00+00:00,21.85,22.46,21.29,21.4,15114688.0,116564.0,21.688662,28.941,26.33283657453417,-2.4470969687609845,-1.8032813484978192,-0.6438156202631653
2022-12-21 05:00:00+00:00,21.575,21.61,20.73,21.03,13435043.0,98310.0,21.288791,28.580333333333332,25.607660271570353,-2.5837191537358883,-1.9593689095454332,-0.6243502441904552
2022-12-22 05:00:00+00:00,20.66,20.81,18.92,19.73,24271228.0,173325.0,19.68363,28.302333333333333,23.191120212758435,-2.765018937932915,-2.12049891522293,-0.644520022709985
2022-12-23 05:00:00+00:00,19.765,19.77,18.5224,19.14,18952016.0,133326.0,19.112192,27.841666666666665,22.16863644269384,-2.922618268139324,-2.280922785806209,-0.6416954823331151
2022-12-27 05:00:00+00:00,18.65,18.7,17.65,17.74,21662961.0,155138.0,17.94958,27.26966666666667,19.923879562840156,-3.1244682474390544,-2.449631878132778,-0.6748363693062762
2022-12-28 05:00:00+00:00,17.75,18.26,17.45,17.74,20967690.0,153220.0,17.808734,26.715,19.923879562840156,-3.2470063423611926,-2.609106770978461,-0.6378995713827313
2022-12-29 05:00:00+00:00,18.39,19.025,18.14,18.73,22062974.0,137994.0,18.68281,26.16766666666667,26.063816163844464,-3.227034692031115,-2.732692355188992,-0.4943423368421227
2022-12-30 05:00:00+00:00,18.25,18.5781,17.915,18.43,17170241.0,115437.0,18.239168,25.671333333333333,25.42755386657562,-3.198543687447369,-2.8258626216406677,-0.37268106580670146
2023-01-03 05:00:00+00:00,18.9,18.99,17.08,17.34,25992102.0,185217.0,17.500312,25.180333333333333,23.210516947466346,-3.2267226019478805,-2.9060346177021104,-0.32068798424577016
2023-01-04 05:00:00+00:00,17.2,18.06,16.56,17.71,28718755.0,184041.0,17.414023,24.759333333333338,25.582456312801085,-3.1825126620044273,-2.9613302265625743,-0.221182435441853
2023-01-05 05:00:00+00:00,17.35,17.38,16.53,16.56,24190648.0,150897.0,16.753214,24.363999999999997,23.185304982410514,-3.2033451858435527,-3.0097332184187704,-0.19361196742478226
2023-01-06 05:00:00+00:00,16.09,16.655,15.84,16.4,22022294.0,138295.0,16.308791,23.946,22.864295500671943,-3.195925138300492,-3.046971602395115,-0.14895353590537663
2023-01-09 05:00:00+00:00,16.62,17.2,16.47,16.865,16723783.0,107750.0,16.938669,23.517833333333332,26.06801912350791,-3.116596894347378,-3.060896660785568,-0.05570023356180975
