timestamp,open,high,low,close,volume,trade_count,vwap,30sma,rsi,macd,signal,histogram
2022-01-03 05:00:00+00:00,152.59,158.2749,151.1041,157.85,686979.0,13239.0,156.239109,,,,,
2022-01-04 05:00:00+00:00,157.0,157.49,151.56,152.67,637506.0,15002.0,153.366987,,,,,
2022-01-05 05:00:00+00:00,151.71,153.59,145.38,145.72,557226.0,16165.0,148.076904,,,,,
2022-01-06 05:00:00+00:00,144.93,147.79,141.65,144.82,729828.0,14941.0,145.21112,,,,,
2022-01-07 05:00:00+00:00,144.23,147.85,143.37,143.72,677227.0,11655.0,144.47044,,,,,
2022-01-10 05:00:00+00:00,144.04,145.77,137.38,145.08,1058892.0,16543.0,142.52853,,,,,
2022-01-11 05:00:00+00:00,146.2,146.2,142.1,144.37,585974.0,12577.0,144.294181,,,,,
2022-01-12 05:00:00+00:00,144.4,145.13,140.14,141.03,580161.0,12578.0,141.626214,,,,,
2022-01-13 05:00:00+00:00,140.0,140.835,134.06,136.79,1080055.0,21599.0,137.102706,,,,,
2022-01-14 05:00:00+00:00,136.07,137.75,133.58,137.09,809920.0,16017.0,136.070787,,,,,
2022-01-18 05:00:00+00:00,133.44,134.63,129.61,130.29,1362525.0,21616.0,131.416215,,,,,
2022-01-19 05:00:00+00:00,130.84,133.18,129.675,132.55,797389.0,17860.0,132.047392,,,,,
2022-01-20 05:00:00+00:00,134.34,137.37,132.29,133.06,986996.0,17611.0,134.576493,,,,,
2022-01-21 05:00:00+00:00,132.66,133.28,127.37,127.55,1222198.0,22412.0,129.168988,,,,,
2022-01-24 05:00:00+00:00,128.04,130.13,123.5,129.55,991343.0,22690.0,127.009367,,15.62196307094274,,,
2022-01-25 05:00:00+00:00,126.24,128.25,124.2,125.1,986222.0,14386.0,126.108659,,13.992768422109947,,,
2022-01-26 05:00:00+00:00,125.73,128.0,121.83,123.55,1075459.0,19564.0,124.410115,,13.465985273379403,,,
2022-01-27 05:00:00+00:00,124.61,126.86,122.63,122.91,529294.0,11147.0,123.811383,,13.244273213205275,,,
2022-01-28 05:00:00+00:00,123.08,127.8,120.99,127.62,711316.0,15132.0,126.074702,,23.258289100449772,,,
2022-01-31 05:00:00+00:00,130.23,135.46,129.45,134.51,1156673.0,20752.0,133.531282,,35.06599004291381,,,
2022-02-01 05:00:00+00:00,135.41,137.88,133.55,137.75,1100727.0,18823.0,136.188367,,39.759852566799616,,,
2022-02-02 05:00:00+00:00,137.58,138.35,135.13,137.195,606515.0,15538.0,136.892021,,39.23663471905231,,,
2022-02-03 05:00:00+00:00,136.14,138.67,134.63,135.04,886979.0,16408.0,135.654532,,37.19016704698428,,,
2022-02-04 05:00:00+00:00,133.35,139.0,133.35,137.93,995558.0,12592.0,137.233525,,41.589994412481225,,,
2022-02-07 05:00:00+00:00,137.29,141.789,137.03,140.79,1220002.0,17849.0,140.380016,,45.6476849206691,,,
2022-02-08 05:00:00+00:00,139.81,141.19,136.477,139.99,1817345.0,28212.0,139.139317,,44.712011027264644,-1.0225248571570091,,
2022-02-09 05:00:00+00:00,141.71,143.42,139.65,141.41,1590557.0,27554.0,138.656884,,46.796635785072915,-0.5211655650850844,,
2022-02-10 05:00:00+00:00,122.275,125.12,118.0,124.93,9065641.0,102142.0,121.450019,,31.807415868815127,-1.4370673668511245,,
2022-02-11 05:00:00+00:00,123.34,127.065,121.2,125.37,2021667.0,39177.0,125.232529,,32.42971657215425,-2.1031776973874514,,
2022-02-14 05:00:00+00:00,124.75,125.225,121.48,124.51,1469119.0,24472.0,123.590851,136.02483333333333,31.81853012536338,-2.669695162082462,,
2022-02-15 05:00:00+00:00,125.88,129.12,125.88,128.72,929511.0,16223.0,127.661939,135.05383333333333,37.98059782781494,-2.7472835442556516,,
2022-02-16 05:00:00+00:00,127.08,129.47,125.26,128.67,854452.0,16364.0,127.927895,134.25383333333332,37.93674548820602,-2.7807526921776287,,
2022-02-17 05:00:00+00:00,128.0,128.25,123.8,124.16,725301.0,12795.0,125.401415,133.53516666666667,34.11099548559129,-3.135057549470588,,
2022-02-18 05:00:00+00:00,123.96,126.5,119.89,120.26,1427349.0,22676.0,121.644083,132.7165,31.18252689482462,-3.6880307846776645,-2.233861691016074,-1.4541690936615908
2022-02-22 05:00:00+00:00,119.65,124.82,119.29,123.44,977224.0,18048.0,122.363941,132.04049999999998,36.00675160624753,-3.825567868846406,-2.55220292658214,-1.2733649422642657
2022-02-23 05:00:00+00:00,124.53,124.53,118.91,119.61,908793.0,15433.0,120.467794,131.1915,33.00569601726478,-4.195255694119979,-2.8808134800897083,-1.3144422140302705
2022-02-24 05:00:00+00:00,117.7,126.48,117.46,126.27,917931.0,20014.0,123.736497,130.58816666666667,42.05051386469749,-3.905805919686202,-3.0858119680090073,-0.8199939516771946
2022-02-25 05:00:00+00:00,126.01,128.61,125.09,128.38,879144.0,20485.0,127.385307,130.16649999999998,44.602313007293304,-3.4661993337943784,-3.161889441166082,-0.30430989262829655
2022-02-28 05:00:00+00:00,127.81,130.67,125.65,128.87,1079351.0,15316.0,128.824633,129.9025,45.205747612192056,-3.043189053294597,-3.138149363591785,0.09496031029718788
2022-03-01 05:00:00+00:00,128.29,131.155,127.225,129.46,1145750.0,18997.0,129.403088,129.64816666666667,45.96892033683773,-2.630024998164629,-3.0365244905063538,0.4064994923417249
2022-03-02 05:00:00+00:00,129.11,129.52,125.6894,126.68,643391.0,14157.0,127.337606,129.52783333333335,42.93452628813118,-2.4981155532831423,-2.9288427030617115,0.4307271497785692
2022-03-03 05:00:00+00:00,127.66,128.42,126.33,126.84,679377.0,13387.0,127.003598,129.3375,43.16705026476556,-2.353535611529466,-2.8137812847552626,0.46024567322579646
2022-03-04 05:00:00+00:00,125.77,132.49,125.62,131.99,889391.0,20038.0,130.356127,129.30183333333332,50.200824109996624,-1.8026135989130125,-2.6115477475868127,0.8089341486738002
2022-03-07 05:00:00+00:00,132.3,136.477,131.94,134.39,1324537.0,25109.0,134.428555,129.52983333333333,53.11307413967122,-1.1589839468754803,-2.321034987444546,1.1620510405690658
2022-03-08 05:00:00+00:00,132.81,140.295,132.67,137.23,1319096.0,27611.0,137.90696,129.78583333333333,56.3649486345689,-0.4149552001580332,-1.9398190299872438,1.5248638298292105
2022-03-09 05:00:00+00:00,138.29,141.22,136.84,140.46,968915.0,14772.0,139.808297,130.29783333333336,59.7814187675664,0.4303659569585818,-1.4657820325980788,1.8961479895566606
2022-03-10 05:00:00+00:00,137.75,142.045,137.26,140.83,793615.0,18806.0,140.505025,130.87383333333335,60.1661683047425,1.117265826984891,-0.9491724606814849,2.066438287666376
2022-03-11 05:00:00+00:00,142.33,143.94,137.16,137.97,730599.0,17616.0,138.883832,131.37583333333333,55.72828355831148,1.4145547185783585,-0.47642702482951627,1.8909817434078748
2022-03-14 04:00:00+00:00,137.13,139.33,136.63,136.86,847771.0,17797.0,137.33707,131.68383333333333,54.061596136535584,1.5428060755979516,-0.07258040474402272,1.6153864803419742
2022-03-15 04:00:00+00:00,137.3,138.73,135.83,137.6,888310.0,17322.0,137.442157,131.78683333333333,55.027249733505805,1.6847374114327067,0.27888315849132317,1.4058542529413836
2022-03-16 04:00:00+00:00,139.77,141.94,136.385,141.74,898704.0,18206.0,139.536703,131.91983333333334,60.08270084177391,2.1069942994920723,0.644505386691473,1.4624889128005993
2022-03-17 04:00:00+00:00,142.35,143.96,141.3,142.93,879680.0,16720.0,142.691466,132.111,61.424995185044935,2.508739789572843,1.0173522672677469,1.491387522305096
2022-03-18 04:00:00+00:00,142.62,145.57,140.87,142.81,1688519.0,22576.0,142.93565,132.37,61.201500269459586,2.785335375367481,1.3709488888876937,1.4143864864797873
2022-03-21 04:00:00+00:00,141.11,143.32,140.165,141.55,850694.0,14732.0,141.454652,132.49066666666667,58.78298873885765,2.8697867844616667,1.6707164680024884,1.1990703164591783
2022-03-22 04:00:00+00:00,140.6,144.35,139.4,142.93,746406.0,16007.0,142.688448,132.562,60.61855863230821,3.013333765553,1.9392399275125909,1.074093838040409
2022-03-23 04:00:00+00:00,142.55,143.09,138.59,138.73,730760.0,16112.0,139.74355,132.52,52.89738188897406,2.756416628054154,2.1026752676209037,0.6537413604332505
2022-03-24 04:00:00+00:00,139.97,141.57,137.64,141.27,1154578.0,12286.0,140.659102,132.51533333333333,56.505504563617464,2.7263371997794934,2.2274076540526218,0.49892954572687165
2022-03-25 04:00:00+00:00,142.55,142.55,136.9256,138.33,577976.0,13945.0,138.435633,132.96200000000002,51.580360711261754,2.437171411817559,2.2693604056056094,0.16781100621194955
2022-03-28 04:00:00+00:00,138.12,139.83,137.33,139.7,2222108.0,31112.0,139.250026,133.43966666666668,53.609514665536935,2.2921307356442924,2.273914471613346,0.018216264030946228
2022-03-29 04:00:00+00:00,141.35,143.66,140.1991,143.17,727567.0,16670.0,142.514155,134.06166666666667,58.368448200286714,2.429182847068148,2.3049681467043066,0.12421470036384141
2022-03-30 04:00:00+00:00,143.61,143.64,141.11,141.56,672677.0,15946.0,142.247318,134.48966666666666,55.522476128934755,2.380443813601744,2.320063280083794,0.0603805335179497
2022-03-31 04:00:00+00:00,142.24,145.09,140.86,144.05,592431.0,13815.0,143.785947,135.00233333333333,58.86320402697726,2.513762874975896,2.3588031990622147,0.15495967591368132
2022-04-01 04:00:00+00:00,144.26,148.94,142.52,148.89,820372.0,16529.0,147.168578,135.82666666666665,64.45231267228198,2.9756651267650227,2.4821755846027767,0.49348954216224605
2022-04-04 04:00:00+00:00,149.7,151.3,148.28,149.91,592802.0,14164.0,149.914635,136.815,65.51565609755224,3.385011163046954,2.6627427002916124,0.7222684627553417
2022-04-05 04:00:00+00:00,150.66,154.6,149.89,150.79,739983.0,17333.0,151.677289,137.72666666666666,66.44814969344273,3.737347673945351,2.87766369502236,0.8596839789229906
2022-04-06 04:00:00+00:00,149.77,153.86,149.525,151.86,588404.0,16154.0,152.195465,138.80166666666668,67.59554839820552,4.056160066541594,3.1133629693262073,0.9427970972153865
2022-04-07 04:00:00+00:00,150.9,158.38,150.7,156.02,1100911.0,23583.0,155.808518,139.79333333333335,71.6541923315703,4.591569661122207,3.4090043076854077,1.1825653534367997
2022-04-08 04:00:00+00:00,149.55,159.5456,147.0,151.85,2847301.0,39738.0,151.691327,140.57566666666665,63.11985722635523,4.626074959883425,3.6524184381250118,0.9736565217584134
2022-04-11 04:00:00+00:00,150.31,150.8626,144.0175,144.29,1104423.0,21936.0,145.927523,141.08966666666666,51.211185137356416,3.9973132998258905,3.7213974104651877,0.27591588936070277
2022-04-12 04:00:00+00:00,145.81,146.92,142.1,142.23,1236323.0,22406.0,143.985376,141.51533333333333,48.52466568652071,3.2948098533440486,3.6360798990409604,-0.3412700456969118
2022-04-13 04:00:00+00:00,143.08,148.01,142.34,147.44,771045.0,16318.0,146.151066,142.2073333333333,54.96009876694637,3.122480260193356,3.5333599712714396,-0.4108797110780835
2022-04-14 04:00:00+00:00,147.44,150.42,146.9,149.72,841787.0,16171.0,149.412302,142.97,57.46617811649834,3.133760718434928,3.4534401207041374,-0.3196794022692093
2022-04-18 04:00:00+00:00,149.56,149.89,143.64,144.39,464613.0,12743.0,145.66445,143.38333333333333,50.40541518473823,2.6817011262488677,3.2990923218130837,-0.617391195564216
2022-04-19 04:00:00+00:00,143.09,146.56,143.0,144.29,432845.0,11163.0,144.685937,143.71333333333334,50.280591451459806,2.2889854785105115,3.0970709531525697,-0.8080854746420583
2022-04-20 04:00:00+00:00,145.07,145.1531,142.67,143.89,473135.0,15136.0,144.118048,143.93533333333332,49.74988214659542,1.9233081422082705,2.86231839096371,-0.9390102487554395
2022-04-21 04:00:00+00:00,143.8,146.06,141.08,141.44,541531.0,12780.0,142.36472,143.968,46.511643952992024,1.4194491677012877,2.5737445463112256,-1.154295378609938
2022-04-22 04:00:00+00:00,140.89,142.11,137.66,138.0,706328.0,17156.0,139.282992,143.87366666666668,42.3440432670313,0.7340958495809673,2.205814806965174,-1.4717189573842067
2022-04-25 04:00:00+00:00,137.61,139.54,136.7056,138.54,982331.0,19536.0,138.214665,143.89266666666666,43.20436202824313,0.23184928011826855,1.8110217015957928,-1.5791724214775242
2022-04-26 04:00:00+00:00,138.13,139.45,131.44,131.59,978055.0,18350.0,133.256653,143.717,35.800193252664414,-0.7187068558438625,1.305075990107862,-2.0237828459517244
2022-04-27 04:00:00+00:00,132.12,134.18,130.33,130.44,1118542.0,22663.0,131.58039,143.47833333333332,34.73930993621515,-1.5469920694228563,0.7346623782017183,-2.2816544476245744
2022-04-28 04:00:00+00:00,130.54,130.92,125.25,130.23,1614188.0,27015.0,128.501713,143.09466666666668,34.53803669836526,-2.195056073572516,0.14871868784687142,-2.343774761419388
2022-04-29 04:00:00+00:00,136.32,137.005,130.195,131.01,1542766.0,26630.0,132.382132,142.69733333333335,36.020772683706184,-2.615561420714556,-0.40413733386541406,-2.211424086849142
2022-05-02 04:00:00+00:00,130.39,131.66,126.96,130.45,1005610.0,18476.0,129.395959,142.2853333333333,35.40080921606055,-2.9598825739373638,-0.915286381879804,-2.0445961920575595
2022-05-03 04:00:00+00:00,130.17,133.3,130.15,131.51,565041.0,14779.0,131.410043,141.95066666666665,37.59041967018997,-3.1113605991240263,-1.3545012253286486,-1.7568593737953777
2022-05-04 04:00:00+00:00,131.01,133.39,127.575,132.65,1153154.0,19331.0,131.2721,141.608,39.94791865203226,-3.103642691801639,-1.7043295186232468,-1.399313173178392
2022-05-05 04:00:00+00:00,132.4,133.69,127.06,128.69,774250.0,17614.0,129.143357,141.27333333333334,35.00178884250171,-3.378124186727945,-2.0390884522441866,-1.3390357344837582
2022-05-06 04:00:00+00:00,126.79,127.99,122.38,123.44,797524.0,17642.0,123.831631,140.679,29.743831419016615,-3.9734800680892874,-2.425966775413207,-1.5475132926760806
2022-05-09 04:00:00+00:00,120.46,120.48,105.43,108.91,2408869.0,45081.0,109.946111,139.69833333333332,20.545127217840403,-5.553733478636303,-3.0515201160578265,-2.502213362578477
2022-05-10 04:00:00+00:00,114.34,124.08,114.26,120.48,2107832.0,38880.0,119.638566,139.05766666666665,37.20001499692203,-5.805570384579013,-3.602330169762064,-2.203240214816949
2022-05-11 04:00:00+00:00,118.15,123.04,116.3,119.45,2165606.0,28933.0,119.826848,138.267,36.46717056646224,-6.018883397672809,-4.085640815344213,-1.933242582328596
2022-05-12 04:00:00+00:00,118.61,127.27,118.27,127.1,1508003.0,29022.0,125.491425,137.78499999999997,45.11541498592002,-5.507161303684512,-4.369944913012273,-1.137216390672239
2022-05-13 04:00:00+00:00,129.25,136.83,129.2,135.63,1648973.0,25633.0,134.724058,137.50433333333334,52.82626568733409,-4.363023921742837,-4.368560714758386,0.005536793015549435
2022-05-16 04:00:00+00:00,134.18,146.67,134.14,142.54,1998528.0,32719.0,142.66608,137.29266666666666,57.976825825250465,-2.8656738484638424,-4.0679833414994775,1.202309493035635
2022-05-17 04:00:00+00:00,143.79,147.41,142.6,146.55,1005861.0,21985.0,146.039344,137.18066666666667,60.66110320030196,-1.3399930349436886,-3.52238528018832,2.1823922452446314
2022-05-18 04:00:00+00:00,143.71,145.14,141.99,143.0,1088773.0,21892.0,143.026591,136.921,57.178983986677096,-0.412579371531109,-2.9004240984568783,2.4878447269257693
2022-05-19 04:00:00+00:00,143.37,145.19,139.84,142.7,916000.0,19246.0,142.740946,136.61566666666664,56.881828015756966,0.2947969103053367,-2.2613798967044354,2.556176807009772
2022-05-20 04:00:00+00:00,144.2,144.46,136.11,139.64,1675642.0,30626.0,139.06647,136.06966666666665,53.8100068428472,0.6015470238774299,-1.6887945125880623,2.290341536465492
2022-05-23 04:00:00+00:00,141.92,142.07,137.72,139.45,640606.0,16488.0,139.657351,135.65633333333332,53.616392808398146,0.8198663775435762,-1.1870623345617346,2.006928712105311
2022-05-24 04:00:00+00:00,138.74,138.74,132.09,133.47,1064134.0,21564.0,134.168411,135.29566666666668,47.78828593110595,0.5045340605863373,-0.8487430555321203,1.3532771161184576
2022-05-25 04:00:00+00:00,133.85,137.11,133.005,136.47,1183714.0,18302.0,135.498702,135.10366666666667,50.6844209569314,0.49104538991514346,-0.5807853664426675,1.0718307563578109
2022-05-26 04:00:00+00:00,137.34,139.44,135.71,138.46,1282787.0,20250.0,138.188539,134.80433333333332,52.5640617223621,0.633627822980003,-0.33790272855813347,0.9715305515381365
2022-05-27 04:00:00+00:00,139.04,143.12,136.93,141.39,1030308.0,17151.0,141.195067,134.52666666666667,55.26748038141173,0.9718490702760505,-0.07595236879129666,1.0478014390673471
2022-05-31 04:00:00+00:00,141.06,141.06,135.27,135.62,829515.0,18290.0,136.667526,134.23433333333335,49.30790596747941,0.765477123624521,0.0923335296918669,0.6731435939326541
2022-06-01 04:00:00+00:00,137.05,138.35,132.98,134.16,778248.0,20603.0,134.560988,133.89666666666668,47.90041195615837,0.47859907854285666,0.16958663946206487,0.3090124390807918
2022-06-02 04:00:00+00:00,132.92,135.28,132.46,135.2,712226.0,16057.0,134.473605,133.607,49.01681780380332,0.33134591982025086,0.20193849553370208,0.12940742428654878
2022-06-03 04:00:00+00:00,134.87,141.12,134.6925,139.94,1204776.0,19891.0,139.353525,133.557,53.86872976819767,0.5903202721621312,0.2796148508593879,0.3107054213027433
2022-06-06 04:00:00+00:00,142.41,143.44,140.66,142.52,972651.0,16943.0,142.08146,133.70766666666665,56.30616021946726,0.9923050750264224,0.4221528956927948,0.5701521793336276
2022-06-07 04:00:00+00:00,142.66,146.17,142.265,144.36,830995.0,15793.0,144.500529,133.90166666666667,58.01013852707071,1.4427227402331937,0.6262668646008747,0.816455875632319
2022-06-08 04:00:00+00:00,144.22,146.13,143.06,144.29,720729.0,14732.0,144.332289,134.325,57.91760069674824,1.7735887429993795,0.8557312402805757,0.9178575027188038
2022-06-09 04:00:00+00:00,143.26,145.38,141.67,141.75,578738.0,13446.0,142.962879,134.702,54.519121474706395,1.8099813235939735,1.0465812569432553,0.7634000666507181
2022-06-10 04:00:00+00:00,139.46,141.73,138.415,139.4,703433.0,15358.0,139.696746,135.00766666666667,51.507742580764905,1.630403073933394,1.163345620341283,0.4670574535921108
2022-06-13 04:00:00+00:00,136.09,141.225,133.95,139.6,2079745.0,31223.0,138.154107,135.29399999999998,51.75199715804191,1.4870821880291487,1.2280929338788562,0.2589892541502925
2022-06-14 04:00:00+00:00,141.0,144.98,140.73,144.64,1472618.0,25676.0,143.514766,135.767,57.554168844381564,1.7598982211465568,1.3344539913323965,0.4254442298141603
2022-06-15 04:00:00+00:00,144.92,150.0,144.905,147.24,1326002.0,23596.0,147.517142,136.29133333333334,60.21236401839886,2.1609945636614043,1.4997621057981982,0.6612324578632061
2022-06-16 04:00:00+00:00,144.12,147.32,143.24,146.78,1286774.0,22308.0,146.028472,136.76233333333332,59.502369088140185,2.4139219594931376,1.6825940765371863,0.7313278829559513
2022-06-17 04:00:00+00:00,148.06,175.48,148.06,165.45,10255456.0,105485.0,167.72709,137.98766666666668,73.27586942159249,4.073920096290152,2.1608592804877795,1.9130608158023725
2022-06-21 04:00:00+00:00,167.68,174.97,166.985,170.01,2439532.0,30112.0,170.122214,139.54,75.47025503280395,5.691822681002435,2.867051960590711,2.824770720411724
2022-06-22 04:00:00+00:00,168.74,173.86,168.0974,169.66,1764777.0,28780.0,170.900705,141.565,74.96146881963696,6.866625872090367,3.6669667428906427,3.1996591291997243
2022-06-23 04:00:00+00:00,170.82,174.93,169.49,174.0,1830791.0,24416.0,173.033903,143.349,77.02940936198414,8.055014402178188,4.5445762747481515,3.510438127430036
2022-06-24 04:00:00+00:00,179.74,179.96,173.54,179.33,3573722.0,43794.0,177.84167,145.34499999999997,79.29145305281729,9.319478186125309,5.499556657023583,3.819921529101726
2022-06-27 04:00:00+00:00,178.78,179.065,174.47,177.73,1191760.0,18370.0,176.968889,147.03266666666667,76.84508182070813,10.076314732680743,6.4149082721550155,3.6614064605257273
2022-06-28 04:00:00+00:00,176.44,181.1,175.61,178.47,1467192.0,21805.0,178.481366,148.4606666666667,77.19552092448879,10.61347938046427,7.254622493816866,3.358856886647404
2022-06-29 04:00:00+00:00,181.1,181.5,177.96,179.06,1147088.0,20290.0,179.236951,149.678,77.4880622100333,10.960449068836397,7.995787808820773,2.9646612600156237
2022-06-30 04:00:00+00:00,178.66,181.0,175.46,176.94,1217379.0,18816.0,177.844921,150.691,73.82343508676556,10.93826920566545,8.584284088189708,2.353985117475741
2022-07-01 04:00:00+00:00,174.82,180.5,174.52,180.11,958533.0,18473.0,178.801668,151.928,75.67585983010603,11.049116672347282,9.077250605021224,1.971866067326058
2022-07-05 04:00:00+00:00,179.46,180.11,174.42,176.77,1340506.0,23165.0,176.522903,153.06366666666665,70.05097072631025,10.743608372199446,9.41052215845687,1.3330862137425772
2022-07-06 04:00:00+00:00,175.63,179.0,174.5,175.13,1058562.0,19679.0,175.83107,154.24666666666664,67.40179875286302,10.250989523112679,9.578615631388033,0.6723738917246465
2022-07-07 04:00:00+00:00,180.78,183.0,175.19,177.95,3603772.0,54914.0,179.172875,155.53000000000003,69.53525382524248,9.973171455900967,9.65752679629062,0.3156446596103475
2022-07-08 04:00:00+00:00,177.19,178.94,176.11,177.45,1230065.0,20451.0,177.521123,156.996,68.67701754184318,9.601967312576704,9.646414899547837,-0.044447586971132935
2022-07-11 04:00:00+00:00,176.95,178.63,175.07,177.31,1177411.0,18374.0,177.140783,158.35733333333332,68.42236815024583,9.190545635469903,9.55524104673225,-0.36469541126234795
2022-07-12 04:00:00+00:00,177.34,179.1,173.45,179.0,1208032.0,19082.0,177.355343,159.70866666666663,69.87450887219433,8.89828596667715,9.423850030721232,-0.5255640640440813
2022-07-13 04:00:00+00:00,176.38,179.66,175.87,177.44,984635.0,23117.0,177.703214,160.91033333333334,66.81988697279128,8.443458180965763,9.227771660770138,-0.7843134798043749
2022-07-14 04:00:00+00:00,176.79,179.6,175.77,176.19,870681.0,17171.0,177.147149,162.26266666666666,64.39085634144898,7.891174779841833,8.960452284584477,-1.0692775047426437
2022-07-15 04:00:00+00:00,176.05,179.34,174.1485,178.71,1400144.0,23420.0,177.600708,163.74766666666665,66.9956518016047,7.569571832752217,8.682276194218025,-1.1127043614658074
2022-07-18 04:00:00+00:00,172.0,173.355,167.51,168.47,2272373.0,35337.0,169.918173,164.85666666666665,50.750138797607036,6.414474688078002,8.22871589299002,-1.814241204912019
2022-07-19 04:00:00+00:00,169.84,173.62,169.7,172.83,942925.0,16575.0,172.484463,165.953,55.67819312042353,5.784190888825236,7.739810892157065,-1.9556200033318287
2022-07-20 04:00:00+00:00,172.5,174.45,170.47,172.62,636951.0,13271.0,172.487823,166.95633333333333,55.39070173771849,5.207709953355703,7.233390704396793,-2.02568075104109
2022-07-21 04:00:00+00:00,171.99,173.94,170.02,173.16,674766.0,13866.0,172.554313,167.9163333333333,56.019568059793315,4.7397809018812325,6.734668743893682,-1.9948878420124494
2022-07-22 04:00:00+00:00,174.02,176.0,170.46,171.62,597888.0,13328.0,171.949875,168.8273333333333,53.69481442185326,4.196306221644733,6.226996239443893,-2.0306900177991603
2022-07-25 04:00:00+00:00,172.18,173.46,171.01,172.84,422350.0,10162.0,172.63454,169.86366666666666,55.27817733572844,3.8200077545461113,5.745598542464338,-1.9255907879182264
2022-07-26 04:00:00+00:00,174.14,181.75,174.14,177.51,1637879.0,27404.0,177.700384,171.13400000000001,60.803301710069796,3.8541897788472284,5.367316789740916,-1.5131270108936876
2022-07-27 04:00:00+00:00,176.45,178.34,174.79,176.8,791397.0,15627.0,176.852838,172.374,59.597769764764614,3.780409999837019,5.049935431760137,-1.2695254319231175
2022-07-28 04:00:00+00:00,176.77,178.28,174.14,177.43,550876.0,11982.0,176.881837,173.46699999999998,60.34899920270814,3.729780144488984,4.785904374305906,-1.0561242298169216
2022-07-29 04:00:00+00:00,174.39,180.32,173.7073,179.98,1183831.0,20566.0,179.064695,174.55833333333334,63.32176060755141,3.851027065290509,4.598928912502827,-0.7479018472123178
2022-08-01 04:00:00+00:00,179.97,180.255,174.12,175.47,896883.0,16365.0,176.668961,175.51466666666667,55.409331118813284,3.542362663465042,4.38761566269527,-0.8452529992302278
2022-08-02 04:00:00+00:00,174.7,177.55,173.73,176.72,663819.0,13910.0,176.1547,175.89033333333333,57.01263502443452,3.359877873847182,4.182068104925652,-0.8221902310784701
2022-08-03 04:00:00+00:00,177.98,181.475,174.69,174.99,804934.0,16565.0,176.971968,176.05633333333336,54.11267735095702,3.0406105557836725,3.9537765950972563,-0.9131660393135839
2022-08-04 04:00:00+00:00,175.99,178.0,175.32,175.86,477919.0,10480.0,176.140524,176.263,55.342859136714154,2.8252232204827976,3.7280659201743647,-0.902842699691567
2022-08-05 04:00:00+00:00,173.83,177.505,173.1,175.81,708844.0,14310.0,175.695507,176.32333333333335,55.25118357189383,2.620287579201687,3.5065102519798295,-0.8862226727781426
2022-08-08 04:00:00+00:00,176.56,181.0,176.56,178.33,1059924.0,17505.0,179.066615,176.29000000000002,58.94264386986873,2.630890280999097,3.331386257783683,-0.7004959767845862
2022-08-09 04:00:00+00:00,177.2,178.38,175.1,175.6,641533.0,14178.0,176.314007,176.219,53.76792549452447,2.391437807695098,3.1433965677659663,-0.7519587600708681
2022-08-10 04:00:00+00:00,176.34,176.87,174.05,175.65,771905.0,13362.0,175.343965,176.125,53.84784285880861,2.1805683450472486,2.950830923222223,-0.7702625781749743
2022-08-11 04:00:00+00:00,175.48,178.15,172.43,174.04,649062.0,13412.0,174.383227,175.95766666666668,50.802584573743545,1.8620743974451557,2.7330796180668093,-0.8710052206216536
2022-08-12 04:00:00+00:00,174.0,176.03,164.81,170.14,2794821.0,36849.0,170.685241,175.73099999999997,44.27126191789348,1.2802107701506884,2.4425058484835853,-1.162295078332897
2022-08-15 04:00:00+00:00,170.14,170.67,164.91,168.53,1425598.0,25205.0,167.175313,175.345,41.877702925938564,0.6813123639210801,2.0902671515710844,-1.4089547876500044
2022-08-16 04:00:00+00:00,171.2,172.59,167.8,170.52,1262677.0,24289.0,170.348081,175.13666666666666,45.77977622866705,0.3630721611609147,1.7448281534890506,-1.381755992328136
2022-08-17 04:00:00+00:00,170.26,173.365,168.33,170.79,784316.0,14189.0,170.158983,174.99200000000002,46.30648417092888,0.13113955602219107,1.4220904339956788,-1.2909508779734877
2022-08-18 04:00:00+00:00,171.0,171.59,167.9,169.09,912430.0,17569.0,169.582806,174.69666666666666,43.44483398174659,-0.18768102698990674,1.1001361417985618,-1.2878171687884685
2022-08-19 04:00:00+00:00,168.45,171.92,167.88,171.67,1041438.0,16899.0,170.485646,174.504,48.63300587173996,-0.22951845211912314,0.8342052230150249,-1.0637236751341481
2022-08-22 04:00:00+00:00,170.76,171.26,166.0,166.36,951458.0,14484.0,167.10099,174.139,40.415350520623655,-0.6832712102446692,0.530709936363086,-1.2139811466077552
2022-08-23 04:00:00+00:00,166.0,166.822,161.53,163.56,1045925.0,18095.0,163.185578,173.62433333333334,36.87685329637853,-1.2543507647846752,0.1736977961335338,-1.428048560918209
2022-08-24 04:00:00+00:00,163.56,165.65,162.52,164.12,688691.0,14501.0,164.589047,173.18033333333332,38.04517467938003,-1.6428108059224655,-0.18960392427766606,-1.4532068816447994
2022-08-25 04:00:00+00:00,164.65,165.83,162.4701,164.37,627604.0,12517.0,164.144181,172.78633333333335,38.59160912402941,-1.908495330393123,-0.5333822055007574,-1.3751131248923656
2022-08-26 04:00:00+00:00,152.99,157.5899,147.93,155.01,4257426.0,53388.0,152.587865,171.99633333333335,28.467913289452298,-2.8415701534924267,-0.9950197950990913,-1.8465503583933354
2022-08-29 04:00:00+00:00,151.93,159.47,151.36,157.37,1064723.0,23988.0,156.16388,171.62633333333332,33.22438517396158,-3.351967007447797,-1.4664092375688327,-1.8855577698789645
2022-08-30 04:00:00+00:00,157.0,157.65,155.1,155.71,684772.0,15668.0,155.965833,171.05566666666667,31.631150335433205,-3.8460731806897854,-1.9423420261930233,-1.9037311544967621
2022-08-31 04:00:00+00:00,155.85,156.55,152.93,154.29,1158160.0,16956.0,154.388935,170.44466666666668,30.29292575841025,-4.302639861370068,-2.4144015932284324,-1.8882382681416354
2022-09-01 04:00:00+00:00,153.24,156.22,150.95,155.96,649484.0,15361.0,154.64038,169.87133333333335,33.83807837459669,-4.478096493112503,-2.8271405732052464,-1.6509559199072563
2022-09-02 04:00:00+00:00,155.32,156.0101,151.59,152.34,686413.0,15247.0,153.402973,169.2286666666667,30.247057011131673,-4.853305005239918,-3.2323734596121807,-1.620931545627737
2022-09-06 04:00:00+00:00,151.61,151.67,148.02,149.02,970833.0,20732.0,149.607763,168.43466666666666,27.377467564587022,-5.356806773941003,-3.6572601224779455,-1.699546651463057
2022-09-07 04:00:00+00:00,148.75,153.25,147.81,152.43,797081.0,14225.0,151.739727,167.59866666666667,34.274632956022714,-5.418219193590716,-4.0094519367005,-1.4087672568902159
2022-09-08 04:00:00+00:00,152.85,154.0,150.63,152.64,512127.0,15580.0,152.563973,166.79333333333335,34.68602413152526,-5.387836112762528,-4.285128771912905,-1.1027073408496229
2022-09-09 04:00:00+00:00,152.64,155.86,151.56,155.47,670202.0,13820.0,154.572811,166.06133333333335,40.12502491571546,-5.076876877210395,-4.443478392972404,-0.6333984842379916
2022-09-12 04:00:00+00:00,155.66,155.66,149.74,150.1,966904.0,19124.0,151.063554,165.06533333333334,34.28988169252287,-5.203767768134384,-4.5955362680048,-0.6082315001295839
2022-09-13 04:00:00+00:00,147.75,149.055,144.07,144.43,1239326.0,22019.0,145.401794,164.03066666666666,29.424290070536856,-5.696189203836809,-4.815666855171202,-0.8805223486656075
2022-09-14 04:00:00+00:00,144.43,145.07,141.52,143.67,1043343.0,21587.0,143.356901,162.92900000000003,28.833701173232285,-6.077702417520072,-5.068073967640975,-1.0096284498790968
2022-09-15 04:00:00+00:00,142.78,143.17,139.85,141.31,874721.0,18693.0,141.038774,161.80633333333333,27.02007048187633,-6.495609323767383,-5.353581038866257,-1.1420282849011256
2022-09-16 04:00:00+00:00,139.09,142.46,138.205,142.03,1512672.0,18185.0,141.061455,160.67866666666666,28.497726980812942,-6.691569329245851,-5.621178696942176,-1.070390632303675
2022-09-19 04:00:00+00:00,141.97,143.26,137.84,139.42,1369560.0,21064.0,139.453935,159.46566666666664,26.410189595781546,-6.977047175939873,-5.892352392741715,-1.0846947831981577
2022-09-20 04:00:00+00:00,139.58,142.23,138.935,141.99,954076.0,15913.0,141.316056,158.25433333333334,31.71451023177012,-6.916187401401686,-6.09711939447371,-0.8190680069279761
2022-09-21 04:00:00+00:00,142.61,146.26,140.61,141.55,1088508.0,18130.0,142.69889,157.11933333333334,31.298560654921957,-6.824788006519611,-6.242653116882891,-0.5821348896367207
2022-09-22 04:00:00+00:00,140.6,141.51,139.1,140.55,972721.0,14787.0,140.289515,155.94933333333333,30.325103206810027,-6.7551755118795995,-6.345157595882233,-0.4100179159973667
2022-09-23 04:00:00+00:00,140.05,140.73,137.8678,139.2,949653.0,15081.0,138.979755,154.78799999999998,29.01318584864798,-6.7313460586786675,-6.42239528844152,-0.30895077023714723
2022-09-26 04:00:00+00:00,139.32,139.95,135.14,135.27,972805.0,18105.0,136.91756,153.6256666666667,25.548154347358846,-6.94947003627135,-6.527810238007486,-0.4216597982638639
2022-09-27 04:00:00+00:00,136.8,138.42,134.96,135.35,800358.0,17374.0,135.957963,152.51966666666664,25.742571149348905,-7.034786884399296,-6.629205567285848,-0.40558131711344725
2022-09-28 04:00:00+00:00,138.06,138.415,136.18,137.72,986233.0,16906.0,137.362382,151.42633333333333,31.453256068513014,-6.832402228267085,-6.669844899482096,-0.16255732878498907
2022-09-29 04:00:00+00:00,137.13,137.13,134.44,135.7,782140.0,15083.0,135.764243,150.25666666666666,29.379398624120327,-6.757116218724548,-6.687299163330588,-0.0698170553939601
2022-09-30 04:00:00+00:00,136.45,138.35,135.9,136.83,896205.0,15231.0,137.113786,149.18133333333333,32.07738316095383,-6.530984829838246,-6.65603629663212,0.1250514667938738
2022-10-03 04:00:00+00:00,137.18,138.475,135.52,137.7,1068908.0,18142.0,137.63461,148.049,34.162855917288,-6.209987475812312,-6.566826532468159,0.35683905665584703
2022-10-04 04:00:00+00:00,138.53,139.99,137.65,139.17,820165.0,16665.0,139.001748,147.14266666666668,37.6464995088001,-5.770459777064815,-6.407553181387491,0.6370934043226759
2022-10-05 04:00:00+00:00,137.93,138.24,134.735,136.87,909654.0,19005.0,136.659838,146.25300000000001,34.56478907719563,-5.543816027025429,-6.234805750515078,0.6909897234896496
2022-10-06 04:00:00+00:00,136.92,137.837,135.48,136.28,628122.0,10494.0,136.496546,145.325,33.80042847688557,-5.350134273837597,-6.0578714551795825,0.7077371813419857
2022-10-07 04:00:00+00:00,135.24,135.25,131.02,131.26,883128.0,15397.0,132.244616,144.22133333333335,28.105458430711906,-5.537874959814758,-5.953872156106618,0.41599719629186005
2022-10-10 04:00:00+00:00,131.59,133.38,130.32,130.95,516431.0,12408.0,131.625719,143.41933333333333,27.794026338601924,-5.646584899428603,-5.892414704771015,0.24582980534241194
2022-10-11 04:00:00+00:00,133.41,135.5,131.74,133.18,961376.0,17062.0,133.675039,142.613,33.502328822754336,-5.4895162207850206,-5.811835007973817,0.32231878718879603
2022-10-12 04:00:00+00:00,133.52,134.99,131.3,133.29,567781.0,11124.0,132.862182,141.86566666666667,33.78042354955454,-5.295123196539663,-5.708492645686986,0.4133694491473232
2022-10-13 04:00:00+00:00,130.48,134.88,129.65,133.53,738644.0,20698.0,132.959186,141.17366666666666,34.42478460400369,-5.0633323861304405,-5.579460593775678,0.5161282076452371
2022-10-14 04:00:00+00:00,134.94,135.53,132.38,133.4,691230.0,12094.0,133.741767,140.42166666666665,34.23048463700856,-4.83439847613883,-5.430448170248308,0.5960496941094782
2022-10-17 04:00:00+00:00,133.94,137.49,133.83,135.99,770486.0,12908.0,136.039839,139.87666666666667,41.334813341358895,-4.3933317549073365,-5.223024887180115,0.8296931322727783
2022-10-18 04:00:00+00:00,136.75,138.95,133.97,134.84,539624.0,12685.0,135.820109,139.404,39.304676149583614,-4.089438092917902,-4.996307528327673,0.9068694354097708
2022-10-19 04:00:00+00:00,132.95,134.595,129.18,129.83,644612.0,12555.0,130.754534,138.6506666666667,31.94392337965357,-4.204399604545387,-4.837925943571216,0.6335263390258294
2022-10-20 04:00:00+00:00,128.64,130.11,126.56,126.7,1319379.0,18312.0,127.139391,137.786,28.36939040506668,-4.49624238881708,-4.7695892326203895,0.2733468438033091
2022-10-21 04:00:00+00:00,126.8,129.37,124.85,128.84,1319262.0,20058.0,127.813582,136.89833333333334,33.8219351126091,-4.502942662661667,-4.716259918628645,0.21331725596697826
2022-10-24 04:00:00+00:00,129.08,129.17,126.55,129.06,815858.0,13304.0,128.289352,136.197,34.37498409883442,-4.43932672151243,-4.660873279205402,0.2215465576929727
2022-10-25 04:00:00+00:00,129.57,131.51,128.65,128.77,787312.0,15298.0,129.384026,135.675,33.97196080182886,-4.362028457403909,-4.601104314845104,0.23907585744119508
2022-10-26 04:00:00+00:00,129.52,131.7999,127.16,129.46,1288822.0,21357.0,129.56323,135.20133333333334,35.897698121518246,-4.196714678317136,-4.520226387539511,0.32351170922237493
2022-10-27 04:00:00+00:00,129.86,132.635,128.58,131.25,1660503.0,27653.0,131.032758,134.866,40.727306673707766,-3.8765775046358613,-4.391496610958781,0.5149191063229202
2022-10-28 04:00:00+00:00,129.5,131.315,125.0,129.69,1650073.0,31829.0,128.218096,134.45466666666667,38.037584127188836,-3.706024704690293,-4.254402229705084,0.5483775250147911
2022-10-31 04:00:00+00:00,129.29,130.5,126.29,127.16,1218970.0,18819.0,128.284574,134.046,34.10384346450047,-3.7319901781837643,-4.149919819400821,0.41792964121705634
2022-11-01 04:00:00+00:00,126.85,128.37,124.57,126.69,919854.0,17394.0,126.204717,133.536,33.41254689676765,-3.747296572764867,-4.06939517007363,0.3220985973087629
2022-11-02 04:00:00+00:00,126.7,132.4,126.105,129.1,1553482.0,23510.0,129.668729,133.121,40.11568307587302,-3.524333815553291,-3.9603828991695624,0.43604908361627137
2022-11-03 04:00:00+00:00,127.23,129.12,126.23,127.8,734114.0,14908.0,128.074278,132.696,37.89938198713781,-3.4131882500393544,-3.850943969343521,0.43775571930416657
2022-11-04 04:00:00+00:00,129.21,129.81,126.3,127.22,888973.0,14090.0,127.562446,132.29666666666668,36.919355081775485,-3.333479465092097,-3.7474510684932363,0.41397160340113937
2022-11-07 05:00:00+00:00,127.32,129.95,126.1,129.79,984658.0,13811.0,129.156613,132.114,43.8481790575408,-3.0280269473688293,-3.603566244268355,0.5755392968995259
2022-11-08 05:00:00+00:00,129.99,135.82,129.715,131.54,1230442.0,17131.0,133.036577,131.987,48.03392556363672,-2.6146037275301524,-3.405773740920715,0.7911700133905626
2022-11-09 05:00:00+00:00,131.74,139.17,131.2808,137.96,1195206.0,19062.0,137.172326,131.995,59.85637212791202,-1.7487638404482198,-3.074371760826216,1.3256079203779962
2022-11-10 05:00:00+00:00,135.63,135.76,127.66,131.06,2130945.0,39104.0,131.087468,131.84033333333335,47.380160741029485,-1.6008976743247842,-2.7796769435259296,1.1787792692011454
2022-11-11 05:00:00+00:00,131.05,133.05,128.44,132.91,1215746.0,21250.0,131.108711,131.70966666666666,50.36724865862316,-1.3192259182528687,-2.4875867384713177,1.168360820218449
2022-11-14 05:00:00+00:00,132.25,134.4839,129.89,130.95,693167.0,15040.0,131.622392,131.48466666666667,47.30344927659727,-1.239862281236384,-2.238041847024331,0.9981795657879471
2022-11-15 05:00:00+00:00,133.42,134.43,131.275,133.74,753172.0,15910.0,133.015818,131.30366666666666,51.79822420692016,-0.9409892062948302,-1.978631318878431,1.0376421125836008
2022-11-16 05:00:00+00:00,133.5,134.02,130.87,131.56,631580.0,13761.0,132.107205,131.12666666666667,48.329460761043755,-0.8700089999298655,-1.756906855088718,0.8868978551588524
2022-11-17 05:00:00+00:00,131.56,132.33,130.2,131.53,480164.0,12593.0,131.376891,130.96833333333333,48.2815436744847,-0.8068762570521244,-1.5669007354813993,0.7600244784292749
2022-11-18 05:00:00+00:00,131.53,132.66,130.9,131.76,588686.0,10061.0,131.699333,130.985,48.701471475032,-0.729870532494914,-1.3994946948841023,0.6696241623891883
2022-11-21 05:00:00+00:00,131.38,131.72,123.41,123.48,817511.0,21539.0,125.389285,130.736,37.04135021990844,-1.321733619722238,-1.3839424798517295,0.06220886012949145
2022-11-22 05:00:00+00:00,123.35,124.75,121.1901,124.53,799859.0,17565.0,123.359795,130.44766666666666,39.03471703060072,-1.6866208405444922,-1.444478151990282,-0.24214268855421017
2022-11-23 05:00:00+00:00,124.9,125.95,123.51,123.96,460733.0,11341.0,124.475623,130.13666666666668,38.3253224361953,-1.9987504769090378,-1.5553326169740334,-0.4434178599350045
2022-11-25 05:00:00+00:00,123.23,125.04,123.02,123.44,270294.0,5950.0,123.591606,129.80033333333333,37.65304259880514,-2.2620001865745962,-1.696666130894146,-0.5653340556804503
2022-11-28 05:00:00+00:00,124.14,125.1,121.02,121.22,866448.0,20071.0,122.368938,129.39433333333332,34.84299269225053,-2.6195661962946275,-1.8812461439742423,-0.7383200523203852
2022-11-29 05:00:00+00:00,121.28,121.595,116.92,117.37,939697.0,17974.0,118.21301,128.77366666666666,30.580609135734065,-3.176980406801249,-2.1403929965396435,-1.0365874102616055
2022-11-30 05:00:00+00:00,118.3,122.045,117.59,121.39,1870533.0,27161.0,120.460636,128.32533333333333,38.97509660952302,-3.256812276493889,-2.3636768525304928,-0.8931354239633964
2022-12-01 05:00:00+00:00,121.47,122.76,120.11,121.02,730210.0,15788.0,121.116473,128.03166666666667,38.51347466779268,-3.3117596128457336,-2.553293404593541,-0.7584662082521927
2022-12-02 05:00:00+00:00,120.41,122.84,120.12,122.41,723087.0,12851.0,121.900078,127.88866666666668,41.32505004020572,-3.206185479071877,-2.6838718194892084,-0.5223136595826685
2022-12-05 05:00:00+00:00,121.87,122.83,120.46,121.22,614529.0,14470.0,121.481831,127.63466666666666,39.65331988219934,-3.181861750570178,-2.7834698057054026,-0.39839194486477547
2022-12-06 05:00:00+00:00,120.62,120.76,116.08,117.91,764764.0,16776.0,117.635998,127.263,35.36759724375766,-3.3905897496008066,-2.9048937944844835,-0.48569595511632313
2022-12-07 05:00:00+00:00,118.01,119.79,117.09,119.36,483037.0,12488.0,118.591046,126.94933333333333,38.503204669439775,-3.3998143670795002,-3.0038779090034873,-0.39593645807601296
2022-12-08 05:00:00+00:00,119.42,125.57,117.58,125.24,1520816.0,21006.0,123.837794,126.80866666666667,49.25454359832308,-2.8992374791545075,-2.9829498230336915,0.08371234387918403
2022-12-09 05:00:00+00:00,125.24,125.66,122.66,124.0,898284.0,18441.0,123.833007,126.56700000000001,47.373601140136984,-2.5729252452627946,-2.900944907479512,0.3280196622167173
2022-12-12 05:00:00+00:00,124.85,132.58,124.83,131.84,1581765.0,27945.0,130.304989,126.63866666666667,58.233709853141804,-1.6625333213275297,-2.6532625902491156,0.9907292689215859
2022-12-13 05:00:00+00:00,133.31,134.63,130.64,134.06,1476705.0,27985.0,132.920803,126.86866666666668,60.70642269248761,-0.7532230296822036,-2.2732546781357335,1.52003164845353
2022-12-14 05:00:00+00:00,133.55,135.2,131.17,132.05,1067770.0,21130.0,132.640483,127.04733333333334,57.39330557883574,-0.19255857862468417,-1.8571154582335236,1.6645568796088395
2022-12-15 05:00:00+00:00,132.19,133.45,127.42,128.41,1307282.0,19082.0,128.652142,127.02433333333332,51.87219113677462,-0.04146752917932872,-1.4939858724226847,1.452518343243356
2022-12-16 05:00:00+00:00,127.78,130.23,125.98,129.61,1564502.0,18573.0,129.037612,127.08466666666666,53.46162078726382,0.17310770932263608,-1.1605671560736206,1.3336748653962567
2022-12-19 05:00:00+00:00,129.37,129.37,125.4,127.63,696519.0,14465.0,127.404261,127.09833333333333,50.498223052881535,0.18130075704556248,-0.892193573449784,1.0734943304953464
2022-12-20 05:00:00+00:00,127.63,133.46,126.92,133.02,915453.0,16753.0,131.788731,127.20599999999999,57.41786351306091,0.6156252160074445,-0.5906298155583384,1.206255031565783
2022-12-21 05:00:00+00:00,133.65,133.65,131.38,132.32,1191157.0,17432.0,132.477245,127.232,56.31684402070137,0.89305178395756,-0.29389349565515865,1.1869452796127187
2022-12-22 05:00:00+00:00,131.8,132.31,129.75,130.36,624724.0,14263.0,130.684442,126.97866666666665,53.238504343996034,0.9438782769788077,-0.046339141128365374,0.990217418107173
2022-12-23 05:00:00+00:00,130.65,131.235,126.55,127.02,629264.0,13154.0,127.509149,126.844,48.38491232137264,0.706504409380301,0.10422956897336791,0.6022748404069331
2022-12-27 05:00:00+00:00,127.57,128.09,124.5,125.01,573009.0,13523.0,125.196784,126.58066666666667,45.685612371836086,0.3521345198443555,0.15381055914756545,0.19832396069679006
2022-12-28 05:00:00+00:00,124.52,126.18,123.77,125.14,364561.0,10810.0,124.954131,126.387,45.895846767524034,0.0808517343692472,0.1392187941919018,-0.05836705982265461
2022-12-29 05:00:00+00:00,125.45,128.98,124.71,128.37,709686.0,15001.0,128.085224,126.208,50.973506235780135,0.1250506718532023,0.1363851697241619,-0.011334497870959609
2022-12-30 05:00:00+00:00,127.69,128.71,125.08,128.51,698385.0,14875.0,127.375178,126.10633333333334,51.187339685098266,0.16942248131381632,0.14299263204209278,0.026429849271723538
2023-01-03 05:00:00+00:00,129.59,130.725,127.66,128.7,549282.0,13034.0,128.790098,126.01199999999999,51.49653140315634,0.21741267412411958,0.15787664045849814,0.059536033665621435
2023-01-04 05:00:00+00:00,129.23,135.0,128.25,134.9,692637.0,17821.0,133.48581,126.11666666666666,60.3274896090187,0.7471210853102548,0.2757255294288495,0.4713955558814053
2023-01-05 05:00:00+00:00,133.28,136.9762,132.82,135.9,1084376.0,26320.0,135.234146,126.53066666666668,61.54366420510816,1.233392677147691,0.4672589589726178,0.7661337181750733
2023-01-06 05:00:00+00:00,136.59,137.54,135.35,136.17,1006679.0,17934.0,136.409486,126.91866666666667,61.88342135415018,1.6218573980785038,0.698178646793795,0.9236787512847088
