timestamp,open,high,low,close,volume,trade_count,vwap,30sma,rsi,macd,signal,histogram
2022-01-03 05:00:00+00:00,6.325,6.4,6.29,6.36,21604725.0,53319.0,6.345669,,,,,
2022-01-04 05:00:00+00:00,6.28,6.32,6.115,6.17,35054205.0,87775.0,6.180614,,,,,
2022-01-05 05:00:00+00:00,6.17,6.26,6.14,6.14,16051525.0,56771.0,6.196115,,,,,
2022-01-06 05:00:00+00:00,6.16,6.25,6.135,6.19,17343981.0,52885.0,6.203823,,,,,
2022-01-07 05:00:00+00:00,6.22,6.29,6.18,6.2,15793993.0,43096.0,6.233708,,,,,
2022-01-10 05:00:00+00:00,6.19,6.27,6.17,6.26,16216698.0,36752.0,6.226837,,,,,
2022-01-11 05:00:00+00:00,6.225,6.34,6.22,6.32,14871818.0,41012.0,6.307327,,,,,
2022-01-12 05:00:00+00:00,6.34,6.38,6.28,6.33,12335996.0,30428.0,6.323509,,,,,
2022-01-13 05:00:00+00:00,6.33,6.41,6.3,6.36,14949750.0,33345.0,6.365412,,,,,
2022-01-14 05:00:00+00:00,6.19,6.23,6.09,6.18,27849688.0,50860.0,6.144065,,,,,
2022-01-18 05:00:00+00:00,6.13,6.18,6.09,6.11,16512642.0,38004.0,6.133746,,,,,
2022-01-19 05:00:00+00:00,6.125,6.17,6.055,6.1,15239437.0,31120.0,6.108685,,,,,
2022-01-20 05:00:00+00:00,6.1,6.19,6.03,6.04,13230983.0,25244.0,6.11697,,,,,
2022-01-21 05:00:00+00:00,6.06,6.1,6.0,6.01,20149522.0,37069.0,6.042181,,,,,
2022-01-24 05:00:00+00:00,6.0,6.115,5.92,6.05,26179973.0,59143.0,6.007819,,31.325301204819297,,,
2022-01-25 05:00:00+00:00,5.98,6.1,5.93,6.06,25117842.0,49561.0,6.024212,,32.20494053064958,,,
2022-01-26 05:00:00+00:00,6.0,6.11,5.931,5.98,20361574.0,46109.0,6.029962,,29.00424668821705,,,
2022-01-27 05:00:00+00:00,5.98,6.23,5.98,6.13,28415276.0,51153.0,6.149877,,40.87045857850003,,,
2022-01-28 05:00:00+00:00,6.1,6.22,6.04,6.19,21447264.0,40992.0,6.13968,,44.84177664254294,,,
2022-01-31 05:00:00+00:00,6.18,6.38,6.18,6.36,40054115.0,65969.0,6.32738,,54.22300656661067,,,
2022-02-01 05:00:00+00:00,6.43,6.82,6.38,6.76,51009808.0,94925.0,6.632417,,68.00977672880012,,,
2022-02-02 05:00:00+00:00,6.63,6.75,6.6,6.68,29033096.0,55465.0,6.69125,,63.86686618446537,,,
2022-02-03 05:00:00+00:00,6.65,6.73,6.63,6.67,20009046.0,48942.0,6.677989,,63.347399506302324,,,
2022-02-04 05:00:00+00:00,6.59,6.79,6.57,6.78,21406148.0,39973.0,6.727681,,66.56857471881933,,,
2022-02-07 05:00:00+00:00,6.78,6.84,6.715,6.74,10094061.0,25587.0,6.758889,,64.35376951334817,,,
2022-02-08 05:00:00+00:00,6.75,6.88,6.71,6.8,11578022.0,31014.0,6.810629,,66.17187924608442,0.22528641494280421,,
2022-02-09 05:00:00+00:00,6.8,6.87,6.8,6.86,14818324.0,29007.0,6.836612,,67.93323204281006,0.23477774448699673,,
2022-02-10 05:00:00+00:00,6.55,6.58,6.3,6.33,32534979.0,66333.0,6.412897,,45.430844721706684,0.19725923920695365,,
2022-02-11 05:00:00+00:00,6.3246,6.3599,6.2,6.22,27831722.0,56874.0,6.257367,,42.29914975017273,0.1568415015749327,,
2022-02-14 05:00:00+00:00,6.25,6.305,6.125,6.17,18174528.0,40856.0,6.182964,6.318333333333333,40.91841748195417,0.11939921138944687,,
2022-02-15 05:00:00+00:00,6.2,6.24,6.13,6.2,19930830.0,39803.0,6.188867,6.313,42.13881439076141,0.09109657137073945,,
2022-02-16 05:00:00+00:00,6.15,6.2,6.13,6.17,19743962.0,41492.0,6.171265,6.313,41.22183209088926,0.06549083834900848,,
2022-02-17 05:00:00+00:00,6.11,6.13,6.0,6.03,21482782.0,42880.0,6.051381,6.309333333333333,37.15811235272231,0.03351494110008524,,
2022-02-18 05:00:00+00:00,6.03,6.11,5.975,6.03,22244284.0,43466.0,6.050449,6.303999999999999,37.15811235272231,0.00808066329993018,0.12574968063565528,-0.1176690173357251
2022-02-22 05:00:00+00:00,6.04,6.13,6.01,6.02,18227410.0,38350.0,6.058102,6.298,36.85711743961613,-0.012736285555461357,0.09805248739743196,-0.11078877295289331
2022-02-23 05:00:00+00:00,6.04,6.05,5.95,5.97,24118962.0,43145.0,5.986794,6.288333333333333,35.31669357788142,-0.03288932200278527,0.07186412551738852,-0.10475344752017379
2022-02-24 05:00:00+00:00,5.94,6.08,5.89,6.06,26042872.0,47274.0,5.996593,6.2796666666666665,40.164393790786164,-0.04112444375492963,0.04926641166292489,-0.09039085541785452
2022-02-25 05:00:00+00:00,6.15,6.21,6.105,6.16,18599229.0,38861.0,6.159114,6.274,45.088724886160854,-0.039130599614815686,0.03158700940737678,-0.07071760902219246
2022-02-28 05:00:00+00:00,6.15,6.2,6.07,6.16,15809056.0,33411.0,6.143127,6.267333333333332,45.088724886160854,-0.03712253825586753,0.017845099874727915,-0.05496763813059545
2022-03-01 05:00:00+00:00,6.12,6.17,6.06,6.08,18393090.0,40790.0,6.098503,6.264,41.89013428548493,-0.04150798832215319,0.0059744822353516944,-0.04748247055750488
2022-03-02 05:00:00+00:00,6.08,6.195,6.07,6.15,13636721.0,35131.0,6.150003,6.265333333333333,45.53122145186054,-0.03888681115673975,-0.0029977764430665944,-0.03588903471367316
2022-03-03 05:00:00+00:00,6.19,6.21,6.12,6.18,12814161.0,33332.0,6.165605,6.268,47.062151642844185,-0.03399686538717894,-0.009197594231889063,-0.02479927115528988
2022-03-04 05:00:00+00:00,6.16,6.23,6.12,6.17,18853196.0,37935.0,6.180923,6.272333333333334,46.59205939771478,-0.03057600342655764,-0.01347327607082278,-0.017102727355734863
2022-03-07 05:00:00+00:00,6.14,6.435,6.02,6.38,52595017.0,86509.0,6.287052,6.284666666666666,56.43367157832138,-0.010795259686167569,-0.012937672793891738,0.002142413107724169
2022-03-08 05:00:00+00:00,6.35,6.57,6.323,6.38,46929028.0,81626.0,6.459708,6.2956666666666665,56.43367157832138,0.004825496915974448,-0.009385038851918501,0.014210535767892949
2022-03-09 05:00:00+00:00,6.435,6.435,6.1901,6.22,28406373.0,67829.0,6.270862,6.301,48.531379055062565,0.004245457251943918,-0.006658939631146018,0.010904396883089936
2022-03-10 05:00:00+00:00,6.18,6.27,6.13,6.22,24580067.0,51034.0,6.199841,6.308999999999999,48.53137905506256,0.0037426289424953296,-0.004578625916417748,0.008321254858913078
2022-03-11 05:00:00+00:00,6.2,6.3,6.17,6.19,19981593.0,34336.0,6.213921,6.310999999999999,47.097273235097134,0.000912861703554313,-0.0034803283924233364,0.004393190095977649
2022-03-14 04:00:00+00:00,6.17,6.22,6.12,6.16,15572373.0,37519.0,6.15679,6.31,45.644714363950975,-0.0037077577765671776,-0.003525814269252105,-0.0001819435073150727
2022-03-15 04:00:00+00:00,6.2,6.285,6.17,6.24,16517632.0,39534.0,6.224006,6.306,50.06730181572848,-0.0009038812122579287,-0.0030014276578532698,0.002097546445595341
2022-03-16 04:00:00+00:00,6.25,6.3,6.09,6.21,26244631.0,50661.0,6.196115,6.2876666666666665,48.474492208548725,-0.0010899735768328256,-0.002619136841649181,0.0015291632648163555
2022-03-17 04:00:00+00:00,6.19,6.26,6.11,6.25,17945713.0,34668.0,6.211026,6.273333333333334,50.72539257560783,0.001967532104218961,-0.001701803052475553,0.003669335156694514
2022-03-18 04:00:00+00:00,6.19,6.33,6.17,6.33,30518731.0,43501.0,6.283742,6.262,54.96297684207995,0.01072235812664779,0.0007830291833491158,0.009939328943298674
2022-03-21 04:00:00+00:00,6.26,6.32,6.2,6.29,17315294.0,35989.0,6.275729,6.245666666666667,52.530432108447464,0.014268476997478352,0.0034801187461749633,0.01078835825130339
2022-03-22 04:00:00+00:00,6.31,6.42,6.27,6.41,20130240.0,31424.0,6.372861,6.2346666666666675,58.46884674699837,0.026456821104281936,0.008075459217796357,0.018381361886485578
2022-03-23 04:00:00+00:00,6.39,6.5,6.39,6.4,19384257.0,34051.0,6.427138,6.221333333333334,57.819712377817496,0.034906870520105215,0.013441741478258131,0.021465129041847084
2022-03-24 04:00:00+00:00,6.43,6.51,6.385,6.5,12899881.0,28057.0,6.469019,6.209333333333333,62.32430973237365,0.049106688489538364,0.020574730880514182,0.028531957609024182
2022-03-25 04:00:00+00:00,6.5,6.59,6.48,6.56,14674084.0,28219.0,6.543421,6.217,64.75631067349644,0.06445860640303103,0.029351505985017554,0.03510710041801347
2022-03-28 04:00:00+00:00,6.53,6.62,6.5,6.6,27400384.0,61197.0,6.576394,6.229666666666668,66.31730999195278,0.07894277449590348,0.03926975968719474,0.03967301480870874
2022-03-29 04:00:00+00:00,6.59,6.67,6.56,6.62,27094880.0,39145.0,6.614906,6.2446666666666655,67.10190719971443,0.09098657827811607,0.04961312340537901,0.04137345487273706
2022-03-30 04:00:00+00:00,6.61,6.7,6.58,6.64,22976763.0,38419.0,6.651328,6.259333333333333,67.90698019153406,0.10098116439491278,0.05988673160328577,0.041094432791627014
2022-03-31 04:00:00+00:00,6.69,6.7756,6.61,6.62,17523062.0,35305.0,6.671113,6.274333333333334,66.16330178495933,0.10606545648761845,0.0691224765801523,0.036942979907466145
2022-04-01 04:00:00+00:00,6.65,6.68,6.55,6.59,12306736.0,37729.0,6.593713,6.293000000000001,63.528217075945776,0.10644699067435237,0.07658737939899232,0.02985961127536005
2022-04-04 04:00:00+00:00,6.59,6.71,6.58,6.69,9866222.0,26122.0,6.66861,6.315,68.09030354455018,0.11351005032863881,0.08397191358492162,0.02953813674371719
2022-04-05 04:00:00+00:00,6.69,6.77,6.605,6.62,15194699.0,31867.0,6.66921,6.335,62.222979866400024,0.1121661791138644,0.08961076669071019,0.022555412423154203
2022-04-06 04:00:00+00:00,6.58,6.65,6.56,6.58,16334354.0,33144.0,6.586991,6.355333333333333,59.08960402012287,0.10664415831466556,0.09301744501550127,0.01362671329916429
2022-04-07 04:00:00+00:00,6.58,6.6,6.46,6.55,9456218.0,30004.0,6.525798,6.371666666666667,56.78017632705723,0.09870930830600955,0.09415581767360293,0.0045534906324066204
2022-04-08 04:00:00+00:00,6.54,6.59,6.5,6.5,12116581.0,22630.0,6.540722,6.383,53.0581549243529,0.08737904908776262,0.09280046395643486,-0.005421414868672245
2022-04-11 04:00:00+00:00,6.5,6.6,6.4801,6.53,10275834.0,25796.0,6.543847,6.395333333333334,54.9656438325001,0.07989945512374952,0.0902202621898978,-0.010320807066148283
2022-04-12 04:00:00+00:00,6.56,6.62,6.51,6.52,9585776.0,24124.0,6.557448,6.409999999999999,54.175388691087,0.07233111848386642,0.08664243344869152,-0.0143113149648251
2022-04-13 04:00:00+00:00,6.54,6.57,6.51,6.53,11753936.0,29021.0,6.540788,6.422666666666666,54.87408225301309,0.06637494455251947,0.08258893566945712,-0.01621399111693765
2022-04-14 04:00:00+00:00,6.53,6.57,6.445,6.46,11270492.0,22809.0,6.482878,6.432,49.21707804728018,0.05536797130656357,0.07714474279687841,-0.021776771490314845
2022-04-18 04:00:00+00:00,6.34,6.37,6.245,6.26,18566307.0,46882.0,6.282361,6.435,37.364868340854436,0.030158884332591285,0.06774757110402099,-0.03758868677142971
2022-04-19 04:00:00+00:00,6.34,6.42,6.28,6.41,15057706.0,33068.0,6.371873,6.435999999999999,47.56391750335333,0.022030296141215544,0.05860411611145991,-0.036573819970244364
2022-04-20 04:00:00+00:00,6.38,6.47,6.37,6.41,10903071.0,29997.0,6.414171,6.437,47.56391750335333,0.015410686633543058,0.04996543021587654,-0.03455474358233348
2022-04-21 04:00:00+00:00,6.42,6.48,6.3,6.35,13973569.0,32626.0,6.360809,6.441333333333334,44.2233325876615,0.0052624377413943435,0.04102483172098011,-0.03576239397958576
2022-04-22 04:00:00+00:00,6.31,6.37,6.25,6.25,14085484.0,34710.0,6.287666,6.442333333333334,39.27261501203608,-0.010725648287968959,0.030674735719190296,-0.04140038400715926
2022-04-25 04:00:00+00:00,6.27,6.29,6.13,6.17,21000711.0,45048.0,6.170866,6.441666666666666,35.81805055677002,-0.029511463287748896,0.01863749591780246,-0.04814895920555136
2022-04-26 04:00:00+00:00,6.14,6.2,6.05,6.05,25212142.0,46173.0,6.096439,6.438000000000001,31.3617029523067,-0.05346603101364167,0.004216790531513633,-0.057682821545155305
2022-04-27 04:00:00+00:00,6.08,6.1,5.95,5.97,26902665.0,50644.0,6.014172,6.429,28.79004674909065,-0.07800632161354581,-0.012227831897498256,-0.06577848971604756
2022-04-28 04:00:00+00:00,6.2,6.38,6.08,6.31,30619645.0,75531.0,6.259497,6.432333333333333,48.22251076271886,-0.06922157696545206,-0.023626580911089018,-0.04559499605436304
2022-04-29 04:00:00+00:00,6.28,6.3,5.99,6.0,36719959.0,60066.0,6.065128,6.424,38.031854838505595,-0.08627943711904962,-0.03615715215268114,-0.050122284966368474
2022-05-02 04:00:00+00:00,6.06,6.1055,5.95,6.03,24610650.0,60383.0,6.02885,6.414000000000001,39.367232044007295,-0.09626745362549727,-0.048179212447244366,-0.0480882411782529
2022-05-03 04:00:00+00:00,6.05,6.145,5.98,6.08,18461808.0,45039.0,6.077044,6.406999999999999,41.62508250262596,-0.09900715369607038,-0.05834480069700958,-0.040662352999060805
2022-05-04 04:00:00+00:00,6.09,6.24,6.06,6.23,20007973.0,45172.0,6.151181,6.401,47.893856965386504,-0.08805954373773162,-0.06428774930515399,-0.023771794432577625
2022-05-05 04:00:00+00:00,6.18,6.2,6.1,6.13,19452143.0,37350.0,6.140246,6.3919999999999995,44.465595753117576,-0.08645603686168091,-0.06872140681645937,-0.017734630045221536
2022-05-06 04:00:00+00:00,6.1,6.14,6.01,6.07,20797792.0,46575.0,6.066647,6.377666666666666,42.499892927798726,-0.08900079886065271,-0.07277728522529804,-0.016223513635354667
2022-05-09 04:00:00+00:00,6.02,6.13,6.0,6.05,25379021.0,57108.0,6.068205,6.360666666666668,41.83598602462178,-0.09157574573892724,-0.07653697732802389,-0.015038768410903347
2022-05-10 04:00:00+00:00,6.16,6.21,6.04,6.07,29814925.0,69595.0,6.106017,6.343,42.79829166443236,-0.09095411442431178,-0.07942040474728147,-0.01153370967703031
2022-05-11 04:00:00+00:00,6.04,6.14,6.0,6.02,26820363.0,59284.0,6.060696,6.323000000000001,40.973205813472,-0.09341917120717103,-0.08222015803925939,-0.011199013167911637
2022-05-12 04:00:00+00:00,6.0,6.1,5.94,5.99,24905690.0,52882.0,6.007496,6.301333333333333,39.87448368703736,-0.09667903995491312,-0.08511193442239014,-0.011567105532522978
2022-05-13 04:00:00+00:00,6.0,6.17,5.96,6.14,24444615.0,56399.0,6.113986,6.285333333333333,47.46072554102205,-0.08616550076918461,-0.08532264769174905,-0.0008428530774355625
2022-05-16 04:00:00+00:00,6.14,6.19,6.11,6.13,12971646.0,34346.0,6.14449,6.27,47.03465719258119,-0.07774417518755516,-0.08380695319091028,0.006062778003355113
2022-05-17 04:00:00+00:00,6.18,6.225,6.13,6.21,13813676.0,32065.0,6.189604,6.2540000000000004,50.83705426564511,-0.06387853064140625,-0.07982126868100947,0.01594273803960322
2022-05-18 04:00:00+00:00,6.15,6.18,6.02,6.04,21565148.0,43409.0,6.085873,6.234666666666667,43.66359286095824,-0.06584842701531901,-0.07702670034787139,0.011178273332552377
2022-05-19 04:00:00+00:00,6.01,6.14,5.99,6.09,16748604.0,36472.0,6.087624,6.218333333333334,46.073797898193426,-0.0626527797069576,-0.07415191621968864,0.011499136512731045
2022-05-20 04:00:00+00:00,6.17,6.17,6.08,6.16,18967335.0,34045.0,6.126449,6.205333333333333,49.34141116186819,-0.05385103005274772,-0.07009173898630046,0.01624070893355274
2022-05-23 04:00:00+00:00,6.195,6.28,6.18,6.23,16433344.0,39237.0,6.231267,6.196333333333333,52.44464784683406,-0.0407573398102441,-0.06422485915108919,0.023467519340845094
2022-05-24 04:00:00+00:00,6.16,6.19,6.06,6.19,16069189.0,39949.0,6.147697,6.185,50.53945474795132,-0.033225162670843744,-0.0580249198550401,0.024799757184196358
2022-05-25 04:00:00+00:00,6.23,6.24,6.16,6.2,18723834.0,42442.0,6.203283,6.174333333333334,51.01851972711135,-0.026147529155122307,-0.051649441715056546,0.02550191255993424
2022-05-26 04:00:00+00:00,6.2,6.35,6.2,6.33,15390716.0,42446.0,6.309578,6.167666666666666,56.867358094427324,-0.009934026780637595,-0.043306358728172754,0.03337233194753516
2022-05-27 04:00:00+00:00,6.34,6.41,6.33,6.38,13823631.0,42671.0,6.386025,6.165,58.90013378100421,0.0068706719661015825,-0.033270952589317886,0.04014162455541947
2022-05-31 04:00:00+00:00,6.37,6.41,6.31,6.39,16553933.0,37216.0,6.380775,6.169333333333333,59.313135914356856,0.020756169024474858,-0.02246552826655934,0.0432216972910342
2022-06-01 04:00:00+00:00,6.41,6.41,6.25,6.31,16558441.0,37433.0,6.315546,6.166,54.587304682497894,0.02501681579072823,-0.012969059455101826,0.03798587524583005
2022-06-02 04:00:00+00:00,6.29,6.345,6.21,6.34,14320130.0,30620.0,6.291159,6.163666666666667,56.00298907949494,0.030462999829351745,-0.004282647598211111,0.03474564742756286
2022-06-03 04:00:00+00:00,6.28,6.32,6.2,6.27,12090531.0,31612.0,6.262675,6.161,51.93473077151383,0.028798750858707756,0.0023336320931726623,0.026465118765535093
2022-06-06 04:00:00+00:00,6.3,6.33,6.215,6.26,11128849.0,31922.0,6.268775,6.161333333333333,51.36072651326329,0.026368940401836127,0.007140693754905355,0.01922824664693077
2022-06-07 04:00:00+00:00,6.3,6.3,6.18,6.29,13648224.0,36975.0,6.263976,6.165333333333334,53.03764903519066,0.026557904398282872,0.011024135883580859,0.015533768514702014
2022-06-08 04:00:00+00:00,6.31,6.31,6.18,6.21,14221460.0,40804.0,6.227091,6.1706666666666665,48.2594753713899,0.020021532550504872,0.012823615216965662,0.00719791733353921
2022-06-09 04:00:00+00:00,6.23,6.3,6.145,6.15,14388965.0,32039.0,6.217613,6.176666666666666,44.986056820320734,0.009885953096541833,0.012236082792880897,-0.002350129696339064
2022-06-10 04:00:00+00:00,6.12,6.15,6.09,6.1,17230939.0,35079.0,6.118958,6.169666666666667,42.404765359580665,-0.0021562923798859046,0.009357607758327537,-0.011513900138213441
2022-06-13 04:00:00+00:00,6.06,6.08,5.91,5.92,26568110.0,45632.0,5.97824,6.167,34.688141470323856,-0.02592550131577731,0.0023009859435065673,-0.028226487259283877
2022-06-14 04:00:00+00:00,5.97,6.02,5.9,5.93,18543277.0,40440.0,5.954138,6.163666666666667,35.39156047651541,-0.04345493280326185,-0.006850197805847115,-0.036604734997414734
2022-06-15 04:00:00+00:00,5.99,6.09,5.95,6.01,23994737.0,47278.0,6.010411,6.161333333333333,40.877482672493116,-0.05031183858059762,-0.015542525960797218,-0.0347693126198004
2022-06-16 04:00:00+00:00,6.0,6.01,5.69,5.71,33923516.0,51509.0,5.781448,6.144,30.439548570105586,-0.0790423278525223,-0.028242486339142236,-0.05079984151338006
2022-06-17 04:00:00+00:00,5.75,5.87,5.6987,5.85,30501219.0,51286.0,5.80942,6.134666666666666,38.35086667757954,-0.08948311200741976,-0.04049061147279774,-0.04899250053462202
2022-06-21 04:00:00+00:00,5.91,5.94,5.86,5.91,18841427.0,33746.0,5.899595,6.129333333333333,41.42556467046664,-0.09185713820276753,-0.05076391681879169,-0.041093221383975836
2022-06-22 04:00:00+00:00,5.86,5.98,5.855,5.93,16057510.0,34194.0,5.930981,6.125333333333333,42.45580940409363,-0.0910748836469546,-0.05882611018442428,-0.032248773462530314
2022-06-23 04:00:00+00:00,5.97,6.12,5.94,6.1,16960013.0,44308.0,6.048826,6.126333333333333,50.435825684680914,-0.07586286217277571,-0.06223346058209457,-0.013629401590681142
2022-06-24 04:00:00+00:00,6.13,6.21,6.11,6.19,28624502.0,50408.0,6.178769,6.132,54.067451583209724,-0.055900590508701775,-0.060966886567416015,0.00506629605871424
2022-06-27 04:00:00+00:00,6.22,6.27,6.17,6.26,14998355.0,33301.0,6.235476,6.141000000000001,56.72343998889167,-0.03403954472620896,-0.0555814181991746,0.021541873472965642
2022-06-28 04:00:00+00:00,6.25,6.33,6.105,6.12,15638305.0,32533.0,6.195342,6.1403333333333325,50.4413132042314,-0.027692120882645277,-0.05000355873586874,0.02231143785322346
2022-06-29 04:00:00+00:00,6.12,6.14,6.05,6.11,10067925.0,27071.0,6.100517,6.139666666666667,50.01522159569307,-0.023201209086319174,-0.04464308880595883,0.021441879719639657
2022-06-30 04:00:00+00:00,6.06,6.24,6.04,6.13,16219327.0,35402.0,6.15226,6.137,50.90840050229547,-0.01782284560958214,-0.039279040166683495,0.021456194557101356
2022-07-01 04:00:00+00:00,6.13,6.22,6.09,6.21,11471277.0,26058.0,6.172457,6.142666666666667,54.417108542678086,-0.007024152337384848,-0.032828062600823764,0.025803910263438916
2022-07-05 04:00:00+00:00,6.12,6.22,6.07,6.22,15114306.0,33254.0,6.157622,6.147,54.85149682594395,0.0023141304523690565,-0.025799623990185202,0.02811375444255426
2022-07-06 04:00:00+00:00,6.24,6.25,6.15,6.19,10183240.0,23217.0,6.190885,6.148,53.213167221379614,0.007210914627220788,-0.019197516266704004,0.026408430893924792
2022-07-07 04:00:00+00:00,6.19,6.26,6.16,6.25,11978223.0,28418.0,6.234088,6.148666666666667,56.0411318697558,0.01575157556618212,-0.012207697900126779,0.027959273466308898
2022-07-08 04:00:00+00:00,6.21,6.31,6.21,6.31,10592275.0,22132.0,6.278759,6.152666666666667,58.72767575692802,0.02704979623840309,-0.004356199072420805,0.03140599531082389
2022-07-11 04:00:00+00:00,6.28,6.28,6.13,6.19,15454685.0,33107.0,6.187649,6.152333333333333,51.89643429605812,0.02602076917261087,0.0017191945765855296,0.02430157459602534
2022-07-12 04:00:00+00:00,6.2,6.3,6.17,6.2,12376099.0,23311.0,6.239299,6.148,52.39340114110465,0.025715739201718435,0.006518503501612111,0.019197235700106324
2022-07-13 04:00:00+00:00,6.17,6.26,6.14,6.23,11068252.0,24121.0,6.214005,6.143000000000001,53.93107476411619,0.02757686114245228,0.010730175029780145,0.016846686112672135
2022-07-14 04:00:00+00:00,6.18,6.31,6.16,6.29,16436704.0,31487.0,6.251635,6.139666666666667,56.92755368269901,0.033507063675592086,0.015285552758942535,0.01822151091664955
2022-07-15 04:00:00+00:00,6.32,6.35,6.265,6.35,14192003.0,28415.0,6.327653,6.141,59.747135011935455,0.042557711658244735,0.020739984538802977,0.021817727119441757
2022-07-18 04:00:00+00:00,6.34,6.4,6.32,6.35,13197487.0,24236.0,6.357724,6.141333333333333,59.747135011935455,0.049163687010371326,0.02642472503311665,0.022738961977254675
2022-07-19 04:00:00+00:00,6.38,6.5,6.365,6.48,17400403.0,34302.0,6.439354,6.148333333333334,65.43313157566078,0.0641494091579311,0.03396966185807954,0.03017974729985156
2022-07-20 04:00:00+00:00,6.47,6.54,6.42,6.51,16533506.0,30928.0,6.490456,6.156666666666666,66.60545622539239,0.07755247455379255,0.042686224397222146,0.034866250156570404
2022-07-21 04:00:00+00:00,6.51,6.54,6.36,6.52,16122928.0,37440.0,6.474543,6.164333333333333,67.00712808767322,0.08796738362970746,0.05174245624371922,0.036224927385988245
2022-07-22 04:00:00+00:00,6.52,6.59,6.43,6.46,15152410.0,38705.0,6.49412,6.172666666666666,62.174905172691226,0.09033841058514369,0.05946164711200412,0.03087676347313957
2022-07-25 04:00:00+00:00,6.49,6.52,6.35,6.38,14192575.0,25938.0,6.413099,6.180333333333334,56.340822747627406,0.08478478884840346,0.064526275459284,0.020258513389119465
2022-07-26 04:00:00+00:00,6.38,6.49,6.37,6.38,15721098.0,31558.0,6.403385,6.189666666666667,56.340822747627406,0.07946745228715812,0.06751451082485882,0.011952941462299305
2022-07-27 04:00:00+00:00,6.39,6.46,6.32,6.44,18361712.0,38353.0,6.396762,6.207,59.635322969340784,0.07918216065328121,0.0698480407905433,0.00933411986273791
2022-07-28 04:00:00+00:00,6.44,6.65,6.43,6.58,20950257.0,40766.0,6.578184,6.228666666666666,66.06916022139134,0.08922437192983512,0.07372330701840166,0.015501064911433465
2022-07-29 04:00:00+00:00,6.58,6.7,6.48,6.68,19205655.0,32921.0,6.615843,6.251,69.77503730254173,0.10405260729545684,0.0797891670738127,0.024263440221644145
2022-08-01 04:00:00+00:00,6.61,6.71,6.595,6.68,19300286.0,35079.0,6.677463,6.283333333333333,69.77503730254173,0.11448438591757704,0.08672821084256557,0.027756175075011463
2022-08-02 04:00:00+00:00,6.67,6.78,6.65,6.69,13402966.0,30202.0,6.690327,6.311333333333334,70.15310100612025,0.12215048727772704,0.09381266612959786,0.028337821148129175
2022-08-03 04:00:00+00:00,6.69,6.72,6.6401,6.72,15462596.0,24416.0,6.704223,6.338333333333334,71.31241002372033,0.12915782609519244,0.10088169812271677,0.028276127972475668
2022-08-04 04:00:00+00:00,6.7,6.76,6.68,6.71,12011000.0,27959.0,6.714078,6.364333333333334,70.33175806463149,0.13237830150950014,0.10718101880007345,0.025197282709426685
2022-08-05 04:00:00+00:00,6.61,6.685,6.56,6.58,18517954.0,37175.0,6.600253,6.380333333333334,58.977381161365855,0.12302251100493145,0.11034931724104505,0.012673193763886398
2022-08-08 04:00:00+00:00,6.58,6.72,6.56,6.65,12699874.0,34716.0,6.659412,6.395666666666667,62.48901830529482,0.119874555355997,0.11225436486403545,0.007620190491961554
2022-08-09 04:00:00+00:00,6.64,6.74,6.57,6.73,10762150.0,31175.0,6.683041,6.411333333333332,66.0643702268993,0.12242388292044026,0.11428826847531642,0.00813561444512384
2022-08-10 04:00:00+00:00,6.76,6.85,6.69,6.74,16781847.0,33884.0,6.760876,6.432,66.49427677363146,0.12382379616414418,0.11619537401308198,0.0076284221510622
2022-08-11 04:00:00+00:00,6.73,6.85,6.7,6.73,10784105.0,32782.0,6.756313,6.4526666666666666,65.59931978245771,0.12271177609964834,0.11749865443039527,0.005213121669253071
2022-08-12 04:00:00+00:00,6.74,6.8,6.695,6.78,8935402.0,24873.0,6.767866,6.474333333333333,67.92394794806884,0.12443071449812404,0.11888506644394102,0.005545648054183019
2022-08-15 04:00:00+00:00,6.73,6.775,6.7,6.77,11148976.0,30627.0,6.747566,6.492999999999999,66.94952247609844,0.12356172646846098,0.11982039844884501,0.0037413280196159637
2022-08-16 04:00:00+00:00,6.73,6.75,6.6,6.6,12814107.0,28551.0,6.648061,6.5056666666666665,53.023484456503155,0.10791153098689055,0.11743862495645413,-0.009527093969563583
2022-08-17 04:00:00+00:00,6.55,6.59,6.48,6.52,13237513.0,40674.0,6.528438,6.516666666666667,47.96700292331775,0.08803845440176428,0.11155859084551617,-0.023520136443751893
2022-08-18 04:00:00+00:00,6.54,6.56,6.44,6.49,13805425.0,30002.0,6.47906,6.524666666666667,46.18820269913576,0.06907193053134542,0.10306125878268203,-0.03398932825133662
2022-08-19 04:00:00+00:00,6.45,6.465,6.35,6.4,16564811.0,33481.0,6.400417,6.527666666666666,41.246489655793155,0.046245486695190685,0.09169810436518377,-0.04545261766999309
2022-08-22 04:00:00+00:00,6.355,6.36,6.25,6.26,14090590.0,29693.0,6.293796,6.53,34.97740352050957,0.01666641546520875,0.07669176658518877,-0.06002535111998002
2022-08-23 04:00:00+00:00,6.24,6.335,6.23,6.28,14009608.0,29224.0,6.288645,6.5326666666666675,36.46309937965345,-0.005102559606318557,0.060332901346887305,-0.06543546095320586
2022-08-24 04:00:00+00:00,6.26,6.3,6.22,6.24,7944170.0,19893.0,6.255305,6.5329999999999995,34.75280770553621,-0.025290758769408228,0.0432081693236282,-0.06849892809303643
2022-08-25 04:00:00+00:00,6.24,6.32,6.235,6.27,9003082.0,19486.0,6.269142,6.532333333333333,37.13444330297211,-0.038426347757362755,0.026881265907430008,-0.06530761366479276
2022-08-26 04:00:00+00:00,6.25,6.31,6.16,6.17,16825018.0,33071.0,6.20175,6.526333333333333,32.832358255622594,-0.056257064511374466,0.010253599823669112,-0.06651066433504357
2022-08-29 04:00:00+00:00,6.15,6.21,6.1,6.12,11235658.0,26772.0,6.15238,6.518666666666666,30.904485861204307,-0.07357449713048503,-0.006512019567161716,-0.06706247756332331
2022-08-30 04:00:00+00:00,6.16,6.16,6.08,6.11,15381377.0,30820.0,6.111515,6.506333333333333,30.518515206938744,-0.08710155120949725,-0.022629925895628823,-0.06447162531386844
2022-08-31 04:00:00+00:00,6.18,6.19,6.06,6.09,19945616.0,36070.0,6.09987,6.492333333333334,29.719080837679456,-0.09830250182741906,-0.03776444108198687,-0.06053806074543219
2022-09-01 04:00:00+00:00,6.09,6.14,6.065,6.13,16518948.0,31671.0,6.105144,6.479333333333333,33.47256733755246,-0.10276703576650448,-0.050764960018890394,-0.052002075747614084
2022-09-02 04:00:00+00:00,6.15,6.18,6.07,6.07,16907312.0,34044.0,6.1074,6.466333333333334,30.814147748429093,-0.10988008046787812,-0.06258798410868795,-0.04729209635919017
2022-09-06 04:00:00+00:00,6.095,6.1,5.97,6.0,20523080.0,47967.0,6.019041,6.453666666666666,28.018333710449497,-0.11978482967302373,-0.07402735322155511,-0.04575747645146862
2022-09-07 04:00:00+00:00,6.03,6.19,6.01,6.18,15900037.0,34768.0,6.139915,6.447,42.4724926408907,-0.1118209171736595,-0.08158606601197599,-0.030234851161683507
2022-09-08 04:00:00+00:00,6.16,6.23,6.12,6.19,12815158.0,38720.0,6.171471,6.438666666666666,43.15541636183089,-0.10350935134454353,-0.0859707230784895,-0.017538628266054027
2022-09-09 04:00:00+00:00,6.19,6.28,6.17,6.27,13942331.0,39218.0,6.245569,6.428333333333334,48.42978250195383,-0.08943608066538378,-0.08666379459586836,-0.00277228606951542
2022-09-12 04:00:00+00:00,6.31,6.325,6.22,6.26,11145007.0,32678.0,6.263869,6.414333333333333,47.83233810635189,-0.07818852009720523,-0.08496873969613573,0.006780219598930506
2022-09-13 04:00:00+00:00,6.15,6.16,5.97,6.01,19300637.0,40957.0,6.0441,6.3919999999999995,35.90662719394595,-0.0884283114458162,-0.08566065404607183,-0.0027676573997443693
2022-09-14 04:00:00+00:00,6.01,6.045,5.95,6.01,17893309.0,39743.0,6.001342,6.369333333333333,35.90662719394595,-0.0954432099503304,-0.08761716522692356,-0.007826044723406839
2022-09-15 04:00:00+00:00,5.99,6.025,5.92,5.94,17919431.0,38369.0,5.95349,6.343333333333334,33.21723841232236,-0.10543558672793818,-0.09118084952712649,-0.01425473720081169
2022-09-16 04:00:00+00:00,5.92,5.98,5.88,5.97,35327994.0,40437.0,5.955026,6.318666666666667,35.44871217817122,-0.10966966441149939,-0.09487861250400106,-0.014791051907498326
2022-09-19 04:00:00+00:00,5.97,6.03,5.94,6.02,12936035.0,26096.0,5.99389,6.3,39.10104768784816,-0.10774856100789165,-0.09745260220477919,-0.01029595880311246
2022-09-20 04:00:00+00:00,5.98,6.05,5.92,6.0,14523562.0,33980.0,5.995556,6.278333333333333,38.17070988905179,-0.10661096077990262,-0.09928427391980388,-0.007326686860098741
2022-09-21 04:00:00+00:00,6.04,6.05,5.9,5.91,13924546.0,27311.0,5.978409,6.251,34.22444785213327,-0.11168422600549643,-0.1017642643369424,-0.009919961668554036
2022-09-22 04:00:00+00:00,5.89,5.93,5.845,5.87,11653804.0,27219.0,5.880569,6.2219999999999995,32.61076269594889,-0.11757713493146937,-0.1049268384558478,-0.012650296475621575
2022-09-23 04:00:00+00:00,5.875,5.89,5.79,5.81,14405840.0,35703.0,5.827452,6.191333333333334,30.302739404483404,-0.12564050078593247,-0.10906957092186474,-0.016570929864067732
2022-09-26 04:00:00+00:00,5.8,5.865,5.78,5.81,14155483.0,30163.0,5.812427,6.159000000000001,30.302739404483404,-0.13052615208745255,-0.11336088715498231,-0.01716526493247024
2022-09-27 04:00:00+00:00,5.88,5.94,5.82,5.82,15002500.0,33798.0,5.858251,6.1273333333333335,31.243354678012054,-0.1320687432543135,-0.11710245837484855,-0.014966284879464956
2022-09-28 04:00:00+00:00,5.83,5.965,5.81,5.95,15752874.0,36975.0,5.929895,6.105666666666667,42.16980319175689,-0.12140189880379904,-0.11796234646063865,-0.0034395523431603875
2022-09-29 04:00:00+00:00,5.9,5.905,5.73,5.78,14784954.0,33002.0,5.784743,6.081,34.45816358088835,-0.1252224406297069,-0.11941436529445229,-0.005808075335254598
2022-09-30 04:00:00+00:00,5.82,5.84,5.71,5.71,13060958.0,26406.0,5.758976,6.054999999999999,31.87347420675323,-0.13237275185365416,-0.12200604260629268,-0.01036670924736148
2022-10-03 04:00:00+00:00,5.75,5.89,5.71,5.86,13629819.0,37008.0,5.834533,6.037000000000001,41.92601333024909,-0.12450051418747421,-0.12250493692252899,-0.001995577264945217
2022-10-04 04:00:00+00:00,5.9,6.0,5.86,5.97,18514121.0,33470.0,5.949596,6.027333333333333,47.98717767220885,-0.10813906856083833,-0.11963176325019087,0.011492694689352545
2022-10-05 04:00:00+00:00,5.9,6.0,5.855,5.97,11172769.0,25212.0,5.945288,6.0169999999999995,47.98717767220886,-0.09408791807203976,-0.11452299421456065,0.020435076142520894
2022-10-06 04:00:00+00:00,5.95,5.99,5.9,5.93,10578201.0,25120.0,5.936492,6.006666666666667,45.96402282615717,-0.08519783813839954,-0.10865796299932844,0.023460124860928896
2022-10-07 04:00:00+00:00,5.9,5.925,5.85,5.87,17133006.0,35135.0,5.880633,5.993333333333334,43.03323832148647,-0.08204808504921335,-0.10333598740930543,0.02128790236009208
2022-10-10 04:00:00+00:00,5.88,5.98,5.875,5.93,11915639.0,33250.0,5.933121,5.985333333333333,46.69364647153446,-0.0738589840813404,-0.09744058674371243,0.02358160266237204
2022-10-11 04:00:00+00:00,5.9,6.0,5.88,5.97,17026636.0,37720.0,5.95677,5.980333333333333,49.04432874696232,-0.0634104407694025,-0.09063455754885046,0.027224116779447957
2022-10-12 04:00:00+00:00,5.98,6.02,5.95,5.96,11966435.0,38464.0,5.974663,5.975333333333333,48.468885257369074,-0.055299354803986844,-0.08356751699987774,0.0282681621958909
2022-10-13 04:00:00+00:00,5.905,6.17,5.89,6.14,21062306.0,44632.0,6.082999,5.977,58.017482086822994,-0.033955348935880814,-0.07364508338707837,0.039689734451197556
2022-10-14 04:00:00+00:00,6.18,6.215,6.045,6.05,15277481.0,34271.0,6.097053,5.974333333333333,52.75392338148444,-0.02402536885191342,-0.06372114048004539,0.03969577162813197
2022-10-17 04:00:00+00:00,6.13,6.22,6.12,6.19,18197561.0,41400.0,6.185339,5.9783333333333335,58.9871230493808,-0.004803585380407149,-0.05193762946011775,0.0471340440797106
2022-10-18 04:00:00+00:00,6.24,6.345,6.18,6.23,14177126.0,33745.0,6.241385,5.986000000000001,60.58705253561862,0.013501841389353508,-0.0388497352902235,0.05235157667957701
2022-10-19 04:00:00+00:00,6.15,6.22,6.08,6.14,11332659.0,28152.0,6.144957,5.984666666666667,55.354641518305314,0.020510345651823414,-0.026977719101814117,0.04748806475363753
2022-10-20 04:00:00+00:00,6.11,6.37,6.09,6.1,12450939.0,27823.0,6.122635,5.9816666666666665,53.1573508042054,0.022576719696187908,-0.017066831342213713,0.03964355103840162
2022-10-21 04:00:00+00:00,6.1,6.21,6.085,6.19,13159230.0,28441.0,6.171537,5.978999999999999,57.2675120333524,0.031117876344094242,-0.0074298898049521235,0.03854776614904636
2022-10-24 04:00:00+00:00,6.23,6.27,6.15,6.23,11049296.0,27144.0,6.213451,5.978,58.98982167400618,0.040645929258048774,0.0021852740076480567,0.03846065525040072
2022-10-25 04:00:00+00:00,6.24,6.31,6.23,6.28,14248766.0,28047.0,6.276884,5.987,61.10036041027278,0.051636330495385074,0.012075485305195461,0.03956084519018961
2022-10-26 04:00:00+00:00,6.32,6.395,6.22,6.23,16575382.0,42528.0,6.273176,5.9943333333333335,57.89184770023994,0.055669991516142936,0.020794386547384955,0.03487560496875798
2022-10-27 04:00:00+00:00,6.21,6.27,6.1,6.11,16074529.0,35301.0,6.157503,6.0,50.97352823696861,0.04862320181427382,0.02636014960076273,0.02226305221351109
2022-10-28 04:00:00+00:00,6.17,6.21,6.07,6.17,12842532.0,31345.0,6.16465,6.006666666666666,53.93757266630378,0.04733442695595169,0.030555005071800524,0.016779421884151168
2022-10-31 04:00:00+00:00,6.175,6.175,6.03,6.04,26900726.0,51696.0,6.073684,6.007333333333333,47.269344732437,0.035414909024719776,0.03152698586238437,0.0038879231623354035
2022-11-01 04:00:00+00:00,6.12,6.24,6.055,6.06,16792939.0,34464.0,6.134146,6.009333333333333,48.327739838915235,0.027268108263501567,0.03067521034260781,-0.0034071020791062445
2022-11-02 04:00:00+00:00,6.09,6.24,6.0184,6.07,23391207.0,42216.0,6.12666,6.014666666666667,48.88023463841079,0.02137226027948813,0.02881462032998388,-0.0074423600504957485
2022-11-03 04:00:00+00:00,6.04,6.12,6.0,6.09,18926094.0,37727.0,6.074794,6.022,50.03099816777569,0.018104889234695776,0.02667267411092626,-0.008567784876230486
2022-11-04 04:00:00+00:00,6.14,6.19,6.075,6.16,17429031.0,38072.0,6.138557,6.033666666666666,53.93923698129713,0.020922705205475012,0.02552268032983601,-0.004599975124361
2022-11-07 05:00:00+00:00,6.18,6.28,6.18,6.28,16165832.0,38476.0,6.239529,6.049333333333333,59.750947451929456,0.03246460996656353,0.026911066257181517,0.0055535437093820125
2022-11-08 05:00:00+00:00,6.3,6.39,6.27,6.36,15363954.0,34247.0,6.336574,6.067333333333334,63.0941414578605,0.047519212158682045,0.031032695437481623,0.016486516721200422
2022-11-09 05:00:00+00:00,6.32,6.39,6.26,6.32,12917807.0,27366.0,6.337926,6.079666666666666,60.39300071162411,0.05558171573189519,0.03594249949636434,0.019639216235530846
2022-11-10 05:00:00+00:00,6.38,6.47,6.33,6.41,19420889.0,34542.0,6.389806,6.100666666666666,64.11548180081903,0.06844456934929077,0.04244291346694963,0.026001655882341143
2022-11-11 05:00:00+00:00,6.4,6.45,6.32,6.44,15178089.0,39585.0,6.40025,6.125,65.28665324502549,0.08013547096577689,0.049981424966715086,0.030154045999061803
2022-11-14 05:00:00+00:00,6.445,6.48,6.41,6.42,15397073.0,38600.0,6.438442,6.143666666666666,63.7918905429036,0.0867863429334994,0.05734240856007196,0.029443934373427447
2022-11-15 05:00:00+00:00,6.45,6.5,6.41,6.47,17358489.0,35362.0,6.469441,6.160333333333333,65.89421885681146,0.09499672589472397,0.06487327202700237,0.030123453867721597
2022-11-16 05:00:00+00:00,6.49,6.515,6.42,6.48,16814875.0,37470.0,6.472951,6.177333333333333,66.3154688202227,0.10114449914474655,0.07212751745055121,0.029016981694195337
2022-11-17 05:00:00+00:00,6.38,6.49,6.28,6.36,19702611.0,42692.0,6.3685,6.191666666666666,57.18741357647427,0.09523583717089235,0.07674918139461945,0.018486655776272898
2022-11-18 05:00:00+00:00,6.37,6.42,6.27,6.39,13705016.0,35327.0,6.346506,6.209,58.71728984542266,0.09191439730908613,0.07978222457751279,0.01213217273157334
2022-11-21 05:00:00+00:00,6.41,6.48,6.38,6.43,13781131.0,31956.0,6.441898,6.225666666666667,60.73215210668554,0.09145555528278138,0.08211689071856651,0.009338664564214866
2022-11-22 05:00:00+00:00,6.45,6.5,6.41,6.49,8548193.0,22434.0,6.475323,6.243,63.6018269466786,0.0948401599028248,0.08466154455541818,0.01017861534740662
2022-11-23 05:00:00+00:00,6.46,6.54,6.4462,6.5,10046106.0,25154.0,6.498673,6.261,64.07307446570273,0.09720883691393745,0.08717100302712204,0.010037833886815409
2022-11-25 05:00:00+00:00,6.45,6.8,6.45,6.49,3838109.0,9558.0,6.494259,6.272666666666666,63.1919926762791,0.0971591241800347,0.08916862725770458,0.007990496922330115
2022-11-28 05:00:00+00:00,6.475,6.51,6.375,6.38,10771057.0,24462.0,6.419359,6.283666666666667,54.34005927257236,0.08723802019558047,0.08878250584527976,-0.0015444856496992926
2022-11-29 05:00:00+00:00,6.37,6.43,6.35,6.41,11000899.0,24848.0,6.397524,6.291,56.14438342108019,0.08086407239926441,0.0871988191560767,-0.006334746756812296
2022-11-30 05:00:00+00:00,6.43,6.49,6.31,6.49,22057549.0,33167.0,6.441672,6.299666666666666,60.614039200506284,0.08133047714688857,0.08602515075423908,-0.0046946736073505135
2022-12-01 05:00:00+00:00,6.36,6.535,6.35,6.41,19294193.0,43425.0,6.429934,6.308666666666666,54.619183374883946,0.07438728454577515,0.08369757751254629,-0.009310292966771147
2022-12-02 05:00:00+00:00,6.36,6.36,6.24,6.24,15222010.0,35208.0,6.273318,6.3133333333333335,44.538599417596465,0.05453848937913808,0.07786575988586465,-0.023327270506726575
2022-12-05 05:00:00+00:00,6.18,6.21,6.145,6.18,14386891.0,31315.0,6.17442,6.313000000000001,41.61902592254028,0.0335795930020959,0.0690085265091109,-0.03542893350701501
2022-12-06 05:00:00+00:00,6.205,6.23,6.12,6.15,12915399.0,26938.0,6.159779,6.310333333333333,40.20008436414913,0.014382969424617364,0.0580834150922122,-0.04370044566759484
2022-12-07 05:00:00+00:00,6.11,6.215,6.1,6.2,12467550.0,26886.0,6.171782,6.307666666666666,43.648439433456005,0.0031675752322968265,0.04710024712022913,-0.043932671887932304
2022-12-08 05:00:00+00:00,6.19,6.21,6.1125,6.16,11545980.0,25736.0,6.153476,6.3053333333333335,41.58259476904908,-0.00884639543385024,0.035910918609413256,-0.044757314043263496
2022-12-09 05:00:00+00:00,6.17,6.17,6.09,6.11,8435274.0,21260.0,6.109399,6.3053333333333335,39.091954406731645,-0.022146840879591068,0.024299366711612393,-0.046446207591203464
2022-12-12 05:00:00+00:00,6.09,6.17,6.05,6.15,9467411.0,27276.0,6.128701,6.304666666666667,42.080755376171936,-0.029124148953837192,0.013614663578522479,-0.04273881253235967
2022-12-13 05:00:00+00:00,6.25,6.26,6.14,6.16,15114235.0,43630.0,6.175102,6.308666666666667,42.83596909176338,-0.03346108093276001,0.004199514676265981,-0.037660595609025994
2022-12-14 05:00:00+00:00,6.115,6.21,6.07,6.12,13674519.0,31528.0,6.148155,6.310666666666667,40.5578988947176,-0.03966852244407981,-0.004574092747803178,-0.03509442969627664
2022-12-15 05:00:00+00:00,6.09,6.105,5.97,5.97,16724325.0,34920.0,6.011721,6.307333333333334,33.38729556059225,-0.0560456515775174,-0.014868404513746023,-0.04117724706377138
2022-12-16 05:00:00+00:00,5.91,5.99,5.91,5.96,33266050.0,33872.0,5.962222,6.303,32.96881336003102,-0.06903575957006769,-0.025701875525010357,-0.043333884045057336
2022-12-19 05:00:00+00:00,6.0,6.01,5.88,5.9,11987395.0,26880.0,5.91023,6.294333333333333,30.498720382203985,-0.08321278709049729,-0.03720405783810775,-0.04600872925238954
2022-12-20 05:00:00+00:00,5.91,5.925,5.85,5.87,8822697.0,26961.0,5.880189,6.280666666666667,29.316033232381727,-0.09576501335761023,-0.048916248942008245,-0.046848764415601984
2022-12-21 05:00:00+00:00,5.92,5.925,5.84,5.9,12282055.0,26736.0,5.883064,6.265333333333333,32.149549302308486,-0.10211487708987654,-0.05955597457158191,-0.04255890251829463
2022-12-22 05:00:00+00:00,5.85,5.87,5.76,5.81,17851695.0,31731.0,5.805529,6.248333333333334,28.463215451646334,-0.11310562642894784,-0.0702659049430551,-0.04283972148589274
2022-12-23 05:00:00+00:00,5.83,5.88,5.8,5.84,9712833.0,22614.0,5.843677,6.229333333333334,31.291315927116585,-0.1180344969774616,-0.07981962334993639,-0.03821487362752521
2022-12-27 05:00:00+00:00,5.88,5.91,5.77,5.78,8266278.0,24024.0,5.799552,6.2073333333333345,28.83595970479921,-0.12533735000575685,-0.08892316868110048,-0.036414181324656375
2022-12-28 05:00:00+00:00,5.78,5.84,5.73,5.73,12254565.0,31387.0,5.765763,6.184333333333333,26.9389286587229,-0.133619216623301,-0.09786237826954058,-0.03575683835376042
2022-12-29 05:00:00+00:00,5.79,5.86,5.78,5.82,11556838.0,27164.0,5.819274,6.1626666666666665,35.2022922062245,-0.13140564526527143,-0.10457103166868675,-0.026834613596584678
2022-12-30 05:00:00+00:00,5.8,5.84,5.76,5.84,9818947.0,21747.0,5.803597,6.141333333333334,36.90996156311926,-0.12657842388487417,-0.10897251011192424,-0.017605913772949927
2023-01-03 05:00:00+00:00,5.84,5.86,5.72,5.79,16481228.0,37738.0,5.780675,6.122333333333333,34.46460528311867,-0.12534252765938003,-0.11224651362141541,-0.01309601403796462
2023-01-04 05:00:00+00:00,5.85,5.92,5.83,5.86,18316265.0,36911.0,5.866598,6.104666666666668,40.4162762155591,-0.11736178243815854,-0.11326956738476404,-0.004092215053394493
2023-01-05 05:00:00+00:00,5.85,5.87,5.79,5.83,11555785.0,29774.0,5.828516,6.084666666666666,38.7903724416673,-0.11216476800628339,-0.11304860750906791,0.0008838395027845197
2023-01-06 05:00:00+00:00,5.89,5.99,5.87,5.99,11925337.0,31424.0,5.951753,6.068,50.278863711467835,-0.09405126931457097,-0.10924913987016853,0.015197870555597556
