timestamp,open,high,low,close,volume,trade_count,vwap,30sma,rsi,macd,signal,histogram
2022-01-03 05:00:00+00:00,380.43,380.63,349.56,350.42,1682578.0,35153.0,356.179076,,,,,
2022-01-04 05:00:00+00:00,347.28,347.28,316.57,334.99,4131560.0,78312.0,326.890595,,,,,
2022-01-05 05:00:00+00:00,327.25,331.6882,309.59,311.64,3493939.0,59683.0,319.269699,,,,,
2022-01-06 05:00:00+00:00,309.11,320.97,299.195,313.75,2292477.0,43639.0,312.417096,,,,,
2022-01-07 05:00:00+00:00,310.36,317.11,294.25,303.71,2219038.0,39968.0,303.365398,,,,,
2022-01-10 05:00:00+00:00,295.5,314.44,284.575,312.98,3042087.0,46062.0,300.835944,,,,,
2022-01-11 05:00:00+00:00,309.99,316.56,303.69,314.95,1796489.0,31534.0,311.066882,,,,,
2022-01-12 05:00:00+00:00,318.48,324.13,315.01,320.59,2783095.0,39845.0,319.046176,,,,,
2022-01-13 05:00:00+00:00,319.85,321.7062,297.62,298.65,2425795.0,38026.0,305.033612,,,,,
2022-01-14 05:00:00+00:00,296.42,302.98,284.365,297.39,4023269.0,58095.0,294.383384,,,,,
2022-01-18 05:00:00+00:00,284.64,305.98,281.18,293.63,2249576.0,37974.0,295.098072,,,,,
2022-01-19 05:00:00+00:00,298.01,305.435,292.56,293.46,1787232.0,31815.0,297.687347,,,,,
2022-01-20 05:00:00+00:00,300.47,309.78,289.69,291.32,1798460.0,36246.0,299.863134,,,,,
2022-01-21 05:00:00+00:00,289.35,295.67,282.64,283.0,2092435.0,42481.0,288.834713,,,,,
2022-01-24 05:00:00+00:00,277.485,302.28,273.4222,300.27,3382682.0,53301.0,287.585266,,29.55897937556044,,,
2022-01-25 05:00:00+00:00,294.58,294.67,275.15,286.69,3820865.0,57830.0,285.439115,,26.41035840948436,,,
2022-01-26 05:00:00+00:00,294.74,308.81,287.08,293.06,3539811.0,54202.0,298.251969,,30.16795419141141,,,
2022-01-27 05:00:00+00:00,300.02,310.14,290.38,290.89,3007460.0,55013.0,300.371451,,29.613221184719933,,,
2022-01-28 05:00:00+00:00,312.05,329.12,286.89,319.17,5817116.0,91362.0,311.562673,,44.05191027073775,,,
2022-01-31 05:00:00+00:00,319.08,329.26,316.83,324.34,3098471.0,57455.0,323.259053,,46.22372710172376,,,
2022-02-01 05:00:00+00:00,324.83,328.65,313.565,325.87,1872939.0,36466.0,323.633294,,46.880891877967734,,,
2022-02-02 05:00:00+00:00,328.89,328.89,309.655,314.29,2122611.0,36925.0,315.832164,,42.63426440954363,,,
2022-02-03 05:00:00+00:00,306.25,316.07,302.67,304.41,1860551.0,28990.0,307.70225,,39.35844954171681,,,
2022-02-04 05:00:00+00:00,304.78,324.201,301.01,320.91,2020947.0,33379.0,316.776497,,46.72100058295066,,,
2022-02-07 05:00:00+00:00,319.85,328.705,311.68,314.19,1695565.0,26189.0,317.268154,,44.35884621445946,,,
2022-02-08 05:00:00+00:00,311.8,318.945,307.76,318.05,860612.0,21059.0,314.746037,,46.0462555448332,3.220956118071456,,
2022-02-09 05:00:00+00:00,323.47,336.639,321.0,335.6,1497357.0,28183.0,330.784307,,53.02203887500654,4.851595786078008,,
2022-02-10 05:00:00+00:00,326.63,352.71,324.51,346.16,2169573.0,43957.0,344.62605,,56.65361966601931,6.916266799062271,,
2022-02-11 05:00:00+00:00,346.9,352.92,319.53,321.76,1745270.0,38636.0,331.76304,,47.51390102941956,6.508629936881164,,
2022-02-14 05:00:00+00:00,319.875,325.39,313.96,320.25,1655740.0,28583.0,320.599968,311.87966666666665,47.00848015118795,5.994628065521226,,
2022-02-15 05:00:00+00:00,328.06,335.84,323.63,330.33,1324473.0,25598.0,329.917092,311.21,50.772956001488275,6.327707761002557,,
2022-02-16 05:00:00+00:00,324.88,325.865,312.01,318.71,1017651.0,21896.0,317.115719,310.6673333333334,46.65809280057923,5.589605439673107,,
2022-02-17 05:00:00+00:00,314.31,316.1,303.1,304.0,1893942.0,24383.0,308.631714,310.4126666666667,42.01585497189747,3.77417364444716,,
2022-02-18 05:00:00+00:00,304.2,310.97,297.04,298.07,1570602.0,28915.0,302.321767,309.89000000000004,40.27615210175226,1.835767837424612,5.002147932017952,-3.1663800945933396
2022-02-22 05:00:00+00:00,292.18,303.0,290.88,295.7,1593825.0,28733.0,296.503643,309.623,39.57094507131511,0.10709356881807253,4.023137059377976,-3.916043490559903
2022-02-23 05:00:00+00:00,298.7,300.95,280.7976,281.02,1545680.0,27594.0,287.550117,308.55766666666665,35.43253707848061,-2.419555428737681,2.7345985617548445,-5.154153990492525
2022-02-24 05:00:00+00:00,270.19,302.02,268.2,301.6,2318769.0,39108.0,289.826476,308.11266666666666,44.23707250881973,-2.7298410487173896,1.6417106396603978,-4.371551688377787
2022-02-25 05:00:00+00:00,297.74,305.36,293.61,305.03,1103983.0,22068.0,301.038243,307.594,45.569275102394876,-2.6682147846135535,0.7797255548056076,-3.4479403394191612
2022-02-28 05:00:00+00:00,300.0,312.06,300.0,305.72,1124006.0,23455.0,305.67125,307.82966666666664,45.84953859173377,-2.5344823579268905,0.11688397225910796,-2.6513663301859984
2022-03-01 05:00:00+00:00,308.0,321.76,304.88,307.27,1468275.0,27552.0,314.126472,308.159,46.51575536692643,-2.2771765266718376,-0.36192812752708114,-1.9152483991447564
2022-03-02 05:00:00+00:00,310.23,312.24,296.49,309.28,1382776.0,26957.0,304.798405,308.6806666666666,47.41917564743078,-1.8892910289458769,-0.6674007078108404,-1.2218903211350365
2022-03-03 05:00:00+00:00,309.9,310.53,282.39,286.88,2815273.0,40133.0,290.440348,308.46133333333336,39.426551268869204,-3.350756339514419,-1.2040718341515562,-2.1466845053628627
2022-03-04 05:00:00+00:00,287.33,292.64,266.68,267.61,1768028.0,41509.0,272.774977,307.67100000000005,34.1014631756406,-5.994801738512422,-2.1622178150237295,-3.8325839234886923
2022-03-07 05:00:00+00:00,270.84,273.979,243.61,244.24,3047065.0,56880.0,252.39593,306.379,28.98797189821208,-9.862303954382526,-3.702235042895489,-6.160068911487037
2022-03-08 05:00:00+00:00,242.76,245.8199,232.6896,240.95,2465626.0,44328.0,239.939233,304.40166666666664,28.34362206070908,-13.042457497250723,-5.570279533766536,-7.472177963484187
2022-03-09 05:00:00+00:00,256.25,264.86,251.8,261.59,2505654.0,36168.0,260.474783,303.56499999999994,37.69967522108105,-13.73890306505632,-7.204004240024494,-6.534898825031826
2022-03-10 05:00:00+00:00,253.98,262.14,252.08,255.2,1647201.0,33304.0,256.147414,302.303,36.12697733116178,-14.637726195786513,-8.690748631176898,-5.946977564609615
2022-03-11 05:00:00+00:00,258.3,258.65,244.69,246.39,1427329.0,28262.0,248.864964,300.81966666666665,34.0198086834571,-15.877912680594704,-10.12818144106046,-5.749731239534244
2022-03-14 04:00:00+00:00,244.59,254.09,237.79,238.66,1973024.0,31293.0,244.84289,298.136,32.242803344686635,-17.285262061221033,-11.559597565092577,-5.725664496128456
2022-03-15 04:00:00+00:00,238.35,246.29,236.53,245.17,1706067.0,32234.0,241.877579,295.497,35.30756389804428,-17.671586937082452,-12.781995439490554,-4.889591497591898
2022-03-16 04:00:00+00:00,255.61,281.41,254.07,280.96,3675836.0,60245.0,271.520424,294.0,48.97257939572616,-14.917834780710848,-13.209163307734613,-1.708671472976235
2022-03-17 04:00:00+00:00,277.08,284.62,272.1753,280.13,2290884.0,42500.0,280.079072,292.86133333333333,48.71558384051488,-12.656543663545563,-13.098639378896804,0.4420957153512415
2022-03-18 04:00:00+00:00,282.8,295.4,279.06,294.73,1945368.0,34896.0,290.5723,292.53866666666664,53.35280310487999,-9.575970353361413,-12.394105573789727,2.8181352204283137
2022-03-21 04:00:00+00:00,291.29,296.0,280.81,288.66,1465063.0,34235.0,286.747156,291.46366666666665,51.276865924337464,-7.53750442255199,-11.422785343542179,3.885280920990189
2022-03-22 04:00:00+00:00,286.17,306.565,285.785,298.51,1381792.0,26869.0,299.916982,290.941,54.378956023594846,-5.068763258270565,-10.151980926487855,5.083217668217291
2022-03-23 04:00:00+00:00,290.17,299.09,284.2501,289.41,1077510.0,22404.0,291.535634,289.9863333333333,51.13954611818972,-3.8027265824572396,-8.882130057681733,5.079403475224494
2022-03-24 04:00:00+00:00,292.49,294.53,278.2,294.13,1733843.0,33393.0,287.149193,288.60400000000004,52.713028309956954,-2.390957373971503,-7.583895520939688,5.192938146968185
2022-03-25 04:00:00+00:00,294.13,294.34,274.8,284.21,1526880.0,28321.0,281.237741,286.539,49.131881789698646,-2.048962041124014,-6.476908824976554,4.42794678385254
2022-03-28 04:00:00+00:00,286.81,303.41,286.74,302.31,3371080.0,61023.0,297.966297,285.89066666666673,55.12265483200501,-0.3137923411309771,-5.244285528207438,4.930493187076461
2022-03-29 04:00:00+00:00,304.77,315.0,298.31,311.64,1587158.0,34507.0,308.570092,285.6036666666667,57.87655879003014,1.7935205844034954,-3.8367243056852516,5.630244890088747
2022-03-30 04:00:00+00:00,306.85,310.8399,297.0,302.64,1325810.0,28276.0,303.539891,284.6806666666667,54.408143520531965,2.706161530797715,-2.5281471383886585,5.234308669186373
2022-03-31 04:00:00+00:00,303.2,304.25,292.05,293.83,1632695.0,34517.0,296.788221,283.8513333333333,51.17514467223078,2.687562140869602,-1.4850052825370064,4.172567423406608
2022-04-01 04:00:00+00:00,297.03,312.63,295.05,305.75,1672653.0,33559.0,305.656783,283.9096666666666,55.06564276306413,3.5932456713718466,-0.4693550917552357,4.062600763127082
2022-04-04 04:00:00+00:00,305.83,317.69,304.79,317.18,1698785.0,29925.0,314.670636,284.5466666666667,58.48194219694088,5.173672988188457,0.6592505242335027,4.514422463954954
2022-04-05 04:00:00+00:00,317.0,318.64,296.5,299.86,2028753.0,36072.0,303.277805,284.6853333333333,52.02699785092377,4.971287860472785,1.521657991481359,3.4496298689914258
2022-04-06 04:00:00+00:00,294.02,294.02,278.5,286.96,2314598.0,43168.0,284.624467,284.8833333333333,47.79558856372998,3.72701133180135,1.9627286595453572,1.7642826722559928
2022-04-07 04:00:00+00:00,286.9,298.48,283.87,292.63,1676861.0,38687.0,291.498285,284.58433333333335,49.73083369419016,3.16198543233736,2.202580014103758,0.9594054182336023
2022-04-08 04:00:00+00:00,271.15,282.56,265.11,272.02,4418221.0,70271.0,276.600141,283.484,43.428730248314444,1.039164736947214,1.9698969586724493,-0.9307322217252354
2022-04-11 04:00:00+00:00,267.59,275.8179,263.06,271.53,1635954.0,34632.0,270.483625,282.34433333333334,43.28827665455752,-0.6749445228251716,1.4409286623729252,-2.1158731851980965
2022-04-12 04:00:00+00:00,281.33,283.76,267.5,268.32,1618498.0,32205.0,274.110504,281.046,42.32262181043925,-2.266284318683006,0.699486066161739,-2.965770384844745
2022-04-13 04:00:00+00:00,270.04,282.37,266.33,280.33,1114726.0,23331.0,278.851789,280.081,47.07926075683876,-2.5291712320339457,0.053754606522602,-2.5829258385565477
2022-04-14 04:00:00+00:00,280.07,280.07,263.94,265.35,1550506.0,32374.0,267.210342,279.36333333333334,42.38409352612848,-3.9013000532401065,-0.7372563254299397,-3.1640437278101667
2022-04-18 04:00:00+00:00,265.35,265.35,254.15,259.12,1154748.0,22655.0,259.083649,279.08033333333333,40.57188754177647,-5.428850553578343,-1.6755751710596203,-3.753275382518723
2022-04-19 04:00:00+00:00,258.0,277.705,257.08,273.9,1441938.0,27326.0,271.313293,280.069,46.42440520353715,-5.384750796822573,-2.4174102962122106,-2.967340500610362
2022-04-20 04:00:00+00:00,277.82,277.99,264.74,265.81,958488.0,24903.0,267.945665,280.8976666666667,43.87728570070465,-5.934191149258027,-3.120766466821374,-2.8134246824366524
2022-04-21 04:00:00+00:00,267.59,273.88,251.69,253.82,1235930.0,27628.0,257.609259,280.63866666666667,40.34431030204081,-7.253505486359813,-3.947314270729062,-3.3061912156307516
2022-04-22 04:00:00+00:00,255.36,256.7,243.85,245.29,1375237.0,33784.0,248.597811,280.30833333333334,38.00008189917063,-8.884951129543708,-4.934841642491992,-3.9501094870517166
2022-04-25 04:00:00+00:00,245.84,254.1,244.08,253.63,1217233.0,27345.0,250.171587,280.54966666666667,41.57462733842088,-9.396597133410978,-5.827192740675789,-3.569404392735189
2022-04-26 04:00:00+00:00,250.28,250.9232,242.555,242.98,1455990.0,28308.0,245.246835,280.6936666666667,38.5204822640488,-10.539948308709654,-6.769743854282563,-3.770204454427091
2022-04-27 04:00:00+00:00,245.74,252.76,241.855,243.66,1245629.0,30965.0,245.899143,280.6433333333334,38.829474450589586,-11.261377881280339,-7.668070659682119,-3.59330722159822
2022-04-28 04:00:00+00:00,251.45,263.44,246.6702,259.98,3195608.0,59321.0,256.290773,279.944,45.862055314604284,-10.396385348322553,-8.213733597410206,-2.1826517509123473
2022-04-29 04:00:00+00:00,242.33,250.93,224.03,224.83,4467280.0,74839.0,233.517024,278.10066666666665,36.20699724606712,-12.404195923944542,-9.051826062717074,-3.3523698612274675
2022-05-02 04:00:00+00:00,224.39,235.47,219.55,235.28,2961574.0,54421.0,229.726276,276.11899999999997,40.23529705716485,-13.00229029602508,-9.841918909378675,-3.160371386646405
2022-05-03 04:00:00+00:00,232.42,235.15,221.37,223.54,1747277.0,35566.0,225.779051,273.9483333333333,37.37955267787899,-14.259232720919812,-10.725381671686902,-3.5338510492329096
2022-05-04 04:00:00+00:00,225.83,234.91,211.45,234.7,2775967.0,47675.0,225.272708,271.8213333333333,41.62132299168195,-14.191261883205755,-11.418557713990673,-2.772704169215082
2022-05-05 04:00:00+00:00,229.25,229.25,210.2,212.71,2220097.0,47147.0,214.010159,269.26466666666664,36.39055581625717,-15.730472629917443,-12.280940697176028,-3.449531932741415
2022-05-06 04:00:00+00:00,210.9,210.93,193.61,202.26,3356624.0,59407.0,201.709309,266.20233333333334,34.19146596114031,-17.590760563894804,-13.342904670519783,-4.2478558933750215
2022-05-09 04:00:00+00:00,198.27,200.6,180.1,183.35,4758662.0,76587.0,184.71893,262.8403333333333,30.589151375036565,-20.35627663109767,-14.745579062635361,-5.61069756846231
2022-05-10 04:00:00+00:00,191.79,194.48,174.64,180.98,2534290.0,47477.0,182.518095,258.796,30.160266636848377,-22.48007096715574,-16.292477443539436,-6.187593523616304
2022-05-11 04:00:00+00:00,178.12,186.04,166.48,169.28,2651641.0,45914.0,174.880628,254.05066666666664,28.06804572757582,-24.821162586948788,-17.998214472221306,-6.822948114727481
2022-05-12 04:00:00+00:00,164.572,175.27,161.04,168.24,3997237.0,64118.0,167.422918,249.57066666666665,27.88288781598365,-26.455451889214572,-19.68966195561996,-6.765789933594611
2022-05-13 04:00:00+00:00,175.56,189.32,173.89,188.9,3730298.0,60081.0,184.557979,246.07299999999998,36.80188243727871,-25.786300181426014,-20.908989600781172,-4.877310580644842
2022-05-16 04:00:00+00:00,184.39,186.34,170.81,176.87,2859818.0,49940.0,176.384956,241.77700000000002,34.15320522249067,-25.92783317183185,-21.912758314991308,-4.015074856840542
2022-05-17 04:00:00+00:00,184.93,186.0,166.84,174.43,2859419.0,45730.0,173.53379,237.0186666666667,33.62460771548196,-25.93789083472157,-22.71778481893736,-3.2201060157842107
2022-05-18 04:00:00+00:00,171.8,172.105,159.54,162.49,2750191.0,56111.0,164.064186,232.43966666666665,31.088905449756496,-26.60266090297165,-23.49476003574422,-3.1079008672274284
2022-05-19 04:00:00+00:00,163.01,178.42,162.865,174.75,3006209.0,52953.0,174.177034,228.69933333333333,36.393062168261174,-25.84232222820495,-23.964272474236367,-1.8780497539685825
2022-05-20 04:00:00+00:00,178.6,182.015,169.175,177.4,2014483.0,34945.0,175.214692,224.85833333333332,37.51265309987579,-24.740719879277123,-24.11956195524452,-0.6211579240326017
2022-05-23 04:00:00+00:00,174.03,180.0,171.24,177.7,1820031.0,30946.0,176.022188,221.71433333333331,37.64645924774154,-23.571763966250728,-24.010002357445764,0.4382383911950356
2022-05-24 04:00:00+00:00,174.08,174.49,161.99,164.17,2384752.0,39002.0,165.668431,218.13566666666665,34.09996588008207,-23.466607464976505,-23.901323378951915,0.43471591397540976
2022-05-25 04:00:00+00:00,162.0,173.09,161.21,170.75,1720772.0,32630.0,169.472767,214.88333333333333,37.19851040686256,-22.59189388175622,-23.63943747951278,1.0475435977565581
2022-05-26 04:00:00+00:00,168.45,176.59,166.04,175.18,1463102.0,30127.0,174.001509,211.37833333333336,39.26887090768206,-21.295729178301514,-23.170695819270527,1.8749666409690136
2022-05-27 04:00:00+00:00,178.0,184.92,176.48,184.78,1559169.0,31488.0,182.126753,208.69266666666667,43.60747256846235,-19.271717183534406,-22.390900092123303,3.119182908588897
2022-05-31 04:00:00+00:00,184.78,186.26,176.12,177.32,1365891.0,29486.0,179.657277,205.966,41.14747920784881,-18.061431806625308,-21.525006435023705,3.4635746283983977
2022-06-01 04:00:00+00:00,181.1,187.39,176.49,179.25,1383049.0,28618.0,181.095782,202.811,42.05816472661684,-16.75341412606548,-20.57068797323206,3.8172738471665824
2022-06-02 04:00:00+00:00,178.22,197.49,177.5,196.62,2064885.0,40318.0,193.723817,200.50466666666668,49.614876859169904,-14.15205082504491,-19.28696054359463,5.1349097185497214
2022-06-03 04:00:00+00:00,191.81,196.12,187.52,190.57,1195742.0,22905.0,190.635198,198.3963333333333,47.30094437744772,-12.435289824814618,-17.916626399838627,5.4813365750240095
2022-06-06 04:00:00+00:00,194.45,196.81,187.95,190.27,1000019.0,21939.0,190.58846,196.56233333333333,47.18343328408249,-10.972468074493861,-16.527794734769675,5.555326660275814
2022-06-07 04:00:00+00:00,186.34,202.9834,185.77,200.85,1736911.0,32071.0,198.759916,194.803,51.737198922762104,-8.857351682367948,-14.99370612428933,6.136354441921382
2022-06-08 04:00:00+00:00,198.77,203.27,198.48,200.8,1688574.0,29550.0,201.060945,193.397,51.714506445289125,-7.103259333182535,-13.415616766067973,6.312357432885438
2022-06-09 04:00:00+00:00,197.44,203.4,192.59,196.06,1603482.0,29409.0,198.241666,191.81033333333335,49.498045554523124,-6.026141289425482,-11.937721670739476,5.911580381313994
2022-06-10 04:00:00+00:00,190.64,191.61,181.32,183.81,1547148.0,31275.0,184.130019,189.2713333333333,44.222868634885955,-6.090779388596701,-10.768333214310921,4.67755382571422
2022-06-13 04:00:00+00:00,173.97,177.32,165.4961,166.29,2176179.0,38143.0,167.991291,187.32,37.98737353355648,-7.469618020271042,-10.108590175502945,2.6389721552319028
2022-06-14 04:00:00+00:00,167.12,171.0,164.44,167.68,1135634.0,23630.0,167.652843,185.06666666666666,38.725564510127796,-8.353897654542749,-9.757651671310906,1.4037540167681577
2022-06-15 04:00:00+00:00,170.0,182.97,168.3,179.66,1890365.0,34515.0,176.232011,183.60399999999998,44.822066742640985,-7.9958387052736555,-9.405289078103458,1.4094503728298022
2022-06-16 04:00:00+00:00,172.14,174.9,162.865,165.74,2162014.0,42356.0,165.647619,181.30533333333332,39.85956092099165,-8.734614870885906,-9.271154236659948,0.5365393657740416
2022-06-17 04:00:00+00:00,167.78,179.455,167.64,178.55,3390960.0,41472.0,176.512252,180.16666666666666,45.80597485726497,-8.192007993563493,-9.055324988040658,0.8633169944771648
2022-06-21 04:00:00+00:00,181.55,187.49,181.06,183.0,1555929.0,32746.0,184.252745,179.52466666666666,47.73910439059334,-7.318546673797329,-8.707969325191993,1.3894226513946641
2022-06-22 04:00:00+00:00,179.76,190.41,179.0,185.4,1598136.0,27647.0,186.257241,179.59300000000002,48.79986304585931,-6.359355649207913,-8.238246589995178,1.8788909407872652
2022-06-23 04:00:00+00:00,188.57,194.2,183.08,193.26,1864021.0,35881.0,191.332401,180.00233333333333,52.22028201088737,-4.908372873256582,-7.5722718466474594,2.6638989733908778
2022-06-24 04:00:00+00:00,198.71,205.56,196.765,205.32,2408940.0,35286.0,202.219412,181.2036666666667,56.97020831811741,-2.753575850807465,-6.6085326474794615,3.8549567966719964
2022-06-27 04:00:00+00:00,210.0,211.83,200.0,202.21,2128361.0,38832.0,204.133464,182.33600000000004,55.439610037573686,-1.282055951728438,-5.543237308329257,4.261181356600819
2022-06-28 04:00:00+00:00,200.41,205.25,190.67,192.6,1329469.0,26609.0,195.01694,182.45933333333332,50.8898137016477,-0.8811551082707751,-4.610820868317561,3.729665760046786
2022-06-29 04:00:00+00:00,191.77,196.15,188.0,192.36,815342.0,19493.0,191.979485,182.97566666666668,50.777736400625066,-0.5761626513364604,-3.8038892249213414,3.227726573584881
2022-06-30 04:00:00+00:00,189.0,190.65,179.84,187.4,1610546.0,30550.0,186.932968,183.408,48.40509034549334,-0.7263120067145792,-3.1883737812799895,2.4620617745654103
2022-07-01 04:00:00+00:00,188.39,199.27,186.52,197.51,1710703.0,38954.0,195.919341,184.57533333333333,53.204801232769874,-0.029177604156501502,-2.5565345458552917,2.52735694169879
2022-07-05 04:00:00+00:00,194.4,208.56,191.94,208.39,1558712.0,30734.0,203.689682,185.69666666666666,57.75893236361083,1.3852630543053124,-1.768175025823171,3.1534380801284834
2022-07-06 04:00:00+00:00,209.43,212.015,203.77,207.85,2097629.0,37203.0,207.639876,186.71166666666667,57.46003665366035,2.4345796607433954,-0.9276240885098577,3.3622037492532533
2022-07-07 04:00:00+00:00,207.54,214.84,206.7839,213.77,1452353.0,28874.0,212.650828,187.91400000000002,59.90941326879851,3.7012000257790305,-0.0018592656520800555,3.7030592914311105
2022-07-08 04:00:00+00:00,206.51,215.355,205.59,214.08,1137960.0,24685.0,212.172592,189.57766666666666,60.039166345947535,4.676116835698309,0.9337359546179979,3.742380881080311
2022-07-11 04:00:00+00:00,213.46,215.16,206.33,211.03,1538125.0,28234.0,211.74711,190.92033333333336,58.04854161222091,5.14334662312001,1.7756580883184003,3.3676885348016095
2022-07-12 04:00:00+00:00,206.51,207.28,189.32,192.67,3016796.0,54950.0,194.187941,191.50333333333336,47.779033859936234,3.9861808255373603,2.2177626357621922,1.768418189775168
2022-07-13 04:00:00+00:00,187.82,200.3257,184.87,194.47,1206595.0,28231.0,194.792052,191.82633333333334,48.73655985398081,3.177732627140273,2.4097566340378087,0.7679759931024641
2022-07-14 04:00:00+00:00,192.42,193.0,183.04,184.98,1725652.0,34272.0,185.537767,192.08166666666665,44.14111690514267,1.7510825272321426,2.2780218126766756,-0.526939285444533
2022-07-15 04:00:00+00:00,185.95,191.52,183.67,188.89,1809076.0,31927.0,187.26193,192.403,46.384275180352766,0.9252901979339185,2.007475489728124,-1.0821852917942056
2022-07-18 04:00:00+00:00,194.42,196.89,186.53,187.97,1901739.0,34707.0,190.0855,192.11466666666666,45.91703811258579,0.1943669747181218,1.644853786726124,-1.4504868120080021
2022-07-19 04:00:00+00:00,191.15,192.13,178.68,191.59,1508467.0,27518.0,187.225975,192.14866666666666,48.13104731078855,-0.0917337497354822,1.2975362794338028,-1.389270029169285
2022-07-20 04:00:00+00:00,198.15,215.14,195.15,213.04,2790567.0,44474.0,210.091542,192.90766666666664,58.874297539876736,1.396269770988738,1.3172829777447899,0.07898679324394808
2022-07-21 04:00:00+00:00,211.64,216.06,210.09,214.18,1210173.0,24909.0,213.616476,193.352,59.35611843229937,2.6371127599209103,1.5812489341800142,1.055863825740896
2022-07-22 04:00:00+00:00,215.67,220.13,200.635,202.27,1981854.0,37584.0,205.637389,193.40099999999998,52.44331752525765,2.6291451556948857,1.7908281784829887,0.838316977211897
2022-07-25 04:00:00+00:00,201.09,201.6124,193.89,196.05,1203924.0,25024.0,196.644775,193.40066666666664,49.21937035448566,2.0967586263931253,1.852014268065016,0.24474435832810926
2022-07-26 04:00:00+00:00,194.79,194.8,184.36,187.61,1649999.0,31069.0,186.188973,193.52733333333333,45.162316995503645,0.9824756347590267,1.6781065414038183,-0.6956309066447917
2022-07-27 04:00:00+00:00,194.66,199.93,189.74,197.28,1731812.0,29116.0,195.356884,194.56033333333335,50.22472395023989,0.8696616027407345,1.5164175536712017,-0.6467559509304672
2022-07-28 04:00:00+00:00,195.06,205.96,190.92,204.85,1667009.0,33779.0,201.187829,195.79933333333332,53.818876762090035,1.3752385109573027,1.488181745128422,-0.1129432341711194
2022-07-29 04:00:00+00:00,205.54,210.3,203.13,209.32,1464617.0,34670.0,207.693872,196.788,55.84630834765434,2.1122547380676053,1.6129963437162589,0.49925839435134645
2022-08-01 04:00:00+00:00,207.83,217.6,205.0,210.59,1485029.0,34347.0,211.461481,198.28300000000002,56.43154930770708,2.766928366281462,1.8437827482292994,0.9231456180521627
2022-08-02 04:00:00+00:00,205.0,216.26,204.6783,214.21,1247337.0,25853.0,213.285809,199.47166666666666,58.134919929945774,3.537092281648114,2.1824446549130627,1.3546476267350513
2022-08-03 04:00:00+00:00,216.6,226.88,216.6,225.14,1536088.0,34348.0,224.122896,200.87633333333332,62.85677757702051,4.972097146603204,2.740375153251091,2.231721993352113
2022-08-04 04:00:00+00:00,222.31,230.88,220.04,230.41,2159032.0,43258.0,228.00398,202.37666666666664,64.9117133954602,6.460125492119545,3.4843252210247817,2.975800271094763
2022-08-05 04:00:00+00:00,245.68,269.49,245.31,268.59,6814827.0,110022.0,262.726723,204.88766666666666,75.49096400271667,10.5980380079273,4.9070677784052865,5.690970229522014
2022-08-08 04:00:00+00:00,265.41,289.12,264.97,279.35,5405414.0,75540.0,282.01207,207.35533333333333,77.54568814609921,14.577564474637882,6.841167117651806,7.736397356986076
2022-08-09 04:00:00+00:00,274.0,286.88,273.02,278.86,2755854.0,44071.0,279.698965,209.9103333333333,77.22816783011311,17.490212681039168,8.970976230329278,8.51923645070989
2022-08-10 04:00:00+00:00,287.37,300.29,285.0,286.19,2351183.0,42545.0,291.612051,213.03000000000003,78.63733303750047,20.157612698236335,11.20830352391069,8.949309174325645
2022-08-11 04:00:00+00:00,291.53,292.24,273.96,275.8,2440985.0,43314.0,278.969218,215.81133333333335,71.85017411158165,21.18890772369582,13.204424363867716,7.984483359828104
2022-08-12 04:00:00+00:00,278.58,283.87,270.72,283.25,2369556.0,36454.0,279.28287,219.00633333333332,73.60906700848575,22.34973536217609,15.033486563529392,7.316248798646699
2022-08-15 04:00:00+00:00,282.23,290.63,281.0,288.47,1239739.0,27058.0,286.818997,222.03833333333333,74.797321057,23.420928123239833,16.71097487547148,6.709953247768354
2022-08-16 04:00:00+00:00,286.5,290.5,282.88,289.36,1187945.0,27135.0,287.220713,224.73733333333337,75.00396839295514,24.06427369816737,18.181634640010657,5.8826390581567125
2022-08-17 04:00:00+00:00,283.0,287.13,280.65,284.26,1428584.0,27284.0,283.923722,227.28433333333334,71.39157594519801,23.887245032390723,19.322756718486673,4.56448831390405
2022-08-18 04:00:00+00:00,283.0,286.28,279.355,283.37,1122569.0,23455.0,282.192572,229.60433333333333,70.75117954479417,23.405330892168138,20.139271553222965,3.2660593389451726
2022-08-19 04:00:00+00:00,278.02,278.25,267.44,269.34,1643913.0,32246.0,270.284604,231.4463333333333,61.40081773657355,21.641833136812267,20.439783869940825,1.202049266871441
2022-08-22 04:00:00+00:00,260.9,264.61,254.78,258.47,2592156.0,44839.0,258.197252,233.02766666666668,55.302677011009095,19.14642226709688,20.181111549372037,-1.0346892822751563
2022-08-23 04:00:00+00:00,258.41,261.4,254.57,258.28,987891.0,20809.0,258.279963,235.21466666666666,55.199480024826784,16.957978739347254,19.536484987367082,-2.5785062480198278
2022-08-24 04:00:00+00:00,260.85,262.79,258.39,258.66,813867.0,19385.0,260.014589,237.35433333333333,55.37881978789431,15.080446303197618,18.64527725053319,-3.5648309473355724
2022-08-25 04:00:00+00:00,260.0,266.5,258.6,266.33,1072771.0,23430.0,264.082018,240.06599999999997,58.950691356069036,14.04944002070772,17.726109804568097,-3.676669783860376
2022-08-26 04:00:00+00:00,265.68,267.58,256.51,257.05,1720870.0,28525.0,259.916888,242.33800000000002,53.38276895178611,12.341279086897003,16.64914366103388,-4.307864574136875
2022-08-29 04:00:00+00:00,250.02,259.48,249.33,250.96,1141283.0,22405.0,253.304405,244.43766666666667,50.04238584680095,10.376523038049328,15.39461953643697,-5.018096498387642
2022-08-30 04:00:00+00:00,251.73,256.0,246.14,251.4,1028246.0,22784.0,249.95744,246.43133333333336,50.28443725219987,8.754032993646717,14.066502227878921,-5.3124692342322035
2022-08-31 04:00:00+00:00,252.0,257.04,246.85,247.66,1120138.0,24987.0,250.554944,247.58533333333335,48.148952986151166,7.084742696822531,12.670150321667643,-5.5854076248451126
2022-09-01 04:00:00+00:00,243.02,244.93,230.84,235.43,2412745.0,45113.0,234.298961,248.29366666666664,41.884845040835145,4.72054382954633,11.080229023243382,-6.359685193697052
2022-09-02 04:00:00+00:00,239.16,240.94,229.49,232.42,1906861.0,32986.0,235.052103,249.29866666666666,40.48869875069607,2.5743419383237267,9.37905160625945,-6.8047096679357235
2022-09-06 04:00:00+00:00,232.42,233.91,227.88,229.67,932519.0,23768.0,230.599277,250.41933333333333,39.202985736946964,0.6441342806612909,7.632068141139819,-6.987933860478528
2022-09-07 04:00:00+00:00,231.11,236.93,227.545,235.42,1060509.0,24773.0,233.386159,252.01299999999998,43.26011204441575,-0.4167877791102512,6.0222969570898055,-6.439084736200057
2022-09-08 04:00:00+00:00,231.86,241.79,229.87,240.32,780883.0,20178.0,238.165528,253.44766666666666,46.53444809552613,-0.8523616119328494,4.647365243285274,-5.499726855218124
2022-09-09 04:00:00+00:00,245.38,261.3,245.38,258.93,2172949.0,40300.0,257.474707,255.25033333333334,56.74417930746501,0.30064876533643314,3.7780219476955064,-3.4773731823590732
2022-09-12 04:00:00+00:00,261.0,264.97,259.54,264.79,1544875.0,26535.0,263.276742,257.09933333333333,59.374876577692106,1.6680426647316153,3.3560260911027284,-1.687983426371113
2022-09-13 04:00:00+00:00,247.1,253.67,245.25,248.9,1766757.0,39614.0,250.099806,258.3763333333333,50.42034109382701,1.4527752905855777,2.975375930999298,-1.5226006404137205
2022-09-14 04:00:00+00:00,250.54,255.89,244.27,255.57,840838.0,20484.0,252.628379,259.755,53.58471628802744,1.7996424442821706,2.7402292336558727,-0.9405867893737021
2022-09-15 04:00:00+00:00,250.06,259.68,248.9,252.89,1063307.0,24069.0,253.708253,260.68,52.144632725886396,1.8371065396936501,2.5596046948634283,-0.7224981551697782
2022-09-16 04:00:00+00:00,248.2,248.2,239.54,242.9,1689959.0,26326.0,243.092165,261.09633333333335,47.066816704573974,1.0485999872132652,2.2574037533333957,-1.2088037661201305
2022-09-19 04:00:00+00:00,241.43,243.656,236.91,241.62,1710395.0,25779.0,240.407543,260.19733333333335,46.44277349663542,0.3167660787205193,1.8692762184108205,-1.5525101396903012
2022-09-20 04:00:00+00:00,238.62,239.68,233.84,235.19,1003647.0,23741.0,236.2488,258.72533333333337,43.33449942856278,-0.7731524088874266,1.3407904929511711,-2.113942901838598
2022-09-21 04:00:00+00:00,237.41,245.64,232.29,232.3,1401806.0,26940.0,236.778154,257.17333333333335,41.97474410354944,-1.848807606769583,0.7028708730070204,-2.5516784797766032
2022-09-22 04:00:00+00:00,230.0,232.7,220.64,220.69,1424463.0,27202.0,223.54481,254.98999999999998,36.95766886169906,-3.5966422192781806,-0.15703174545001986,-3.4396104738281608
2022-09-23 04:00:00+00:00,216.5,221.82,214.82,217.56,1326690.0,27998.0,217.122871,253.04866666666666,35.71816330838445,-5.174727545667764,-1.1605709054935687,-4.014156640174195
2022-09-26 04:00:00+00:00,216.85,222.6,212.96,213.61,1583150.0,28135.0,215.628757,250.72733333333335,34.16107625666851,-6.667247644170544,-2.2619062532289638,-4.40534139094158
2022-09-27 04:00:00+00:00,218.7,222.06,211.32,214.59,1335099.0,30312.0,215.306135,248.26466666666667,34.919114111724284,-7.682444329388716,-3.346013868460914,-4.336430460927802
2022-09-28 04:00:00+00:00,214.08,219.585,211.4,218.14,1330433.0,26513.0,216.842453,245.89066666666665,37.71659716278643,-8.107086241404232,-4.298228343049578,-3.8088578983546544
2022-09-29 04:00:00+00:00,212.61,214.21,204.73,212.33,1334731.0,29231.0,210.371838,243.493,35.0603827798012,-8.810870232397548,-5.2007567209191725,-3.6101135114783753
2022-09-30 04:00:00+00:00,212.4,221.365,210.34,210.59,1402543.0,31489.0,214.34552,241.067,34.281717181674864,-9.400662587364991,-6.040737894208337,-3.359924693156654
2022-10-03 04:00:00+00:00,214.55,219.81,210.01,217.33,1452724.0,33651.0,215.945085,239.33333333333334,39.85403834404951,-9.21795673912166,-6.676181663191001,-2.5417750759306594
2022-10-04 04:00:00+00:00,226.66,236.56,223.71,236.21,2317536.0,47004.0,231.793822,238.59133333333332,52.10492600537128,-7.463666325379762,-6.833678595628754,-0.6299877297510079
2022-10-05 04:00:00+00:00,230.48,244.66,229.575,242.46,1793357.0,34576.0,239.195174,238.064,55.34735855158278,-5.505590743953718,-6.568061025293748,1.0624702813400297
2022-10-06 04:00:00+00:00,244.57,246.15,237.16,238.99,1102338.0,23380.0,240.621673,237.40833333333333,53.19418802524672,-4.185553285640395,-6.091559477363077,1.9060061917226818
2022-10-07 04:00:00+00:00,231.94,233.61,225.3,228.24,1327059.0,30782.0,228.98915,236.1386666666667,47.083203246305324,-3.9611871483790537,-5.665485011566273,1.704297863187219
2022-10-10 04:00:00+00:00,228.23,228.48,218.95,220.27,1138317.0,27116.0,222.25991,234.91266666666667,43.12739872541015,-4.376043455101609,-5.40759670027334,1.0315532451717306
2022-10-11 04:00:00+00:00,216.85,218.56,205.56,207.64,1777851.0,32045.0,209.203264,233.46866666666668,37.719108897070974,-5.658725251478529,-5.457822410514377,-0.20090284096415179
2022-10-12 04:00:00+00:00,207.82,208.45,197.43,203.37,1921174.0,36855.0,202.753377,231.86766666666665,36.072131254878194,-6.939815260019088,-5.754220980415321,-1.1855942796037677
2022-10-13 04:00:00+00:00,191.79,203.44,184.47,202.2,2294217.0,43880.0,195.795203,230.35233333333332,35.613270611852215,-7.9577653777073465,-6.194929859873726,-1.7628355178336204
2022-10-14 04:00:00+00:00,207.02,207.5,188.595,189.0,1807539.0,34738.0,193.58712,228.8046666666667,30.845897233321722,-9.717609311762715,-6.899465750251524,-2.8181435615111905
2022-10-17 04:00:00+00:00,196.93,207.18,193.845,204.67,1730464.0,35131.0,204.31958,227.87966666666668,40.95137488293161,-9.735633940304552,-7.46669938826213,-2.2689345520424222
2022-10-18 04:00:00+00:00,211.77,214.0,199.75,201.44,2315258.0,38586.0,204.348354,226.93866666666665,39.66472165146653,-9.89647222260595,-7.952653955130894,-1.9438182674750566
2022-10-19 04:00:00+00:00,197.01,198.24,186.56,187.73,2545131.0,43480.0,190.209182,225.34900000000002,34.68350307500782,-11.003380025290994,-8.562799169162915,-2.4405808561280793
2022-10-20 04:00:00+00:00,189.47,200.7,187.68,192.62,1676774.0,32967.0,194.36255,223.759,37.6892357582,-11.355135368986794,-9.121266409127692,-2.2338689598591017
2022-10-21 04:00:00+00:00,190.13,194.8,186.28,194.1,1607746.0,29426.0,192.667457,221.598,38.61002965588359,-11.383261232349753,-9.573665373772105,-1.809595858577648
2022-10-24 04:00:00+00:00,193.47,195.025,188.04,194.85,1670814.0,30895.0,193.073625,219.26666666666668,39.101155331759664,-11.215744330627302,-9.902081165143144,-1.313663165484158
2022-10-25 04:00:00+00:00,197.37,206.14,197.37,206.04,2081264.0,34187.0,203.356246,217.838,46.03764320773812,-10.064034571948696,-9.934471846504255,-0.12956272544444047
2022-10-26 04:00:00+00:00,196.21,209.19,194.62,195.22,1565269.0,31448.0,199.563264,215.82633333333334,41.156205389435065,-9.910141916893394,-9.929605860582084,0.019463943688689866
2022-10-27 04:00:00+00:00,202.11,205.7599,197.31,198.0,1855605.0,32281.0,200.127265,213.99666666666664,42.83338425064895,-9.454868276415368,-9.834658343748742,0.3797900673333743
2022-10-28 04:00:00+00:00,194.5,201.18,189.67,200.82,1656437.0,32522.0,197.044442,212.594,44.559596088379,-8.765467352662938,-9.620820145531582,0.8553527928686435
2022-10-31 04:00:00+00:00,197.84,206.24,197.2,202.73,1846580.0,29479.0,202.772506,211.2976666666667,45.75436885957056,-7.973082385590061,-9.291272593543278,1.3181902079532168
2022-11-01 04:00:00+00:00,209.87,211.99,191.26,191.74,1472652.0,27699.0,196.254303,209.8493333333333,40.36417899861518,-8.138101771665845,-9.060638429167792,0.9225366575019471
2022-11-02 04:00:00+00:00,191.81,192.0,171.14,172.4,3563496.0,57285.0,177.670081,207.85266666666666,32.997163782395276,-9.717440586720471,-9.191998860678328,-0.5254417260421427
2022-11-03 04:00:00+00:00,170.0,178.77,168.4898,174.17,3460204.0,58326.0,169.287001,206.302,34.18115151696105,-10.702877657356197,-9.494174620013903,-1.2087030373422945
2022-11-04 04:00:00+00:00,131.0,133.0,115.06,123.73,15573087.0,191352.0,123.208618,203.17433333333335,22.1624368880544,-15.376677326288956,-10.670675161268914,-4.706002165020042
2022-11-07 05:00:00+00:00,122.89,123.225,114.11,119.23,7110583.0,91340.0,117.567852,200.0283333333333,21.43819817683159,-19.22222775264609,-12.38098567954435,-6.841242073101741
2022-11-08 05:00:00+00:00,120.18,128.9,117.21,122.72,3908504.0,59739.0,123.753113,196.96599999999998,23.525468247147913,-21.737662100901474,-14.252320963815777,-7.4853411370856975
2022-11-09 05:00:00+00:00,121.61,126.48,119.38,122.29,3438871.0,45963.0,121.817694,193.77100000000002,23.44282547499978,-23.49502334696021,-16.100861440444664,-7.394161906515546
2022-11-10 05:00:00+00:00,131.29,144.92,131.2,140.85,5069132.0,79178.0,140.876769,191.38833333333335,34.18911487149708,-23.123553971684743,-17.50539994669268,-5.618154024992062
2022-11-11 05:00:00+00:00,138.83,148.15,137.81,142.37,2730886.0,49972.0,143.823117,189.11433333333335,34.99389469860316,-22.447746866022385,-18.493869330558624,-3.9538775354637608
2022-11-14 05:00:00+00:00,139.76,139.76,129.22,134.96,2394443.0,41499.0,135.680767,186.36866666666668,32.8828012377446,-22.253564696446205,-19.24580840373614,-3.007756292710063
2022-11-15 05:00:00+00:00,140.48,146.71,139.88,141.18,2723463.0,46699.0,142.701867,183.201,36.35372466867212,-21.351643455935545,-19.666975414176022,-1.6846680417595223
2022-11-16 05:00:00+00:00,138.44,139.7151,128.96,129.27,2831924.0,47301.0,131.579656,179.428,32.85056367148091,-21.35177190333107,-20.00393471200703,-1.3478371913240395
2022-11-17 05:00:00+00:00,124.7,128.5,121.46,121.69,3097776.0,56172.0,124.43266,175.518,30.81530426326769,-21.713219867491887,-20.345791743104,-1.3674281243878852
2022-11-18 05:00:00+00:00,124.85,125.0,117.8,118.76,3534830.0,55708.0,119.428829,171.86866666666666,30.040543133682803,-21.982693687076676,-20.67317213189854,-1.3095215551781365
2022-11-21 05:00:00+00:00,116.4,117.78,113.855,117.56,2681079.0,47516.0,115.816079,168.44500000000002,29.71107153177182,-22.03903136695564,-20.946343978909958,-1.0926873880456824
2022-11-22 05:00:00+00:00,117.55,118.76,114.605,116.34,2336011.0,36563.0,116.342825,165.40166666666667,29.35853200992321,-21.92933545954503,-21.142942275036972,-0.7863931845080572
2022-11-23 05:00:00+00:00,117.07,125.0,115.24,124.5,2835876.0,45244.0,121.961147,162.77266666666668,34.9207386913441,-20.94254424479837,-21.102862668989253,0.1603184241908835
2022-11-25 05:00:00+00:00,122.49,124.76,121.42,124.13,1040953.0,20518.0,123.636334,160.17033333333333,34.78698663559916,-19.96027142133815,-20.874344419459035,0.9140729981208864
2022-11-28 05:00:00+00:00,123.41,127.545,122.815,126.45,2636053.0,40911.0,126.184715,158.08533333333335,36.43110341315495,-18.778145745734406,-20.455104684714108,1.676958938979702
2022-11-29 05:00:00+00:00,125.83,127.68,121.37,122.01,2417876.0,39139.0,123.326949,155.32999999999998,34.63160810161381,-17.992170977147623,-19.96251794320081,1.9703469660531887
2022-11-30 05:00:00+00:00,120.17,132.19,119.45,131.55,3381868.0,55626.0,127.927665,153.00033333333332,41.33656473720029,-16.410314153016685,-19.252077185163987,2.841763032147302
2022-12-01 05:00:00+00:00,132.07,140.59,131.55,140.06,2930047.0,51151.0,137.701157,151.41133333333335,46.59852201889651,-14.305095112423857,-18.26268077061596,3.957585658192105
2022-12-02 05:00:00+00:00,136.9,142.82,132.75,141.0,3678328.0,63293.0,140.056047,149.6906666666667,47.16229819970492,-12.41770019329934,-17.093684655152636,4.675984461853297
2022-12-05 05:00:00+00:00,140.2,142.13,131.585,133.61,2909695.0,56421.0,135.241314,147.67433333333332,43.29267125912388,-11.386975396910572,-15.952342803504223,4.565367406593651
2022-12-06 05:00:00+00:00,134.94,134.94,123.23,124.96,3444163.0,54511.0,126.07173,145.34466666666668,39.23476892969015,-11.13968986815118,-14.989812216433616,3.8501223482824365
2022-12-07 05:00:00+00:00,125.81,126.89,122.21,125.46,2930663.0,50430.0,124.907836,142.65866666666668,39.58726500327894,-10.77911357219267,-14.147672487585428,3.3685589153927573
2022-12-08 05:00:00+00:00,130.6,138.41,128.31,135.71,5000782.0,86247.0,134.980715,140.675,46.44579792272223,-9.556108057442344,-13.229359601556812,3.6732515441144677
2022-12-09 05:00:00+00:00,134.21,140.43,134.21,137.33,3911089.0,67514.0,138.292211,138.65266666666668,47.46101804179995,-8.35978056802324,-12.255443794850098,3.8956632268268585
2022-12-12 05:00:00+00:00,136.25,149.07,136.18,143.79,4693875.0,76197.0,144.422414,136.75166666666667,51.416148308015394,-6.81189116100802,-11.166733268081682,4.354842107073662
2022-12-13 05:00:00+00:00,155.29,157.73,141.23,143.91,5676817.0,79411.0,146.072274,134.791,51.48920347802193,-5.511956256241007,-10.035777865713548,4.523821609472542
2022-12-14 05:00:00+00:00,143.6,153.15,143.402,149.85,6862536.0,72949.0,149.278252,133.39466666666667,55.08918162606851,-3.9568282681045446,-8.819987946191748,4.863159678087204
2022-12-15 05:00:00+00:00,145.01,149.515,142.39,146.23,6389388.0,66924.0,145.86881,132.52233333333334,52.530704754680706,-2.9821060179337735,-7.652411560540154,4.67030554260638
2022-12-16 05:00:00+00:00,145.5,148.96,143.78,147.26,17451567.0,83233.0,147.028961,131.62533333333332,53.19675119618212,-2.1022853829802273,-6.542386325028169,4.440100942047942
2022-12-19 05:00:00+00:00,145.51,145.87,136.45,139.17,6813263.0,62468.0,139.397049,132.14,47.55302590947051,-2.0343656788658393,-5.640782195795704,3.6064165169298645
2022-12-20 05:00:00+00:00,136.56,139.67,133.4,138.02,5887232.0,55254.0,137.4396,132.76633333333334,46.793056395489245,-2.0497064727492784,-4.922567051186419,2.87286057843714
2022-12-21 05:00:00+00:00,137.79,140.77,133.385,139.62,2692028.0,46902.0,138.673843,133.32966666666667,48.03733114555799,-1.910731807298987,-4.320200002408932,2.4094681951099455
2022-12-22 05:00:00+00:00,136.67,137.31,124.5201,127.26,4558397.0,71556.0,127.968667,133.49533333333335,40.21374804467911,-2.7660567069342505,-4.009371343313997,1.243314636379746
2022-12-23 05:00:00+00:00,125.26,127.45,122.21,127.22,2282220.0,45321.0,125.26019,133.041,40.19093511068624,-3.4078519222389616,-3.8890674590989898,0.48121553686002816
2022-12-27 05:00:00+00:00,125.25,126.45,122.16,124.83,1579391.0,27451.0,124.660694,132.45633333333333,38.77551060714242,-4.062502282694339,-3.92375442381806,-0.13874785887627938
2022-12-28 05:00:00+00:00,124.83,126.4899,121.2,123.3,1333617.0,28171.0,123.219509,132.06766666666667,37.85638275615904,-4.651159946496193,-4.069235528353687,-0.5819244181425063
2022-12-29 05:00:00+00:00,125.18,130.23,124.1,129.68,1653877.0,29203.0,129.12132,131.6843333333333,43.834966963679726,-4.550408430141545,-4.165470108711259,-0.38493832143028595
2022-12-30 05:00:00+00:00,127.15,129.67,126.23,128.68,1418774.0,30038.0,128.042503,131.66466666666668,43.13449533843652,-4.499387630374912,-4.23225361304399,-0.267134017330922
2023-01-03 05:00:00+00:00,131.91,132.71,119.84,126.5,2860123.0,47006.0,124.748037,131.825,41.57479503117537,-4.582042130496518,-4.302211316534496,-0.2798308139620218
2023-01-04 05:00:00+00:00,128.0,128.195,123.22,126.4,2145871.0,38442.0,126.276706,132.07966666666667,41.50066406299429,-4.60256013337812,-4.362281079903221,-0.24027905347489842
2023-01-05 05:00:00+00:00,124.5,125.35,119.82,119.97,2690046.0,49805.0,122.209469,132.16,36.93968200096292,-5.0791191369648345,-4.505648691315544,-0.5734704456492903
2023-01-06 05:00:00+00:00,120.68,124.195,116.4,121.28,2886646.0,46433.0,121.18131,132.32466666666667,38.424443407774504,-5.290108451604411,-4.662540643373318,-0.6275678082310927
