timestamp,open,high,low,close,volume,trade_count,vwap,30sma,rsi,macd,signal,histogram
2022-01-03 05:00:00+00:00,188.82,190.62,187.46,190.6,3779498.0,56047.0,189.951843,,,,,
2022-01-04 05:00:00+00:00,191.0,192.1,188.2,190.8,4135861.0,70337.0,190.242331,,,,,
2022-01-05 05:00:00+00:00,190.41,191.61,186.67,186.82,3486246.0,65487.0,188.931677,,,,,
2022-01-06 05:00:00+00:00,186.67,188.52,185.79,186.76,4492460.0,64517.0,186.856075,,,,,
2022-01-07 05:00:00+00:00,181.97,184.06,178.9,179.44,7403877.0,97572.0,180.303344,,,,,
2022-01-10 05:00:00+00:00,177.9,183.23,176.88,182.96,7161343.0,103991.0,180.332317,,,,,
2022-01-11 05:00:00+00:00,182.5,186.08,181.21,184.64,5239279.0,80080.0,184.330911,,,,,
2022-01-12 05:00:00+00:00,186.0,187.34,184.4,186.03,4235078.0,62221.0,185.855754,,,,,
2022-01-13 05:00:00+00:00,188.97,189.625,183.61,184.15,5344704.0,76534.0,185.890016,,,,,
2022-01-14 05:00:00+00:00,183.26,187.2,183.0,187.01,4722494.0,69470.0,185.453956,,,,,
2022-01-18 05:00:00+00:00,183.77,184.36,181.26,182.28,7370060.0,84774.0,182.388795,,,,,
2022-01-19 05:00:00+00:00,183.44,183.58,178.19,178.3,5196160.0,77677.0,180.136428,,,,,
2022-01-20 05:00:00+00:00,178.78,180.56,173.38,173.45,6025638.0,99279.0,176.818559,,,,,
2022-01-21 05:00:00+00:00,174.06,179.55,173.33,175.64,11480458.0,150186.0,176.202173,,,,,
2022-01-24 05:00:00+00:00,175.78,178.62,171.12,178.34,11544734.0,154091.0,176.011196,,35.17174649250123,,,
2022-01-25 05:00:00+00:00,174.91,178.01,173.04,173.96,8141655.0,130314.0,175.463094,,31.5696295553997,,,
2022-01-26 05:00:00+00:00,182.3756,183.25,176.18,178.33,12595416.0,187307.0,180.204704,,38.35331371945365,,,
2022-01-27 05:00:00+00:00,180.9,181.02,173.1,174.81,6713349.0,108896.0,175.868616,,35.3163574237564,,,
2022-01-28 05:00:00+00:00,173.81,177.47,169.39,177.29,7296170.0,103527.0,174.816219,,38.98229622122815,,,
2022-01-31 05:00:00+00:00,177.68,179.64,175.84,179.49,6953164.0,95479.0,178.232435,,42.11632185898255,,,
2022-02-01 05:00:00+00:00,179.59,181.67,176.6271,181.29,6212868.0,82750.0,179.778962,,44.622514356057756,,,
2022-02-02 05:00:00+00:00,181.55,188.25,181.49,187.84,8982055.0,116006.0,185.584359,,52.65556843030855,,,
2022-02-03 05:00:00+00:00,185.24,186.55,174.88,175.59,11667596.0,147813.0,178.180843,,40.74990650805561,,,
2022-02-04 05:00:00+00:00,172.48,172.77,167.51,171.42,11382968.0,149513.0,170.580557,,37.630752668397385,,,
2022-02-07 05:00:00+00:00,172.48,172.5,168.91,169.95,6403335.0,88471.0,170.296156,,36.56813043389138,,,
2022-02-08 05:00:00+00:00,170.03,173.19,168.5,172.63,4610201.0,68748.0,171.622973,,39.900178944465935,-3.8369373502422945,,
2022-02-09 05:00:00+00:00,174.27,177.2,173.06,176.71,6983276.0,95428.0,175.565777,,44.665678620165075,-3.539218739707536,,
2022-02-10 05:00:00+00:00,172.16,176.83,169.74,170.66,7279534.0,107862.0,172.647519,,39.64560372959313,-3.7482515235938934,,
2022-02-11 05:00:00+00:00,169.93,171.358,163.65,164.4,7205295.0,102407.0,166.348573,,35.2330487829946,-4.368681750016606,,
2022-02-14 05:00:00+00:00,163.94,165.65,161.04,162.47,7146545.0,100936.0,163.308935,178.80200000000002,33.97744262323448,-4.95894837470658,,
2022-02-15 05:00:00+00:00,164.81,166.765,164.08,166.17,6732537.0,89698.0,165.762169,177.98766666666663,38.50216694528745,-5.069739053598084,,
2022-02-16 05:00:00+00:00,164.79,168.96,164.23,168.24,4417804.0,67569.0,167.030054,177.23566666666667,40.94076866875169,-4.933637858386618,,
2022-02-17 05:00:00+00:00,166.07,167.36,164.2,164.65,6614382.0,80452.0,165.307758,176.49666666666664,38.1177296839491,-5.057163840960129,,
2022-02-18 05:00:00+00:00,165.25,168.11,164.04,166.74,6124285.0,87855.0,165.991407,175.82933333333332,40.6821137573664,-4.929588313449813,-4.493574089406839,-0.43601422404297363
2022-02-22 05:00:00+00:00,166.06,171.14,165.01,166.69,6935977.0,100170.0,167.528064,175.40433333333334,40.63872618804095,-4.7774469364722165,-4.550348658819915,-0.22709827765230184
2022-02-23 05:00:00+00:00,168.02,169.96,165.37,165.64,5895313.0,92058.0,166.904518,174.82699999999997,39.681630633366474,-4.687564695974402,-4.577791866250813,-0.10977282972358893
2022-02-24 05:00:00+00:00,163.78,169.93,161.19,169.59,7763696.0,127967.0,166.04209,174.32533333333333,44.9355013505907,-4.248624881385211,-4.511958469277693,0.2633335878924816
2022-02-25 05:00:00+00:00,169.73,170.97,167.14,170.82,4487997.0,76205.0,169.950766,173.81833333333333,46.4982546991623,-3.7581891305659667,-4.361204601535348,0.6030154709693809
2022-02-28 05:00:00+00:00,168.63,170.54,166.99,169.99,5320850.0,66819.0,169.293527,173.34633333333335,45.5586455919471,-3.3973270564988525,-4.168429092528049,0.7711020360291965
2022-03-01 05:00:00+00:00,169.22,170.005,164.37,167.29,5670846.0,83860.0,167.036289,172.689,42.546702077526554,-3.291268997825199,-3.992997073587479,0.7017280757622801
2022-03-02 05:00:00+00:00,168.49,171.505,167.84,170.1,4979983.0,74823.0,170.113262,172.283,46.5101625865357,-2.946508194045805,-3.7836992976791444,0.8371911036333395
2022-03-03 05:00:00+00:00,171.72,172.75,169.31,171.0,4927076.0,72938.0,171.172675,172.03966666666665,47.753356402590406,-2.5710231404403316,-3.541164066231382,0.9701409257910503
2022-03-04 05:00:00+00:00,169.48,171.76,168.14,169.98,6506889.0,95807.0,169.723532,171.924,46.4361137777061,-2.3289078062430235,-3.2987128142337103,0.9698050079906868
2022-03-07 05:00:00+00:00,170.86,170.97,164.76,164.89,6750164.0,90251.0,166.645963,171.5656666666667,40.441136761657525,-2.518715931230986,-3.142713437633166,0.6239975064021799
2022-03-08 05:00:00+00:00,164.83,172.7,162.39,167.34,6881196.0,117193.0,167.54046,171.19899999999998,44.176893931942374,-2.443281089768732,-3.0028269680602793,0.5595458782915474
2022-03-09 05:00:00+00:00,172.6,173.99,169.435,172.46,5658633.0,86780.0,172.411507,171.14899999999997,51.08226664121914,-1.947903010677038,-2.791842176583631,0.8439391659065931
2022-03-10 05:00:00+00:00,169.48,173.42,168.59,172.75,5923755.0,86930.0,171.65501,170.963,51.448609323533645,-1.5144540540020444,-2.5363645520673144,1.02191049806527
2022-03-11 05:00:00+00:00,173.9,175.43,169.94,170.36,4714950.0,68488.0,171.835352,170.81466666666668,48.24210360395937,-1.3482538280714493,-2.2987424072681413,0.9504885791966919
2022-03-14 04:00:00+00:00,169.96,171.65,166.09,166.72,4594143.0,64852.0,167.39844,170.46233333333333,43.76802607588886,-1.4930456302275843,-2.13760305186003,0.6445574216324457
2022-03-15 04:00:00+00:00,168.23,172.64,167.885,172.32,4979621.0,78811.0,171.23699,170.22333333333333,51.257575973925285,-1.1427480891222501,-1.9386320593124742,0.795883970190224
2022-03-16 04:00:00+00:00,173.76,176.47,171.43,176.33,5359243.0,83260.0,174.967055,170.058,55.797610596351625,-0.5353896385226733,-1.657983575154514,1.1225939366318407
2022-03-17 04:00:00+00:00,175.84,178.48,175.24,178.47,4753638.0,76252.0,177.539185,169.7456666666667,58.04358350500536,0.11727455654565233,-1.3029319488144808,1.4202065053601332
2022-03-18 04:00:00+00:00,178.2,180.35,175.7375,180.1,8890656.0,70112.0,179.473371,169.89600000000002,59.72231701995134,0.757313175969017,-0.8908829238577812,1.6481960998267984
2022-03-21 04:00:00+00:00,179.29,181.21,177.725,180.46,4903080.0,74822.0,179.854879,170.19733333333335,60.10201121429571,1.2788555339107859,-0.45693523230406785,1.7357907662148537
2022-03-22 04:00:00+00:00,180.875,182.74,180.0,182.35,3703143.0,68848.0,181.88306,170.61066666666667,62.1209031784405,1.8236667199459475,-0.0008148418540647739,1.8244815618000123
2022-03-23 04:00:00+00:00,182.0,183.0,179.03,179.08,4725456.0,76658.0,180.373636,170.82566666666668,56.76859791096099,1.9688758631934888,0.39312329915544597,1.575752564038043
2022-03-24 04:00:00+00:00,180.34,184.33,179.63,184.21,4078067.0,66129.0,183.171449,171.07566666666668,62.261943705821416,2.4694371479236565,0.808386068909088,1.6610510790145685
2022-03-25 04:00:00+00:00,184.67,186.2,183.2,184.9,3712303.0,64204.0,184.568741,171.55033333333333,62.94398819156193,2.8885157938185557,1.2244120138909818,1.664103779927574
2022-03-28 04:00:00+00:00,183.16,185.79,182.01,185.68,6079380.0,117643.0,184.265429,172.25966666666667,63.741744548890736,3.246158427567309,1.6287612966262475,1.6173971309410615
2022-03-29 04:00:00+00:00,187.97,191.34,187.29,191.01,5835748.0,99865.0,189.678764,173.21099999999998,68.70043688342065,3.9145546969993177,2.0859199767008616,1.828634720298456
2022-03-30 04:00:00+00:00,190.0,190.9,186.71,187.45,3865719.0,66362.0,188.208019,173.92033333333336,62.54756157060142,4.10962807393895,2.4906615961484793,1.6189664777904706
2022-03-31 04:00:00+00:00,188.13,188.62,183.18,183.48,7116394.0,92029.0,184.81333,174.4283333333333,56.473382281418324,3.898934815712863,2.772316240061356,1.126618575651507
2022-04-01 04:00:00+00:00,184.43,184.875,179.75,182.08,4616091.0,79839.0,181.651562,175.00933333333333,54.464685267323496,3.577748532878047,2.933402698624694,0.644345834253353
2022-04-04 04:00:00+00:00,181.55,183.35,180.565,182.71,4628675.0,73617.0,182.038067,175.54166666666666,55.23628829325006,3.33559120549603,3.013840399998961,0.3217508054970688
2022-04-05 04:00:00+00:00,181.63,181.85,176.37,177.18,6936631.0,98361.0,177.577887,175.89133333333334,47.61000291485965,2.666714767171129,2.9444152734333953,-0.27770050626226617
2022-04-06 04:00:00+00:00,175.0,179.61,174.82,177.2,5892469.0,116921.0,177.501889,176.27666666666667,47.6381603446067,2.1138718053249193,2.7783065798117006,-0.6644347744867813
2022-04-07 04:00:00+00:00,176.25,178.93,175.3,177.6,4127655.0,81495.0,177.340616,176.54366666666667,48.23736569735728,1.6885518573789966,2.56035563532516,-0.8718037779461634
2022-04-08 04:00:00+00:00,177.19,177.3,173.83,174.11,4486574.0,68220.0,174.93332,176.6533333333333,43.55418613634282,1.0576766633201657,2.259819840924161,-1.2021431776039955
2022-04-11 04:00:00+00:00,172.77,174.44,171.78,171.94,4321390.0,73404.0,172.455285,176.71833333333333,40.89558812390849,0.37824251796558883,1.8835043763324468,-1.505261858366858
2022-04-12 04:00:00+00:00,175.415,176.37,172.39,173.0,4526139.0,82957.0,173.762948,176.90866666666668,42.73444144631058,-0.07382973287306527,1.4920375544913445,-1.5658672873644097
2022-04-13 04:00:00+00:00,173.31,175.49,172.41,175.11,5193144.0,71515.0,174.770142,177.07566666666668,46.31492765050357,-0.25885694099025613,1.1418586553950243,-1.4007155963852804
2022-04-14 04:00:00+00:00,174.905,176.11,173.53,173.66,4567969.0,63436.0,174.475089,177.16433333333333,44.266620408845164,-0.5165408568542489,0.8101787529451697,-1.3267196097994187
2022-04-18 04:00:00+00:00,173.0,177.58,173.0,176.56,3546349.0,64366.0,176.27039,177.38366666666667,49.113796933702,-0.481204427894653,0.5519021167772052,-1.0331065446718584
2022-04-19 04:00:00+00:00,175.41,179.3397,175.23,179.06,4659682.0,60933.0,178.413673,177.85599999999997,52.915499362642,-0.24860518095601947,0.39180065723056035,-0.6404058381865798
2022-04-20 04:00:00+00:00,181.595,183.66,179.0801,179.42,4517444.0,70017.0,180.634178,178.25866666666667,53.454762212365026,-0.03481824753166052,0.3064768762781162,-0.3412951238097767
2022-04-21 04:00:00+00:00,181.36,183.24,176.77,177.23,4702383.0,76266.0,179.151709,178.4176666666667,49.723861599786375,-0.04162542792531099,0.23685641543743077,-0.27848184336274173
2022-04-22 04:00:00+00:00,177.31,177.63,172.925,173.31,6327673.0,80376.0,174.350912,178.43633333333335,43.82730250923434,-0.35919087777304526,0.11764695679533557,-0.4768378345683808
2022-04-25 04:00:00+00:00,173.06,175.17,171.67,173.91,8654310.0,107551.0,173.42466,178.55466666666663,44.90426761777323,-0.5560391261976463,-0.0170902598032608,-0.5389488663943854
2022-04-26 04:00:00+00:00,171.43,172.49,168.4,168.44,9557917.0,122709.0,169.194653,178.61200000000002,37.79077464133762,-1.1402816099924564,-0.24172852984109994,-0.8985530801513565
2022-04-27 04:00:00+00:00,160.55,171.92,160.5,169.39,12467230.0,180784.0,167.946543,178.51433333333333,39.58092825898896,-1.5092433097178173,-0.49523148581644344,-1.0140118239013738
2022-04-28 04:00:00+00:00,170.06,176.88,169.99,175.85,8176482.0,112928.0,174.419364,178.49833333333333,50.09704435180151,-1.2657888771981334,-0.6493429640927815,-0.6164459131053519
2022-04-29 04:00:00+00:00,174.04,176.03,169.93,170.25,6649928.0,88460.0,171.494922,178.2243333333333,43.09467346324951,-1.5073469271933106,-0.8209437567128874,-0.6864031704804232
2022-05-02 04:00:00+00:00,170.55,174.12,168.08,174.0,5793770.0,92352.0,171.635325,178.02100000000002,48.30548531852507,-1.3802787677628032,-0.9328107589228707,-0.44746800883993254
2022-05-03 04:00:00+00:00,173.88,174.79,172.0,172.54,5409928.0,76944.0,173.200232,177.757,46.51943703785481,-1.3814615058983293,-1.0225409083179624,-0.3589205975803669
2022-05-04 04:00:00+00:00,173.18,176.87,167.33,176.23,10221680.0,128841.0,172.741624,177.553,51.40941668226947,-1.0722860271623347,-1.032489932086837,-0.03979609507549764
2022-05-05 04:00:00+00:00,174.355,174.98,168.65,170.28,7656240.0,106777.0,170.692763,177.25966666666667,44.36525457353243,-1.2924786175867382,-1.0844876691868173,-0.20799094839992094
2022-05-06 04:00:00+00:00,167.84,170.08,165.74,167.45,5681396.0,85856.0,167.821303,176.701,41.45570898817133,-1.6760200645849181,-1.2027941482664375,-0.47322591631848065
2022-05-09 04:00:00+00:00,166.11,168.455,164.1,164.94,7807100.0,104606.0,165.597671,176.03566666666666,39.01198471458608,-2.157643476739196,-1.3937640139609893,-0.7638794627782066
2022-05-10 04:00:00+00:00,168.38,170.84,166.3,168.24,6951117.0,93516.0,168.523035,175.45433333333332,43.71009565728002,-2.2471473640197246,-1.5644406839727365,-0.6827066800469881
2022-05-11 04:00:00+00:00,166.73,170.34,164.24,164.69,5827450.0,84666.0,166.289326,174.57699999999997,40.12884647540056,-2.5748538584529967,-1.7665233188687886,-0.8083305395842082
2022-05-12 04:00:00+00:00,163.89,166.45,162.67,165.9,5863244.0,95078.0,164.75374,173.85866666666666,41.87685516869574,-2.705736680490986,-1.954365991193228,-0.7513706892977581
2022-05-13 04:00:00+00:00,168.41,170.68,167.58,169.74,5254026.0,81164.0,169.500544,173.4006666666667,47.1503510017278,-2.471120809660448,-2.057716954886672,-0.41340385477377595
2022-05-16 04:00:00+00:00,168.07,170.14,166.83,168.5,2885620.0,56546.0,168.446586,172.948,45.70817415021745,-2.358061414455193,-2.1177858468003765,-0.2402755676548165
2022-05-17 04:00:00+00:00,172.1,175.11,171.32,174.98,5779661.0,78073.0,174.112434,172.69033333333334,53.681289615664454,-1.725686544542782,-2.039365986348858,0.31367944180607576
2022-05-18 04:00:00+00:00,173.4,174.91,169.68,170.3,5655020.0,75220.0,171.160289,172.46099999999998,48.17827822158627,-1.5839035376935158,-1.9482734966177895,0.3643699589242737
2022-05-19 04:00:00+00:00,169.86,170.74,167.16,167.62,5326187.0,81698.0,168.688811,172.14166666666668,45.313576325409336,-1.6685589763422115,-1.8923305925626739,0.22377161622046238
2022-05-20 04:00:00+00:00,168.6,170.295,164.21,169.85,5169195.0,86000.0,167.542684,171.88333333333333,48.079993370932954,-1.537977807461914,-1.8214600355425221,0.2834822280806082
2022-05-23 04:00:00+00:00,170.27,170.89,168.23,169.93,5365293.0,64873.0,169.671533,171.744,48.18126661681316,-1.4117620448637922,-1.7395204374067763,0.3277583925429841
2022-05-24 04:00:00+00:00,168.29,169.48,166.37,167.86,5075889.0,69226.0,167.792174,171.608,45.697463721564255,-1.4619148001517317,-1.6839993099557673,0.2220845098040356
2022-05-25 04:00:00+00:00,168.085,170.98,167.01,170.01,4651761.0,68646.0,169.164201,171.50833333333333,48.657962031948024,-1.3130383001619634,-1.6098071079970067,0.2967688078350432
2022-05-26 04:00:00+00:00,170.32,174.83,169.29,174.13,4520881.0,63558.0,173.710317,171.47566666666665,53.85023629399298,-0.8527727995983128,-1.4584002463172678,0.6056274467189551
2022-05-27 04:00:00+00:00,175.52,178.3525,175.52,177.97,5829263.0,80043.0,177.062219,171.61933333333334,58.10313234132586,-0.17612293107012533,-1.2019447832678394,1.025821852197714
2022-05-31 04:00:00+00:00,176.74,178.29,173.81,176.76,9320418.0,72211.0,176.674907,171.626,56.34123548248798,0.25949873721916106,-0.9096560791704393,1.1691548163896004
2022-06-01 04:00:00+00:00,177.51,177.59,172.7,174.42,4643792.0,74643.0,174.549411,171.47133333333335,52.994460012601316,0.4111738478478628,-0.645490093766779,1.0566639416146417
2022-06-02 04:00:00+00:00,174.0,176.8,172.39,176.72,6466832.0,83890.0,174.837797,171.38133333333334,55.77521426732326,0.7087976656014234,-0.37463254189313855,1.0834302074945619
2022-06-03 04:00:00+00:00,174.87,175.495,172.0,172.33,3342160.0,63982.0,173.253125,171.218,49.72824123908612,0.5837018229228761,-0.18296566892993565,0.7666674918528118
2022-06-06 04:00:00+00:00,173.65,174.26,167.38,167.76,5531090.0,84869.0,169.470161,171.033,44.33909496495831,0.11448198238639407,-0.1234761386666697,0.23795812105306377
2022-06-07 04:00:00+00:00,166.12,170.08,165.24,169.85,4394154.0,69798.0,168.345339,170.89766666666668,47.15942033778448,-0.08772139105258248,-0.11632518914385226,0.028603798091269783
2022-06-08 04:00:00+00:00,169.75,169.75,164.77,165.37,5063859.0,68396.0,165.99018,170.79533333333333,42.220940699171386,-0.6025220808859046,-0.21356456749226277,-0.3889575133936419
2022-06-09 04:00:00+00:00,165.01,166.73,161.46,161.58,5332326.0,75148.0,163.821483,170.535,38.54368428734851,-1.3013257885230303,-0.4311168116984163,-0.870208976824614
2022-06-10 04:00:00+00:00,159.16,160.43,157.68,157.78,6459250.0,92248.0,158.486517,169.93266666666665,35.23051190758393,-2.1371255504777764,-0.7723185594542883,-1.3648069910234881
2022-06-13 04:00:00+00:00,154.9,156.93,153.14,153.53,7702334.0,103407.0,154.503005,169.37533333333334,31.92518619192937,-3.10663105570751,-1.2391810587049328,-1.867449997002577
2022-06-14 04:00:00+00:00,155.15,155.94,153.035,154.08,4771825.0,73569.0,154.196185,168.71133333333333,32.80380088157695,-3.786937294212777,-1.7487323058065019,-2.038204988406275
2022-06-15 04:00:00+00:00,155.72,157.913,153.32,155.92,5318431.0,81025.0,155.871159,168.15733333333336,35.78957769386628,-4.1300041500877285,-2.2249866746627474,-1.9050174754249811
2022-06-16 04:00:00+00:00,151.52,152.56,150.2,151.37,6841157.0,91120.0,151.26285,167.32866666666666,32.00272938502111,-4.714686112381884,-2.722926562206575,-1.991759550175309
2022-06-17 04:00:00+00:00,151.84,153.21,149.1,150.2,11261887.0,77633.0,150.658951,166.65933333333334,31.091715148983155,-5.212374987542461,-3.2208162472737523,-1.9915587402687085
2022-06-21 04:00:00+00:00,151.82,154.58,151.73,153.46,6282591.0,65752.0,153.505454,166.193,36.51457749390321,-5.282844904120765,-3.6332219786431548,-1.64962292547761
2022-06-22 04:00:00+00:00,151.96,153.94,151.16,152.6,4237795.0,61366.0,152.785294,165.7816666666667,35.716056792722966,-5.34645700509671,-3.975868983933866,-1.3705880211628436
2022-06-23 04:00:00+00:00,152.83,153.21,149.25,151.14,4309140.0,65532.0,150.990625,165.21166666666664,34.342973501622055,-5.451834497256272,-4.271062086598347,-1.1807724106579247
2022-06-24 04:00:00+00:00,153.01,156.13,152.49,155.95,4818545.0,64277.0,155.159903,164.92033333333333,42.22360023251333,-5.088562338723051,-4.434562137023288,-0.6540002016997626
2022-06-27 04:00:00+00:00,156.99,157.62,155.13,155.62,5754472.0,66059.0,156.184995,164.57766666666666,41.8524464055405,-4.7722828716246966,-4.50210628394357,-0.2701765876811262
2022-06-28 04:00:00+00:00,156.74,158.99,154.08,154.16,4672030.0,65768.0,155.426239,164.05833333333334,40.170063676552125,-4.586567814819745,-4.518998590118805,-0.0675692247009394
2022-06-29 04:00:00+00:00,152.44,153.29,150.94,152.78,4334676.0,64033.0,152.412841,163.53433333333334,38.59099561502408,-4.498881456185416,-4.514975163332128,0.016093707146712433
2022-06-30 04:00:00+00:00,152.49,155.07,150.885,153.65,6796345.0,81395.0,153.327116,162.82333333333332,40.187303149097644,-4.3095103039085245,-4.473882191447408,0.16437188753888332
2022-07-01 04:00:00+00:00,150.35,152.28,147.02,148.54,8740068.0,102592.0,148.772099,162.09799999999998,34.51253976281137,-4.519666691111439,-4.483039091380214,-0.03662759973122487
2022-07-05 04:00:00+00:00,145.73,149.69,144.4589,149.1,8486458.0,117540.0,147.199174,161.48066666666668,35.586012185740955,-4.588140593437259,-4.504059391791623,-0.08408120164563648
2022-07-06 04:00:00+00:00,150.0,152.04,148.37,150.81,5238201.0,79945.0,150.379941,160.846,38.880625232787615,-4.45309147881008,-4.493865809195315,0.04077433038523459
2022-07-07 04:00:00+00:00,153.16,155.3959,153.16,154.69,5169441.0,70292.0,154.59979,160.33800000000002,45.670756685911435,-3.9870206171641485,-4.392496770789082,0.4054761536249334
2022-07-08 04:00:00+00:00,152.74,155.85,152.15,155.53,3467501.0,56096.0,154.607955,159.927,47.04245734620075,-3.5094207042829737,-4.215881557487861,0.706460853204887
2022-07-11 04:00:00+00:00,154.12,155.02,152.62,153.56,4033061.0,51319.0,153.642624,159.37866666666665,44.22251180450373,-3.252390337162012,-4.023183313422692,0.7707929762606796
2022-07-12 04:00:00+00:00,155.97,156.46,153.7,154.46,4084311.0,62527.0,154.831979,158.723,45.8204039106032,-2.942154119763387,-3.806977474690831,0.8648233549274438
2022-07-13 04:00:00+00:00,151.96,155.21,151.67,154.29,3755644.0,59167.0,154.137534,157.93366666666668,45.55493417514994,-2.679123987958093,-3.5814067773442835,0.9022827893861907
2022-07-14 04:00:00+00:00,154.13,158.34,152.96,157.85,4758822.0,74319.0,156.345003,157.30333333333334,51.84664066064558,-2.158526317877488,-3.2968306854509244,1.1383043675734363
2022-07-15 04:00:00+00:00,159.2,160.71,157.64,160.54,7466135.0,69988.0,160.06176,156.84066666666666,55.98560451535865,-1.5114651653313729,-2.9397575814270143,1.4282924160956414
2022-07-18 04:00:00+00:00,161.72,162.65,159.02,159.67,4088684.0,56935.0,160.496232,156.2723333333333,54.3582500262063,-1.056685457036508,-2.563143156548913,1.506457699512405
2022-07-19 04:00:00+00:00,161.36,165.68,160.65,164.64,5389493.0,63863.0,164.15902,156.016,61.281988542412776,-0.2918673327936574,-2.1088879917978622,1.8170206590042048
2022-07-20 04:00:00+00:00,163.89,167.1199,162.54,165.33,5889232.0,77819.0,165.511205,155.935,62.14066341653978,0.3657180048073485,-1.6139667924768202,1.9796847972841687
2022-07-21 04:00:00+00:00,165.98,166.82,163.68,166.54,5466760.0,65601.0,165.707314,155.82466666666667,63.662579708588666,0.9732766823601651,-1.0965180975094233,2.0697947798695884
2022-07-22 04:00:00+00:00,167.71,167.71,162.865,163.9,5256078.0,76888.0,164.253476,155.7756666666667,58.168339151571026,1.2275944305014264,-0.6316955919072534,1.85929002240868
2022-07-25 04:00:00+00:00,163.8,163.86,161.27,163.2,4202913.0,58496.0,162.642268,155.82966666666667,56.769344313216145,1.357016091518119,-0.23395325522217897,1.590969346740298
2022-07-26 04:00:00+00:00,164.18,164.18,160.6,160.84,6080565.0,90186.0,161.991126,155.9316666666667,52.21019891740819,1.254688149676241,0.06377502575750502,1.190913123918736
2022-07-27 04:00:00+00:00,166.76,171.99,165.57,171.54,11601810.0,145840.0,169.717578,156.532,65.6713622152422,2.013779498379307,0.4537759202818655,1.5600035780974417
2022-07-28 04:00:00+00:00,171.92,175.83,169.5901,175.75,6468810.0,86433.0,174.029407,157.25433333333334,69.33169178777466,2.921400589262049,0.9473008540779022,1.974099735184147
2022-07-29 04:00:00+00:00,174.43,179.27,174.06,178.89,6618745.0,91154.0,177.874726,158.01999999999998,71.75103968996339,3.8496917506172963,1.527779033385781,2.3219127172315153
2022-08-01 04:00:00+00:00,177.94,179.11,176.75,178.8,4864837.0,72919.0,178.113434,158.9343333333333,71.57674746678522,4.525934777313097,2.127410182171244,2.398524595141853
2022-08-02 04:00:00+00:00,177.5,179.93,176.45,177.22,4442669.0,63667.0,177.782149,159.835,68.43392034789116,4.878137322133853,2.677555610163766,2.2005817119700866
2022-08-03 04:00:00+00:00,178.01,184.13,177.86,183.47,6201346.0,81638.0,182.349248,160.83533333333335,73.40794609059088,5.59706367694065,3.261457223519143,2.335606453421507
2022-08-04 04:00:00+00:00,183.77,185.99,183.2168,184.91,4533896.0,62767.0,184.722535,161.91233333333332,74.40852170081055,6.211412659459455,3.8514483107072053,2.35996434875225
2022-08-05 04:00:00+00:00,182.027,184.67,181.58,184.3,3689996.0,58292.0,183.525619,163.01766666666668,73.15283521823905,6.573293911752415,4.395817430916248,2.1774764808361677
2022-08-08 04:00:00+00:00,182.5,184.46,181.13,182.8,3547326.0,51468.0,182.620997,163.91266666666667,70.02352499035538,6.662251657432051,4.849104276219409,1.8131473812126426
2022-08-09 04:00:00+00:00,179.94,180.2,176.1,177.71,5298222.0,79617.0,177.866435,164.64899999999997,60.55695420008792,6.249984915073583,5.1292804039902435,1.1207045110833391
2022-08-10 04:00:00+00:00,181.45,183.45,179.39,183.12,4276503.0,58061.0,182.416133,165.61433333333332,65.8425961234947,6.287325958353165,5.360889514862828,0.9264364434903367
2022-08-11 04:00:00+00:00,183.43,185.67,181.66,182.06,3858267.0,61421.0,182.924143,166.59033333333335,64.03201597893307,6.160372918662205,5.520786195622704,0.6395867230395007
2022-08-12 04:00:00+00:00,183.18,185.98,183.04,185.38,4155963.0,64954.0,184.973942,167.64800000000002,67.0849809387075,6.255547911284253,5.667738538755014,0.5878093725292395
2022-08-15 04:00:00+00:00,184.88,185.65,182.96,185.4,2863352.0,49255.0,184.731259,168.87666666666667,67.10309589736755,6.260422359506265,5.786275302905264,0.47414705660100065
2022-08-16 04:00:00+00:00,184.8,185.0,182.4,183.36,4541563.0,66206.0,183.784867,170.0186666666667,63.27768015757477,6.030162484358215,5.835052739195855,0.1951097451623598
2022-08-17 04:00:00+00:00,180.61,180.95,174.8821,176.71,6865078.0,103701.0,177.043824,170.882,52.72568719174789,5.250555317397641,5.718153254836213,-0.4675979374385717
2022-08-18 04:00:00+00:00,176.81,180.33,175.8,178.46,4390566.0,72623.0,178.638451,171.67433333333335,54.85900781272415,4.719517732828564,5.518426150434683,-0.7989084176061194
2022-08-19 04:00:00+00:00,176.96,177.48,175.12,176.45,4569509.0,67530.0,176.376216,172.3716666666667,51.95877727350472,4.089337086994362,5.232608337746619,-1.1432712507522567
2022-08-22 04:00:00+00:00,175.47,175.47,171.11,171.44,4919101.0,68934.0,172.248073,172.96766666666664,45.501666622432104,3.149345560064461,4.815955782210188,-1.666610222145727
2022-08-23 04:00:00+00:00,170.34,173.89,170.28,172.52,3663937.0,58707.0,172.862184,173.56966666666668,47.02986966762005,2.4631488303038793,4.345394391828926,-1.882245561525047
2022-08-24 04:00:00+00:00,171.41,172.59,170.75,172.19,3037795.0,56370.0,171.812787,174.1663333333333,46.59988050453374,1.871135451371174,3.8505426037373764,-1.9794071523662025
2022-08-25 04:00:00+00:00,173.645,177.51,173.25,177.31,4349986.0,61600.0,176.152897,174.815,53.676499439723216,1.7944168729894443,3.4393174575877903,-1.644900584598346
2022-08-26 04:00:00+00:00,177.5,177.93,169.43,169.49,6583677.0,86667.0,171.384062,175.11333333333332,44.070309722901335,1.0900428657332384,2.96946253921688,-1.8794196734836417
2022-08-29 04:00:00+00:00,169.94,170.51,167.76,167.94,4625846.0,73587.0,168.814456,175.389,42.44871921409094,0.4021140239714782,2.4559928361677996,-2.0538788121963214
2022-08-30 04:00:00+00:00,168.22,168.85,164.76,166.74,5342600.0,84901.0,166.396279,175.459,41.1852320349251,-0.2371705560296391,1.917360157728312,-2.154530713757951
2022-08-31 04:00:00+00:00,166.87,167.585,164.02,165.21,6488511.0,78557.0,165.382329,175.455,39.56809702110278,-0.8573830269019709,1.3624115208022554,-2.2197945477042262
2022-09-01 04:00:00+00:00,163.35,166.47,162.19,166.16,5593373.0,96412.0,164.535267,175.44233333333335,41.11417843660296,-1.2577502559113043,0.8383791654595436,-2.096129421370848
2022-09-02 04:00:00+00:00,168.0,168.78,162.38,163.0,4463605.0,78882.0,164.622776,175.41233333333332,37.662550486339846,-1.8091747201675048,0.30886838833413394,-2.118043108501639
2022-09-06 04:00:00+00:00,163.11,165.79,161.84,163.1,5053748.0,84137.0,163.431591,175.409,37.840394075273416,-2.2126078506227316,-0.1954268594572392,-2.0171809911654925
2022-09-07 04:00:00+00:00,163.67,167.45,163.48,165.82,5329997.0,77473.0,165.733249,175.575,42.63435666129309,-2.2864929773255653,-0.6136400830309044,-1.6728528942946608
2022-09-08 04:00:00+00:00,165.24,168.54,163.87,168.41,5470015.0,82085.0,167.133981,175.47066666666666,46.83869416220099,-2.111713598220092,-0.913254786068742,-1.1984588121513502
2022-09-09 04:00:00+00:00,169.43,171.92,169.355,170.74,5196193.0,78449.0,170.679366,175.30366666666666,50.3631400224475,-1.7648441291406414,-1.083572654683122,-0.6812714744575195
2022-09-12 04:00:00+00:00,171.25,171.52,169.21,170.58,5216774.0,77957.0,170.211861,175.02666666666667,50.117424443469446,-1.485731649045448,-1.1640044535555871,-0.32172719548986084
2022-09-13 04:00:00+00:00,166.0789,167.34,162.01,162.65,7902529.0,105664.0,163.780842,174.48833333333334,39.76279265860813,-1.882714957813647,-1.3077465544071991,-0.574968403406448
2022-09-14 04:00:00+00:00,164.23,166.33,163.06,165.26,4790875.0,90493.0,164.963998,174.08966666666666,43.873053068795535,-1.9640811973578423,-1.4390134829973278,-0.5250677143605145
2022-09-15 04:00:00+00:00,164.22,165.677,161.72,162.67,6093022.0,85136.0,163.203374,173.3963333333333,40.891250780451834,-2.2120566705351052,-1.5936221205048833,-0.618434550030222
2022-09-16 04:00:00+00:00,162.99,165.93,161.555,165.26,13409823.0,110062.0,164.538129,172.74133333333333,44.922502083420966,-2.1745211390297072,-1.7098019242098481,-0.4647192148198591
2022-09-19 04:00:00+00:00,163.58,166.63,163.52,166.25,4929516.0,69571.0,165.878569,172.13966666666667,46.42653706158811,-2.0413577324197263,-1.776113085851824,-0.26524464656790236
2022-09-20 04:00:00+00:00,165.41,166.9,164.9,166.06,5256204.0,85692.0,165.96364,171.58166666666668,46.165976399775914,-1.928920787270357,-1.8066746261355306,-0.12224616113482645
2022-09-21 04:00:00+00:00,166.53,170.25,163.19,163.3,6638145.0,102367.0,166.501102,171.10133333333334,42.43985805141517,-2.039018100475033,-1.8531433210034312,-0.18587477947160203
2022-09-22 04:00:00+00:00,162.59,164.56,161.22,162.62,5695779.0,86763.0,162.590055,170.41800000000003,41.550061326936955,-2.1562850199319996,-1.9137716607891448,-0.24251335914285477
2022-09-23 04:00:00+00:00,161.22,161.85,158.3,161.29,6936094.0,102023.0,160.28238,169.72566666666668,39.79275179509191,-2.3296846289659925,-1.9969542544245145,-0.332730374541478
2022-09-26 04:00:00+00:00,161.65,163.2,160.0,160.46,4605809.0,76093.0,161.07914,168.895,38.692937322767314,-2.505200737138324,-2.0986035509672765,-0.40659718617104756
2022-09-27 04:00:00+00:00,162.23,163.43,159.3,160.71,4261522.0,70597.0,160.701302,168.072,39.23768622023731,-2.594221041408474,-2.197727049055516,-0.396493992352958
2022-09-28 04:00:00+00:00,161.52,163.64,159.42,162.8,4878233.0,71798.0,162.212606,167.38666666666666,43.73847192479813,-2.4676788747664773,-2.2517174141977083,-0.21596146056876897
2022-09-29 04:00:00+00:00,160.82,161.4,156.125,158.45,6698955.0,99424.0,158.137086,166.77799999999996,37.51064888930489,-2.6874230020439427,-2.338858531766955,-0.34856447027698767
2022-09-30 04:00:00+00:00,157.22,158.8,154.68,154.78,6069762.0,88218.0,156.132386,165.98866666666666,33.21377692964846,-3.1217248339332286,-2.49543179220021,-0.6262930417330188
2022-10-03 04:00:00+00:00,157.41,160.64,156.08,159.84,6668516.0,93358.0,159.490659,165.435,42.92192304495502,-3.0227678665081896,-2.600899007061806,-0.42186885944638375
2022-10-04 04:00:00+00:00,163.05,165.74,162.59,165.15,7233204.0,104505.0,164.918744,165.22533333333334,50.97553931240219,-2.4872002382804794,-2.578159253305541,0.09095901502506143
2022-10-05 04:00:00+00:00,164.32,169.23,163.47,167.8,5262603.0,81026.0,166.697871,165.068,54.43115663046564,-1.8278557974949194,-2.4280985621434166,0.6002427646484971
2022-10-06 04:00:00+00:00,167.78,169.15,165.77,166.54,4169794.0,68643.0,167.131757,164.87966666666668,52.53501390935333,-1.3909579501843723,-2.2206704397516077,0.8297124895672354
2022-10-07 04:00:00+00:00,164.02,165.06,158.61,159.28,8306437.0,103774.0,160.015806,164.27866666666665,43.19747222979739,-1.6119529934574643,-2.098926950492779,0.4869739570353149
2022-10-10 04:00:00+00:00,159.55,159.609,154.145,156.79,6573631.0,101805.0,156.258233,163.85533333333333,40.53628715327849,-1.9653599020793422,-2.072213540810092,0.10685363873074971
2022-10-11 04:00:00+00:00,154.61,155.34,151.4,153.45,9524501.0,138174.0,153.333863,163.37233333333333,37.22369457570973,-2.4862871392950012,-2.155028260507074,-0.33125887878792737
2022-10-12 04:00:00+00:00,153.36,153.8,151.47,151.55,4522075.0,69407.0,152.337191,162.86599999999999,35.449014629498805,-3.0176542096002095,-2.327553450325701,-0.6901007592745083
2022-10-13 04:00:00+00:00,147.62,156.79,145.97,154.34,7898591.0,111628.0,152.819863,162.50366666666665,39.97456271694477,-3.177014116994883,-2.4974455836595375,-0.6795685333353454
2022-10-14 04:00:00+00:00,155.9,156.09,148.09,148.34,7468025.0,102517.0,149.97809,161.90966666666665,34.39063007357828,-3.744295934845468,-2.7468156538967237,-0.9974802809487442
2022-10-17 04:00:00+00:00,152.0,152.5,149.525,150.99,5936071.0,81756.0,150.791227,161.50933333333333,38.478196420902215,-3.9346814509979424,-2.9843888133169676,-0.9502926376809748
2022-10-18 04:00:00+00:00,155.09,155.98,149.54,151.51,4866554.0,86023.0,151.633208,161.12300000000002,39.27764349654958,-3.997522736291245,-3.1870155979118233,-0.8105071383794216
2022-10-19 04:00:00+00:00,150.63,153.02,149.86,152.65,5060124.0,73464.0,151.99823,160.684,41.08511671952482,-3.9102613759222606,-3.3316647535139112,-0.5785966224083494
2022-10-20 04:00:00+00:00,153.89,156.78,152.41,153.72,6506398.0,95360.0,154.358419,160.19433333333333,42.805945840583476,-3.7119767046824848,-3.407727143747626,-0.30424956093485855
2022-10-21 04:00:00+00:00,155.41,160.03,153.94,159.72,7706393.0,91277.0,158.361616,159.82700000000003,51.38157121853555,-3.0356912590708873,-3.3333199668122786,0.2976287077413913
2022-10-24 04:00:00+00:00,160.21,161.99,158.69,161.65,5467115.0,78008.0,160.78902,159.52933333333334,53.782147037377044,-2.317283103573857,-3.1301125941645944,0.8128294905907376
2022-10-25 04:00:00+00:00,161.61,164.86,161.19,162.16,8611180.0,112175.0,162.14913,159.51299999999998,54.42256272249165,-1.6873361657505086,-2.8415573084817773,1.1542211427312687
2022-10-26 04:00:00+00:00,152.565,161.155,151.33,157.87,12959657.0,173572.0,157.46227,159.26666666666668,48.35312399806714,-1.5167813151396388,-2.57660210981335,1.059820794673711
2022-10-27 04:00:00+00:00,159.8,159.94,155.43,156.76,7050506.0,100177.0,157.546216,159.06966666666668,46.89580733881286,-1.45441747132611,-2.352165182115902,0.8977477107897922
2022-10-28 04:00:00+00:00,155.985,161.69,155.49,161.36,6767778.0,93557.0,160.520688,158.93966666666668,53.1918850428167,-1.0220307849043877,-2.0861383026735996,1.0641075177692119
2022-10-31 04:00:00+00:00,160.4,161.55,159.26,160.63,6297603.0,74202.0,160.454528,158.75233333333333,52.13549456444823,-0.7298528307574088,-1.8148812082903616,1.0850283775329528
2022-11-01 04:00:00+00:00,162.24,163.43,160.56,162.9,4972344.0,61491.0,162.521493,158.647,55.12030448174622,-0.3115384469583944,-1.5142126560239684,1.202674209065574
2022-11-02 04:00:00+00:00,163.26,166.37,158.28,158.49,6853065.0,92667.0,161.219619,158.48666666666668,48.75888176081541,-0.33204383347535327,-1.2777788915142454,0.9457350580388921
2022-11-03 04:00:00+00:00,156.38,158.61,155.33,156.52,4555398.0,72145.0,156.957397,158.28333333333333,46.19415001071615,-0.5014763290829194,-1.1225183790279802,0.6210420499450608
2022-11-04 04:00:00+00:00,161.608,162.7,158.42,162.65,6689770.0,92471.0,161.28159,158.32866666666666,54.25705061934768,-0.13950490736138477,-0.9259156846946611,0.7864107773332764
2022-11-07 05:00:00+00:00,163.81,166.295,161.55,165.69,4928538.0,73068.0,164.760697,158.503,57.646642757653545,0.38818785788893706,-0.6630949761779416,1.0512828340668787
2022-11-08 05:00:00+00:00,167.44,169.84,165.76,168.11,5111713.0,78105.0,168.216273,158.74966666666668,60.17646252323684,0.9902470003740689,-0.3324265808675395,1.3226735812416084
2022-11-09 05:00:00+00:00,166.39,167.7348,164.9,164.99,4800375.0,64217.0,165.675704,158.82266666666666,55.56805529141964,1.201772003741354,-0.025586863945760818,1.2273588676871148
2022-11-10 05:00:00+00:00,172.1,175.19,168.88,174.69,9897542.0,128984.0,172.929887,159.364,64.63564333157278,2.1275904878183667,0.4050486064070647,1.722541881411302
2022-11-11 05:00:00+00:00,175.05,180.79,173.4,179.49,6911978.0,107419.0,178.377649,160.18766666666667,68.10445465013936,3.211606787447778,0.9663602426152074,2.2452465448325705
2022-11-14 05:00:00+00:00,179.0,181.12,177.25,177.44,5466844.0,71341.0,178.895311,160.77433333333332,65.16461232254989,3.8607750360183957,1.545243201295845,2.3155318347225506
2022-11-15 05:00:00+00:00,182.05,182.62,176.805,177.57,6597113.0,89347.0,178.64688,161.18833333333333,65.26700406625991,4.335755572237332,2.1033456754841424,2.2324098967531896
2022-11-16 05:00:00+00:00,176.42,176.42,173.05,173.46,7664877.0,81642.0,173.957561,161.37699999999998,59.32957193049153,4.330617752212419,2.548800090829798,1.7818176613826209
2022-11-17 05:00:00+00:00,170.68,175.425,170.63,175.36,5339895.0,70330.0,174.264979,161.671,61.09172418235606,4.4288075769540285,2.924801588054644,1.5040059888993844
2022-11-18 05:00:00+00:00,176.41,176.8,174.04,175.18,5474821.0,67500.0,175.099533,162.20100000000002,60.822858668215225,4.44090721084612,3.2280227126129395,1.2128844982331808
2022-11-21 05:00:00+00:00,174.42,174.67,172.27,172.4,4703084.0,65181.0,172.922841,162.72133333333335,56.674312268021446,4.178011970039677,3.418020564098287,0.7599914059413897
2022-11-22 05:00:00+00:00,174.84,177.31,172.35,177.22,4673774.0,72037.0,175.636832,163.5136666666667,61.56872752943522,4.308928667754969,3.596202184829624,0.7127264829253455
2022-11-23 05:00:00+00:00,177.0,179.775,176.5,178.98,3939063.0,55829.0,178.905914,164.428,63.20333731026693,4.5027929902640835,3.7775203459165163,0.7252726443475672
2022-11-25 05:00:00+00:00,179.25,179.285,177.03,177.07,1586355.0,22951.0,177.900179,165.18566666666666,60.210343513835916,4.451002439634266,3.9122167646600663,0.5387856749741995
2022-11-28 05:00:00+00:00,175.705,176.03,172.375,173.0,5358546.0,77715.0,173.763145,166.00766666666667,54.30860236288325,4.035029758204843,3.9367793633690216,0.0982503948358211
2022-11-29 05:00:00+00:00,173.64,174.355,171.31,172.98,3133977.0,53866.0,172.853496,166.74066666666667,54.2804462477913,3.6615465490142185,3.881732800498061,-0.22018625148384263
2022-11-30 05:00:00+00:00,173.37,180.51,170.9745,180.46,9767621.0,87356.0,178.67322,167.70566666666667,62.178184899720925,3.923899629574123,3.8901661663132736,0.03373346326084947
2022-12-01 05:00:00+00:00,180.04,180.52,176.205,177.5,5479894.0,79991.0,177.76569,168.53400000000002,57.914703165362276,3.848604753892289,3.8818538838290766,-0.033249129936787636
2022-12-02 05:00:00+00:00,175.14,177.99,173.48,177.66,3822916.0,67479.0,176.131628,169.332,58.0820200107257,3.75851783130517,3.8571866733242954,-0.09866884201912551
2022-12-05 05:00:00+00:00,176.74,178.64,175.34,177.39,4875539.0,60775.0,177.2698,169.921,57.66538769356891,3.6235663354741803,3.8104626057542723,-0.18689627028009204
2022-12-06 05:00:00+00:00,178.14,178.16,173.18,174.34,4418018.0,63700.0,174.990914,170.344,53.03718406697624,3.233236059988627,3.695017296601143,-0.461781236612516
2022-12-07 05:00:00+00:00,172.53,175.03,172.25,173.75,3241203.0,50382.0,173.910647,170.73033333333333,52.164989806150615,2.8435102195371087,3.5247158811883366,-0.6812056616512279
2022-12-08 05:00:00+00:00,173.76,176.52,172.85,176.36,3902683.0,59299.0,175.73185,171.3466666666667,55.640307213641705,2.713969914687226,3.3625666878881146,-0.6485967732008886
2022-12-09 05:00:00+00:00,175.96,176.58,174.12,174.26,3966812.0,52797.0,174.9804,171.93,52.3450615983602,2.4140284232557008,3.172859034961632,-0.7588306117059314
2022-12-12 05:00:00+00:00,174.11,177.57,172.91,177.48,5347045.0,66243.0,176.373223,172.46733333333336,56.59033768525737,2.408387329703828,3.0199646939100715,-0.6115773642062434
2022-12-13 05:00:00+00:00,182.13,183.09,175.87,177.5,6940952.0,95945.0,178.294707,173.02966666666669,56.61618911293196,2.378117101653771,2.8915951754588116,-0.5134780738050404
2022-12-14 05:00:00+00:00,176.76,179.81,174.14,175.82,5083151.0,82476.0,176.498426,173.46033333333332,53.7220799179867,2.1932829674076686,2.751932733848583,-0.5586497664409142
2022-12-15 05:00:00+00:00,173.53,174.52,169.09,170.01,6008556.0,89290.0,170.4797,173.84433333333334,45.13011900641994,1.5599994380990836,2.513546074698683,-0.9535466365995995
2022-12-16 05:00:00+00:00,169.0,170.05,167.48,169.55,10412757.0,87324.0,169.200577,174.27866666666665,44.52297731638416,1.009364200742226,2.212709699907392,-1.2033454991651658
2022-12-19 05:00:00+00:00,169.63,169.87,166.05,167.61,4507115.0,64458.0,167.454029,174.444,41.959205248166725,0.4116942660524785,1.8525066131364092,-1.4408123470839307
2022-12-20 05:00:00+00:00,166.66,167.78,165.72,166.09,3777633.0,62124.0,166.642207,174.45733333333334,40.014989477821786,-0.182510888089638,1.4455031128912,-1.628014000980838
2022-12-21 05:00:00+00:00,167.0,168.91,166.5,168.73,3632145.0,58544.0,168.368835,174.478,44.799172833335845,-0.43537805001764696,1.0693268803094305,-1.5047049303270774
2022-12-22 05:00:00+00:00,166.07,166.52,161.49,164.7,7188736.0,84248.0,164.30306,174.46833333333333,39.606221093299716,-0.950013256086379,0.6654588530302686,-1.6154721091166477
2022-12-23 05:00:00+00:00,163.03,164.8,162.278,164.38,2597000.0,43548.0,163.860872,174.12466666666668,39.21748608120159,-1.3679181809996805,0.2587834462242788,-1.6267016272239594
2022-12-27 05:00:00+00:00,163.66,164.59,161.97,163.78,3535587.0,55926.0,163.776318,173.601,38.45534922276743,-1.7276110061482655,-0.13849544425023005,-1.5891155618980355
2022-12-28 05:00:00+00:00,163.61,165.155,160.83,161.19,2998550.0,50261.0,161.862851,173.0593333333333,35.269092959332966,-2.196343436037921,-0.5500650426077682,-1.6462783934301528
2022-12-29 05:00:00+00:00,163.26,166.04,162.82,165.02,4081576.0,65183.0,165.073312,172.64100000000002,42.814667080934164,-2.233027323432509,-0.8866574987727165,-1.3463698246597926
2022-12-30 05:00:00+00:00,163.69,165.39,162.21,165.22,3238074.0,53569.0,164.371573,172.36633333333336,43.18709608043791,-2.220366240070092,-1.1533992470321917,-1.0669669930379004
2023-01-03 05:00:00+00:00,167.22,167.65,162.59,163.21,4289371.0,62375.0,163.717112,171.96133333333333,40.34340673750696,-2.3454851492297735,-1.3918164274717082,-0.9536687217580653
2023-01-04 05:00:00+00:00,165.295,169.69,165.295,169.17,6281597.0,98983.0,168.225092,171.761,50.70774778177989,-1.9413420136799004,-1.5017215447133467,-0.4396204689665537
2023-01-05 05:00:00+00:00,167.79,170.04,165.84,166.93,6862296.0,101828.0,167.863887,171.57866666666666,47.37631563860174,-1.7812715568966269,-1.5576315471500028,-0.223640009746624
2023-01-06 05:00:00+00:00,169.62,176.16,167.42,175.16,6724655.0,104189.0,173.737072,171.50999999999996,58.2335797884452,-0.979036622871007,-1.4419125622942037,0.4628759394231967
