timestamp,open,high,low,close,volume,trade_count,vwap,30sma,rsi,macd,signal,histogram
2022-01-03 05:00:00+00:00,566.65,575.0,553.2673,564.37,2862454.0,86576.0,561.724543,,,,,
2022-01-04 05:00:00+00:00,563.9,564.3,541.31,554.0,4351622.0,131986.0,549.45524,,,,,
2022-01-05 05:00:00+00:00,535.0,538.745,514.0,514.28,6966089.0,207875.0,524.459536,,,,,
2022-01-06 05:00:00+00:00,510.0,526.31,508.2,514.12,3906063.0,119026.0,517.490074,,,,,
2022-01-07 05:00:00+00:00,513.66,520.42,504.0,510.7,3601352.0,89435.0,510.894814,,,,,
2022-01-10 05:00:00+00:00,500.0,526.58,497.01,525.83,5404199.0,140941.0,513.061975,,,,,
2022-01-11 05:00:00+00:00,525.5533,535.18,520.9821,529.89,3422161.0,101410.0,529.900111,,,,,
2022-01-12 05:00:00+00:00,533.09,541.59,529.28,532.37,2898076.0,81056.0,533.913239,,,,,
2022-01-13 05:00:00+00:00,532.22,535.265,516.32,516.9,3401131.0,88705.0,520.939461,,,,,
2022-01-14 05:00:00+00:00,514.49,522.5715,511.27,520.6,2655265.0,75806.0,517.638928,,,,,
2022-01-18 05:00:00+00:00,510.39,519.39,504.98,513.34,3452045.0,94720.0,513.243761,,,,,
2022-01-19 05:00:00+00:00,516.48,528.9179,515.3,516.58,3078137.0,82799.0,521.12158,,,,,
2022-01-20 05:00:00+00:00,522.38,532.025,509.64,510.85,3194365.0,91785.0,520.678169,,,,,
2022-01-21 05:00:00+00:00,508.5,513.8624,499.2701,499.91,4252189.0,118653.0,504.974309,,,,,
2022-01-24 05:00:00+00:00,491.07,520.43,483.31,519.66,7435611.0,158771.0,502.115514,,34.19359400410096,,,
2022-01-25 05:00:00+00:00,505.51,514.26,500.01,502.72,4044897.0,102493.0,504.948488,,30.286884258701676,,,
2022-01-26 05:00:00+00:00,514.0,520.49,494.22,500.81,4380148.0,112152.0,508.392616,,29.872462956580094,,,
2022-01-27 05:00:00+00:00,508.94,513.23,485.62,493.05,5886526.0,121086.0,497.327302,,28.18505754971983,,,
2022-01-28 05:00:00+00:00,494.0901,519.0,480.62,518.16,4342448.0,98170.0,506.23868,,39.99631196584868,,,
2022-01-31 05:00:00+00:00,518.98,534.94,514.39,534.3,3989152.0,84397.0,529.095024,,46.12934069915525,,,
2022-02-01 05:00:00+00:00,536.0,538.77,527.72,535.98,2302655.0,62869.0,533.933508,,46.73956875125778,,,
2022-02-02 05:00:00+00:00,536.25,540.46,529.3201,533.09,2492359.0,64748.0,533.23986,,45.778889577186376,,,
2022-02-03 05:00:00+00:00,522.87,525.18,508.75,510.83,3046512.0,75735.0,514.896555,,39.1107875428613,,,
2022-02-04 05:00:00+00:00,503.77,519.97,503.77,513.54,2574440.0,61361.0,513.611711,,40.251800611022865,,,
2022-02-07 05:00:00+00:00,516.0,516.0,500.95,507.1,3114916.0,77965.0,508.594288,,38.40978463127306,,,
2022-02-08 05:00:00+00:00,501.63,513.51,501.07,511.31,3191093.0,70699.0,508.77255,,40.33212190253633,-3.404707645730923,,
2022-02-09 05:00:00+00:00,520.35,522.48,515.06,521.75,2470000.0,65563.0,519.254443,,44.92295575324541,-2.693104584739558,,
2022-02-10 05:00:00+00:00,508.08,514.4799,492.28,495.02,4552081.0,113578.0,501.560104,,37.060691398199815,-4.237197860775041,,
2022-02-11 05:00:00+00:00,497.92,499.93,472.8952,473.97,4762898.0,128276.0,482.299721,,32.27078839297765,-7.077872674070363,,
2022-02-14 05:00:00+00:00,473.2,478.57,469.2101,474.01,3200989.0,79623.0,474.348856,515.6346666666667,32.28869721194165,-9.219622198172715,,
2022-02-15 05:00:00+00:00,482.5337,482.5337,472.39,479.5,3632318.0,73697.0,477.914317,512.8056666666666,34.83552095608168,-10.354615446991659,,
2022-02-16 05:00:00+00:00,476.485,480.21,467.27,477.7,3622777.0,77413.0,474.035835,510.2623333333333,34.3789428499165,-11.269443599804333,,
2022-02-17 05:00:00+00:00,473.14,476.45,456.05,457.71,3920207.0,94951.0,462.438081,508.3766666666667,29.720193197875062,-13.452406470528729,,
2022-02-18 05:00:00+00:00,458.69,459.3,441.77,442.56,5043753.0,125910.0,446.724492,505.99133333333333,26.760445345893658,-16.21794824707314,-8.658546525320718,-7.559401721752421
2022-02-22 05:00:00+00:00,440.35,451.09,435.05,438.4,4106686.0,100071.0,441.650671,503.58133333333336,25.994924489920948,-18.531715185994642,-10.633180257455503,-7.898534928539139
2022-02-23 05:00:00+00:00,447.78,449.59,428.06,429.45,4263990.0,88313.0,436.506647,500.3686666666667,24.379094552393553,-20.847268027759412,-12.675997811516286,-8.171270216243126
2022-02-24 05:00:00+00:00,418.59,465.93,416.8124,463.82,6459010.0,149689.0,450.542116,498.16633333333334,39.84343210519002,-19.682105518854144,-14.077219352983859,-5.604886165870285
2022-02-25 05:00:00+00:00,465.39,468.5199,456.015,465.54,2682002.0,73945.0,463.574522,495.9386666666667,40.499193578318426,-18.40772343331463,-14.943320169050013,-3.4644032642646163
2022-02-28 05:00:00+00:00,462.4,468.48,458.86,467.68,3116568.0,63184.0,465.130781,494.298,41.355754506097796,-17.028789053666117,-15.360413945973235,-1.6683751076928814
2022-03-01 05:00:00+00:00,468.0,479.21,462.92,466.68,3144363.0,74696.0,468.593635,492.5006666666667,41.058309023615074,-15.834139165865565,-15.455158989951702,-0.37898017591386335
2022-03-02 05:00:00+00:00,472.82,477.49,466.04,471.18,2767702.0,68043.0,471.99436,491.0953333333334,43.043542525368025,-14.35873951968722,-15.235875095898805,0.877135576211586
2022-03-03 05:00:00+00:00,475.83,476.05,455.445,459.08,2775117.0,67587.0,462.388113,489.1786666666667,39.218489924753186,-14.004409432001182,-14.989581963119281,0.9851725311180992
2022-03-04 05:00:00+00:00,455.49,463.52,447.0,452.13,2617484.0,60606.0,452.751598,487.2213333333333,37.17503568604197,-14.121621933876781,-14.815989957270784,0.6943680233940022
2022-03-07 05:00:00+00:00,456.22,457.68,437.18,437.97,3495849.0,78503.0,444.399319,485.1566666666667,33.361067074612365,-15.18209757570088,-14.889211480956805,-0.292886094744075
2022-03-08 05:00:00+00:00,432.51,443.8,421.36,431.53,3541138.0,87216.0,432.443312,482.219,31.7648924333172,-16.353671396780214,-15.182103464121488,-1.1715679326587267
2022-03-09 05:00:00+00:00,443.8,453.11,438.93,450.87,2751268.0,62556.0,447.92505,480.49066666666664,40.908558258195065,-15.542412465753728,-15.254165264447936,-0.28824720130579173
2022-03-10 05:00:00+00:00,444.68,447.65,433.01,438.95,2678560.0,63702.0,437.73242,478.4286666666667,37.56718079624613,-15.680572420467968,-15.339446695651944,-0.341125724816024
2022-03-11 05:00:00+00:00,439.66,440.61,415.43,416.38,4277770.0,101286.0,422.540602,475.873,32.203589958116694,-17.410577257688942,-15.753672808059344,-1.6569044496295984
2022-03-14 04:00:00+00:00,413.36,422.375,407.94,411.5,3552343.0,98667.0,413.560906,472.3176666666667,31.16744346375455,-18.95687076539548,-16.394312399526573,-2.562558365868906
2022-03-15 04:00:00+00:00,415.97,422.94,413.1663,421.66,3116574.0,69727.0,419.002922,468.563,35.79890317767763,-19.14183723706992,-16.943817367035244,-2.1980198700346776
2022-03-16 04:00:00+00:00,432.1789,442.52,424.35,442.36,3918410.0,97527.0,437.351442,465.44233333333335,44.05784660474623,-17.417331341805436,-17.038520161989283,-0.37881117981615375
2022-03-17 04:00:00+00:00,441.26,446.82,436.51,444.36,3460889.0,82759.0,441.375281,462.48466666666667,44.79675564427423,-15.708190468401028,-16.772454223271634,1.0642637548706055
2022-03-18 04:00:00+00:00,439.2,453.74,435.79,453.33,5800564.0,94258.0,448.607381,460.56800000000004,48.107341470226416,-13.474553710395867,-16.112874120696482,2.638320410300615
2022-03-21 04:00:00+00:00,451.42,459.58,445.95,453.59,3605241.0,93153.0,452.285227,458.5696666666666,48.204303013370804,-11.550256493036898,-15.200350595164567,3.650094102127669
2022-03-22 04:00:00+00:00,453.5,471.98,450.69,466.45,5310454.0,130701.0,463.287598,457.2146666666667,52.89279559864284,-8.885120422535863,-13.937304560638825,5.052184138102962
2022-03-23 04:00:00+00:00,437.51,437.98,416.47,422.9,13898943.0,306913.0,425.387937,454.2676666666666,39.76544071268805,-10.169869992114343,-13.18381764693393,3.013947654819587
2022-03-24 04:00:00+00:00,426.1,432.21,421.49,432.14,5438701.0,126361.0,427.978274,451.28066666666666,42.99794924619921,-10.323450196289969,-12.611744156805138,2.288293960515169
2022-03-25 04:00:00+00:00,435.44,438.46,425.995,431.62,3238892.0,91297.0,430.967694,449.1673333333334,42.85855414403403,-10.36761189248125,-12.16291770394036,1.7953058114591105
2022-03-28 04:00:00+00:00,433.415,450.32,433.15,450.01,8630693.0,176876.0,444.785167,448.3686666666666,49.13844987496141,-8.817053541719588,-11.493744871496206,2.6766913297766184
2022-03-29 04:00:00+00:00,459.16,467.8,452.44,466.33,4324958.0,107273.0,461.688346,448.11266666666666,53.972807772306574,-6.1998690385107125,-10.434969704899109,4.235100666388396
2022-03-30 04:00:00+00:00,461.52,466.765,456.84,460.06,3889225.0,90332.0,460.735923,447.46466666666663,51.93057877007214,-4.57888552131277,-9.263752868181841,4.684867346869071
2022-03-31 04:00:00+00:00,461.59,465.43,455.43,455.62,4116315.0,82794.0,459.122194,446.7286666666667,50.47411966918829,-3.6108911927809118,-8.133180533101655,4.522289340320743
2022-04-01 04:00:00+00:00,455.0,461.55,450.96,458.19,2709129.0,74771.0,456.838101,446.74466666666666,51.32509135942325,-2.6063270756373527,-7.027809841608795,4.421482765971442
2022-04-04 04:00:00+00:00,461.04,473.49,460.61,468.81,2968970.0,74335.0,468.096493,447.61966666666666,54.782609599126246,-0.9423941966714438,-5.810726712621325,4.868332515949882
2022-04-05 04:00:00+00:00,469.43,471.76,455.07,458.58,2471315.0,68240.0,459.998676,448.2923333333334,51.02285183993126,-0.4440719217360538,-4.737395754444272,4.293323832708218
2022-04-06 04:00:00+00:00,448.235,450.01,439.57,444.05,3345255.0,92956.0,444.570119,448.77899999999994,46.17551136278733,-1.2076761573652561,-4.031451835028468,2.823775677663212
2022-04-07 04:00:00+00:00,444.09,455.9199,440.76,452.71,2430606.0,65876.0,448.553391,448.40866666666665,49.269004401317254,-1.1013526820619859,-3.445432004435172,2.344079322373186
2022-04-08 04:00:00+00:00,449.95,454.41,443.37,445.34,2251493.0,63038.0,447.908188,447.73533333333336,46.803629110526636,-1.5934200141513202,-3.075029606378402,1.4816095922270818
2022-04-11 04:00:00+00:00,438.81,440.0,429.74,434.44,2919356.0,76186.0,434.267589,446.6273333333333,43.348774541568616,-2.830299889558603,-3.0260836630144423,0.19578377345583942
2022-04-12 04:00:00+00:00,442.685,444.44,425.16,426.77,2188179.0,67756.0,432.22432,445.29699999999997,41.052401906889955,-4.378963041065106,-3.296659538624575,-1.0823035024405305
2022-04-13 04:00:00+00:00,427.3,433.52,425.67,431.67,3065016.0,55374.0,430.306728,443.97999999999996,43.12526364032083,-5.151517213429827,-3.6676310735856257,-1.4838861398442011
2022-04-14 04:00:00+00:00,435.86,435.95,420.03,420.44,2595531.0,66018.0,424.644532,442.692,39.68130062819223,-6.593928405870145,-4.25289054004253,-2.341037865827615
2022-04-18 04:00:00+00:00,419.4,429.69,418.73,425.47,2584402.0,62887.0,424.586404,441.80333333333334,41.918662517952015,-7.247624600450251,-4.8518373521240745,-2.395787248326177
2022-04-19 04:00:00+00:00,422.02,437.49,420.64,436.4,1956818.0,55375.0,434.105489,441.751,46.557487580429274,-6.8052768942044395,-5.242525260540148,-1.5627516336642913
2022-04-20 04:00:00+00:00,440.59,442.44,427.2,428.11,2073475.0,64980.0,431.335403,441.637,43.706246442323426,-7.042465706755991,-5.602513349783317,-1.4399523569726735
2022-04-21 04:00:00+00:00,432.69,438.94,416.3625,417.48,2370308.0,67485.0,422.920573,440.524,40.298287017253855,-7.996018586028526,-6.081214397032359,-1.9148041889961673
2022-04-22 04:00:00+00:00,420.71,424.33,408.02,408.67,3182381.0,81504.0,412.865427,439.51466666666664,37.67621001425895,-9.354773479065102,-6.735926213438908,-2.6188472656261936
2022-04-25 04:00:00+00:00,405.7,414.08,401.67,413.95,3336198.0,88387.0,408.510709,439.4336666666667,40.18803637465235,-9.891521347067396,-7.3670452401646065,-2.5244761069027897
2022-04-26 04:00:00+00:00,410.17,411.61,397.465,399.12,2800713.0,84210.0,401.282573,439.02099999999996,35.82119209923877,-11.382346356504343,-8.170105463432554,-3.2122408930717885
2022-04-27 04:00:00+00:00,401.44,412.46,396.81,397.9,3052965.0,76291.0,401.674295,438.22900000000004,35.47964270535577,-12.51798023732806,-9.039680418211656,-3.4782998191164047
2022-04-28 04:00:00+00:00,406.13,414.2749,398.49,410.53,2565322.0,67895.0,407.675919,437.16799999999995,41.679257835597205,-12.257545468887031,-9.683253428346731,-2.5742920405403
2022-04-29 04:00:00+00:00,407.47,413.0,394.64,395.95,3014608.0,69219.0,400.691135,435.5543333333334,37.23171752012982,-13.07689092986476,-10.361980928650338,-2.714910001214422
2022-05-02 04:00:00+00:00,397.02,407.98,394.04,407.29,2956642.0,70712.0,403.218907,434.01966666666664,42.381643606529614,-12.665188474165063,-10.822622437753283,-1.84256603641178
2022-05-03 04:00:00+00:00,406.59,413.93,403.5,407.58,2179006.0,54765.0,407.265425,432.486,42.5115441657872,-12.175163034808747,-11.093130557164377,-1.0820324776443702
2022-05-04 04:00:00+00:00,407.29,424.23,395.05,423.35,3294738.0,78769.0,411.481548,431.0493333333333,49.21643510695221,-10.394485975087264,-10.953401640748954,0.55891566566169
2022-05-05 04:00:00+00:00,415.55,417.99,395.71,400.51,3473501.0,81743.0,400.57733,430.303,41.64138765306621,-10.702907241971161,-10.903302760993396,0.2003955190222353
2022-05-06 04:00:00+00:00,395.0,401.26,382.82,391.01,3485981.0,86214.0,391.949852,428.93199999999996,38.95568320147252,-11.58041214061842,-11.038724636918401,-0.54168750370002
2022-05-09 04:00:00+00:00,381.95,389.6271,374.86,376.91,3862855.0,101834.0,378.748559,427.10833333333335,35.31507951337211,-13.260731794651292,-11.48312606846498,-1.7776057261863123
2022-05-10 04:00:00+00:00,385.72,400.83,374.78,393.03,5281040.0,113050.0,389.608795,425.209,41.989861564012415,-13.140176175507236,-11.814536089873432,-1.325640085633804
2022-05-11 04:00:00+00:00,389.99,409.9899,377.81,379.33,3776796.0,90742.0,386.857653,422.309,38.36638745738715,-13.988855662781702,-12.249400004455087,-1.7394556583266159
2022-05-12 04:00:00+00:00,373.4,390.13,370.27,388.49,4016747.0,96407.0,384.060575,419.92333333333335,41.9719910564512,-13.763646079731473,-12.552249219510363,-1.2113968602211092
2022-05-13 04:00:00+00:00,396.47,408.97,393.94,405.6,2991574.0,79007.0,404.436072,418.25600000000003,48.081693906479394,-12.065448872729291,-12.45488915015415,0.38944027742485865
2022-05-16 04:00:00+00:00,399.74,407.17,396.6,402.86,2605739.0,64111.0,402.674608,416.41166666666663,47.224197628658075,-10.816029991200821,-12.127117318363485,1.3110873271626637
2022-05-17 04:00:00+00:00,413.08,416.72,403.54,409.65,2582979.0,61174.0,409.172716,414.4396666666667,49.62191523258228,-9.172228531414078,-11.536139560973604,2.3639110295595263
2022-05-18 04:00:00+00:00,404.38,411.6599,396.11,397.88,2866463.0,65903.0,400.086325,412.41633333333334,45.74243256825223,-8.71874045287558,-10.972659739353999,2.2539192864784194
2022-05-19 04:00:00+00:00,399.01,403.035,391.565,394.38,2769114.0,79874.0,396.622816,410.7606666666667,44.625167006662224,-8.543286938888116,-10.486785179260822,1.9434982403727066
2022-05-20 04:00:00+00:00,401.39,406.24,385.621,399.09,3393176.0,83480.0,395.015238,408.9733333333333,46.518294868434545,-7.932737468511789,-9.975975637111016,2.0432381685992276
2022-05-23 04:00:00+00:00,404.01,407.88,398.89,406.76,2324153.0,60751.0,404.799952,407.6873333333333,49.543427390631074,-6.7521333254134674,-9.331207174771507,2.579073849358039
2022-05-24 04:00:00+00:00,401.61,404.33,391.0375,398.41,2601680.0,71483.0,396.941499,406.48633333333333,46.46226005219694,-6.416308047197731,-8.748227349256751,2.3319193020590205
2022-05-25 04:00:00+00:00,395.32,406.095,394.71,402.5,2703850.0,73067.0,401.2075,405.6773333333333,48.16282066366061,-5.753808948342737,-8.149343669073948,2.395534720731211
2022-05-26 04:00:00+00:00,405.09,411.55,402.46,408.6,2410345.0,63196.0,408.528281,404.90833333333336,50.67907482885968,-4.6825767888597625,-7.455990293031111,2.773413504171349
2022-05-27 04:00:00+00:00,414.8,428.55,414.63,428.22,3543034.0,92713.0,425.086965,405.1676666666666,57.77818470345873,-2.2248014298476733,-6.409752520394424,4.18495109054675
2022-05-31 04:00:00+00:00,427.22,427.29,412.79,416.48,7873405.0,113749.0,418.450525,404.86800000000005,52.8739813074838,-1.210364308913995,-5.369874878098338,4.159510569184343
2022-06-01 04:00:00+00:00,428.0,437.549,413.785,418.16,3386397.0,85320.0,422.892016,404.26000000000005,53.48246250859643,-0.26776697132874006,-4.349453296744419,4.081686325415679
2022-06-02 04:00:00+00:00,418.11,441.9,415.84,441.28,3391034.0,87357.0,435.246711,404.69899999999996,60.95423416419436,2.3181171760252255,-3.01593920219049,5.334056378215715
2022-06-03 04:00:00+00:00,430.71,438.01,427.255,429.76,2278920.0,59504.0,430.698432,405.10833333333335,56.11747637464059,3.3987031356213606,-1.7330107346281198,5.131713870249481
2022-06-06 04:00:00+00:00,437.59,440.0,427.0361,429.46,1546397.0,47049.0,431.441145,405.8013333333334,55.992871034177206,4.1826527833321165,-0.5498780310360725,4.7325308143681895
2022-06-07 04:00:00+00:00,423.98,435.2,423.12,433.42,1601946.0,44702.0,431.243503,406.45033333333333,57.33942523989579,5.06509022489081,0.5731156201493041,4.491974604741506
2022-06-08 04:00:00+00:00,430.54,433.75,426.42,428.84,1781522.0,46310.0,429.650214,407.44100000000003,55.23436211821376,5.333380639503616,1.5251686240201665,3.80821201548345
2022-06-09 04:00:00+00:00,424.17,436.04,423.48,426.42,2561670.0,66579.0,430.00863,408.39166666666665,54.10410671977136,5.289751982695918,2.278085295755317,3.0116666869406012
2022-06-10 04:00:00+00:00,412.9,413.96,390.185,393.84,4377036.0,124071.0,396.807101,407.8353333333334,41.72511688122304,2.596313553770301,2.341730947358314,0.25458260641198693
2022-06-13 04:00:00+00:00,377.36,385.65,371.085,371.65,4690180.0,111061.0,375.787965,407.0253333333333,35.729039578461,-1.3136602985648551,1.6106526981736804,-2.9243129967385357
2022-06-14 04:00:00+00:00,371.44,376.89,367.31,370.82,3185807.0,84499.0,371.592193,405.8096666666667,35.52340802377361,-4.428270464370883,0.40286806566476785,-4.83113853003565
2022-06-15 04:00:00+00:00,376.03,382.75,368.5,376.92,3584255.0,80830.0,375.875889,404.7876666666667,38.33247046678394,-6.331417796961091,-0.943989106860404,-5.387428690100687
2022-06-16 04:00:00+00:00,369.37,376.12,360.9,365.08,5774940.0,132180.0,363.440413,402.8453333333334,35.13297974324006,-8.694836159566364,-2.4941585174015963,-6.200677642164768
2022-06-17 04:00:00+00:00,349.24,367.32,338.0,360.79,9473855.0,148157.0,358.158221,401.5213333333333,34.02482547144068,-10.789652983150972,-4.153257410551472,-6.6363955725995005
2022-06-21 04:00:00+00:00,355.02,372.795,353.51,362.99,5343079.0,100767.0,365.231783,400.58733333333333,35.15440238777174,-12.132433651393569,-5.749092658719892,-6.383340992673677
2022-06-22 04:00:00+00:00,360.79,372.55,358.2228,365.33,3167190.0,64204.0,366.920885,400.20133333333337,36.40166771164156,-12.859541768661813,-7.171182480708277,-5.688359287953537
2022-06-23 04:00:00+00:00,371.71,378.18,367.47,376.64,2529975.0,61113.0,374.12499,399.655,42.18950689965386,-12.380443663744813,-8.213034717315583,-4.16740894642923
2022-06-24 04:00:00+00:00,380.64,388.06,378.22,387.72,3259006.0,66317.0,384.045172,399.93466666666666,47.25385225697652,-10.980119579678842,-8.766451689788235,-2.2136678898906066
2022-06-27 04:00:00+00:00,388.8,389.385,379.38,381.07,2242803.0,54081.0,382.092625,399.6873333333333,44.721635456011406,-10.288354333419932,-9.070832218514575,-1.217522114905357
2022-06-28 04:00:00+00:00,381.0,382.98,364.45,365.63,2657351.0,66914.0,369.812012,398.35499999999996,39.4373987603957,-10.860807723576954,-9.428827319527052,-1.4319804040499022
2022-06-29 04:00:00+00:00,368.185,370.37,362.64,368.5,2024957.0,47589.0,367.777359,397.2096666666667,40.83677881939816,-10.956595334399992,-9.73438092250164,-1.222214411898353
2022-06-30 04:00:00+00:00,362.9,370.42,357.56,366.06,2588999.0,54632.0,365.297641,395.7566666666666,39.99075349976545,-11.10142499718836,-10.007789737438983,-1.0936352597493766
2022-07-01 04:00:00+00:00,364.175,369.529,359.07,368.48,2470135.0,56726.0,365.377129,394.77666666666664,41.28989062958354,-10.895335131883712,-10.18529881632793,-0.710036315555783
2022-07-05 04:00:00+00:00,363.5,378.52,359.82,376.49,3121504.0,63185.0,372.196232,394.18033333333335,45.49587834943244,-9.970730990897039,-10.142385251241752,0.1716542603447131
2022-07-06 04:00:00+00:00,378.54,385.385,374.09,382.83,2284551.0,59809.0,381.154985,393.6383333333334,48.63265539963042,-8.62694448737875,-9.839297098469153,1.2123526110904024
2022-07-07 04:00:00+00:00,382.5,392.07,382.38,390.89,2368519.0,54108.0,389.36633,393.1093333333334,52.38440615742742,-6.832844583056669,-9.238006595386656,2.4051620123299866
2022-07-08 04:00:00+00:00,384.35,391.86,383.84,389.44,1611201.0,42559.0,388.424739,392.8103333333334,51.65349561772552,-5.465013095817881,-8.4834078954729,3.01839479965502
2022-07-11 04:00:00+00:00,386.52,388.05,380.4569,384.16,1821312.0,45459.0,384.469232,392.199,48.973851829288975,-4.7522674793679585,-7.737179812251912,2.9849123328839537
2022-07-12 04:00:00+00:00,383.9,391.515,372.91,375.54,2639683.0,64608.0,377.386693,391.097,44.880379182140295,-4.827326982384534,-7.155209246278437,2.327882263893903
2022-07-13 04:00:00+00:00,368.2,374.41,364.7,371.94,1993962.0,55119.0,370.935108,389.22100000000006,43.25431751429897,-5.118301499193706,-6.747827696861491,1.6295261976677855
2022-07-14 04:00:00+00:00,368.83,374.194,361.46,372.96,2098363.0,55801.0,369.232539,387.77033333333327,43.874787597835045,-5.20657724314168,-6.439577606117529,1.233000362975849
2022-07-15 04:00:00+00:00,377.79,384.47,376.86,379.86,2488267.0,50746.0,379.4445,386.4936666666666,48.01568041239022,-4.665977586768861,-6.084857602247796,1.4188800154789352
2022-07-18 04:00:00+00:00,383.83,385.565,374.01,375.23,1866609.0,43796.0,379.456506,384.29200000000003,45.585283338151875,-4.558602043037695,-5.779606490405776,1.221004447368081
2022-07-19 04:00:00+00:00,382.89,388.32,378.0,387.83,1977100.0,44375.0,385.833032,382.89433333333335,52.614597555551285,-3.4173978188263163,-5.307164756089884,1.889766937263568
2022-07-20 04:00:00+00:00,392.19,403.13,390.07,401.49,2746782.0,65919.0,399.988061,381.96199999999993,58.82469291959492,-1.3946606309817753,-4.524663931068263,3.1300033000864875
2022-07-21 04:00:00+00:00,404.12,409.65,399.2401,408.91,2009914.0,47149.0,406.756586,381.14500000000004,61.75658670012292,0.7979073723833494,-3.4601496703779406,4.2580570427612905
2022-07-22 04:00:00+00:00,410.03,414.62,398.631,401.9,2410955.0,57124.0,402.927038,380.247,57.584836283761796,1.9474360659329477,-2.3786325231157632,4.326068589048711
2022-07-25 04:00:00+00:00,400.11,400.7688,388.57,391.96,2340274.0,52562.0,392.4077,379.0983333333333,52.200156425766885,2.0329364832047645,-1.4963187218516578,3.5292552050564225
2022-07-26 04:00:00+00:00,393.58,393.58,378.16,379.26,2368512.0,53366.0,381.549139,378.6123333333333,46.249549322338844,1.0636512091789427,-0.9843247356455378,2.0479759448244805
2022-07-27 04:00:00+00:00,385.08,394.91,383.405,392.78,2660524.0,57377.0,389.672107,379.31666666666666,52.46231728405798,1.3706368069173323,-0.5133324271329638,1.883969234050296
2022-07-28 04:00:00+00:00,392.76,406.15,390.06,403.5,2421734.0,55457.0,400.673113,380.406,56.73268923296921,2.450689491106516,0.07947195651493216,2.371217534591584
2022-07-29 04:00:00+00:00,404.69,411.38,400.89,410.12,2669868.0,60993.0,407.671825,381.51266666666663,59.1718227549852,3.797047696769141,0.822987104565774,2.974060592203367
2022-08-01 04:00:00+00:00,406.51,417.16,405.07,411.09,1909605.0,48982.0,411.381847,383.04633333333334,59.5318106304379,4.885994465344993,1.6355885767216178,3.250405888623375
2022-08-02 04:00:00+00:00,405.34,412.42,402.245,409.96,2165451.0,45550.0,409.091337,384.6853333333334,58.88049614705956,5.593334589268011,2.427137779230897,3.166196810037114
2022-08-03 04:00:00+00:00,412.81,426.04,412.02,424.54,2403471.0,56561.0,422.022963,386.73699999999997,64.30665667034992,7.246853665398419,3.3910809564644016,3.8557727089340172
2022-08-04 04:00:00+00:00,425.45,431.15,419.6303,430.59,2745635.0,56251.0,426.768173,388.9123333333333,66.29426629441068,8.94238167472679,4.501341100116879,4.44104057460991
2022-08-05 04:00:00+00:00,423.0,434.5425,421.0,433.43,2481328.0,60096.0,430.49572,390.80533333333335,67.21713189200794,10.39543203332056,5.680159286757616,4.7152727465629445
2022-08-08 04:00:00+00:00,435.0,440.3,432.48,434.34,2202396.0,54082.0,435.28697,392.3593333333334,67.523967231776,11.487987932123929,6.841725015830878,4.64626291629305
2022-08-09 04:00:00+00:00,434.34,434.59,424.615,426.57,1976981.0,48892.0,427.367519,393.87600000000003,62.17308765250131,11.593232719709249,7.792026556606553,3.8012061631026963
2022-08-10 04:00:00+00:00,441.42,443.22,436.2,438.4,2634606.0,60038.0,439.305159,396.3016666666666,66.52283745518159,12.487276553632626,8.731076556011768,3.7561999976208575
2022-08-11 04:00:00+00:00,445.26,445.61,434.4,434.89,1756701.0,45067.0,438.115252,398.51466666666664,64.16523681561847,12.76543310096713,9.537947865002842,3.227485235964288
2022-08-12 04:00:00+00:00,439.61,446.0,436.58,445.67,2150146.0,51108.0,442.949498,401.1683333333333,67.9250153213585,13.697830018668355,10.369924295735945,3.3279057229324103
2022-08-15 04:00:00+00:00,445.07,451.15,442.14,451.02,2503382.0,60367.0,449.007335,403.91966666666667,69.62814881487519,14.699020424061985,11.235743521401155,3.46327690266083
2022-08-16 04:00:00+00:00,446.12,450.09,440.1,447.56,2139474.0,48833.0,445.741256,406.28866666666664,67.14499910162553,15.039907261061899,11.996576269333305,3.0433309917285936
2022-08-17 04:00:00+00:00,440.87,442.99,436.1138,437.82,1893771.0,48370.0,439.08042,408.12166666666667,60.59389545502667,14.35860883123496,12.468982781713636,1.8896260495213237
2022-08-18 04:00:00+00:00,438.61,441.39,437.0101,439.03,1402344.0,35370.0,439.28869,409.7263333333333,61.101637599764004,13.757721356798072,12.726730496730525,1.030990860067547
2022-08-19 04:00:00+00:00,431.58,432.5,424.62,425.055,2007722.0,50416.0,426.362799,410.91349999999994,52.66192650559012,12.015342607802836,12.584452918944987,-0.5691103111421505
2022-08-22 04:00:00+00:00,419.41,419.79,410.08,411.35,2074557.0,55907.0,412.520516,411.8198333333333,45.957750599704404,9.420027717760377,11.951567878708065,-2.5315401609476886
2022-08-23 04:00:00+00:00,410.37,415.7,409.2,410.41,1392235.0,41920.0,411.53737,412.98216666666667,45.52962008617408,7.204324852709931,11.002119273508438,-3.797794420798507
2022-08-24 04:00:00+00:00,410.68,413.24,405.33,405.65,1883945.0,50524.0,407.202728,414.1058333333333,43.32844637614367,5.006559646727794,9.803007348152308,-4.796447701424514
2022-08-25 04:00:00+00:00,405.79,406.67,392.915,403.93,3062439.0,81556.0,399.515604,415.1381666666667,42.528345120704316,3.0904010420782697,8.4604860869375,-5.3700850448592305
2022-08-26 04:00:00+00:00,403.99,405.54,380.5,381.02,3600146.0,84827.0,386.00777,415.1768333333333,33.622369900200766,-0.2736594150355245,6.713656986542896,-6.98731640157842
2022-08-29 04:00:00+00:00,380.09,382.86,374.82,375.26,2410300.0,60858.0,377.064475,415.17783333333335,31.818265845688472,-3.3656878710074807,4.69778801503282,-8.063475886040301
2022-08-30 04:00:00+00:00,379.92,380.66,371.06,375.07,1834677.0,54412.0,374.567576,414.7525,31.757731961636736,-5.765018565902835,2.6052266988456894,-8.370245264748524
2022-08-31 04:00:00+00:00,378.53,381.145,372.5,373.44,3192814.0,55901.0,374.90634,413.81750000000005,31.209173412719167,-7.709166334656743,0.5423480921452031,-8.251514426801947
2022-09-01 04:00:00+00:00,371.0,371.64,361.7205,370.53,2574227.0,74014.0,366.687598,412.5381666666666,30.20604296530793,-9.376642035707107,-1.441449933425259,-7.935192102281848
2022-09-02 04:00:00+00:00,374.53,382.0,365.43,368.14,2450143.0,67241.0,372.483213,411.41283333333325,29.371047387491146,-10.766867818174376,-3.3065335103750826,-7.460334307799293
2022-09-06 04:00:00+00:00,367.23,374.3,365.37,368.3,2564281.0,67905.0,369.162128,410.62416666666667,29.51152761549089,-11.720613171182322,-4.989349442536531,-6.731263728645791
2022-09-07 04:00:00+00:00,368.2,381.52,367.19,379.72,2384124.0,57881.0,376.153213,410.6395,38.85902966386073,-11.423284166602514,-6.276136387349728,-5.147147779252786
2022-09-08 04:00:00+00:00,377.2,386.66,375.2001,383.63,2275769.0,53079.0,381.69147,410.3345,41.70921255843239,-10.74824538333803,-7.170558186547389,-3.5776871967906416
2022-09-09 04:00:00+00:00,390.51,396.09,389.665,394.78,3000456.0,61255.0,393.910032,410.0438333333333,49.00909572869772,-9.207423027408879,-7.577931154719687,-1.6294918726891918
2022-09-12 04:00:00+00:00,391.09,396.39,389.28,396.36,2854831.0,63106.0,393.577664,409.5851666666667,49.965307585785936,-7.7692582411121975,-7.61619657199819,-0.15306166911400787
2022-09-13 04:00:00+00:00,382.55,383.575,367.37,368.39,4170859.0,92184.0,373.431482,408.16183333333333,36.806735277927196,-8.785177474171917,-7.849992752432936,-0.935184721738981
2022-09-14 04:00:00+00:00,369.57,374.24,365.61,371.52,3004293.0,67112.0,371.016817,406.8805,38.7506544940643,-9.231322998943256,-8.126258801735,-1.1050641972082555
2022-09-15 04:00:00+00:00,323.34,329.0,305.0,309.13,27830731.0,500907.0,314.607331,403.03350000000006,23.33909123217383,-14.452647008391523,-9.391536443066304,-5.061110565325219
2022-09-16 04:00:00+00:00,298.32,300.2,292.14,299.5,14939553.0,242419.0,296.367619,398.66383333333334,21.891833831305462,-19.146930525669802,-11.342615259587003,-7.804315266082799
2022-09-19 04:00:00+00:00,294.88,299.28,293.4642,296.06,6593418.0,118594.0,295.835283,394.08483333333334,21.38177252232694,-22.88100529817376,-13.650293267304356,-9.230712030869405
2022-09-20 04:00:00+00:00,292.82,294.08,287.8088,291.06,6548807.0,111560.0,290.873994,389.3088333333333,20.62941645696911,-25.944670657848576,-16.1091687454132,-9.835501912435376
2022-09-21 04:00:00+00:00,292.84,297.94,286.22,286.3,4912265.0,95413.0,291.16387,384.6331666666666,19.911130665216675,-28.42902761305993,-18.573140518942544,-9.855887094117385
2022-09-22 04:00:00+00:00,282.0,289.55,280.06,287.06,5657330.0,112914.0,285.655485,379.5885,20.387760797469227,-29.99085682169499,-20.856683779493036,-9.134173042201954
2022-09-23 04:00:00+00:00,285.57,288.5537,280.7,284.56,4739324.0,110329.0,284.87435,374.5775,19.966812106732064,-31.072166237899694,-22.899780271174368,-8.172385966725326
2022-09-26 04:00:00+00:00,286.03,288.9,276.75,276.96,6746157.0,119665.0,280.603127,368.95383333333336,18.70260016076125,-32.171515025662416,-24.75412722207198,-7.417387803590437
2022-09-27 04:00:00+00:00,281.7,284.5,274.73,277.57,6390916.0,114428.0,277.980364,363.17216666666667,19.14510538279069,-32.61754025794755,-26.326809829247097,-6.290730428700456
2022-09-28 04:00:00+00:00,280.38,282.74,275.37,281.4,4982175.0,91879.0,280.251456,357.63349999999997,22.01525810268265,-32.28975330024559,-27.519398523446796,-4.770354776798797
2022-09-29 04:00:00+00:00,277.8,279.59,275.01,278.25,5155272.0,101421.0,277.5692,352.3145,21.344177662108677,-31.91624781144492,-28.398768381046423,-3.5174794303984953
2022-09-30 04:00:00+00:00,279.69,284.29,274.85,275.2,4569410.0,88083.0,278.774841,346.8535,20.686648669291145,-31.503202225502037,-29.01965514993755,-2.4835470755644877
2022-10-03 04:00:00+00:00,278.24,286.9,277.0,285.24,3738131.0,75111.0,283.654249,342.19300000000004,28.495504156918088,-30.019668478959886,-29.219657815742018,-0.8000106632178685
2022-10-04 04:00:00+00:00,290.95,296.79,290.18,294.97,4509241.0,93406.0,294.155956,338.3136666666667,35.15833870253982,-27.739068894301965,-28.92354003145401,1.1844711371520447
2022-10-05 04:00:00+00:00,291.41,298.8087,289.175,297.38,3469554.0,66303.0,294.959876,334.546,36.73089519242333,-25.44390889043268,-28.227613803249746,2.783704912817065
2022-10-06 04:00:00+00:00,297.15,305.5,297.1045,298.41,4923552.0,87912.0,299.658716,330.9713333333333,37.42933305028531,-23.273582290359172,-27.236807500671635,3.963225210312462
2022-10-07 04:00:00+00:00,291.36,293.705,286.83,288.77,3495936.0,72197.0,289.509942,327.13266666666664,33.68171927683663,-22.07696079696416,-26.20483815993014,4.127877362965982
2022-10-10 04:00:00+00:00,289.75,290.28,283.05,285.72,2906344.0,64977.0,285.701091,323.956,32.57056213788586,-21.131152381375898,-25.190101004219294,4.0589486228433955
2022-10-11 04:00:00+00:00,285.69,288.28,281.44,284.83,3209821.0,72073.0,285.004137,320.94166666666666,32.23636544331917,-20.220320689603,-24.196144941296037,3.9758242516930373
2022-10-12 04:00:00+00:00,284.69,289.79,283.09,286.15,3042364.0,60044.0,287.146598,317.97766666666666,33.3290186671685,-19.17097596596784,-23.1911111462304,4.02013518026256
2022-10-13 04:00:00+00:00,279.71,298.17,276.595,294.74,4717489.0,95772.0,290.248359,315.35433333333333,40.09810617910864,-17.445124960658575,-22.041913909116037,4.596788948457462
2022-10-14 04:00:00+00:00,295.12,297.59,287.45,287.94,3563130.0,69058.0,290.612185,312.60133333333334,36.90387947118567,-16.436607791705114,-20.920852685633854,4.484244893928739
2022-10-17 04:00:00+00:00,297.45,297.96,291.4,293.5,4602579.0,95526.0,294.081399,310.1133333333334,41.03961490468111,-15.01561447937172,-19.739805044381427,4.724190565009707
2022-10-18 04:00:00+00:00,302.68,303.49,286.81,292.98,5472027.0,101003.0,293.417742,307.60266666666666,40.7704559117387,-13.772663998433927,-18.54637683519193,4.773712836758001
2022-10-19 04:00:00+00:00,295.4,303.71,292.7,299.83,5529111.0,107871.0,299.572366,304.9396666666667,45.812181418969224,-12.095450214241225,-17.256191511001788,5.160741296760563
2022-10-20 04:00:00+00:00,301.03,309.19,299.34,302.38,3621565.0,73992.0,304.119367,302.2313333333333,47.60033019612977,-10.440135138714254,-15.892980236544282,5.4528450978300285
2022-10-21 04:00:00+00:00,300.99,307.43,298.23,306.37,3659302.0,66015.0,303.867971,299.28433333333334,50.36056609944552,-8.705969365709223,-14.45557806237727,5.749608696668048
2022-10-24 04:00:00+00:00,308.43,317.329,306.2,316.22,4815099.0,91313.0,313.532229,296.613,56.4583317928063,-6.4623241661673205,-12.856927283135281,6.394603116967961
2022-10-25 04:00:00+00:00,319.12,324.23,316.74,323.79,3814599.0,76081.0,321.938134,295.1263333333334,60.476630414418075,-4.026963121897438,-11.090934450887714,7.0639713289902755
2022-10-26 04:00:00+00:00,318.16,330.5849,316.54,320.48,4206276.0,85265.0,324.145537,293.425,57.957983943487775,-2.33707098610887,-9.340161757931947,7.003090771823077
2022-10-27 04:00:00+00:00,322.96,323.85,316.87,318.65,2870213.0,67682.0,319.261921,293.7423333333333,56.55561232191753,-1.1324310394242616,-7.69861561423041,6.566184574806148
2022-10-28 04:00:00+00:00,318.67,327.05,318.67,325.68,3001025.0,65638.0,324.379672,294.61499999999995,60.50873100005579,0.3850781044388327,-6.081876870496562,6.466954974935395
2022-10-31 04:00:00+00:00,323.49,325.58,317.42,318.5,3252976.0,65403.0,319.569359,295.363,55.00379090625779,0.9968578826286034,-4.66612991987153,5.662987802500133
2022-11-01 04:00:00+00:00,321.01,322.84,312.785,316.02,2467654.0,57994.0,316.744297,296.195,53.20332361593208,1.2669775620350379,-3.4795084234902163,4.746485985525254
2022-11-02 04:00:00+00:00,318.84,318.84,301.09,301.22,3447644.0,74813.0,308.244445,296.6923333333333,43.95618577356284,0.2835445181279965,-2.726897835166574,3.0104423532945703
2022-11-03 04:00:00+00:00,297.07,299.61,285.37,285.93,4897062.0,95488.0,290.56291,296.6546666666666,36.83352440152828,-1.7098978327179566,-2.5234978346768506,0.813600001958894
2022-11-04 04:00:00+00:00,290.38,291.01,278.23,285.75,5738240.0,117802.0,283.139184,296.6943333333333,36.758011005194234,-3.266584599532166,-2.672115187647914,-0.5944694118842522
2022-11-07 05:00:00+00:00,288.97,300.355,287.57,299.54,3980689.0,76983.0,295.911765,297.447,45.90745291024874,-3.3489279684090434,-2.8074777438001397,-0.5414502246089037
2022-11-08 05:00:00+00:00,301.15,309.9,297.77,302.17,4230286.0,82724.0,303.494509,298.267,47.46839195668784,-3.165477012760846,-2.879077597592281,-0.2863994151685647
2022-11-09 05:00:00+00:00,299.65,303.29,297.35,298.87,2778150.0,60215.0,299.701271,298.84933333333333,45.68690310964187,-3.248921682691673,-2.9530464146121593,-0.2958752680795138
2022-11-10 05:00:00+00:00,318.55,330.37,317.87,329.95,5500179.0,113973.0,326.455892,300.5726666666667,60.661325120762534,-0.7979575730056467,-2.522028646290857,1.7240710732852103
2022-11-11 05:00:00+00:00,330.34,342.31,329.49,341.15,4110181.0,94237.0,338.549432,302.771,64.4635771988372,2.0248542801444955,-1.6126520610037864,3.637506341148282
2022-11-14 05:00:00+00:00,338.07,345.11,334.425,340.37,3449894.0,76460.0,340.949089,304.6086666666667,63.99963917513023,4.151161523721896,-0.4598893440586499,4.611050867780546
2022-11-15 05:00:00+00:00,348.41,350.9699,342.56,345.96,2946127.0,68825.0,347.165299,306.30833333333334,65.89406421367306,6.215690999188894,0.8752267245908589,5.340464274598035
2022-11-16 05:00:00+00:00,345.0,345.015,336.72,338.41,2123183.0,54116.0,339.466159,307.67600000000004,61.20909885202319,7.160086559749232,2.1321986916225337,5.027887868126697
2022-11-17 05:00:00+00:00,331.74,339.8699,329.35,337.83,2741374.0,60368.0,335.593403,308.98999999999995,60.85117160574462,7.772133377171144,3.260185628732256,4.511947748438889
2022-11-18 05:00:00+00:00,344.3,344.7,329.1383,330.86,3421783.0,61297.0,332.149838,310.39300000000003,56.57007529450498,7.60707452042567,4.129563407070939,3.4775111133547307
2022-11-21 05:00:00+00:00,329.53,330.25,320.6,321.49,3219867.0,74888.0,323.031145,311.5853333333333,51.34081447057243,6.643600207927875,4.632370767242326,2.0112294406855487
2022-11-22 05:00:00+00:00,322.49,331.54,320.2,330.88,2573813.0,54680.0,327.848146,313.1203333333333,55.7547952820539,6.56209070146474,5.018314754086809,1.543775947377931
2022-11-23 05:00:00+00:00,329.93,338.5,327.59,335.78,2240777.0,50024.0,334.967323,314.77466666666663,57.90091259599605,6.81433150749541,5.377518104768529,1.436813402726881
2022-11-25 05:00:00+00:00,332.885,335.51,332.01,334.3,1197767.0,25025.0,333.491692,316.0933333333333,57.001571585698656,6.816237193046504,5.665261922424125,1.1509752706223795
2022-11-28 05:00:00+00:00,335.83,338.19,328.065,328.97,2315372.0,51401.0,331.36776,317.461,53.76286524155067,6.3148671496117,5.79518296786164,0.5196841817500601
2022-11-29 05:00:00+00:00,326.69,329.7,323.6749,326.78,2392609.0,44520.0,326.562856,318.5703333333333,52.4443503432347,5.675390709318208,5.771224516152954,-0.0958338068347464
2022-11-30 05:00:00+00:00,327.12,345.03,326.38,344.93,4975322.0,64265.0,340.860233,320.30199999999996,60.98436333743687,6.5575628349079125,5.928492179903946,0.6290706550039662
2022-12-01 05:00:00+00:00,348.03,350.67,341.5,344.11,3365247.0,71153.0,344.792809,321.778,60.45613861459828,7.108580165955118,6.164509777114182,0.9440703888409363
2022-12-02 05:00:00+00:00,337.2,343.5276,334.2225,341.53,2741993.0,59213.0,339.30323,323.083,58.732411167087086,7.253467474713375,6.38230131663402,0.8711661580793546
2022-12-05 05:00:00+00:00,337.8,340.51,330.83,334.09,2542324.0,57813.0,334.075272,324.00699999999995,53.95494763663326,6.690818300951776,6.444004713497572,0.2468135874542039
2022-12-06 05:00:00+00:00,334.09,334.22,327.395,331.15,2182444.0,53021.0,330.593994,324.5046666666667,52.14972548164634,5.939217742580638,6.343047319314185,-0.40382957673354714
2022-12-07 05:00:00+00:00,327.53,331.0,325.49,326.68,2054358.0,45724.0,327.407475,324.60099999999994,49.44119803179343,4.926092316590939,6.0596563187695365,-1.1335640021785975
2022-12-08 05:00:00+00:00,325.71,336.2005,324.345,332.58,2065839.0,52256.0,332.24062,325.00433333333336,52.91714525597325,4.5468505461821,5.75709516425205,-1.2102446180699502
2022-12-09 05:00:00+00:00,331.5,334.69,328.5,330.64,1969161.0,47682.0,331.77327,325.40400000000005,51.65949196394248,4.043150007586178,5.414306132918876,-1.371156125332698
2022-12-12 05:00:00+00:00,334.76,338.27,332.65,338.17,2927252.0,64136.0,336.308861,325.82033333333334,56.02786764808436,4.2031208105941005,5.17206906845392,-0.9689482578598199
2022-12-13 05:00:00+00:00,353.63,355.67,338.79,342.46,3422428.0,79030.0,345.441282,326.61899999999997,58.3377934891943,4.622777470379788,5.062210748839094,-0.43943327845930646
2022-12-14 05:00:00+00:00,343.89,345.9499,335.0,339.92,3223083.0,76520.0,341.799079,327.41566666666665,56.4470910498656,4.6962659933415125,4.9890217977395785,-0.29275580439806603
2022-12-15 05:00:00+00:00,332.76,334.5,324.59,328.71,5498714.0,116867.0,330.02117,328.33200000000005,48.912651224026256,3.8060787564215843,4.75243318947598,-0.9463544330543954
2022-12-16 05:00:00+00:00,345.0,354.4699,337.24,338.54,11921374.0,166037.0,341.59881,330.08566666666667,54.63135732764549,3.849424040812835,4.571831359743351,-0.7224073189305162
2022-12-19 05:00:00+00:00,338.0,340.7436,326.3,328.76,4086288.0,88723.0,331.216402,331.51933333333335,48.780726477765086,3.0593450010531456,4.26933408800531,-1.2099890869521648
2022-12-20 05:00:00+00:00,327.0,342.5,325.52,338.22,3873632.0,79885.0,337.639277,332.8086666666666,53.92115426540067,3.1601167505171475,4.047490620507678,-0.8873738699905305
2022-12-21 05:00:00+00:00,340.29,345.29,336.44,341.38,2582991.0,61021.0,341.69668,334.11566666666664,55.52678261358745,3.455136021458884,3.9290197006979195,-0.4738836792390355
2022-12-22 05:00:00+00:00,336.01,339.88,330.94,336.52,2320005.0,57083.0,335.484607,335.3706666666667,52.49699787292794,3.2592093987327644,3.795057640304889,-0.5358482415721246
2022-12-23 05:00:00+00:00,335.0,338.92,333.285,338.45,1629781.0,47967.0,337.128323,335.65399999999994,53.580221321595566,3.222523760998797,3.6805508644436706,-0.4580271034448735
2022-12-27 05:00:00+00:00,338.0,338.16,332.46,335.09,1464308.0,40581.0,335.358694,335.452,51.38344002077,2.889023346694387,3.5222453608938142,-0.6332220141994274
2022-12-28 05:00:00+00:00,335.06,338.5,327.19,328.33,1672063.0,45711.0,330.643627,335.05066666666664,47.19129483064723,2.0555512460662158,3.2289065379282946,-1.1733552918620789
2022-12-29 05:00:00+00:00,330.75,339.5,329.7604,337.58,1793051.0,44402.0,337.01685,334.7713333333333,52.858818268473215,2.1170126914879006,3.006527768640216,-0.8895150771523155
2022-12-30 05:00:00+00:00,333.0,336.64,331.64,336.53,1740686.0,43010.0,334.557287,334.70866666666666,52.1743130006563,2.0572800610748345,2.81667822712714,-0.7593981660523057
2023-01-03 05:00:00+00:00,340.16,345.82,331.92,336.92,2226396.0,53550.0,337.416383,334.67833333333334,52.420767509819186,2.018147315753197,2.6569720448523517,-0.6388247290991549
2023-01-04 05:00:00+00:00,342.89,345.6292,336.73,341.41,2186058.0,54598.0,341.220192,335.03,55.278108875882076,2.322665565820216,2.590110749045925,-0.26744518322570876
2023-01-05 05:00:00+00:00,337.53,337.55,328.16,328.44,2074391.0,56301.0,330.739006,335.26166666666666,46.57666364267941,1.500135242472993,2.3721156477313388,-0.8719804052583457
2023-01-06 05:00:00+00:00,332.28,334.88,322.44,332.75,2216579.0,52104.0,331.436053,335.324,49.425650818442314,1.1824247584548857,2.134177469876048,-0.9517527114211624
2023-01-09 05:00:00+00:00,338.9,349.455,338.42,343.03,2216314.0,59048.0,344.835521,335.56566666666663,55.51873458908605,1.7400883421050253,2.0553596443218436,-0.3152713022168183
