timestamp,open,high,low,close,volume,trade_count,vwap,30sma,rsi,macd,signal,histogram
2022-01-03 05:00:00+00:00,88.63,88.77,87.53,88.61,2660581.0,32925.0,88.321881,,,,,
2022-01-04 05:00:00+00:00,88.5,89.94,88.5,88.65,2348644.0,29713.0,88.974761,,,,,
2022-01-05 05:00:00+00:00,88.66,90.29,88.66,89.48,2847401.0,40289.0,89.675434,,,,,
2022-01-06 05:00:00+00:00,89.5,90.31,88.91,89.18,3292546.0,32854.0,89.373538,,,,,
2022-01-07 05:00:00+00:00,88.99,91.2699,88.56,90.8,3106413.0,38671.0,90.621153,,,,,
2022-01-10 05:00:00+00:00,90.91,91.43,90.34,90.5,3199504.0,41491.0,90.730552,,,,,
2022-01-11 05:00:00+00:00,90.27,90.63,89.18,89.77,2231603.0,33444.0,89.684573,,,,,
2022-01-12 05:00:00+00:00,89.7,90.405,88.96,90.29,2240518.0,31567.0,90.061959,,,,,
2022-01-13 05:00:00+00:00,90.27,91.58,89.91,90.86,2929443.0,40163.0,90.979795,,,,,
2022-01-14 05:00:00+00:00,91.13,91.31,90.28,90.98,4083561.0,39829.0,90.987441,,,,,
2022-01-18 05:00:00+00:00,90.51,90.82,89.2,90.32,2552122.0,38928.0,90.165677,,,,,
2022-01-19 05:00:00+00:00,90.45,91.07,89.64,90.3,2529842.0,35786.0,90.458884,,,,,
2022-01-20 05:00:00+00:00,90.46,91.025,89.82,89.92,2351793.0,35710.0,90.347361,,,,,
2022-01-21 05:00:00+00:00,90.6576,91.66,89.73,89.97,3944976.0,51749.0,90.405275,,,,,
2022-01-24 05:00:00+00:00,90.4,91.18,87.075,89.12,4635240.0,58747.0,88.943542,,53.64806866952794,,,
2022-01-25 05:00:00+00:00,88.27,89.66,88.0482,88.96,2833447.0,48140.0,89.030542,,52.35742669960258,,,
2022-01-26 05:00:00+00:00,88.76,89.8,88.32,88.83,3497611.0,53827.0,88.926583,,51.27800568002524,,,
2022-01-27 05:00:00+00:00,89.08,90.52,89.0,89.4,3217585.0,50374.0,89.634484,,55.60024978858157,,,
2022-01-28 05:00:00+00:00,89.15,90.29,88.47,90.13,4451824.0,52018.0,89.618509,,60.44049903922518,,,
2022-01-31 05:00:00+00:00,89.34,90.49,89.11,90.4,5902209.0,55294.0,90.144297,,62.08677819205071,,,
2022-02-01 05:00:00+00:00,89.91,90.13,87.9088,88.35,4806568.0,52644.0,88.464532,,46.32397987587583,,,
2022-02-02 05:00:00+00:00,88.44,89.99,87.81,89.88,3515223.0,41322.0,89.587403,,55.42078453832282,,,
2022-02-03 05:00:00+00:00,90.0,90.6,89.61,90.19,2519921.0,43402.0,90.139869,,57.010522959493606,,,
2022-02-04 05:00:00+00:00,89.27,90.29,88.42,89.17,3429073.0,43627.0,89.22397,,50.61474387876373,,,
2022-02-07 05:00:00+00:00,88.7786,90.38,88.7786,89.81,3007424.0,43543.0,89.755456,,54.094640242560025,,,
2022-02-08 05:00:00+00:00,90.065,90.54,89.71,90.2,2407923.0,32786.0,90.149483,,56.12358155816473,-0.050428620549723746,,
2022-02-09 05:00:00+00:00,90.02,90.12,89.06,89.38,2766464.0,35886.0,89.40165,,51.01780517378524,-0.07393489019121091,,
2022-02-10 05:00:00+00:00,88.57,89.0,87.19,87.39,2919503.0,40898.0,87.834523,,41.21782147044544,-0.25025535911041175,,
2022-02-11 05:00:00+00:00,87.56,88.65,87.52,87.65,3199693.0,32112.0,87.864926,,42.76475649411891,-0.36480552297463475,,
2022-02-14 05:00:00+00:00,87.93,88.05,85.43,86.18,2512856.0,33838.0,86.28329,89.489,36.858729516110664,-0.5676604317232403,,
2022-02-15 05:00:00+00:00,86.4,86.81,84.955,85.44,3715751.0,31306.0,85.594556,89.38333333333334,34.29133348691096,-0.7791546145693218,,
2022-02-16 05:00:00+00:00,85.63,85.93,84.37,85.41,2553084.0,39011.0,85.173271,89.27533333333332,34.187367236976414,-0.9383690927015067,,
2022-02-17 05:00:00+00:00,85.07,85.88,84.2,85.49,3090187.0,31134.0,85.277528,89.14233333333333,34.755442283206364,-1.0460343494409443,,
2022-02-18 05:00:00+00:00,85.304,86.37,85.01,85.71,3798693.0,33404.0,85.664313,89.02666666666666,36.38172378621314,-1.1009169939012935,-0.5746177639069209,-0.5262992299943726
2022-02-22 05:00:00+00:00,85.71,86.65,85.15,85.99,2362612.0,32695.0,86.002531,88.86633333333334,38.483390547671846,-1.1090339718243456,-0.6815010054904058,-0.4275329663339398
2022-02-23 05:00:00+00:00,85.99,86.18,84.43,84.64,3615613.0,52932.0,85.102027,88.671,32.84880525481644,-1.2104471713729055,-0.7872902386669057,-0.42315693270599974
2022-02-24 05:00:00+00:00,87.17,87.21,84.87,86.78,6582000.0,77685.0,86.211089,88.57133333333333,46.27689964023388,-1.105395436872513,-0.8509112783080273,-0.2544841585644857
2022-02-25 05:00:00+00:00,87.19,89.57,86.9,89.46,3910003.0,46621.0,88.503737,88.54366666666667,57.688049134531724,-0.7967036740944593,-0.8400697574653138,0.04336608337085446
2022-02-28 05:00:00+00:00,88.74,90.89,88.44,90.65,5228388.0,51795.0,90.132321,88.53666666666666,61.58941026700485,-0.45084313432140277,-0.7622244328365315,0.31138129851512875
2022-03-01 05:00:00+00:00,90.35,91.68,89.66,90.21,3782178.0,48656.0,90.389125,88.511,59.408237000204416,-0.2098316785525327,-0.6517458819797318,0.4419142034271991
2022-03-02 05:00:00+00:00,89.9,91.49,89.9,91.24,2981338.0,39702.0,90.95819,88.54166666666667,62.735229368027085,0.06355144694791193,-0.5086864161942031,0.572237863142115
2022-03-03 05:00:00+00:00,91.42,94.69,91.42,93.98,4024032.0,61065.0,93.646546,88.66433333333333,69.82139200433976,0.49559177095026996,-0.3078307787653085,0.8034225497155785
2022-03-04 05:00:00+00:00,93.67,96.39,93.09,96.33,4515805.0,58905.0,95.571036,88.878,74.32998267346142,1.0159015202860076,-0.0430843189550453,1.058985839241053
2022-03-07 05:00:00+00:00,96.01,98.15,95.15,97.26,4004583.0,62657.0,97.26612,89.12100000000001,75.86658057067602,1.48616241768255,0.2627650283724738,1.2233973893100762
2022-03-08 05:00:00+00:00,97.38,98.08,95.175,95.25,3437827.0,54762.0,96.291433,89.32533333333335,66.58900706417646,1.6773222385182152,0.545676470401622,1.1316457681165932
2022-03-09 05:00:00+00:00,95.9,95.9,94.2,95.01,2856030.0,43171.0,95.067116,89.527,65.55812195759509,1.788831246426298,0.7943074256065572,0.9945238208197409
2022-03-10 05:00:00+00:00,94.57,96.22,93.99,95.99,2729449.0,44537.0,95.525107,89.76566666666668,67.75340776448836,1.9339869506684977,1.0222433306189453,0.9117436200495523
2022-03-11 05:00:00+00:00,96.35,96.825,95.21,95.54,2171437.0,34932.0,95.820548,89.97033333333334,65.68312727883466,1.989775756548653,1.215749815804887,0.774025940743766
2022-03-14 04:00:00+00:00,95.54,96.35,94.54,94.74,2712065.0,42454.0,94.984056,90.124,62.05299106355037,1.9469917639300007,1.3619982054299098,0.5849935585000909
2022-03-15 04:00:00+00:00,95.54,96.15,94.86,96.11,3568502.0,45341.0,95.747775,90.31433333333334,65.56301064591543,2.0005713507509313,1.4897128344941142,0.5108585162568171
2022-03-16 04:00:00+00:00,95.92,96.0,93.39,95.07,2720669.0,41760.0,94.561173,90.53833333333333,60.9537637411987,1.936788162639104,1.5791279001231122,0.3576602625159917
2022-03-17 04:00:00+00:00,95.22,95.97,94.755,94.94,2790414.0,39985.0,95.271686,90.70700000000001,60.3823172679816,1.8543735490171542,1.6341770299019207,0.22019651911523352
2022-03-18 04:00:00+00:00,94.94,95.34,93.39,94.07,5657717.0,45108.0,94.234501,90.83633333333334,56.56067363908533,1.6992695235410764,1.647195528629752,0.05207399491132447
2022-03-21 04:00:00+00:00,94.0,95.4,93.96,94.69,2363936.0,117203.0,94.709108,91.02033333333334,58.57292310712116,1.6078430702644795,1.6393250369566976,-0.031481966692218144
2022-03-22 04:00:00+00:00,94.73,95.6,94.29,95.25,3612773.0,41794.0,95.017241,91.20166666666667,60.35909527611797,1.5625620248738272,1.6239724345401236,-0.061410409666296406
2022-03-23 04:00:00+00:00,95.2,96.475,95.04,96.01,2941727.0,39890.0,95.886895,91.39533333333333,62.70901553355493,1.5699052283441262,1.6131589933009243,-0.04325376495679811
2022-03-24 04:00:00+00:00,96.29,97.19,95.66,96.44,2989847.0,31792.0,96.389133,91.63066666666667,64.00901405373952,1.5920697868653662,1.6089411520138128,-0.01687136514844667
2022-03-25 04:00:00+00:00,96.35,97.39,96.35,96.84,2021510.0,30341.0,96.780844,91.94566666666667,65.2235232545447,1.6232007681926461,1.6117930752495797,0.011407692943066428
2022-03-28 04:00:00+00:00,96.78,97.62,95.97,97.61,4777425.0,66496.0,97.221949,92.27766666666668,67.49727113631378,1.6905176251505765,1.6275379852297793,0.06297963992079714
2022-03-29 04:00:00+00:00,97.46,98.81,97.35,98.69,2943163.0,45957.0,98.288965,92.69466666666666,70.41867783994779,1.81014744042929,1.6640598762696817,0.14608756415960844
2022-03-30 04:00:00+00:00,98.69,99.44,98.17,99.42,2164105.0,34220.0,99.017244,93.16066666666666,72.23523860586911,1.9414796610558653,1.7195438332269184,0.22193582782894694
2022-03-31 04:00:00+00:00,99.81,100.67,99.52,99.77,3639212.0,42341.0,100.092214,93.63933333333333,73.08853432675282,2.050170379084605,1.7856691423984559,0.2645012366861492
2022-04-01 04:00:00+00:00,99.81,101.62,98.78,101.51,2557836.0,37726.0,100.613198,94.17333333333333,76.89090496780429,2.250766578348319,1.8786886295884286,0.3720779487598904
2022-04-04 04:00:00+00:00,100.85,101.0879,99.17,100.65,2573797.0,40865.0,100.481093,94.67133333333335,71.5127367536037,2.3136750925481095,1.9656859221803649,0.3479891703677447
2022-04-05 04:00:00+00:00,100.64,102.7,100.64,101.31,2230319.0,36448.0,101.715854,95.182,73.06953871242608,2.389245294926326,2.0503977967295572,0.3388474981967686
2022-04-06 04:00:00+00:00,101.49,104.81,101.2691,104.49,3009911.0,49626.0,103.741098,95.84366666666666,79.01898985172981,2.674900065508382,2.175298250485322,0.4996018150230599
2022-04-07 04:00:00+00:00,104.37,104.43,102.53,103.37,2843253.0,47463.0,103.344604,96.39666666666668,72.90965747130687,2.7788757397192967,2.296013748332117,0.48286199138717967
2022-04-08 04:00:00+00:00,103.58,104.14,102.7,102.99,2166961.0,39328.0,103.256837,96.84766666666665,70.90657403493739,2.7983566726227878,2.396482333190251,0.4018743394325366
2022-04-11 04:00:00+00:00,103.25,103.73,101.14,101.4,3603427.0,57078.0,101.917167,97.206,63.09550280053719,2.654891800423286,2.4481642266368584,0.2067275737864276
2022-04-12 04:00:00+00:00,101.47,103.03,101.02,102.31,2485943.0,49484.0,102.162046,97.60933333333334,65.44190694617578,2.584827962655311,2.4754969738405492,0.10933098881476155
2022-04-13 04:00:00+00:00,102.63,102.84,101.29,102.25,1729095.0,26698.0,102.090881,97.97633333333333,65.1477915467411,2.4956915887612325,2.479535896824686,0.016155691936546646
2022-04-14 04:00:00+00:00,102.73,102.76,101.8687,102.04,2183917.0,23932.0,102.149616,98.24499999999999,64.06256878329282,2.3806623318497913,2.4597611838297073,-0.07909885197991606
2022-04-18 04:00:00+00:00,102.21,102.56,101.09,101.66,1811660.0,26737.0,101.775572,98.42266666666666,62.04838693545061,2.233096249291279,2.414428196922022,-0.1813319476307429
2022-04-19 04:00:00+00:00,101.82,102.64,101.53,102.43,1885446.0,29725.0,102.150488,98.59500000000001,64.48505980758952,2.1534579082634764,2.3622341391903126,-0.20877623092683617
2022-04-20 04:00:00+00:00,102.9875,103.34,102.26,102.83,2320427.0,41845.0,102.873209,98.84766666666668,65.71648020116183,2.098431197677428,2.3094735508877355,-0.21104235321030762
2022-04-21 04:00:00+00:00,102.54,103.51,101.95,102.12,2987623.0,39292.0,102.639473,99.08466666666666,61.63157871529045,1.9747671800082713,2.242532276711843,-0.2677650967035716
2022-04-22 04:00:00+00:00,102.0,102.15,100.12,100.25,2415824.0,38785.0,100.866866,99.22666666666667,52.39402463388758,1.7062011584155385,2.135266053052582,-0.42906489463704345
2022-04-25 04:00:00+00:00,100.49,101.04,98.53,100.5,3117405.0,48750.0,99.735028,99.392,53.39962675831274,1.4962853163310257,2.007469905708271,-0.5111845893772453
2022-04-26 04:00:00+00:00,100.26,101.52,99.2,99.24,2038169.0,31933.0,99.903674,99.542,47.907013369011516,1.214256832460478,1.8488272910587127,-0.6345704585982346
2022-04-27 04:00:00+00:00,99.45,100.9,98.2,99.57,3088203.0,49494.0,100.11696,99.65733333333333,49.3756959818909,1.0057814467218833,1.6802181221913468,-0.6744366754694635
2022-04-28 04:00:00+00:00,100.06,102.76,98.45,102.43,4339042.0,48853.0,102.065603,99.90266666666668,59.92183134212763,1.0591322818643363,1.556000954125945,-0.4968686722616087
2022-04-29 04:00:00+00:00,101.93,102.24,98.82,99.11,3655707.0,46539.0,99.713192,100.04166666666667,47.540784796408225,0.8240181808293272,1.4096043994666214,-0.5855862186372942
2022-05-02 04:00:00+00:00,99.75,100.38,96.99,98.13,2585262.0,44397.0,98.171242,100.17699999999999,44.610675924982,0.5522448175588437,1.238132483085066,-0.6858876655262223
2022-05-03 04:00:00+00:00,98.75,100.14,98.07,98.58,2827150.0,39120.0,98.962705,100.30666666666666,46.2489094608434,0.36892101650579434,1.0642901897692116,-0.6953691732634173
2022-05-04 04:00:00+00:00,98.97,100.905,98.59,100.72,2943381.0,41252.0,100.173559,100.489,53.31971917096937,0.3917992804499306,0.9297920079053554,-0.5379927274554248
2022-05-05 04:00:00+00:00,100.15,101.06,98.72,99.66,2651890.0,40071.0,99.698343,100.61066666666667,49.823543421640125,0.320700492594753,0.807973704843235,-0.4872732122484821
2022-05-06 04:00:00+00:00,99.49,100.105,98.66,99.65,3262070.0,38401.0,99.409567,100.71766666666667,49.79037463270158,0.26054388680969964,0.698487741236528,-0.43794385442682837
2022-05-09 04:00:00+00:00,98.9,100.74,97.8,99.69,2654581.0,48941.0,99.529891,100.81266666666667,49.933951012426284,0.2136343650486765,0.6015170659989577,-0.3878827009502812
2022-05-10 04:00:00+00:00,100.26,101.61,97.96,99.08,3132354.0,49167.0,99.270401,100.86166666666666,47.69411935449779,0.1257863424148269,0.5063709212821316,-0.3805845788673047
2022-05-11 04:00:00+00:00,98.93,101.29,98.78,99.78,3283709.0,48143.0,100.076063,100.898,50.441330109323275,0.11136653730379464,0.4273700444864642,-0.31600350718266956
2022-05-12 04:00:00+00:00,99.5,100.25,97.18,98.53,2865614.0,50471.0,98.390458,100.86833333333334,45.813943439008106,-0.0009152648464834101,0.3417129826198747,-0.3426282474663581
2022-05-13 04:00:00+00:00,98.75,99.82,97.8901,99.69,2246443.0,37138.0,99.2495,100.86566666666667,50.36459410966314,0.003660705148007537,0.27410252712550126,-0.2704418219774937
2022-05-16 04:00:00+00:00,99.86,100.28,98.99,99.4,1846065.0,33724.0,99.642502,100.79533333333333,49.2510030786969,-0.015929753746917186,0.21609607095101757,-0.23202582469793476
2022-05-17 04:00:00+00:00,99.67,100.45,98.05,100.4,2470255.0,36715.0,99.882408,100.78699999999999,53.101739610987764,0.0486752115490674,0.18261189907062755,-0.13393668752156015
2022-05-18 04:00:00+00:00,100.87,101.54,99.56,99.9,3030599.0,43106.0,100.664323,100.74,51.01730376586046,0.0588508941992103,0.1578596980963441,-0.09900880389713379
2022-05-19 04:00:00+00:00,99.47,99.59,97.57,99.04,2698992.0,44798.0,98.553662,100.55833333333334,47.5592784269513,-0.0024513589290222626,0.1257974866912708,-0.12824884562029307
2022-05-20 04:00:00+00:00,99.05,99.94,98.1899,99.7,2880333.0,40433.0,99.244182,100.43599999999999,50.34115253291815,0.0021973186363766217,0.10107745308029198,-0.09888013444391536
2022-05-23 04:00:00+00:00,100.56,101.41,99.591,100.27,2464205.0,32119.0,100.527425,100.34533333333334,52.676037649757966,0.05128448973592015,0.09111886041141762,-0.03983437067549747
2022-05-24 04:00:00+00:00,100.71,102.57,99.91,102.22,2498509.0,37534.0,101.736249,100.37266666666666,59.66339099196448,0.2447142164978402,0.12183793162870213,0.12287628486913807
2022-05-25 04:00:00+00:00,102.35,102.99,101.75,102.48,2370758.0,34769.0,102.39284,100.37833333333333,60.50081075657388,0.41421369796091767,0.18031308489514525,0.23390061306577242
2022-05-26 04:00:00+00:00,103.1,103.49,102.48,102.58,2564883.0,33703.0,102.843394,100.38933333333333,60.83757404644445,0.5502692609537831,0.25430432010687287,0.2959649408469103
2022-05-27 04:00:00+00:00,102.42,103.63,101.9,103.57,2698180.0,42254.0,103.220798,100.44033333333333,64.10075911621564,0.729568983971518,0.3493572528798019,0.38021173109171613
2022-05-31 04:00:00+00:00,102.78,103.15,101.19,102.03,3265740.0,38349.0,102.150741,100.45266666666667,56.24915600317781,0.7388827956353197,0.42726236143090546,0.3116204342044142
2022-06-01 04:00:00+00:00,102.65,102.898,100.88,102.04,2201310.0,41166.0,101.82537,100.43966666666667,56.2865992691257,0.7385573455641037,0.4895213582575451,0.24903598730655857
2022-06-02 04:00:00+00:00,102.52,102.72,100.01,102.25,2238392.0,38454.0,101.719537,100.42033333333333,57.11660375245901,0.7466378921400292,0.5409446650340419,0.20569322710598725
2022-06-03 04:00:00+00:00,101.91,102.49,101.63,101.95,1614884.0,28742.0,102.045381,100.41466666666666,55.49550201299981,0.7205284868403794,0.5768614293953094,0.14366705744507002
2022-06-06 04:00:00+00:00,102.35,102.79,101.525,102.06,1479725.0,31871.0,102.042451,100.475,55.98875268648966,0.7006361779948946,0.6016163791152265,0.09901979887966816
2022-06-07 04:00:00+00:00,102.24,102.54,101.11,102.43,1448513.0,28976.0,101.999335,100.53933333333335,57.68749024431328,0.706582247383821,0.6226095527689455,0.08397269461487555
2022-06-08 04:00:00+00:00,102.19,102.19,100.245,100.53,1799033.0,33239.0,100.881334,100.58233333333332,47.540005641434554,0.5516216778465406,0.6084119777844645,-0.05679029993792395
2022-06-09 04:00:00+00:00,100.47,101.175,98.17,98.26,2271929.0,37828.0,99.402384,100.53866666666667,38.76621782322093,0.24284491621081372,0.5352985654697344,-0.2924536492589207
2022-06-10 04:00:00+00:00,97.44,99.16,97.01,98.26,2977871.0,45029.0,98.159122,100.39966666666666,38.76621782322093,-0.0018416624634483014,0.42787051988309793,-0.42971218234654623
2022-06-13 04:00:00+00:00,97.1,97.58,92.61,93.01,4156596.0,58502.0,94.135402,100.19633333333334,25.93007611404491,-0.6123301025932619,0.21983039538782595,-0.8321604979810879
2022-06-14 04:00:00+00:00,93.12,93.8,89.36,90.44,3482046.0,43834.0,90.73149,99.94000000000001,22.076455769274006,-1.2886691357138602,-0.08186951083251126,-1.206799624881349
2022-06-15 04:00:00+00:00,91.11,91.91,88.69,90.65,3877262.0,61207.0,90.387138,99.67566666666667,23.082372129345316,-1.7871265646748355,-0.42292092160097616,-1.3642056430738594
2022-06-16 04:00:00+00:00,89.11,89.9,88.26,89.19,3902774.0,50624.0,89.294608,99.29133333333333,21.048034786286166,-2.273757011129476,-0.7930881395066761,-1.4806688716227998
2022-06-17 04:00:00+00:00,90.1,90.29,87.63,88.41,7994987.0,59378.0,88.607723,98.91633333333334,20.03225669886838,-2.691330642840299,-1.1727366401734007,-1.5185940026668983
2022-06-21 04:00:00+00:00,88.55,90.52,88.45,89.95,3195408.0,42961.0,89.903248,98.593,27.474266200439573,-2.8649700335785298,-1.5111833188544266,-1.3537867147241032
2022-06-22 04:00:00+00:00,89.48,91.16,89.47,90.31,2630187.0,37301.0,90.473024,98.28033333333333,29.134527819732426,-2.9396451114095754,-1.7968756773654564,-1.142769434044119
2022-06-23 04:00:00+00:00,91.12,92.62,90.83,92.41,2983918.0,40983.0,92.073747,98.05799999999999,38.044309735980015,-2.797129629808154,-1.9969264678539962,-0.8002031619541579
2022-06-24 04:00:00+00:00,92.51,93.875,92.4201,93.6,3595335.0,40246.0,93.484109,97.85200000000002,42.45920680919569,-2.558667305136865,-2.10927463531057,-0.4493926698262949
2022-06-27 04:00:00+00:00,93.43,95.02,93.21,94.98,2901977.0,38042.0,94.582496,97.73366666666668,47.161469850091336,-2.2325937766321573,-2.1339384635748875,-0.09865531305726982
2022-06-28 04:00:00+00:00,95.09,96.19,94.78,95.08,2314950.0,30519.0,95.42983,97.58,47.496301551110136,-1.9437031913178373,-2.0958914091234777,0.1521882178056404
2022-06-29 04:00:00+00:00,95.24,95.72,94.8,95.37,1696643.0,27361.0,95.267489,97.44566666666667,48.5152153019969,-1.672080046797305,-2.0111291366582433,0.3390490898609384
2022-06-30 04:00:00+00:00,94.61,96.65,94.5,95.94,3036153.0,34600.0,95.994153,97.29700000000001,50.54665861633362,-1.3947447620954847,-1.8878522617456917,0.49310749965020695
2022-07-01 04:00:00+00:00,96.0,98.02,95.39,97.95,2830706.0,32030.0,97.363729,97.232,56.991161295873376,-1.001222875083016,-1.7105263844131566,0.7093035093301405
2022-07-05 04:00:00+00:00,97.62,97.795,92.64,93.58,3654919.0,65130.0,93.857863,97.05,43.66753347443837,-1.0301020476506295,-1.5744415170606514,0.5443394694100219
2022-07-06 04:00:00+00:00,93.76,95.78,93.27,94.8,2574158.0,35273.0,94.530514,96.88666666666667,47.3669768083656,-0.9436671880081775,-1.4482866512501569,0.5046194632419794
2022-07-07 04:00:00+00:00,95.27,95.719,94.41,94.52,2604551.0,37426.0,94.857308,96.695,46.61041662544272,-0.8875297089377625,-1.336135262787678,0.4486055538499154
2022-07-08 04:00:00+00:00,94.85,94.94,93.83,94.34,1979271.0,27703.0,94.370992,96.43233333333335,46.100646956620466,-0.8477920292223331,-1.238466616074609,0.39067458685227585
2022-07-11 04:00:00+00:00,94.26,95.45,93.8,95.01,1686799.0,26554.0,94.705169,96.18333333333334,48.36439085295649,-0.7535497784000285,-1.1414832485396929,0.3879334701396644
2022-07-12 04:00:00+00:00,94.91,95.92,93.97,94.37,1945013.0,26562.0,94.707372,95.90966666666667,46.36135061298053,-0.7221799262925259,-1.0576225840902596,0.33544265779773363
2022-07-13 04:00:00+00:00,93.45,94.73,93.219,93.9,2071104.0,30038.0,94.028758,95.58733333333333,44.89098396213477,-0.7268653136579672,-0.9914711300038012,0.2646058163458339
2022-07-14 04:00:00+00:00,92.45,94.45,92.13,94.27,2043246.0,27436.0,93.740646,95.32866666666665,46.333955291589426,-0.6927371662815034,-0.9317243372593417,0.23898717097783828
2022-07-15 04:00:00+00:00,94.47,95.27,93.37,95.22,2376881.0,37150.0,94.856659,95.10133333333333,49.95708754543667,-0.5823206728522905,-0.8618436043779315,0.279522931525641
2022-07-18 04:00:00+00:00,94.97,94.97,93.26,93.37,2354117.0,31586.0,93.844186,94.80533333333332,43.76116124213028,-0.6367542387085763,-0.8168257312440604,0.18007149253548416
2022-07-19 04:00:00+00:00,94.29,94.29,93.39,93.59,2568783.0,34719.0,93.738724,94.52666666666667,44.64046155635702,-0.6545953032545953,-0.7843796456461675,0.12978434239157222
2022-07-20 04:00:00+00:00,93.86,94.03,92.19,92.71,2292956.0,37400.0,92.94737,94.215,41.82359107893922,-0.7313129999415935,-0.7737663165052527,0.04245331656365925
2022-07-21 04:00:00+00:00,92.46,92.85,92.055,92.79,2061692.0,32495.0,92.547854,93.89366666666666,42.180783636462934,-0.776703639796736,-0.7743537811635494,-0.0023498586331865967
2022-07-22 04:00:00+00:00,93.54,94.36,93.19,94.35,1865367.0,30155.0,94.019402,93.68766666666667,48.78433556705547,-0.6789703389448078,-0.7552770927198011,0.0763067537749933
2022-07-25 04:00:00+00:00,94.52,95.92,94.05,95.8,2626745.0,31825.0,95.485223,93.60566666666666,54.038760760171904,-0.478991595098492,-0.7000199931955393,0.22102839809704733
2022-07-26 04:00:00+00:00,95.72,96.9,95.65,96.42,2492475.0,30775.0,96.306963,93.54433333333333,56.112123733807465,-0.2673958089499706,-0.6134951563464256,0.346099347396455
2022-07-27 04:00:00+00:00,94.83,96.54,94.34,96.29,2739201.0,39679.0,95.944443,93.65366666666665,55.54630782854116,-0.1089387593014095,-0.5125838769374224,0.40364511763601285
2022-07-28 04:00:00+00:00,97.1,97.78,95.925,97.62,2805180.0,41551.0,97.271918,93.893,59.99125262473537,0.12254683525858923,-0.38555773449822006,0.5081045697568093
2022-07-29 04:00:00+00:00,97.37,99.16,97.14,98.56,5857432.0,45859.0,98.556572,94.15666666666668,62.820815140637265,0.37749940267444515,-0.23294630706368702,0.6104457097381322
2022-08-01 04:00:00+00:00,98.28,99.21,97.88,99.1,2642019.0,33562.0,98.717876,94.48700000000001,64.37935085439206,0.6160235007617985,-0.06315234549858993,0.6791758462603884
2022-08-02 04:00:00+00:00,99.1,99.75,98.355,98.46,2139342.0,33716.0,98.900397,94.82199999999999,61.109724551333755,0.7448270134996164,0.09844352630105133,0.6463834871985651
2022-08-03 04:00:00+00:00,98.37,99.825,96.73,99.59,2087941.0,30444.0,98.888722,95.14333333333335,64.53456230334324,0.9273958395648663,0.26423398895381434,0.6631618506110519
2022-08-04 04:00:00+00:00,99.47,100.35,99.06,99.95,2864521.0,29607.0,99.839265,95.46466666666667,65.57468749482825,1.0885834287662561,0.4291038769163027,0.6594795518499534
2022-08-05 04:00:00+00:00,99.94,100.17,98.67,99.46,2699261.0,36759.0,99.379332,95.69966666666667,62.87188068112646,1.1633761732543206,0.5759583361839063,0.5874178370704143
2022-08-08 04:00:00+00:00,100.44,101.18,99.52,100.08,2050747.0,28655.0,100.198917,95.91566666666667,64.84626004922416,1.258175318670851,0.7124017326812953,0.5457735859895558
2022-08-09 04:00:00+00:00,99.5,100.84,99.5,100.57,1865708.0,24656.0,100.493534,96.102,66.36843242861185,1.3571982922174755,0.8413610445885313,0.5158372476289441
2022-08-10 04:00:00+00:00,101.11,101.41,100.29,101.34,2361337.0,29460.0,101.089801,96.31066666666666,68.66461622542745,1.4807382482187563,0.9692364853145764,0.5115017629041799
2022-08-11 04:00:00+00:00,101.3,102.48,100.74,101.2,2214188.0,32787.0,101.629746,96.50500000000001,67.75878530031602,1.5494862109181184,1.0852864304352847,0.4641997804828337
2022-08-12 04:00:00+00:00,102.12,103.85,101.71,103.78,3184432.0,36577.0,102.956323,96.76633333333332,74.4484915027426,1.791502578150741,1.2265296599783762,0.5649729181723648
2022-08-15 04:00:00+00:00,103.78,104.63,103.59,104.56,2056850.0,29725.0,104.344746,96.98666666666666,76.06538591012861,2.0229227795079368,1.3858082838842884,0.6371144956236483
2022-08-16 04:00:00+00:00,103.88,105.45,103.88,104.46,2063216.0,34855.0,104.714785,97.34933333333333,75.40656954493083,2.1732044440526437,1.5432875159179598,0.6299169281346839
2022-08-17 04:00:00+00:00,103.82,105.15,103.82,104.33,1875724.0,33301.0,104.509353,97.667,74.50316953627737,2.255810255943203,1.6857920639230084,0.5700181920201945
2022-08-18 04:00:00+00:00,104.59,105.48,104.23,104.37,2151189.0,32392.0,104.678047,97.99533333333333,74.60398746288183,2.2980135529407306,1.8082363617265529,0.48977719121417773
2022-08-19 04:00:00+00:00,104.28,105.3496,103.975,104.94,2426200.0,34938.0,104.794906,98.34866666666667,76.05687483462523,2.3503607109537086,1.916661231571984,0.4336994793817246
2022-08-22 04:00:00+00:00,105.0,105.0,103.21,103.41,2612361.0,28370.0,103.74078,98.62866666666667,65.26390996366052,2.2425374220926244,1.9818364696761122,0.26070095241651225
2022-08-23 04:00:00+00:00,103.49,103.49,102.23,102.7,1169503.0,21859.0,102.705727,98.90633333333332,60.942047613947246,2.075866327718913,2.0006424412846724,0.0752238864342405
2022-08-24 04:00:00+00:00,102.64,102.78,101.9,102.66,1382527.0,22615.0,102.497096,99.19833333333334,60.69817680768434,1.9184360819535442,1.9842011694184467,-0.0657650874649025
2022-08-25 04:00:00+00:00,103.11,103.47,102.1,103.38,1466157.0,18906.0,103.060716,99.502,63.527396823724644,1.8306666747931644,1.9534942704933904,-0.12282759570022606
2022-08-26 04:00:00+00:00,103.59,103.73,101.75,101.82,2004863.0,30195.0,102.289601,99.722,54.39130801316139,1.6165947270202992,1.8861143617987723,-0.2695196347784732
2022-08-29 04:00:00+00:00,101.45,103.56,100.73,102.93,1663452.0,25954.0,102.681609,100.04066666666667,58.91849715696928,1.5189988166338964,1.8126912527657972,-0.2936924361319009
2022-08-30 04:00:00+00:00,102.89,102.92,100.96,101.34,1826183.0,27994.0,101.778944,100.29899999999999,51.09472933238951,1.298386649617413,1.7098303321361206,-0.41144368251870755
2022-08-31 04:00:00+00:00,101.44,101.885,100.0,100.2,3249722.0,34384.0,100.665071,100.54866666666666,46.343107636341294,1.0198057592242407,1.5718254175537447,-0.5520196583295041
2022-09-01 04:00:00+00:00,100.25,102.98,100.21,102.38,2828828.0,40015.0,102.031302,100.86833333333333,54.967493845980705,0.963825793711365,1.450225492785269,-0.4863996990739039
2022-09-02 04:00:00+00:00,102.74,103.75,100.675,101.09,2317238.0,38328.0,101.966612,101.093,49.860373329057744,0.8060770937373292,1.321395812975681,-0.5153187192383519
2022-09-06 04:00:00+00:00,101.2,103.25,101.15,101.56,2739520.0,39403.0,101.97086,101.285,51.62394631778275,0.7107916211794532,1.1992749746164355,-0.48848335343698235
2022-09-07 04:00:00+00:00,102.18,104.95,102.18,104.74,2844793.0,41358.0,104.229167,101.56233333333334,61.49282746601321,0.8817127851733915,1.1357625367278268,-0.2540497515544353
2022-09-08 04:00:00+00:00,104.04,105.12,103.49,103.98,2927605.0,36612.0,104.199787,101.81866666666669,58.425158209263394,0.9449505884714995,1.0976001470765613,-0.1526495586050618
2022-09-09 04:00:00+00:00,104.65,105.49,103.63,104.71,2000238.0,30226.0,104.721746,102.05499999999999,60.46528265942481,1.0419608265144973,1.0864722829641484,-0.044511456449651154
2022-09-12 04:00:00+00:00,104.71,105.6,104.34,105.18,1772500.0,25891.0,105.058107,102.27566666666667,61.76615219638794,1.143584678810143,1.0978947621333475,0.04568991667679545
2022-09-13 04:00:00+00:00,104.34,104.89,101.83,102.2,3091979.0,38049.0,102.937945,102.37899999999999,50.434655982950574,0.972451404354473,1.0728060905775725,-0.10035468622309951
2022-09-14 04:00:00+00:00,102.2,103.9,102.2,103.32,1429387.0,24761.0,103.29727,102.541,53.860708927476956,0.9166352901301735,1.0415719304880928,-0.12493664035791929
2022-09-15 04:00:00+00:00,102.95,102.95,99.9231,100.19,3082406.0,42135.0,100.614859,102.56099999999999,44.58555509158952,0.6127721204087919,0.9558119684722327,-0.3430398480634408
2022-09-16 04:00:00+00:00,100.37,101.04,99.97,100.36,5303036.0,44833.0,100.457455,102.57466666666666,45.138152384173864,0.38128078093582474,0.8409057309649511,-0.4596249500291264
2022-09-19 04:00:00+00:00,100.15,101.149,99.7,101.11,2873425.0,36498.0,100.371994,102.62966666666667,47.61985362947114,0.2553969020788003,0.723803965187721,-0.4684070631089208
2022-09-20 04:00:00+00:00,100.78,100.8,98.6483,99.76,2273627.0,32018.0,99.532517,102.619,43.78083436388387,0.04616711776543525,0.588276595703264,-0.5421094779378287
2022-09-21 04:00:00+00:00,100.44,101.12,98.55,98.57,2851471.0,39289.0,99.509688,102.55233333333332,40.668486565261865,-0.21321424735488392,0.4279784270916344,-0.6411926744465184
2022-09-22 04:00:00+00:00,98.3,99.51,98.04,98.88,1939293.0,27113.0,98.869134,102.47033333333334,41.828632906501156,-0.3892741288895678,0.264527915895394,-0.6538020447849617
2022-09-23 04:00:00+00:00,98.15,98.29,96.49,97.74,2096852.0,35747.0,97.50283,102.355,38.82230398443812,-0.6137167810447721,0.08887897650736076,-0.7025957575521329
2022-09-26 04:00:00+00:00,97.35,97.82,94.26,95.63,3504902.0,42859.0,95.689597,102.08333333333333,33.95754433689966,-0.950887328675833,-0.119074284529278,-0.831813044146555
2022-09-27 04:00:00+00:00,95.88,95.95,92.68,92.86,2924103.0,43169.0,93.576937,101.69333333333334,28.847044249926682,-1.425184625780787,-0.38029635277957985,-1.0448882730012072
2022-09-28 04:00:00+00:00,93.89,94.16,92.65,93.56,3417292.0,49513.0,93.642879,101.33,31.64660668436801,-1.724703196153257,-0.6491777214543153,-1.0755254746989418
2022-09-29 04:00:00+00:00,93.72,93.72,88.83,89.07,3429230.0,46324.0,89.643984,100.82133333333333,24.88355603196601,-2.297890643639917,-0.9789203058914356,-1.3189703377484814
2022-09-30 04:00:00+00:00,89.65,90.0,86.08,86.45,5119758.0,56331.0,87.022934,100.22399999999999,21.93749249134899,-2.9297851891791566,-1.3690932825489799,-1.5606919066301768
2022-10-03 04:00:00+00:00,87.7,89.125,87.14,88.23,6209870.0,72747.0,88.315017,99.66699999999999,28.16044772383242,-3.2494770959215487,-1.7451700452234937,-1.504307050698055
2022-10-04 04:00:00+00:00,88.57,91.18,88.37,90.66,5094143.0,66807.0,90.308568,99.24199999999999,35.69674608528622,-3.269070731165044,-2.049950182411804,-1.2191205487532404
2022-10-05 04:00:00+00:00,89.47,89.64,87.39,87.7,3296840.0,45254.0,88.014806,98.742,31.378592833310478,-3.483292858707216,-2.3366187176708864,-1.1466741410363297
2022-10-06 04:00:00+00:00,87.48,87.6624,84.185,84.51,4210794.0,55451.0,84.86523,98.13699999999999,27.515536339593496,-3.8659079972806296,-2.642476573592835,-1.2234314236877948
2022-10-07 04:00:00+00:00,84.55,84.88,82.57,82.99,3717162.0,49455.0,83.172887,97.45733333333334,25.880569274181084,-4.242875322404757,-2.9625563233552197,-1.2803189990495372
2022-10-10 04:00:00+00:00,83.25,84.99,83.22,84.45,4127922.0,51596.0,84.425629,96.87833333333333,30.172488522353902,-4.373401000807931,-3.244725258845762,-1.128675741962169
2022-10-11 04:00:00+00:00,84.31,86.19,84.18,84.87,3920039.0,51924.0,85.239676,96.27633333333333,31.40305577826662,-4.3923211078097495,-3.4742444286385594,-0.9180766791711901
2022-10-12 04:00:00+00:00,84.87,84.87,81.67,81.74,2551652.0,32687.0,82.505157,95.623,27.511896177129273,-4.60677622175352,-3.700750787261552,-0.9060254344919683
2022-10-13 04:00:00+00:00,80.8,85.04,80.3,84.78,4039551.0,52204.0,83.609524,95.109,35.82879227851119,-4.479790613341905,-3.856558752477623,-0.6232318608642817
2022-10-14 04:00:00+00:00,85.34,86.17,83.14,83.52,3999161.0,43552.0,84.01931,94.48033333333335,34.08330043279207,-4.429761539932898,-3.971199309968678,-0.45856222996421936
2022-10-17 04:00:00+00:00,84.8,86.06,84.73,85.05,3606467.0,38704.0,85.189299,93.94566666666667,38.03118474233193,-4.218032077405226,-4.020565863455988,-0.19746621394923825
2022-10-18 04:00:00+00:00,85.96,86.8639,85.34,86.58,2612286.0,34847.0,86.31739,93.44633333333333,41.78593920134318,-3.882027147192318,-3.992858120203254,0.11083097301093625
2022-10-19 04:00:00+00:00,85.47,86.34,85.05,85.9,1806588.0,30914.0,85.808789,92.81833333333333,40.608265561401105,-3.628780809878023,-3.920042658138208,0.29126184826018475
2022-10-20 04:00:00+00:00,86.29,86.29,83.54,83.93,3165576.0,38144.0,84.756549,92.15,37.32617700920732,-3.546165807026327,-3.845267287915832,0.29910148088950494
2022-10-21 04:00:00+00:00,84.11,86.16,83.41,85.63,2278603.0,30045.0,85.26993,91.514,41.70478570765893,-3.3054142713786945,-3.737296684608405,0.4318824132297103
2022-10-24 04:00:00+00:00,86.48,86.99,85.25,86.0,2141948.0,33198.0,85.99431,90.87466666666666,42.644003400558454,-3.0496070651433342,-3.5997587607153907,0.5501516955720565
2022-10-25 04:00:00+00:00,86.05,87.56,85.99,87.42,2579950.0,37354.0,87.18433,90.382,46.22485448103332,-2.7011586036752533,-3.4200387293073633,0.71888012563211
2022-10-26 04:00:00+00:00,88.0,88.61,87.24,87.45,2193290.0,33835.0,87.611205,89.85300000000001,46.30113087674942,-2.3949820757025293,-3.215027398586397,0.8200453228838676
2022-10-27 04:00:00+00:00,86.17,89.32,86.15,87.18,2740488.0,37522.0,87.678822,89.41933333333333,45.67322087501998,-2.149345399077731,-3.001890998684664,0.8525455996069327
2022-10-28 04:00:00+00:00,87.56,89.56,87.56,89.4,2630631.0,37196.0,88.983869,89.05400000000002,51.49751963833953,-1.7553070296528546,-2.7525742048783024,0.9972671752254478
2022-10-31 04:00:00+00:00,89.35,89.39,87.36,87.92,4102063.0,41180.0,88.136599,88.61433333333335,47.817029138869415,-1.5446466885974388,-2.51098870162213,0.9663420130246911
2022-11-01 04:00:00+00:00,88.1,89.2,87.62,88.53,4169787.0,44134.0,88.53422,88.24,49.421522571022756,-1.3133356329147148,-2.2714580878806467,0.958122454965932
2022-11-02 04:00:00+00:00,88.51,90.64,88.17,88.21,3138472.0,44277.0,88.976337,87.89466666666667,48.57770041947031,-1.1426693000246786,-2.045700330309453,0.9030310302847746
2022-11-03 04:00:00+00:00,87.77,89.58,87.225,88.68,4020845.0,39427.0,88.673923,87.55466666666666,49.929915237264545,-0.9584416112928835,-1.8282485865061395,0.869806975213256
2022-11-04 04:00:00+00:00,88.82,89.68,87.72,89.57,3304449.0,35142.0,89.056206,87.28233333333333,52.47828884615668,-0.7321841160039639,-1.6090356924057045,0.8768515764017406
2022-11-07 05:00:00+00:00,89.84,89.84,86.68,88.0,3038568.0,45620.0,88.038157,87.028,47.85154878909182,-0.6718150343273948,-1.4215915607900427,0.7497765264626479
2022-11-08 05:00:00+00:00,88.06,89.62,88.0,89.25,2958887.0,41334.0,89.011548,86.90766666666667,51.51662745646323,-0.5171462092608436,-1.240702490484203,0.7235562812233594
2022-11-09 05:00:00+00:00,88.31,88.8,87.63,87.82,2931965.0,39715.0,88.108333,86.71633333333334,47.41141610380838,-0.5041476003424776,-1.093391512455858,0.5892439121133803
2022-11-10 05:00:00+00:00,90.33,91.98,88.94,91.8,4112752.0,46546.0,91.17539,86.80733333333333,57.55038085552367,-0.17072535574440906,-0.9088582811135681,0.7381329253691591
2022-11-11 05:00:00+00:00,91.27,91.93,89.15,89.98,3966783.0,44201.0,90.200541,86.925,52.56003356704969,-0.05273669851521845,-0.7376339645938982,0.6848972660786797
2022-11-14 05:00:00+00:00,90.33,90.585,88.46,88.66,3045720.0,35503.0,89.565717,86.93933333333334,49.22604045002195,-0.06499360013319233,-0.6031058917017571,0.5381122915685648
2022-11-15 05:00:00+00:00,89.72,90.5822,88.05,89.22,4909663.0,40146.0,89.09383,86.89133333333334,50.656059018600274,-0.0291835532511584,-0.48832142401163736,0.45913787076047896
2022-11-16 05:00:00+00:00,89.73,90.6,89.51,89.74,3294787.0,38237.0,89.927984,86.95933333333332,52.00773286402991,0.040686808872933966,-0.3825197774347231,0.42320658630765706
2022-11-17 05:00:00+00:00,89.05,89.53,88.51,89.07,2589665.0,31611.0,89.017313,87.11133333333333,50.10332161238025,0.04151758479497403,-0.2977123049887837,0.33922988978375773
2022-11-18 05:00:00+00:00,89.68,91.5899,89.68,91.28,4318822.0,40843.0,90.914654,87.38766666666668,55.84659127746715,0.2179916390382175,-0.19457151618338347,0.412563155221601
2022-11-21 05:00:00+00:00,91.42,93.33,91.34,93.15,3150658.0,41358.0,92.883524,87.67766666666667,60.03807679321979,0.5029443409206635,-0.05506834476257408,0.5580126856832376
2022-11-22 05:00:00+00:00,93.61,94.7,93.04,93.71,3287079.0,38377.0,93.720389,87.97233333333334,61.22516978452692,0.7651386875132431,0.10897306169258938,0.6561656258206537
2022-11-23 05:00:00+00:00,93.71,95.21,93.43,95.13,3323037.0,34899.0,94.440346,88.41866666666667,64.13454481843299,1.075118432706688,0.3022021358954091,0.7729162968112789
2022-11-25 05:00:00+00:00,95.35,95.81,94.95,95.47,1252039.0,17943.0,95.336148,88.775,64.81528147913372,1.3328505016450976,0.5083318090453468,0.8245186925997507
2022-11-28 05:00:00+00:00,97.16,97.28,93.99,95.22,4529445.0,46923.0,95.38847,89.16499999999999,63.85555549079734,1.499645136834502,0.7065944746031778,0.7930506622313243
2022-11-29 05:00:00+00:00,94.6,94.88,94.01,94.65,2044482.0,25426.0,94.497501,89.485,61.615397599595134,1.5677646357796533,0.8788285068384729,0.6889361289411804
2022-11-30 05:00:00+00:00,94.57,96.88,93.97,96.8,4341104.0,40043.0,96.134176,89.82566666666666,66.40310279155848,1.7747783214400528,1.0580184697587889,0.7167598516812639
2022-12-01 05:00:00+00:00,97.74,98.21,95.98,96.48,2846477.0,37574.0,96.666209,90.17833333333333,65.10156146892507,1.8912160714994428,1.2246579901069197,0.6665580813925231
2022-12-02 05:00:00+00:00,95.27,95.4,94.5,95.12,3491990.0,40834.0,95.080769,90.55133333333335,59.74207131404914,1.8523998805602133,1.3502063681975784,0.5021935123626349
2022-12-05 05:00:00+00:00,94.53,94.93,94.11,94.52,2495976.0,33392.0,94.495393,90.84766666666668,57.49329480809587,1.7530151169404888,1.4307681179461604,0.3222469989943284
2022-12-06 05:00:00+00:00,94.34,96.635,94.21,96.37,4255248.0,57918.0,95.911239,91.19333333333334,62.215886685528986,1.8027505287262642,1.5051646001021812,0.29758592862408295
2022-12-07 05:00:00+00:00,97.47,98.64,96.27,96.67,6140538.0,69498.0,97.41673,91.50166666666668,62.93503875237144,1.84510447780373,1.573152575642491,0.2719519021612391
2022-12-08 05:00:00+00:00,96.53,98.29,96.35,97.72,3735055.0,45829.0,97.623318,91.84400000000001,65.41610376856353,1.9410216233452928,1.6467263851830514,0.29429523816224146
2022-12-09 05:00:00+00:00,97.77,97.93,96.345,96.58,2552425.0,36237.0,96.91488,92.15733333333333,60.66785493756888,1.9031103086174994,1.6980031698699412,0.20510713874755826
2022-12-12 05:00:00+00:00,97.32,98.59,96.36,98.55,2132670.0,29653.0,97.847211,92.46233333333333,65.3486061958462,2.008870841994664,1.760176704294886,0.24869413769977822
2022-12-13 05:00:00+00:00,99.77,100.32,97.51,98.62,4838154.0,43777.0,98.669988,92.81899999999999,65.50569017267398,2.074422589318729,1.8230258812996547,0.25139670801907443
2022-12-14 05:00:00+00:00,98.99,100.28,97.98,98.49,3031162.0,37506.0,99.113167,93.15100000000001,64.91711708533478,2.09177028207327,1.8767747614543777,0.21499552061889227
2022-12-15 05:00:00+00:00,98.34,98.52,95.32,95.57,6069484.0,65353.0,96.303837,93.39633333333333,53.326892911316435,1.8485894683388011,1.8711377028312626,-0.02254823449246146
2022-12-16 05:00:00+00:00,94.92,94.92,92.81,94.57,6079811.0,52097.0,94.270579,93.59266666666667,50.03241991669166,1.5572245633521078,1.8083550749354316,-0.2511305115833238
2022-12-19 05:00:00+00:00,94.1,95.14,93.47,94.0,3337023.0,40719.0,94.240941,93.74033333333334,48.20437984834327,1.2657309818001181,1.699830256308369,-0.4340992745082508
2022-12-20 05:00:00+00:00,94.03,94.3608,93.29,93.67,1975538.0,28156.0,93.799954,93.92933333333333,47.130731283959925,0.9966037485978347,1.5591849547662622,-0.5625812061684274
2022-12-21 05:00:00+00:00,94.06,95.36,93.7694,95.34,2399187.0,34173.0,94.928863,94.13233333333332,52.85357198186655,0.9076111442530532,1.4288701926636205,-0.5212590484105672
2022-12-22 05:00:00+00:00,94.95,95.005,92.973,94.47,3310125.0,32758.0,94.215094,94.354,49.82759418389384,0.7581427374957173,1.2947247016300398,-0.5365819641343226
2022-12-23 05:00:00+00:00,94.25,95.73,94.08,95.69,1406196.0,22712.0,95.303681,94.48366666666668,53.82030380876361,0.7297199944522532,1.1817237601944826,-0.45200376574222934
2022-12-27 05:00:00+00:00,95.97,96.46,95.2363,96.29,1327543.0,21238.0,95.993294,94.694,55.68797533303005,0.7469988140683199,1.09477877096925,-0.3477799569009301
2022-12-28 05:00:00+00:00,96.49,96.86,95.3,95.36,1391795.0,25356.0,95.710078,94.91733333333332,52.1662504226526,0.6778355096186033,1.0113901186991208,-0.3335546090805175
2022-12-29 05:00:00+00:00,95.93,96.66,95.665,96.01,1415931.0,25580.0,96.147246,95.14366666666666,54.33969180072938,0.6677749661366903,0.9426670881866348,-0.2748921220499445
2022-12-30 05:00:00+00:00,95.9,96.08,94.07,94.95,1404035.0,23792.0,94.943785,95.31733333333334,50.32395309777198,0.5677243982675435,0.8676785502028166,-0.2999541519352731
2023-01-03 05:00:00+00:00,94.9,95.29,93.39,94.87,1869982.0,29604.0,94.457358,95.51066666666667,50.02349004954902,0.47648564112485303,0.789439968387224,-0.31295432726237093
2023-01-04 05:00:00+00:00,95.27,96.87,94.89,95.52,1962607.0,31148.0,95.783737,95.652,52.50476240821651,0.45142410044466885,0.721836794798713,-0.27041269435404414
2023-01-05 05:00:00+00:00,94.84,95.45,93.48,93.78,2369473.0,36461.0,94.081995,95.673,45.93072211627071,0.28784113722863935,0.6350376632846982,-0.3471965260560589
2023-01-06 05:00:00+00:00,94.76,97.18,94.76,96.53,2287494.0,33140.0,96.495986,95.76700000000001,55.429167661786046,0.37577082545280405,0.5831842957183194,-0.20741347026551538
2023-01-09 05:00:00+00:00,96.41,98.32,96.23,97.95,2561359.0,39548.0,97.809631,95.861,59.39572770937795,0.5536556714921943,0.5772785708730944,-0.02362289938090012
