timestamp,open,high,low,close,volume,trade_count,vwap,30sma,rsi,macd,signal,histogram
2022-01-03 05:00:00+00:00,656.3,658.5,641.119,648.05,428024.0,17150.0,647.755127,,,,,
2022-01-04 05:00:00+00:00,645.86,652.1887,617.37,623.5,551971.0,20528.0,629.013548,,,,,
2022-01-05 05:00:00+00:00,616.95,621.04,578.25,578.84,972240.0,29531.0,593.712687,,,,,
2022-01-06 05:00:00+00:00,575.4835,587.49,563.595,567.62,1148305.0,32483.0,573.015935,,,,,
2022-01-07 05:00:00+00:00,567.13,567.13,545.86,546.99,1189645.0,30161.0,553.373333,,,,,
2022-01-10 05:00:00+00:00,533.02,549.56,524.341,548.91,1384359.0,31017.0,535.728136,,,,,
2022-01-11 05:00:00+00:00,547.45,561.56,535.32,559.64,1048046.0,23685.0,554.639607,,,,,
2022-01-12 05:00:00+00:00,562.24,562.26,534.515,539.47,839613.0,23777.0,540.882119,,,,,
2022-01-13 05:00:00+00:00,542.67,547.97,523.01,524.78,913000.0,25489.0,533.760713,,,,,
2022-01-14 05:00:00+00:00,519.93,529.41,510.83,524.63,808914.0,23238.0,521.312248,,,,,
2022-01-18 05:00:00+00:00,509.25,511.99,487.495,489.56,1390110.0,33264.0,497.684776,,,,,
2022-01-19 05:00:00+00:00,491.79,506.99,486.11,497.59,1351271.0,33327.0,495.83542,,,,,
2022-01-20 05:00:00+00:00,502.27,518.41,489.8,490.71,707265.0,25183.0,503.910854,,,,,
2022-01-21 05:00:00+00:00,486.195,488.6681,462.32,462.78,1059226.0,33934.0,471.764926,,,,,
2022-01-24 05:00:00+00:00,453.74,475.32,432.09,474.43,1069865.0,27788.0,453.737449,,13.568071176766821,,,
2022-01-25 05:00:00+00:00,464.05,477.79,458.07,467.99,1081304.0,26583.0,466.704645,,13.184327749545133,,,
2022-01-26 05:00:00+00:00,475.0,491.48,451.62,457.36,862911.0,23587.0,470.127411,,12.553210945096225,,,
2022-01-27 05:00:00+00:00,467.7,476.76,451.623,455.62,845159.0,21246.0,458.207039,,12.448170165335313,,,
2022-01-28 05:00:00+00:00,454.72,467.495,442.37,463.96,1038406.0,26281.0,459.5241,,16.073149393184693,,,
2022-01-31 05:00:00+00:00,479.22,498.685,478.0,494.96,1349831.0,32177.0,492.432322,,28.005357073179525,,,
2022-02-01 05:00:00+00:00,494.18,510.45,494.18,508.56,892034.0,25954.0,504.530531,,32.53691926619767,,,
2022-02-02 05:00:00+00:00,511.2415,521.84,498.0,505.62,1592374.0,33369.0,505.201478,,32.06702564741255,,,
2022-02-03 05:00:00+00:00,480.36,518.0,479.47,503.31,1886798.0,42508.0,500.764387,,31.67989620639655,,,
2022-02-04 05:00:00+00:00,496.89,497.36,474.27,489.86,1468172.0,30022.0,485.473461,,29.450509907664767,,,
2022-02-07 05:00:00+00:00,490.0,509.405,489.08,500.22,862111.0,23529.0,502.042346,,33.34166205934959,,,
2022-02-08 05:00:00+00:00,496.15,516.72,491.0,515.49,911087.0,23787.0,511.123255,,38.70770543428682,-16.848206630459174,,
2022-02-09 05:00:00+00:00,522.31,548.99,522.31,545.94,1212619.0,29102.0,541.075706,,47.741843554419724,-11.942815209336572,,
2022-02-10 05:00:00+00:00,525.9936,551.9999,524.19,532.36,1019301.0,27204.0,538.509561,,44.585585684789116,-9.046764207495983,,
2022-02-11 05:00:00+00:00,528.38,534.47,505.5,509.1,1098543.0,22566.0,515.706341,,39.739507691670966,-8.530179927336064,,
2022-02-14 05:00:00+00:00,510.53,514.55,500.18,505.67,520020.0,16390.0,507.579225,517.784,39.065204647676914,-8.301856859662735,,
2022-02-15 05:00:00+00:00,515.0,528.95,513.38,528.24,656508.0,17874.0,522.114436,513.7903333333334,45.605666536649345,-6.227907369495142,,
2022-02-16 05:00:00+00:00,526.17,529.49,514.23,526.38,522006.0,13897.0,523.743812,510.553,45.17532779706677,-4.680420932816901,,
2022-02-17 05:00:00+00:00,521.01,523.71,501.06,501.76,600944.0,18424.0,508.011589,507.9836666666667,39.819275838052995,-5.378653258122313,,
2022-02-18 05:00:00+00:00,504.03,510.64,494.74,498.65,622573.0,17845.0,500.240862,505.68466666666666,39.18723503756725,-6.112497350505521,-8.563255749470045,2.450758398964524
2022-02-22 05:00:00+00:00,492.56,510.8597,490.01,494.11,671813.0,18345.0,498.556333,503.92199999999997,38.23318236516795,-6.979953578435413,-8.24659531526312,1.2666417368277063
2022-02-23 05:00:00+00:00,496.33,501.51,481.25,482.66,631782.0,18066.0,489.001347,501.71366666666665,35.86183817579747,-8.49343120911044,-8.295962494032583,-0.19746871507785713
2022-02-24 05:00:00+00:00,468.58,511.497,464.01,509.15,986314.0,27129.0,492.952316,500.03066666666666,44.44656052445839,-7.46925064956406,-8.13062012513888,0.6613694755748192
2022-02-25 05:00:00+00:00,506.21,512.8769,497.22,512.56,442327.0,15550.0,508.918519,499.13366666666667,45.45859010998301,-6.309687525707943,-7.7664336052526926,1.4567460795447493
2022-02-28 05:00:00+00:00,503.94,513.12,499.31,511.46,557688.0,16684.0,508.152846,498.6896666666667,45.172711667489736,-5.417041915556183,-7.296555267313391,1.8795133517572076
2022-03-01 05:00:00+00:00,508.73,509.83,490.93,500.97,580328.0,19359.0,499.672946,497.90099999999995,42.432218815239075,-5.492752142183008,-6.9357946422873145,1.4430425001043066
2022-03-02 05:00:00+00:00,505.17,505.17,481.82,496.14,553266.0,20367.0,494.850439,498.12033333333335,41.19304359699358,-5.874772950597958,-6.723590303949444,0.8488173533514862
2022-03-03 05:00:00+00:00,501.22,502.24,475.66,477.45,628961.0,20887.0,481.345997,497.44899999999996,36.72382368333709,-7.598068194221128,-6.898485882003781,-0.6995823122173466
2022-03-04 05:00:00+00:00,474.78,475.155,452.98,464.48,729582.0,24229.0,461.56455,496.5746666666667,33.96951537102055,-9.896284488293759,-7.498045603261778,-2.398238885031981
2022-03-07 05:00:00+00:00,464.0,468.8,434.64,435.57,1036298.0,27921.0,445.750705,495.66766666666666,28.786865833828372,-13.890313955293209,-8.776499273668065,-5.1138146816251435
2022-03-08 05:00:00+00:00,430.01,433.0,411.8,415.01,1092645.0,31410.0,420.434697,493.687,25.775091620600946,-18.5013591051611,-10.721471239966673,-7.779887865194427
2022-03-09 05:00:00+00:00,433.22,444.84,427.35,442.05,665098.0,19183.0,439.02635,492.82233333333335,35.354421197486545,-19.746122580355006,-12.52640150804434,-7.219721072310666
2022-03-10 05:00:00+00:00,428.27,434.81,417.0,430.09,514778.0,18805.0,427.702093,491.9133333333333,33.30689810117235,-21.45041165544592,-14.311203537524658,-7.13920811792126
2022-03-11 05:00:00+00:00,438.16,438.16,400.0,400.67,925459.0,25327.0,410.054932,490.0816666666667,28.876649904830117,-24.888126325041924,-16.426588095028112,-8.461538230013812
2022-03-14 04:00:00+00:00,403.21,403.21,372.62,378.09,1962785.0,48700.0,383.387803,487.21933333333334,26.016381943822353,-29.099120709197848,-18.96109461786206,-10.138026091335789
2022-03-15 04:00:00+00:00,381.09,392.625,375.0,390.73,1678142.0,38634.0,382.716392,483.745,30.185220748655283,-31.058399834001534,-21.380555661089957,-9.677844172911577
2022-03-16 04:00:00+00:00,402.92,421.01,400.01,420.65,1023202.0,30858.0,412.309607,480.8146666666666,38.95394369101483,-29.852725076124102,-23.074989544096788,-6.7777355320273145
2022-03-17 04:00:00+00:00,417.66,427.35,414.01,425.48,613480.0,19728.0,423.244739,478.1433333333334,40.25841915405774,-28.182606960110377,-24.096513027299505,-4.086093932810872
2022-03-18 04:00:00+00:00,426.01,444.23,421.07,442.87,1045585.0,26837.0,439.50777,476.1286666666667,44.829533569348335,-25.16570408334627,-24.310351238508858,-0.8553528448374124
2022-03-21 04:00:00+00:00,436.43,446.79,423.92,432.47,651975.0,21485.0,432.629902,474.21566666666666,42.72412216858615,-23.34487471741039,-24.11725593428917,0.7723812168787774
2022-03-22 04:00:00+00:00,434.81,461.79,434.81,457.03,906841.0,28474.0,454.956404,472.776,48.83527444512826,-19.693058265837692,-23.232416400598876,3.5393581347611835
2022-03-23 04:00:00+00:00,451.22,452.735,435.77,437.06,612014.0,22911.0,441.417058,470.16166666666663,44.66246611283577,-18.200574626960588,-22.22604804587122,4.025473418910632
2022-03-24 04:00:00+00:00,438.85,438.85,422.2,436.26,779637.0,22310.0,432.601495,466.5056666666667,44.49843126862694,-16.887653546621436,-21.158369146021265,4.2707155993998285
2022-03-25 04:00:00+00:00,439.05,439.99,418.665,430.44,673434.0,24930.0,425.811683,463.10833333333335,43.253814897522105,-16.130833286565178,-20.15286197413005,4.022028687564873
2022-03-28 04:00:00+00:00,435.08,438.31,426.59,434.0,1061868.0,36993.0,433.091316,460.60499999999996,44.28043606381105,-15.070067176417808,-19.136303014587604,4.066235838169796
2022-03-29 04:00:00+00:00,442.57,458.25,441.415,452.94,822149.0,28889.0,451.702493,458.8473333333333,49.51358108739445,-12.55636076902124,-17.820314565474334,5.2639537964530945
2022-03-30 04:00:00+00:00,449.65,450.32,437.97,442.17,494072.0,16271.0,443.13399,455.97833333333335,46.82072228339643,-11.302985540787176,-16.516848760536902,5.213863219749726
2022-03-31 04:00:00+00:00,444.96,451.61,435.78,436.0,691782.0,22682.0,441.793685,452.9656666666667,45.30070559841865,-10.684381182019308,-15.350355244833384,4.665974062814076
2022-04-01 04:00:00+00:00,439.42,448.1292,438.945,446.41,691839.0,19805.0,444.678499,451.1206666666667,48.347557585172275,-9.247532967235202,-14.129790789313748,4.882257822078547
2022-04-04 04:00:00+00:00,445.43,451.185,439.22,445.39,536759.0,19394.0,446.023356,449.3453333333334,48.065048031362416,-8.09777971670934,-12.923388574792869,4.825608858083529
2022-04-05 04:00:00+00:00,446.87,446.87,434.58,436.8,611351.0,18971.0,438.26126,447.435,45.646029042227376,-7.78993566325795,-11.896697992485885,4.106762329227935
2022-04-06 04:00:00+00:00,429.66,429.66,412.685,421.53,651238.0,25563.0,419.137023,445.39733333333334,41.63463592646317,-8.6780927648187,-11.252976946952447,2.574884182133747
2022-04-07 04:00:00+00:00,418.79,426.7,415.13,422.22,490575.0,19208.0,421.253966,442.49966666666666,41.8831716748194,-9.220003966727347,-10.84638235090743,1.6263783841800823
2022-04-08 04:00:00+00:00,418.98,426.63,411.425,420.56,510805.0,17323.0,419.940043,439.433,41.426134259705734,-9.671928652362624,-10.61149161119847,0.9395629588358467
2022-04-11 04:00:00+00:00,414.0,425.4326,408.85,409.69,614253.0,22064.0,414.80808,436.04066666666665,38.4661015763391,-10.78290179749149,-10.645773648457075,-0.13712814903441561
2022-04-12 04:00:00+00:00,414.06,430.44,401.08,406.23,567222.0,20499.0,414.173015,432.8826666666667,37.54645227895776,-11.806451677037046,-10.877909254173069,-0.9285424228639769
2022-04-13 04:00:00+00:00,409.02,420.18,407.01,416.91,440872.0,16584.0,416.095958,430.2416666666667,42.14445177920262,-11.62186595101673,-11.026700593541802,-0.5951653574749276
2022-04-14 04:00:00+00:00,416.0,417.87,407.37,409.82,456456.0,17454.0,411.068209,427.98733333333337,40.03711361569094,-11.910388633467903,-11.203438201527023,-0.7069504319408804
2022-04-18 04:00:00+00:00,408.02,409.66,401.21,405.88,435283.0,15383.0,405.962899,426.03399999999993,38.87382944553064,-12.315010237855859,-11.42575260879279,-0.8892576290630689
2022-04-19 04:00:00+00:00,403.17,426.705,403.01,424.54,710647.0,23623.0,421.646867,425.66633333333334,46.76308524264479,-11.003132460805375,-11.341228579195306,0.3380961183899309
2022-04-20 04:00:00+00:00,427.78,431.2718,418.2,419.18,622104.0,20350.0,423.23988,425.80533333333335,44.96774092059568,-10.277494516269485,-11.128481766610141,0.8509872503406566
2022-04-21 04:00:00+00:00,421.74,425.03,382.31,383.63,922655.0,30937.0,393.027692,423.858,35.290318949422215,-12.427749750422038,-11.388335363372521,-1.0394143870495167
2022-04-22 04:00:00+00:00,380.57,381.6,360.17,360.57,1233031.0,34604.0,367.790683,421.54066666666665,30.678270490957544,-15.810340036434184,-12.272736297984855,-3.537603738449329
2022-04-25 04:00:00+00:00,363.45,371.16,354.86,368.86,1061713.0,34544.0,365.255083,420.4803333333333,34.016773247071285,-17.619032254404544,-13.341995489268793,-4.277036765135751
2022-04-26 04:00:00+00:00,363.22,365.54,353.93,361.3,1135983.0,33317.0,360.06871,419.92066666666665,32.48053871957576,-19.43838903766448,-14.561274198947931,-4.8771148387165475
2022-04-27 04:00:00+00:00,365.02,378.98,357.2187,360.43,1291384.0,36593.0,353.910088,418.91066666666666,32.29976060576436,-20.711692625259445,-15.791357884210235,-4.92033474104921
2022-04-28 04:00:00+00:00,282.0,306.955,270.3701,304.66,4205144.0,83675.0,290.401802,415.0443333333333,23.33413784702067,-25.92215335485372,-17.817516978338933,-8.104636376514787
2022-04-29 04:00:00+00:00,303.33,319.09,288.88,289.91,1754665.0,47308.0,298.763651,410.52533333333326,21.624503034753815,-30.88565217883945,-20.43114401843904,-10.454508160400412
2022-05-02 04:00:00+00:00,292.48,310.97,288.02,308.88,1672683.0,41978.0,303.508244,406.059,28.845149742987388,-32.909183711263154,-22.926751957003862,-9.982431754259292
2022-05-03 04:00:00+00:00,304.02,311.92,297.045,301.02,1066590.0,29257.0,302.345714,401.67733333333337,27.706179618246566,-34.74654677841835,-25.29071092128676,-9.45583585713159
2022-05-04 04:00:00+00:00,300.03,311.62,286.7,310.89,1109964.0,26510.0,300.368331,396.806,31.370790135393804,-35.00275377657789,-27.23311949234499,-7.7696342842329
2022-05-05 04:00:00+00:00,305.79,309.0,280.05,283.72,1572081.0,36632.0,285.943256,391.69466666666665,27.27245022891657,-36.97200138167062,-29.18089587021012,-7.791105511460504
2022-05-06 04:00:00+00:00,285.85,286.34,271.53,280.41,1236763.0,27330.0,280.967031,386.49966666666666,26.81288298216633,-38.35757142689528,-31.016230981547153,-7.3413404453481235
2022-05-09 04:00:00+00:00,274.22,277.67,265.3,268.96,1186238.0,31284.0,269.718361,381.117,25.229123424202797,-39.919398995924325,-32.79686458442259,-7.122534411501732
2022-05-10 04:00:00+00:00,273.5,279.6,254.48,258.13,2232291.0,41231.0,261.489028,375.25466666666665,23.79732608514273,-41.55206277227552,-34.54790422199318,-7.004158550282341
2022-05-11 04:00:00+00:00,258.77,269.59,255.0,256.11,1023649.0,27417.0,260.740168,368.6936666666667,23.52910531853624,-42.51882712386379,-36.142088802367304,-6.376738321496482
2022-05-12 04:00:00+00:00,253.82,265.4,250.64,259.53,1191007.0,29635.0,257.976652,362.60566666666665,25.068979735620516,-42.51889803039171,-37.41745064797219,-5.101447382419522
2022-05-13 04:00:00+00:00,264.42,276.84,264.42,275.52,1102343.0,25962.0,272.495179,357.2563333333333,31.966874968152396,-40.758852181883526,-38.08573095475446,-2.673121227129066
2022-05-16 04:00:00+00:00,274.66,281.62,270.12,274.2,1088323.0,23646.0,275.57913,351.51599999999996,31.707382065233958,-39.020709683116365,-38.272726700426844,-0.7479829826895212
2022-05-17 04:00:00+00:00,279.96,285.46,273.99,280.59,1178019.0,27597.0,279.064161,346.0226666666667,34.48012723733166,-36.70449308512934,-37.959079977367345,1.2545868922380023
2022-05-18 04:00:00+00:00,276.5,277.0,267.31,269.11,1310067.0,28161.0,271.693901,340.43300000000005,31.968880754951456,-35.38729212562242,-37.44472240701836,2.0574302813959378
2022-05-19 04:00:00+00:00,267.07,278.795,265.51,273.89,775454.0,20435.0,273.736548,335.51166666666666,34.1203850899536,-33.570712546229515,-36.66992043486059,3.099207888631078
2022-05-20 04:00:00+00:00,280.0,282.41,267.01,275.04,913473.0,25581.0,272.337112,330.60566666666665,34.655807117820245,-31.67315632253161,-35.6705676123948,3.9974112898631873
2022-05-23 04:00:00+00:00,278.46,279.55,266.05,278.71,975845.0,28172.0,274.988144,325.8773333333333,36.4313894259335,-29.532755790317765,-34.44300524797939,4.910249457661628
2022-05-24 04:00:00+00:00,273.17,274.21,265.01,270.18,1187981.0,27024.0,270.066659,321.22700000000003,34.11132497221442,-28.199704025303276,-33.19434500344417,4.994640978140893
2022-05-25 04:00:00+00:00,267.15,281.48,266.69,276.57,896914.0,25795.0,273.902448,316.905,37.3310109396358,-26.32418251111477,-31.820312504978293,5.496129993863523
2022-05-26 04:00:00+00:00,274.42,279.15,268.15,274.83,978024.0,26911.0,275.188766,312.169,36.80362755744028,-24.693569558276238,-30.394963915637884,5.701394357361647
2022-05-27 04:00:00+00:00,276.03,284.57,275.62,284.57,945884.0,25439.0,281.420566,307.99399999999997,41.763245748421795,-22.35763554043092,-28.787498240596495,6.429862700165575
2022-05-31 04:00:00+00:00,284.7,286.4,272.165,277.64,1665181.0,29923.0,277.613885,303.71933333333334,39.39433432747168,-20.82552044906572,-27.195102682290344,6.369582233224623
2022-06-01 04:00:00+00:00,281.07,283.27,263.48,265.17,1099576.0,31469.0,268.077659,298.407,35.49298364875621,-20.38257534387577,-25.832597214607432,5.450021870731661
2022-06-02 04:00:00+00:00,266.76,287.05,264.54,284.87,1117559.0,28971.0,279.664541,293.93,44.79439502571675,-18.23174854814141,-24.31242748131423,6.08067893317282
2022-06-03 04:00:00+00:00,278.66,280.46,272.85,273.6,617821.0,18587.0,275.21336,290.26233333333334,41.1397444462355,-17.23788996404022,-22.89751997785943,5.659630013819211
2022-06-06 04:00:00+00:00,280.87,281.5,266.615,269.01,822307.0,23481.0,270.793383,287.2103333333334,39.718437770183144,-16.628936486877933,-21.643803279663132,5.014866792785199
2022-06-07 04:00:00+00:00,265.76,275.75,265.76,273.51,651533.0,18459.0,271.665785,284.03200000000004,41.83990263219091,-15.603358275575488,-20.4357142788456,4.832356003270114
2022-06-08 04:00:00+00:00,275.42,277.71,272.32,273.13,744366.0,19183.0,274.232685,281.09299999999996,41.70642451566715,-14.652339924548528,-19.27903940798619,4.626699483437662
2022-06-09 04:00:00+00:00,268.72,273.91,262.13,262.55,808943.0,25967.0,266.657336,277.83033333333333,38.06530087847223,-14.584250448108037,-18.34008161601056,3.7558311679025245
2022-06-10 04:00:00+00:00,257.4,259.34,251.63,257.055,1536395.0,32635.0,256.14862,276.2435,36.293059938138256,-14.803049286245994,-17.632675150057647,2.8296258638116534
2022-06-13 04:00:00+00:00,246.89,251.97,242.67,244.01,1265308.0,30980.0,246.082084,274.7135,32.43262157496241,-15.846403939644745,-17.275420907975068,1.4290169683303233
2022-06-14 04:00:00+00:00,245.03,245.63,235.55,238.08,1008612.0,27851.0,238.94788,272.3535,30.82736402588303,-16.956309677325862,-17.21159866184523,0.25528898451936755
2022-06-15 04:00:00+00:00,240.99,249.53,237.12,243.78,1380182.0,29175.0,243.629999,270.44550000000004,34.198699637862845,-17.17795879172195,-17.204870687820573,0.026911896098624766
2022-06-16 04:00:00+00:00,235.59,239.22,228.35,229.82,1506168.0,34164.0,231.282523,267.7431666666667,30.303293529329835,-18.26947352474764,-17.417791255205987,-0.8516822695416515
2022-06-17 04:00:00+00:00,230.96,240.315,230.84,234.47,1940073.0,33002.0,234.770858,266.1015,33.03928929285833,-18.545509585952942,-17.64333492135538,-0.9021746645975632
2022-06-21 04:00:00+00:00,241.14,241.99,229.97,230.31,1412076.0,30368.0,233.097307,264.43149999999997,31.835261138351413,-18.88228416853883,-17.89112477079207,-0.9911593977467597
2022-06-22 04:00:00+00:00,226.48,240.8,225.86,235.09,1599827.0,33076.0,235.794884,263.3025,34.77649351736774,-18.54964563160715,-18.022828942955087,-0.5268166886520618
2022-06-23 04:00:00+00:00,237.98,252.42,236.62,251.12,1160103.0,29409.0,246.230372,263.0688333333333,43.57013724273867,-16.798892981514143,-17.778041750666898,0.9791487691527543
2022-06-24 04:00:00+00:00,253.08,258.93,252.51,258.75,2103652.0,36692.0,257.290375,263.15683333333334,47.21790394487322,-14.627119332791551,-17.14785726709183,2.5207379343002785
2022-06-27 04:00:00+00:00,258.76,259.79,249.1,250.17,1043758.0,25960.0,251.601266,262.8448333333333,43.78991365740435,-13.443340897663717,-16.40695399320621,2.9636130955424917
2022-06-28 04:00:00+00:00,251.51,254.76,241.43,241.92,700014.0,19167.0,245.584245,261.7248333333333,40.72810251189935,-13.020798352789598,-15.729722865122888,2.70892451233329
2022-06-29 04:00:00+00:00,243.87,244.185,236.81,242.15,838598.0,19439.0,241.982672,260.6565,40.85226802222188,-12.523013756631343,-15.08838104342458,2.5653672867932364
2022-06-30 04:00:00+00:00,241.06,243.65,232.62,236.67,824109.0,20632.0,236.801886,259.1925,38.768412656700406,-12.427450169822094,-14.556194868704084,2.12874469888199
2022-07-01 04:00:00+00:00,237.03,247.67,235.28,247.34,681962.0,19065.0,243.509655,258.46683333333334,44.684896386046944,-11.359786958848218,-13.91691328673291,2.557126327884692
2022-07-05 04:00:00+00:00,243.5,255.27,239.18,254.11,765749.0,21446.0,250.044984,257.8075,48.11079203753265,-9.853785446445897,-13.104287718675508,3.2505022722296104
2022-07-06 04:00:00+00:00,254.22,256.035,247.42,249.54,920627.0,22979.0,251.796811,256.95750000000004,46.037984781291144,-8.926134284917651,-12.268657031923938,3.342522747006287
2022-07-07 04:00:00+00:00,251.84,260.19,250.52,259.64,681679.0,23387.0,257.051468,256.3218333333333,51.05677301490792,-7.291921730615826,-11.273309971662318,3.981388241046492
2022-07-08 04:00:00+00:00,254.27,269.46,252.28,261.52,971841.0,27480.0,262.718853,256.03316666666666,51.95255468418195,-5.778485436155819,-10.174345064561019,4.3958596284052
2022-07-11 04:00:00+00:00,257.97,261.5357,247.86,249.48,704542.0,23068.0,250.947236,255.13016666666667,46.129609879618414,-5.487348904186803,-9.236945832486176,3.7495969282993737
2022-07-12 04:00:00+00:00,251.36,254.295,245.91,248.98,565087.0,17743.0,249.067599,254.26850000000002,45.89953339309011,-5.236602630943963,-8.436877192177734,3.200274561233771
2022-07-13 04:00:00+00:00,242.64,254.03,238.3,249.86,568926.0,17941.0,249.866759,253.1115,46.406179284574456,-4.910273184603369,-7.7315563906628615,2.8212832060594923
2022-07-14 04:00:00+00:00,245.15,248.97,240.05,247.18,905715.0,24429.0,245.622725,252.09616666666668,45.02332047502261,-4.812433610580342,-7.147731834646358,2.3352982240660154
2022-07-15 04:00:00+00:00,252.02,256.09,247.27,254.88,449794.0,15542.0,253.354975,251.75316666666666,49.66438905469784,-4.066691111153972,-6.531523689947881,2.464832578793909
2022-07-18 04:00:00+00:00,257.78,261.85,252.79,254.08,617271.0,23095.0,257.262202,250.72683333333333,49.19967515706135,-3.4998935277156136,-5.925197657501428,2.4253041297858147
2022-07-19 04:00:00+00:00,259.11,269.84,256.995,267.31,690667.0,20824.0,265.655088,250.51716666666664,56.45609607901857,-1.9605519050477653,-5.132268507010696,3.171716601962931
2022-07-20 04:00:00+00:00,265.74,282.91,265.335,274.49,954154.0,27861.0,275.918177,250.69983333333332,59.81123082432708,-0.1594090165752391,-4.137696608923605,3.978287592348366
2022-07-21 04:00:00+00:00,275.47,286.46,273.09,284.24,733333.0,21173.0,282.16116,251.0575,63.88111283964341,2.031337223869855,-2.903889842364913,4.935227066234768
2022-07-22 04:00:00+00:00,278.7,281.2252,262.0,265.88,1254999.0,36587.0,268.348459,250.81583333333336,52.997247234797776,2.259969324231463,-1.8711180090456376,4.131087333277101
2022-07-25 04:00:00+00:00,265.3,266.6425,250.22,252.07,1596865.0,41233.0,254.859661,250.4665,46.57003102609343,1.311689980364008,-1.2345564111637086,2.546246391527717
2022-07-26 04:00:00+00:00,253.16,253.16,247.11,251.86,1334959.0,32178.0,250.329949,250.29333333333335,46.477726123269086,0.537035907757172,-0.8802379473795325,1.4172738551367046
2022-07-27 04:00:00+00:00,256.57,265.72,255.31,262.61,1438642.0,40379.0,261.613324,250.91333333333336,51.749906434120255,0.7815429915237928,-0.5478817595988674,1.3294247511226602
2022-07-28 04:00:00+00:00,270.55,283.83,255.9,282.25,2250337.0,52184.0,275.506332,252.38566666666668,59.58306287492972,2.5309255444289533,0.06787970120669673,2.4630458432222566
2022-07-29 04:00:00+00:00,277.59,283.54,274.03,280.97,892903.0,26816.0,279.802391,253.62533333333332,58.911797747825325,3.7705736922102346,0.8084184994074044,2.9621551928028302
2022-08-01 04:00:00+00:00,278.33,289.98,276.69,282.82,917747.0,22362.0,283.294729,255.392,59.61988256305899,4.846416842839858,1.6160181680938952,3.2303986747459628
2022-08-02 04:00:00+00:00,278.02,285.15,275.5353,281.23,584175.0,20138.0,280.872997,256.9506666666667,58.683837564987364,5.507246469768006,2.3942638284287177,3.1129826413392885
2022-08-03 04:00:00+00:00,284.0,287.99,279.0,286.21,628633.0,20387.0,285.551375,258.814,60.76177226667637,6.359494793204419,3.1873100213838583,3.172184771820561
2022-08-04 04:00:00+00:00,286.63,296.25,285.0,293.73,782516.0,23060.0,292.301481,260.76866666666666,63.728329038748704,7.554623880874487,4.060772793281984,3.4938510875925033
2022-08-05 04:00:00+00:00,286.82,294.2,283.28,293.89,708229.0,22157.0,291.166125,262.1943333333333,63.791054805609164,8.417649532116002,4.932148141048788,3.4855013910672135
2022-08-08 04:00:00+00:00,295.19,302.97,291.4001,293.06,642268.0,19994.0,295.722023,263.338,63.18066760228895,8.9316707741757,5.732052667674171,3.1996181065015286
2022-08-09 04:00:00+00:00,288.35,288.35,271.95,273.64,750348.0,22768.0,276.636549,264.12033333333335,50.906895248166045,7.683434758419878,6.122329085823313,1.5611056725965655
2022-08-10 04:00:00+00:00,283.34,287.9,279.44,287.81,717337.0,21389.0,285.406157,265.65,57.408519907406806,7.748281928315805,6.447519654321811,1.3007622739939944
2022-08-11 04:00:00+00:00,291.9,297.92,286.23,287.38,391942.0,14837.0,290.480648,267.15766666666667,57.16112800830509,7.676486612099666,6.693313045877383,0.9831735662222831
2022-08-12 04:00:00+00:00,288.94,290.93,285.14,289.0,552830.0,15780.0,288.531105,268.902,57.89725172828453,7.661986160795266,6.887047668860959,0.7749384919343063
2022-08-15 04:00:00+00:00,288.68,292.87,284.52,286.19,1120719.0,27279.0,287.164219,270.197,56.09661770958139,7.339149782584741,6.977468091605716,0.36168169097902503
2022-08-16 04:00:00+00:00,283.35,291.91,272.305,289.04,861988.0,25921.0,283.842703,271.36133333333333,57.53900180451912,7.229928691022792,7.027960211489131,0.2019684795336607
2022-08-17 04:00:00+00:00,284.01,286.9857,272.73,277.66,663474.0,22219.0,277.517,272.29866666666663,50.416425909260006,6.154157993177705,6.853199767826847,-0.6990417746491415
2022-08-18 04:00:00+00:00,277.22,282.01,273.55,281.66,554071.0,15733.0,279.645893,273.03266666666667,52.635784717882345,5.56027316730848,6.594614447723174,-1.0343412804146936
2022-08-19 04:00:00+00:00,277.56,279.56,268.74,269.82,793606.0,18675.0,272.096592,273.3093333333333,46.06341190958814,4.087112427185161,6.093114043615572,-2.006001616430411
2022-08-22 04:00:00+00:00,263.14,266.82,255.08,256.05,648397.0,18208.0,258.091605,273.52833333333336,39.83381543101704,1.787888343872794,5.232068903667017,-3.4441805597942228
2022-08-23 04:00:00+00:00,255.63,258.3,251.16,252.23,601041.0,18380.0,253.516237,273.63666666666666,38.28689468820222,-0.3386021868576563,4.117934685562082,-4.456536872419738
2022-08-24 04:00:00+00:00,252.68,262.92,251.6,261.7,703043.0,20513.0,259.529239,274.03133333333335,44.08414951280943,-1.245355711653815,3.0452766061189025,-4.290632317772717
2022-08-25 04:00:00+00:00,265.64,273.24,265.61,272.99,569641.0,19044.0,270.596257,274.89166666666665,50.102190207083645,-1.0409562714040703,2.2280300306143084,-3.2689863020183787
2022-08-26 04:00:00+00:00,271.96,271.96,252.12,252.45,868682.0,23854.0,257.60285,274.81066666666663,41.37707529332155,-2.5074700287992187,1.280930018731603,-3.7884000475308217
2022-08-29 04:00:00+00:00,250.0,255.487,246.7,247.99,536645.0,17367.0,249.381099,274.60766666666666,39.75803212921647,-3.983656362612521,0.22801274246277814,-4.211669105075299
2022-08-30 04:00:00+00:00,250.59,254.0,242.908,246.68,545933.0,19150.0,245.687841,273.92,39.271958214711134,-5.199316238248457,-0.8574530536794689,-4.341863184568988
2022-08-31 04:00:00+00:00,250.21,252.5,243.0,243.7,530003.0,15474.0,245.203461,272.89366666666666,38.129939546715555,-6.3302256423705785,-1.952007571417691,-4.3782180709528875
2022-09-01 04:00:00+00:00,238.96,245.97,234.01,245.74,654181.0,21687.0,241.11999,271.6103333333333,39.42848650227351,-6.9813914075105,-2.957884338636253,-4.023507068874247
2022-09-02 04:00:00+00:00,249.54,250.94,241.92,244.51,602515.0,22404.0,245.446797,270.898,38.89837382392377,-7.510123657605789,-3.8683322024301607,-3.641791455175628
2022-09-06 04:00:00+00:00,244.55,244.81,234.55,238.99,651408.0,22561.0,239.192671,270.462,36.524995840742875,-8.279128997052453,-4.75049156135462,-3.528637435697833
2022-09-07 04:00:00+00:00,239.23,250.29,237.66,249.94,594277.0,20072.0,246.372814,270.398,43.844586852902744,-7.913772735968706,-5.383147796277438,-2.5306249396912683
2022-09-08 04:00:00+00:00,245.37,258.25,244.03,257.3,624069.0,19512.0,254.609398,270.221,48.170791250667904,-6.950217001661315,-5.696561637354213,-1.253655364307102
2022-09-09 04:00:00+00:00,259.09,264.93,259.09,263.11,760284.0,23035.0,263.297269,269.58299999999997,51.35661811642199,-5.652613882170755,-5.687772086317521,0.03515820414676618
2022-09-12 04:00:00+00:00,264.29,272.15,264.03,267.79,509014.0,18075.0,267.603956,269.14366666666666,53.81905340477782,-4.19822267593554,-5.389862204241124,1.1916395283055845
2022-09-13 04:00:00+00:00,255.0,255.165,246.45,247.06,706468.0,24112.0,249.845897,267.95166666666665,43.35075948364836,-4.664574606367296,-5.244804684666359,0.5802300782990635
2022-09-14 04:00:00+00:00,246.89,252.12,243.415,246.74,811649.0,21817.0,247.193406,266.802,43.21103584404896,-5.0023195705931585,-5.196307661851719,0.19398809125856076
2022-09-15 04:00:00+00:00,244.02,260.305,244.02,252.0,1237231.0,30182.0,253.123613,265.6616666666667,46.27624416075668,-4.790326940620872,-5.11511151760555,0.324784576984678
2022-09-16 04:00:00+00:00,247.8,250.36,242.25,249.02,1611339.0,32678.0,247.273914,264.17133333333334,44.800884714049936,-4.807366026077119,-5.0535624192998645,0.24619639322274534
2022-09-19 04:00:00+00:00,244.58,247.63,235.2,244.19,802331.0,17530.0,242.660439,262.5146666666667,42.43919712536659,-5.151230084185812,-5.073095952277055,-0.07813413190875718
2022-09-20 04:00:00+00:00,239.56,240.45,231.31,232.22,849560.0,20088.0,234.0384,260.4866666666667,37.20480142246611,-6.316807564650617,-5.321838274751768,-0.9949692898988491
2022-09-21 04:00:00+00:00,232.22,240.2,225.81,226.68,795184.0,22103.0,232.401162,258.92133333333334,35.05009134253385,-7.5999602053037165,-5.777462660862158,-1.8224975444415588
2022-09-22 04:00:00+00:00,224.14,225.66,214.68,217.95,909545.0,24439.0,218.544039,256.5926666666667,31.913529513275222,-9.215080249059781,-6.4649861785016824,-2.7500940705580987
2022-09-23 04:00:00+00:00,215.52,222.93,213.24,222.43,1149847.0,32439.0,218.729785,254.42766666666665,35.12208839881012,-10.018093613836669,-7.1756076655686805,-2.8424859482679885
2022-09-26 04:00:00+00:00,222.43,228.1,217.19,219.64,844051.0,25626.0,221.833558,252.11566666666667,34.04605233367013,-10.75563293252128,-7.8916127189592,-2.86402021356208
2022-09-27 04:00:00+00:00,223.68,225.81,212.42,214.22,968485.0,28016.0,216.095349,249.71666666666667,31.995303395319496,-11.643270484966251,-8.641944272160611,-3.0013262128056404
2022-09-28 04:00:00+00:00,216.6,216.7,206.67,212.1,2323637.0,52304.0,210.767828,247.15200000000002,31.203583669637325,-12.375142977793871,-9.388584013287263,-2.9865589645066084
2022-09-29 04:00:00+00:00,208.57,211.5,204.32,211.01,1083597.0,30576.0,209.271463,244.93033333333332,30.781833718452077,-12.894471649065736,-10.089761540442957,-2.8047101086227784
2022-09-30 04:00:00+00:00,211.96,218.31,206.76,207.11,956367.0,27150.0,211.276834,242.4453333333333,29.258065315318902,-13.465518651924668,-10.7649129627393,-2.700605689185368
2022-10-03 04:00:00+00:00,209.14,217.32,206.0,215.64,1051813.0,26788.0,214.364044,240.63933333333335,36.64515567823466,-13.079011105424712,-11.227732591276384,-1.8512785141483281
2022-10-04 04:00:00+00:00,221.67,230.27,220.83,229.91,1217124.0,31791.0,227.891582,239.768,46.67680354861105,-11.4887956646578,-11.279945205952668,-0.20885045870513252
2022-10-05 04:00:00+00:00,225.81,230.45,221.45,228.81,587832.0,19119.0,226.951028,238.98733333333334,46.071217948122495,-10.19972321773605,-11.063900808309345,0.8641775905732949
2022-10-06 04:00:00+00:00,229.16,233.6399,222.05,222.36,579511.0,19390.0,224.312626,237.67600000000002,42.58256354981275,-9.5880599249314,-10.768732631633757,1.1806727067023566
2022-10-07 04:00:00+00:00,217.46,220.09,210.39,211.58,779545.0,25918.0,213.507164,235.629,37.475001582776194,-9.859513927150772,-10.58688889073716,0.7273749635863886
2022-10-10 04:00:00+00:00,213.17,213.79,205.0,207.38,692571.0,21040.0,208.186191,234.12666666666667,35.679381825451586,-10.29487516618704,-10.528486145827136,0.2336109796400958
2022-10-11 04:00:00+00:00,206.77,213.1,202.01,208.45,740321.0,24350.0,208.130632,232.80866666666668,36.51396588269142,-10.433293513965452,-10.5094476194548,0.07615410548934776
2022-10-12 04:00:00+00:00,207.98,209.58,203.21,208.05,719069.0,21110.0,207.30752,231.52100000000002,36.324217953695594,-10.454751837564345,-10.49850846307671,0.04375662551236559
2022-10-13 04:00:00+00:00,200.02,214.37,197.87,212.31,869160.0,23726.0,209.501671,230.47466666666665,39.90587770560965,-10.012592383545638,-10.401325247170496,0.3887328636248579
2022-10-14 04:00:00+00:00,216.79,217.73,201.09,201.63,718577.0,22069.0,204.066084,229.00433333333334,34.64459261930783,-10.404033353946431,-10.401866868525683,-0.0021664854207479323
2022-10-17 04:00:00+00:00,205.61,213.49,203.26,211.44,725407.0,21737.0,210.873734,227.90200000000002,42.18474083020275,-9.809589289685562,-10.28341135275766,0.47382206307209884
2022-10-18 04:00:00+00:00,219.47,222.37,207.99,210.0,765270.0,22671.0,212.657455,226.9356666666667,41.429157058715475,-9.34693836424259,-10.096116755054647,0.7491783908120571
2022-10-19 04:00:00+00:00,207.17,210.07,203.57,204.98,530071.0,16587.0,206.381593,225.43699999999998,38.818826277574026,-9.278400592294474,-9.932573522502613,0.6541729302081389
2022-10-20 04:00:00+00:00,204.01,208.055,197.78,198.28,1076902.0,25846.0,201.068056,223.46966666666665,35.595254676120675,-9.653439083306125,-9.876746634663316,0.22330755135719116
2022-10-21 04:00:00+00:00,196.58,208.45,192.63,207.67,1183000.0,28269.0,202.61124,221.62166666666664,42.76835086217304,-9.088202128021152,-9.719037733334885,0.6308356053137327
2022-10-24 04:00:00+00:00,207.97,211.51,204.87,211.39,852039.0,22835.0,209.117247,219.74166666666667,45.3644777603997,-8.245031269857463,-9.424236440639401,1.1792051707819375
2022-10-25 04:00:00+00:00,212.39,221.72,212.39,217.98,1402189.0,29292.0,216.732599,218.7723333333333,49.71605002715639,-6.964768845143993,-8.93234292154032,1.9675740763963265
2022-10-26 04:00:00+00:00,219.17,229.56,217.98,221.64,1303593.0,35078.0,217.104977,217.93566666666666,52.00254206011099,-5.590377841791309,-8.263949905590518,2.6735720637992095
2022-10-27 04:00:00+00:00,188.89,188.89,176.0001,181.53,4187868.0,79021.0,181.738835,215.58666666666664,33.841352853590365,-7.649525883702552,-8.141065101212925,0.49153921751037366
2022-10-28 04:00:00+00:00,180.23,190.445,179.25,188.62,1864467.0,43105.0,185.803898,213.57333333333332,37.96547417430283,-8.610060379402796,-8.2348641568509,-0.3751962225518959
2022-10-31 04:00:00+00:00,190.0,201.5618,190.0,194.3,1989488.0,42739.0,196.325168,211.9103333333333,41.13150081180242,-8.811390136667626,-8.350169352814246,-0.4612207838533795
2022-11-01 04:00:00+00:00,197.55,202.42,192.53,193.06,2003421.0,35639.0,195.119567,210.60500000000002,40.6438222398178,-8.96762980248289,-8.473661442747975,-0.4939683597349145
2022-11-02 04:00:00+00:00,192.44,193.27,178.91,179.08,1334419.0,30945.0,185.245398,209.01833333333335,35.529188131650685,-10.103058260856841,-8.799540806369748,-1.3035174544870927
2022-11-03 04:00:00+00:00,176.39,177.34,172.05,175.83,1277124.0,31558.0,175.200435,207.61433333333335,34.444025567446175,-11.136763654046064,-9.266985375905012,-1.8697782781410517
2022-11-04 04:00:00+00:00,182.54,182.61,175.93,180.93,844484.0,23658.0,179.813011,206.23100000000002,37.661656833335364,-11.412894504504322,-9.696167201624874,-1.7167273028794483
2022-11-07 05:00:00+00:00,182.8,184.35,178.93,181.37,911085.0,22400.0,181.06731,204.95533333333333,37.94464640674981,-11.464075147974427,-10.049748790894785,-1.4143263570796414
2022-11-08 05:00:00+00:00,181.4,185.48,175.34,180.4,1411966.0,30928.0,180.414735,203.828,37.54005760793421,-11.450908129063833,-10.329980658528596,-1.1209274705352374
2022-11-09 05:00:00+00:00,179.72,179.72,174.13,174.58,1202387.0,34662.0,175.948151,202.5773333333333,35.120374894764694,-11.774370913346814,-10.61885870949224,-1.155512203854574
2022-11-10 05:00:00+00:00,186.96,196.71,186.5,196.48,1604690.0,52094.0,193.083694,202.093,48.5571321736328,-10.146606759570261,-10.524408319507845,0.37780155993758413
2022-11-11 05:00:00+00:00,197.8,221.62,195.95,218.98,1909831.0,52670.0,214.383521,202.48866666666666,58.14741677978579,-6.96079032274173,-9.811684720154622,2.850894397412892
2022-11-14 05:00:00+00:00,214.74,214.99,210.062,210.33,1330117.0,32639.0,211.848789,202.31166666666664,53.980974965987706,-5.075483538072746,-8.864444483738247,3.788960945665501
2022-11-15 05:00:00+00:00,215.55,220.3,211.87,212.92,815574.0,27376.0,215.582173,201.74533333333332,55.0202260912004,-3.3339413730121805,-7.758343861593034,4.424402488580854
2022-11-16 05:00:00+00:00,212.84,212.9025,200.18,201.39,732224.0,24401.0,203.169575,200.83133333333336,49.645266953833676,-2.851263706676832,-6.776927830609794,3.925664123932962
2022-11-17 05:00:00+00:00,195.58,196.63,191.71,194.96,1243717.0,23157.0,197.027022,199.918,46.893977903801805,-2.953538883118597,-6.012250041111555,3.058711157992958
2022-11-18 05:00:00+00:00,200.0,201.15,191.7369,193.56,605957.0,16973.0,194.357075,199.31733333333332,46.292430169187334,-3.111691356021794,-5.432138304093603,2.320446948071809
2022-11-21 05:00:00+00:00,190.38,194.25,189.0,191.63,737531.0,21445.0,191.42467,198.79233333333332,45.42729521914424,-3.3540992324442414,-5.016530489763731,1.66243125731949
2022-11-22 05:00:00+00:00,192.9,192.9,188.01,191.39,757236.0,18103.0,190.566578,198.22366666666667,45.313887187626925,-3.5249418794140297,-4.7182127676937915,1.1932708882797618
2022-11-23 05:00:00+00:00,192.33,199.17,191.035,196.28,455886.0,16612.0,195.937663,197.83133333333333,48.15393116986452,-3.2285372081862533,-4.420277655792284,1.1917404476060307
2022-11-25 05:00:00+00:00,194.82,196.28,190.99,194.67,387805.0,10830.0,194.34764,197.24333333333334,47.283254173529,-3.087951927786264,-4.15381251019108,1.0658605824048157
2022-11-28 05:00:00+00:00,194.69,197.86,189.07,189.78,772769.0,25623.0,191.211816,196.84833333333333,44.642996425271825,-3.332701899805812,-3.9895903881140264,0.6568884883082142
2022-11-29 05:00:00+00:00,188.86,194.05,187.36,191.83,583656.0,18175.0,191.81651,196.19466666666668,46.00421697337993,-3.3229453035270353,-3.8562613711966285,0.5333160676695932
2022-11-30 05:00:00+00:00,192.39,196.74,184.69,196.66,1692806.0,35846.0,193.797055,195.75,49.1753074641938,-2.892133778767004,-3.6634358527107036,0.7713020739436995
2022-12-01 05:00:00+00:00,197.59,202.24,195.7,201.77,848844.0,24960.0,199.843369,195.643,52.36282954522061,-2.1140092647382858,-3.35355053511622,1.2395412703779343
2022-12-02 05:00:00+00:00,197.03,199.995,195.925,198.41,566973.0,19892.0,198.006344,195.64733333333334,50.136273882801156,-1.7483104658298885,-3.0325025212589543,1.2841920554290658
2022-12-05 05:00:00+00:00,195.0,195.8422,187.54,187.91,932847.0,24500.0,189.71248,194.98866666666666,43.85984960947217,-2.279477384453486,-2.8818974938978608,0.6024201094443749
2022-12-06 05:00:00+00:00,186.76,187.23,183.26,186.04,708647.0,22782.0,185.422759,194.1436666666667,42.83145438429652,-2.8188306411021244,-2.869284123338714,0.05045348223658941
2022-12-07 05:00:00+00:00,185.67,189.09,184.66,187.33,564037.0,18252.0,187.034878,193.122,43.81022958730691,-3.106371447409714,-2.916701588152914,-0.1896698592567998
2022-12-08 05:00:00+00:00,188.53,192.02,186.05,190.46,663471.0,20868.0,189.794066,192.08266666666668,46.21633960321885,-3.0465658518112946,-2.9426744408845904,-0.10389141092670418
2022-12-09 05:00:00+00:00,190.52,193.54,188.4827,188.81,603631.0,18123.0,189.936564,192.32533333333333,45.11949095435974,-3.096614848401572,-2.9734625223879867,-0.12315232601358517
2022-12-12 05:00:00+00:00,190.95,196.435,188.4,195.01,1106494.0,29532.0,194.767539,192.53833333333336,49.92828375616005,-2.605951072528967,-2.899960232416183,0.2940091598872159
2022-12-13 05:00:00+00:00,205.81,207.49,195.89,198.58,1030230.0,27585.0,200.810457,192.681,52.50871935536173,-1.907044113397717,-2.7013770086124897,0.7943328952147728
2022-12-14 05:00:00+00:00,197.32,202.0,193.52,195.81,691312.0,19439.0,197.472148,192.77266666666668,50.34092550804524,-1.558703400535336,-2.472842286997059,0.914138886461723
2022-12-15 05:00:00+00:00,191.74,216.04,186.74,201.97,2746735.0,65518.0,202.330374,193.53566666666666,54.809034884826794,-0.7766278744974215,-2.1335994044971316,1.35697152999971
2022-12-16 05:00:00+00:00,198.25,200.0,192.998,198.21,2032539.0,39535.0,197.121851,194.28166666666667,51.748384075901036,-0.4549831988324513,-1.7978761633641958,1.3428929645317444
2022-12-19 05:00:00+00:00,197.9,202.81,197.81,198.76,1176709.0,29429.0,199.59551,194.876,52.16913914226574,-0.15392274697148878,-1.4690854800856545,1.3151627331141658
2022-12-20 05:00:00+00:00,196.3,203.64,195.86,200.75,903428.0,24208.0,200.452746,195.522,53.74091145271784,0.24245137054887778,-1.1267781099587482,1.369229480507626
2022-12-21 05:00:00+00:00,201.04,204.385,200.16,204.28,818976.0,21195.0,202.909836,196.318,56.473306123798366,0.831833355836352,-0.7350558167997281,1.56688917263608
2022-12-22 05:00:00+00:00,202.28,203.63,196.88,203.49,728835.0,24352.0,200.849131,197.2816666666667,55.6806447728649,1.2211003431033305,-0.3438245848191164,1.5649249279224469
2022-12-23 05:00:00+00:00,201.58,203.88,198.25,203.67,931528.0,20415.0,202.526439,197.5213333333333,55.83276074620009,1.5265249018669067,0.030245312518088263,1.4962795893488186
2022-12-27 05:00:00+00:00,203.23,207.12,200.16,204.59,729919.0,17212.0,204.021747,197.04166666666666,56.6517032844235,1.8218116655492906,0.3885585831243288,1.4332530824249619
2022-12-28 05:00:00+00:00,204.8,206.525,200.39,201.58,1140548.0,22516.0,203.331087,196.75,53.177580963747744,1.7922863474594237,0.6693041359913479,1.1229822114680759
2022-12-29 05:00:00+00:00,203.61,214.2,201.61,212.14,728492.0,25822.0,211.368631,196.72400000000002,61.985338773625294,2.59112222248919,1.0536677532909162,1.5374544691982739
2022-12-30 05:00:00+00:00,208.1,211.31,206.71,210.9,681522.0,22892.0,209.904027,197.041,60.545104958198024,3.088544948253343,1.4606431922834018,1.6279017559699414
2023-01-03 05:00:00+00:00,215.46,219.53,208.285,212.28,1169457.0,29131.0,211.90946,197.61833333333334,61.614057244140454,3.553151984698218,1.879144950766365,1.674007033931853
2023-01-04 05:00:00+00:00,217.26,225.23,215.14,224.63,1021145.0,30305.0,222.002859,198.65400000000002,69.56187468924082,4.861853771261025,2.475686714865297,2.386167056395728
2023-01-05 05:00:00+00:00,221.89,222.9171,216.9,219.82,778062.0,24033.0,220.054255,199.59366666666668,64.00356619632353,5.4480804841377335,3.070165468719784,2.3779150154179494
2023-01-06 05:00:00+00:00,222.1,222.99,212.87,220.77,636963.0,23064.0,220.17363,200.57299999999998,64.6051207472065,5.921072005803097,3.6403467761364467,2.2807252296666505
2023-01-09 05:00:00+00:00,224.03,230.35,222.08,227.67,830680.0,27020.0,227.436899,201.61933333333334,68.69690717569915,6.774600155189859,4.26719745194713,2.507402703242729
