timestamp,open,high,low,close,volume,trade_count,vwap,30sma,rsi,macd,signal,histogram
2022-01-03 05:00:00+00:00,145.135,151.65,145.02,150.24,59469052.0,437502.0,149.58802,,,,,
2022-01-04 05:00:00+00:00,151.01,152.42,140.7,144.42,80192297.0,637966.0,144.348728,,,,,
2022-01-05 05:00:00+00:00,142.9,143.76,135.29,136.12,63951708.0,520732.0,139.392655,,,,,
2022-01-06 05:00:00+00:00,136.19,138.0,131.77,136.23,64745990.0,501919.0,135.457218,,,,,
2022-01-07 05:00:00+00:00,136.28,137.44,131.13,132.0,58422335.0,423171.0,133.428756,,,,,
2022-01-10 05:00:00+00:00,129.08,132.42,125.03,132.0,84586089.0,674907.0,128.506249,,,,,
2022-01-11 05:00:00+00:00,133.45,138.99,131.59,137.31,77153906.0,499284.0,136.12792,,,,,
2022-01-12 05:00:00+00:00,138.585,140.57,135.77,137.47,69653112.0,458509.0,138.022303,,,,,
2022-01-13 05:00:00+00:00,139.44,141.25,131.81,132.74,76573668.0,534967.0,135.704808,,,,,
2022-01-14 05:00:00+00:00,131.68,137.0,131.43,136.88,71040856.0,466513.0,135.055111,,,,,
2022-01-18 05:00:00+00:00,134.5,136.3893,131.59,131.93,56548910.0,426257.0,133.745993,,,,,
2022-01-19 05:00:00+00:00,133.55,134.57,128.02,128.27,70861306.0,501898.0,130.672011,,,,,
2022-01-20 05:00:00+00:00,126.14,128.51,121.41,121.89,91025879.0,696141.0,125.852948,,,,,
2022-01-21 05:00:00+00:00,120.14,125.02,118.39,118.81,95400840.0,763475.0,121.396165,,,,,
2022-01-24 05:00:00+00:00,115.4,116.77,107.5,116.53,115344556.0,879546.0,112.278372,,18.287864534336748,,,
2022-01-25 05:00:00+00:00,114.1,114.82,109.86,111.13,85158380.0,601912.0,112.021706,,16.484247602896062,,,
2022-01-26 05:00:00+00:00,114.55,117.16,108.63,110.71,93727393.0,661622.0,113.175525,,16.34919039320343,,,
2022-01-27 05:00:00+00:00,111.96,112.75,101.94,102.6,125728775.0,1015631.0,106.231609,,13.969194277918689,,,
2022-01-28 05:00:00+00:00,101.55,105.4,99.35,105.24,98670568.0,769193.0,102.617884,,18.146397011416312,,,
2022-01-31 05:00:00+00:00,107.93,114.31,106.9,114.25,97128144.0,682937.0,111.430029,,30.54179962215447,,,
2022-02-01 05:00:00+00:00,116.74,117.26,112.73,116.78,122391375.0,925054.0,116.148072,,33.58325090670911,,,
2022-02-02 05:00:00+00:00,129.89,130.06,120.64,122.76,180005703.0,1254042.0,124.059825,,40.243739597294656,,,
2022-02-03 05:00:00+00:00,120.32,125.37,118.816,120.08,103520449.0,715269.0,122.137908,,38.38585802565011,,,
2022-02-04 05:00:00+00:00,120.34,124.96,118.58,123.6,86138613.0,602859.0,122.299518,,42.1626301733623,,,
2022-02-07 05:00:00+00:00,123.56,127.63,122.785,123.67,81632348.0,524509.0,125.426486,,42.23845636262785,,,
2022-02-08 05:00:00+00:00,122.38,128.705,122.05,128.23,84845898.0,565603.0,125.963873,,47.10352440038548,-4.503435932589667,,
2022-02-09 05:00:00+00:00,129.6,132.96,127.65,132.85,92223243.0,611501.0,130.790847,,51.55553423024091,-3.2515507639116095,,
2022-02-10 05:00:00+00:00,128.84,131.7589,124.61,125.77,107796184.0,781125.0,128.91426,,45.267792943027025,-2.798460665785953,,
2022-02-11 05:00:00+00:00,126.14,127.1699,111.81,113.18,161834152.0,1179005.0,117.689416,,36.696902617797626,-3.4159147408637125,,
2022-02-14 05:00:00+00:00,115.51,118.37,113.46,114.4596,125978108.0,858962.0,116.14559,125.27165333333333,37.982149362379566,-3.7586708995045512,,
2022-02-15 05:00:00+00:00,117.19,121.88,114.36,121.47,143012844.0,801932.0,118.514769,124.31265333333333,44.61645606784439,-3.4251440049980033,,
2022-02-16 05:00:00+00:00,119.05,119.54,114.22,117.69,117875610.0,690177.0,116.90049,123.42165333333334,42.007089402184526,-3.426339241438768,,
2022-02-17 05:00:00+00:00,116.26,116.98,112.26,112.37,97354724.0,585983.0,114.602904,122.62998666666665,38.586651952522544,-3.8126165435910764,,
2022-02-18 05:00:00+00:00,113.9,115.635,109.89,113.83,113057974.0,718045.0,112.782771,121.88332,40.029831085226334,-3.9553395974871535,-3.5941635989078327,-0.3611759985793208
2022-02-22 05:00:00+00:00,115.27,119.2,113.61,115.65,139474500.0,873844.0,116.242997,121.33832000000001,41.86386285190158,-3.8768993736452018,-3.6507107538553067,-0.22618861978989502
2022-02-23 05:00:00+00:00,117.4,118.65,109.04,109.765,120320433.0,762483.0,113.184173,120.59715333333332,37.83464283642289,-4.240720857830041,-3.768712774650254,-0.47200808317978726
2022-02-24 05:00:00+00:00,104.56,116.96,104.26,116.51,142956572.0,960187.0,111.288279,119.90382,44.43548545668666,-3.939376198911276,-3.802845459502459,-0.13653073940881733
2022-02-25 05:00:00+00:00,117.16,121.23,116.0421,121.06,124731568.0,773006.0,119.359436,119.35682,48.414646210497345,-3.295423817149711,-3.7013611310319097,0.40593731388219867
2022-02-28 05:00:00+00:00,120.31,124.61,119.2,123.34,122146617.0,691269.0,122.240769,119.04348666666667,50.33402656694391,-2.571467691072712,-3.4753824430400706,0.9039147519673585
2022-03-01 05:00:00+00:00,122.33,122.43,112.8,113.83,123964647.0,812951.0,116.860055,118.27515333333334,43.12617369165446,-2.7335936015129647,-3.3270246747346497,0.593431073221685
2022-03-02 05:00:00+00:00,115.47,119.48,113.31,118.28,116620869.0,685009.0,116.754973,117.82015333333332,46.95407262828467,-2.474477507396216,-3.156515241266963,0.6820377338707471
2022-03-03 05:00:00+00:00,118.13,118.26,111.05,111.98,122031139.0,743127.0,113.638169,117.27715333333332,42.58426431636356,-2.745831251237547,-3.07437844326108,0.328547192023533
2022-03-04 05:00:00+00:00,112.0,113.0,106.81,108.41,98946166.0,654647.0,109.070561,116.82782,40.29571470215584,-3.2119251388484145,-3.1018877823785473,-0.11003735646986712
2022-03-07 05:00:00+00:00,108.53,109.53,102.82,102.95,90874040.0,638430.0,105.514637,116.29915333333334,37.01895601044338,-3.9760508326877186,-3.2767203924403816,-0.699330440247337
2022-03-08 05:00:00+00:00,102.81,109.9,100.08,105.53,132435119.0,814461.0,105.15034,115.93248666666666,39.521592047059315,-4.323601722930064,-3.4860966585383184,-0.8375050643917459
2022-03-09 05:00:00+00:00,108.41,111.71,106.85,111.05,99699510.0,577793.0,109.638526,115.92982,44.59436934166951,-4.106285734112163,-3.6101344736530874,-0.4961512604590754
2022-03-10 05:00:00+00:00,108.89,109.07,103.07,106.46,101550999.0,627819.0,105.337509,115.78815333333334,41.47885004923685,-4.255382486643882,-3.7391840762512465,-0.5161984103926351
2022-03-11 05:00:00+00:00,108.13,108.19,104.08,104.29,86148916.0,527619.0,105.971326,115.84448666666665,40.05413026214135,-4.496807207440597,-3.8907087024891167,-0.60609850495148
2022-03-14 04:00:00+00:00,102.99,105.2397,101.04,102.25,88212046.0,543198.0,102.986442,115.74481999999999,38.70808533640652,-4.797447006270616,-4.072056363245417,-0.7253906430251993
2022-03-15 04:00:00+00:00,102.66,109.69,101.79,109.33,111226730.0,625038.0,107.21894,115.58081999999999,45.54748477043966,-4.413532922661432,-4.1403516751286205,-0.27318124753281126
2022-03-16 04:00:00+00:00,111.6,115.42,109.89,115.37,111472282.0,662492.0,113.432338,115.53382,50.61080179131797,-3.5806255019116406,-4.028406440485225,0.44778093857358403
2022-03-17 04:00:00+00:00,112.14,114.27,109.71,111.69,101957760.0,672591.0,111.393814,115.16482,47.7005148864873,-3.1808191124135163,-3.858888974870883,0.6780698624573667
2022-03-18 04:00:00+00:00,111.28,114.93,110.55,113.46,104936172.0,607457.0,113.232167,114.94415333333333,49.21321703049933,-2.690135256112555,-3.6251382311192177,0.9350029750066629
2022-03-21 04:00:00+00:00,113.73,117.57,112.54,115.92,100990922.0,640250.0,114.901913,114.68815333333333,51.3206199248953,-2.078800209083468,-3.3158706267120683,1.2370704176286003
2022-03-22 04:00:00+00:00,115.43,117.95,113.81,114.78,101069686.0,585233.0,115.492824,114.39182000000001,50.279402555004175,-1.6670841442135753,-2.98611333021237,1.3190291859987946
2022-03-23 04:00:00+00:00,114.29,117.55,112.21,113.92,89911294.0,565061.0,114.993705,113.91482,49.46410165811539,-1.3941204564184915,-2.667714755453594,1.2735942990351026
2022-03-24 04:00:00+00:00,114.96,120.55,113.71,120.53,121116692.0,721461.0,118.16099,113.50415333333333,55.444338680035756,-0.6370791573605885,-2.261587635834993,1.6245084784744046
2022-03-25 04:00:00+00:00,119.915,121.4,117.2533,119.67,94986960.0,549495.0,119.098824,113.30082,54.54003254979447,-0.10529945972422183,-1.830330000612839,1.725030540888617
2022-03-28 04:00:00+00:00,117.7,120.41,116.71,120.24,178299051.0,963074.0,118.778474,113.53615333333333,55.06317711596899,0.3580071348310412,-1.392662573524063,1.7506697083551042
2022-03-29 04:00:00+00:00,122.28,123.71,119.59,123.23,94231244.0,546968.0,121.8373,113.8285,57.806157440165016,0.9554352971198767,-0.9230429993952751,1.8784782965151519
2022-03-30 04:00:00+00:00,123.04,125.67,118.59,119.22,99476946.0,577132.0,122.561401,113.7535,53.12278167541784,1.092731603219434,-0.5198880788723333,1.6126196820917675
2022-03-31 04:00:00+00:00,116.31,116.38,109.02,109.34,146876970.0,948988.0,111.54092,113.47516666666667,43.72345701907727,0.3996990042579114,-0.33597066224628447,0.7356696665041959
2022-04-01 04:00:00+00:00,110.48,111.42,106.102,108.19,111850604.0,732527.0,107.615876,113.33583333333334,42.77475686443258,-0.23956812033311792,-0.3166901538636512,0.07712203353053326
2022-04-04 04:00:00+00:00,109.97,110.9391,107.03,110.53,90129941.0,582127.0,109.324689,113.22583333333334,45.37211345656859,-0.5510216439262905,-0.3635564518761791,-0.18746519205011142
2022-04-05 04:00:00+00:00,109.685,110.48,106.05,106.82,79409853.0,545309.0,107.897367,112.9315,42.10879483508595,-1.0847129043605435,-0.5077877423730519,-0.5769251619874916
2022-04-06 04:00:00+00:00,104.45,105.744,101.7106,103.67,104801297.0,712440.0,103.419542,112.72833333333334,39.51041078139273,-1.741767733426002,-0.754583740583642,-0.98718399284236
2022-04-07 04:00:00+00:00,103.92,105.24,100.91,103.72,89994362.0,539256.0,103.405634,112.30199999999999,39.57414863616473,-2.2327164714866683,-1.0502102867642473,-1.182506184722421
2022-04-08 04:00:00+00:00,102.51,102.99,100.4205,101.0,92618679.0,562058.0,101.449443,111.63333333333334,37.27324917317368,-2.8088989133121345,-1.4019480120738248,-1.4069509012383097
2022-04-11 04:00:00+00:00,98.6,98.67,95.94,97.37,94623515.0,638055.0,97.345411,110.76766666666666,34.398817559465,-3.5178863088926136,-1.8251356714375826,-1.692750637455031
2022-04-12 04:00:00+00:00,98.78,99.59,94.6,95.1,88930865.0,616675.0,96.798357,110.14333333333333,32.70052179571839,-4.214353512736096,-2.3029792396972857,-1.9113742730388106
2022-04-13 04:00:00+00:00,95.3,98.33,94.71,97.74,77530876.0,464444.0,97.139544,109.45866666666667,36.61963068892328,-4.501393589676326,-2.742662109693094,-1.7587314799832319
2022-04-14 04:00:00+00:00,98.37,98.39,92.92,93.06,73249302.0,516565.0,95.199725,108.828,32.95580982671349,-5.048317939533447,-3.203793275661165,-1.8445246638722823
2022-04-18 04:00:00+00:00,92.03,95.16,91.64,93.89,80483997.0,490266.0,93.601002,108.344,34.21293267712876,-5.353078408059304,-3.633650302140793,-1.7194281059185106
2022-04-19 04:00:00+00:00,93.385,97.07,92.84,96.93,76952902.0,457741.0,95.876572,108.14333333333335,38.74346441476338,-5.288339989860944,-3.9645882396848235,-1.3237517501761205
2022-04-20 04:00:00+00:00,97.84,97.91,93.2,94.02,62264843.0,435472.0,94.880338,107.75966666666666,36.175288644777005,-5.409489776288311,-4.253568547005521,-1.1559212292827894
2022-04-21 04:00:00+00:00,95.16,96.23,89.24,89.85,76423057.0,550197.0,91.842214,107.05300000000001,32.81815799810373,-5.7754106656397965,-4.557936970732377,-1.2174736949074196
2022-04-22 04:00:00+00:00,90.03,91.46,87.935,88.14,74861030.0,520262.0,89.414774,106.44233333333334,31.526130818586054,-6.132694431762587,-4.872888462938419,-1.2598059688241685
2022-04-25 04:00:00+00:00,89.86,91.37,88.61,90.69,93110333.0,625673.0,89.847494,105.989,35.59792715598361,-6.139310551297399,-5.1261728806102145,-1.0131376706871844
2022-04-26 04:00:00+00:00,89.74,90.12,85.08,85.16,88907617.0,603473.0,86.44692,105.41933333333333,31.25703855076094,-6.515670068866854,-5.404072318261543,-1.111597750605311
2022-04-27 04:00:00+00:00,84.21,87.9,84.02,84.91,82536592.0,532770.0,85.788154,104.60533333333335,31.072566482147167,-6.7562290063487325,-5.674503655878981,-1.0817253504697515
2022-04-28 04:00:00+00:00,86.67,90.58,84.78,89.64,91148460.0,570206.0,87.815815,103.74766666666666,38.47143623995656,-6.490385108292102,-5.837679946361606,-0.6527051619304967
2022-04-29 04:00:00+00:00,88.05,91.79,85.38,85.52,82423414.0,506897.0,87.969957,102.87533333333333,34.952051808114604,-6.536799317982286,-5.977503820685742,-0.559295497296544
2022-05-02 04:00:00+00:00,85.655,90.37,85.3201,89.84,97760056.0,622893.0,87.50143,102.08800000000001,41.0423643676904,-6.15405490314717,-6.012814037178028,-0.14124086596914154
2022-05-03 04:00:00+00:00,89.85,92.21,89.01,91.13,126010083.0,788565.0,91.294878,101.26166666666667,42.76563503132253,-5.681146260149333,-5.94648048177229,0.2653342216229566
2022-05-04 04:00:00+00:00,98.2,99.69,91.7,99.42,224395487.0,1277718.0,94.988161,100.74966666666666,52.395329409954115,-4.584580841730514,-5.674100553763935,1.0895197120334217
2022-05-05 04:00:00+00:00,97.65,97.84,92.17,93.87,152533831.0,884157.0,94.504403,100.08133333333333,46.72709789663728,-4.115937498619132,-5.362467942734975,1.2465304441158427
2022-05-06 04:00:00+00:00,94.34,98.18,92.65,95.34,143824848.0,872565.0,95.603416,99.24166666666666,48.32177097502279,-3.5845965602997296,-5.006893666247926,1.4222971059481964
2022-05-09 04:00:00+00:00,92.865,93.74,85.38,86.36,143472590.0,891951.0,88.696024,98.13133333333333,40.37147023423252,-3.8438069754591737,-4.774276328090176,0.9304693526310022
2022-05-10 04:00:00+00:00,89.18,90.7721,85.41,88.73,136499936.0,730740.0,88.064721,97.08099999999999,43.03528098228785,-3.8140281614050906,-4.582226694753159,0.7681985333480688
2022-05-11 04:00:00+00:00,87.84,93.46,86.53,87.92,135352245.0,852378.0,90.308904,95.904,42.33911563114397,-3.81184785795638,-4.428150927393804,0.6163030694374241
2022-05-12 04:00:00+00:00,86.6,88.54,83.27,87.06,128654014.0,876814.0,85.68514,94.83200000000001,41.570218597666255,-3.8353037699785375,-4.30958149591075,0.47427772593221285
2022-05-13 04:00:00+00:00,88.3,96.57,88.22,95.12,137587806.0,812842.0,93.739655,94.35799999999999,50.62106854090417,-3.1670107805944383,-4.081067352847488,0.9140565722530498
2022-05-16 04:00:00+00:00,93.86,98.169,93.0801,94.24,129011257.0,708308.0,95.643519,93.893,49.7155862072064,-2.6775275463978403,-3.8003593915575586,1.1228318451597183
2022-05-17 04:00:00+00:00,97.79,103.2,97.54,102.47,163557416.0,884215.0,100.887964,93.62433333333334,57.3917497582051,-1.6069919350313029,-3.361685900252308,1.754693965221005
2022-05-18 04:00:00+00:00,100.0,104.22,95.71,96.3151,138542037.0,812700.0,99.142515,93.27416999999998,51.10817159841819,-1.2409290835614257,-2.9375345369141317,1.696605453352706
2022-05-19 04:00:00+00:00,96.69,100.69,95.09,96.67,140201699.0,775954.0,98.211572,93.04083666666665,51.43832886540116,-0.911674951115657,-2.532362619754437,1.62068766863878
2022-05-20 04:00:00+00:00,98.385,98.64,88.26,93.5,163178197.0,902996.0,92.466547,92.70017,48.3008737917479,-0.8962003464801995,-2.20513016509959,1.3089298186193905
2022-05-23 04:00:00+00:00,91.66,95.19,90.92,95.07,128462866.0,659586.0,93.392449,92.50250333333334,49.92977694734643,-0.7486210938857027,-1.9138283508568128,1.16520725697111
2022-05-24 04:00:00+00:00,92.54,93.42,89.62,91.16,123009888.0,638700.0,91.264969,92.29550333333333,46.039302349232315,-0.9363738607260643,-1.7183374528306632,0.7819635921045989
2022-05-25 04:00:00+00:00,90.425,93.88,89.52,92.65,111179952.0,585740.0,91.656897,92.21383666666667,47.71133482258647,-0.953942280777909,-1.5654584184201124,0.6115161376422034
2022-05-26 04:00:00+00:00,91.34,100.33,90.74,98.75,128593590.0,733612.0,97.69446,92.24750333333333,53.996112695263264,-0.47022588872987114,-1.3464119124820644,0.8761860237521932
2022-05-27 04:00:00+00:00,100.14,102.4,99.38,102.26,104172546.0,574281.0,101.178326,92.55417000000001,57.18500764713802,0.1941128900967044,-1.0383069519663106,1.232419842063015
2022-05-31 04:00:00+00:00,102.43,104.55,100.04,101.86,124525869.0,641644.0,102.69353,92.81983666666666,56.702630805695925,0.6804852907146994,-0.6945485034301087,1.375033794144808
2022-06-01 04:00:00+00:00,102.13,103.57,99.55,101.22,98930788.0,569055.0,101.585236,92.96283666666666,55.890277046753894,1.0027373391679362,-0.3550913349104997,1.3578286740784358
2022-06-02 04:00:00+00:00,100.78,109.5,100.78,108.59,120625833.0,705394.0,106.497879,93.44850333333332,62.54492198594641,1.8317070370823956,0.08226833948807938,1.7494386975943161
2022-06-03 04:00:00+00:00,105.8,109.39,104.65,106.3,109689796.0,608392.0,106.587866,93.99683666666667,59.53921697690845,2.277632503686789,0.5213411723278213,1.7562913313589674
2022-06-06 04:00:00+00:00,108.27,109.57,104.225,105.65,96394277.0,527370.0,106.515894,94.58050333333334,58.67725785998041,2.549196530186677,0.9269122438995925,1.6222842862870845
2022-06-07 04:00:00+00:00,104.31,106.24,102.61,105.28,78844527.0,428819.0,104.881528,95.06683666666666,58.16109214687233,2.7033940263881675,1.2822086003973077,1.4211854259908598
2022-06-08 04:00:00+00:00,104.57,105.848,100.41,101.9,97428764.0,552888.0,102.925174,95.62483666666667,53.528696251648476,2.5237664917723777,1.5305201786723217,0.993246313100056
2022-06-09 04:00:00+00:00,101.57,103.94,98.74,98.8,95180734.0,540712.0,101.492019,96.08783666666666,49.62477255033374,2.1069783493608867,1.645811812810035,0.4611665365508517
2022-06-10 04:00:00+00:00,98.82,99.928,94.25,94.82,101827269.0,637954.0,96.113592,96.26050333333333,45.07912086163333,1.438930906168295,1.6044356314816872,-0.1655047253133921
2022-06-13 04:00:00+00:00,91.26,92.03,86.64,86.99,97555204.0,653569.0,88.884645,96.30950333333334,37.75245765868415,0.2745184545938315,1.3384521961041163,-1.0639337415102847
2022-06-14 04:00:00+00:00,87.41,88.3,85.8201,86.99,84066870.0,495829.0,87.023865,96.21450333333333,37.75245765868415,-0.6408989186293894,0.9425819731574151,-1.5834808917868046
2022-06-15 04:00:00+00:00,87.9,90.86,86.19,89.3,93655607.0,551260.0,88.361286,96.15350333333335,41.03166759423043,-1.1665290666689003,0.5207597651921521,-1.6872888318610524
2022-06-16 04:00:00+00:00,86.63,86.73,80.64,82.05,102406034.0,635320.0,82.788051,95.57450333333334,34.82996712876553,-2.1434013585327136,-0.012072459552821102,-2.1313288989798926
2022-06-17 04:00:00+00:00,82.19,82.94,79.43,81.57,105454830.0,561577.0,81.582855,95.16450333333333,34.45862224730392,-2.9226215147390064,-0.5941822705900582,-2.328439244148948
2022-06-21 04:00:00+00:00,84.17,85.81,82.6,83.79,87805719.0,470003.0,84.494529,94.77950333333334,37.76357630466187,-3.3227213919406466,-1.139890094860176,-2.1828312970804706
2022-06-22 04:00:00+00:00,84.4,86.375,83.3001,83.75,86645961.0,446048.0,84.505225,94.69250333333333,37.72666240339957,-3.6015150690423354,-1.632215089696608,-1.9692999793457275
2022-06-23 04:00:00+00:00,84.315,84.41,80.2251,82.43,100916257.0,515052.0,82.112711,94.48250333333334,36.46008107022093,-3.8841994021671127,-2.082611952190709,-1.8015874499764037
2022-06-24 04:00:00+00:00,83.56,87.53,83.0801,87.08,88330489.0,451631.0,86.206842,94.45450333333334,43.63853145275263,-3.6904711799467265,-2.4041837977419127,-1.2862873822048138
2022-06-27 04:00:00+00:00,87.355,88.22,85.25,86.16,74588739.0,371259.0,86.656491,94.42450333333333,42.61277692902963,-3.5700234710282217,-2.637351732399175,-0.9326717386290468
2022-06-28 04:00:00+00:00,85.71,86.73,80.43,80.78,95649518.0,586518.0,82.506521,93.94650333333334,37.11814385301177,-3.864145368929357,-2.8827104597052116,-0.9814349092241454
2022-06-29 04:00:00+00:00,79.55,79.75,76.51,77.99,103993730.0,628612.0,77.698144,93.40483666666665,34.6247433997592,-4.273111011228764,-3.1607905700099224,-1.1123204412188414
2022-06-30 04:00:00+00:00,77.73,78.91,75.48,76.47,105289024.0,550391.0,77.063456,92.53817000000001,33.31185250474962,-4.6660828277171476,-3.4618490215513678,-1.2042338061657798
2022-07-01 04:00:00+00:00,75.185,75.45,72.69,73.67,87725134.0,559871.0,73.753293,91.78333333333333,30.9813901070429,-5.144153819806718,-3.798309981202438,-1.3458438386042797
2022-07-05 04:00:00+00:00,71.98,75.21,71.6,75.2,95685751.0,566550.0,73.812917,91.06766666666667,33.7104101772056,-5.338036747286495,-4.10625533441925,-1.231781412867245
2022-07-06 04:00:00+00:00,75.17,76.28,73.55,75.35,85458857.0,461877.0,74.827883,90.46266666666666,33.98599867714374,-5.417141186226075,-4.368432504780615,-1.0487086814454605
2022-07-07 04:00:00+00:00,77.195,79.99,76.9,79.3,83640945.0,460860.0,78.830971,89.937,40.94809735019299,-5.102284080708927,-4.5152028199662775,-0.5870812607426492
2022-07-08 04:00:00+00:00,78.31,80.47,77.4,79.35,83477831.0,427165.0,79.031322,89.54333333333334,41.03287310720083,-4.793466871762902,-4.570855630325602,-0.22261124143730004
2022-07-11 04:00:00+00:00,77.845,78.29,75.8417,76.95,74850709.0,390218.0,77.130194,89.02,38.198178023096254,-4.688342655389107,-4.594353035338304,-0.09398962005080325
2022-07-12 04:00:00+00:00,76.98,77.44,74.43,76.36,77872005.0,410523.0,76.102724,88.27366666666667,37.512103496455616,-4.5996174983396685,-4.595405927938577,-0.004211570401091436
2022-07-13 04:00:00+00:00,74.94,79.11,74.48,77.52,79354976.0,444034.0,77.550793,87.449,39.801418553052464,-4.385150580442357,-4.5533548584393335,0.1682042779969768
2022-07-14 04:00:00+00:00,78.23,79.25,76.0,78.6,83493646.0,456065.0,77.683106,86.67366666666666,41.93436185927927,-4.080993871771341,-4.458882661105735,0.37788878933439385
2022-07-15 04:00:00+00:00,79.36,81.2,77.9,81.11,76050597.0,424894.0,79.842195,86.00333333333333,46.66420238604977,-3.5959594832482225,-4.286298025534232,0.6903385422860095
2022-07-18 04:00:00+00:00,82.21,84.47,80.94,81.43,90464334.0,435719.0,82.65331,85.098,47.254100406480404,-3.149440124909617,-4.058926445409309,0.9094863204996919
2022-07-19 04:00:00+00:00,82.76,86.41,82.19,85.88,85016887.0,420012.0,84.764129,84.41733333333333,54.74922538010475,-2.408726210257896,-3.728886398379027,1.3201601881211307
2022-07-20 04:00:00+00:00,85.39,89.9198,85.08,89.43,88346997.0,451806.0,88.164689,83.87666666666665,59.67240340618723,-1.517754041111857,-3.2866599269255934,1.7689058858137363
2022-07-21 04:00:00+00:00,89.6,91.58,88.22,91.09,90799138.0,458929.0,90.239311,83.40366666666667,61.767100252520365,-0.6699809280645468,-2.763324127153384,2.0933431990888374
2022-07-22 04:00:00+00:00,90.2,90.69,87.04,88.1,76672597.0,415999.0,88.411185,82.94366666666666,56.113394948501735,-0.23665463233730577,-2.2579902281901685,2.0213355958528627
2022-07-25 04:00:00+00:00,86.57,87.6,85.12,87.54,70065817.0,370427.0,86.541563,82.56833333333333,55.096211664217975,0.06087058092292352,-1.7942180663675502,1.8550886472904737
2022-07-26 04:00:00+00:00,87.0,87.749,84.71,85.25,69180367.0,363390.0,85.905332,82.24933333333334,51.02305367766967,0.1106026359738621,-1.4132539258992678,1.52385656187313
2022-07-27 04:00:00+00:00,86.94,90.62,86.29,89.82,77966012.0,425067.0,88.6727,82.34366666666666,57.73776543330006,0.512864472427168,-1.0280302462339808,1.5408947186611488
2022-07-28 04:00:00+00:00,90.415,92.22,88.5909,91.67,79009185.0,445574.0,90.583886,82.49966666666667,60.12127628211477,0.969760618110783,-0.628472073365028,1.598232691475811
2022-07-29 04:00:00+00:00,90.7,94.81,90.56,94.47,76618729.0,457754.0,93.162189,82.672,63.478528226058266,1.5400381041237665,-0.1947700378672691,1.7348081419910355
2022-08-01 04:00:00+00:00,95.59,98.39,93.96,96.78,96460681.0,603496.0,96.687502,83.163,66.02010562454211,2.1535599167649906,0.27489595305918285,1.8786639637058078
2022-08-02 04:00:00+00:00,95.71,100.915,95.36,99.29,116734097.0,721497.0,98.386803,83.75366666666667,68.57883185203602,2.8099253264780373,0.7819018277429537,2.0280234987350836
2022-08-03 04:00:00+00:00,94.83,98.7693,93.62,98.09,131142346.0,735716.0,97.111953,84.23033333333335,66.01927514467151,3.1964232933303975,1.2648061208604426,1.931617172469955
2022-08-04 04:00:00+00:00,97.5,104.59,97.26,103.91,125890558.0,732420.0,102.268901,84.90233333333335,71.5628205941509,3.9270821187180758,1.7972613204319694,2.129820798286106
2022-08-05 04:00:00+00:00,101.05,103.86,100.98,102.31,93839203.0,532877.0,102.513652,85.565,68.26566834456152,4.327147214178879,2.3032384991813517,2.0239087149975274
2022-08-08 04:00:00+00:00,100.06,101.8,97.99,100.07,92692592.0,578322.0,99.99536,85.998,63.83162273249597,4.412586850631882,2.725108169471458,1.6874786811604245
2022-08-09 04:00:00+00:00,97.95,98.0461,93.67,95.54,89435984.0,540125.0,95.644678,86.31066666666668,55.92104894269372,4.067873325338567,2.9936612006448797,1.0742121246936875
2022-08-10 04:00:00+00:00,98.45,99.35,95.61,99.05,83536069.0,476834.0,97.779128,86.91966666666666,60.05209215523621,4.0314410952615845,3.201217179568221,0.8302239156933635
2022-08-11 04:00:00+00:00,99.93,102.37,98.0,98.12,77516860.0,446684.0,100.088298,87.59066666666668,58.48802302632609,3.8827669424062776,3.337527132135832,0.5452398102704454
2022-08-12 04:00:00+00:00,99.2,101.4,98.48,100.83,72295764.0,407098.0,100.560195,88.40266666666666,61.62457191112437,3.9382186238739934,3.4576654304834644,0.48055319339052893
2022-08-15 04:00:00+00:00,100.505,101.85,99.8002,101.01,61348348.0,366778.0,100.790181,89.31400000000001,61.830862250665696,3.951142663498274,3.556360877086427,0.39478178641184725
2022-08-16 04:00:00+00:00,100.98,101.45,98.3201,100.2,60220671.0,368685.0,99.940595,90.14733333333334,60.261008305335366,3.8516256841327134,3.615413838495684,0.23621184563702924
2022-08-17 04:00:00+00:00,99.25,99.64,96.725,98.27,63718407.0,391163.0,97.852703,90.91133333333333,56.57516595367926,3.575803256605468,3.6074917221176412,-0.03168846551217319
2022-08-18 04:00:00+00:00,97.74,101.07,96.7342,100.44,76059505.0,423356.0,99.614243,91.616,59.569476466149986,3.492058582541617,3.584405094202437,-0.09234651166081997
2022-08-19 04:00:00+00:00,98.67,99.245,94.59,95.95,67221693.0,446856.0,96.380785,92.16933333333333,51.63569893919133,3.028474480838696,3.473218971529689,-0.44474449069099276
2022-08-22 04:00:00+00:00,94.4,95.02,92.36,92.84,61837284.0,381863.0,93.33672,92.69900000000001,46.969425206449515,2.382663865762737,3.2551079503762987,-0.8724440846135617
2022-08-23 04:00:00+00:00,92.39,94.44,92.11,92.49,53090667.0,319628.0,93.266493,93.23666666666666,46.46056675290716,1.8216137956517997,2.9684091194313993,-1.1467953237795996
2022-08-24 04:00:00+00:00,92.21,93.38,90.9,92.73,56520431.0,314021.0,92.412145,93.74366666666667,46.885501955527225,1.3804308199733981,2.650813459539799,-1.2703826395664009
2022-08-25 04:00:00+00:00,93.14,97.57,93.14,97.18,61016223.0,379872.0,96.292706,94.36300000000001,54.15167689502724,1.374028992077541,2.3954565660473475,-1.0214275739698064
2022-08-26 04:00:00+00:00,96.29,97.5999,91.12,91.18,65602840.0,441759.0,93.624805,94.69866666666667,45.17756448256812,0.8747223862665123,2.0913097300911807,-1.2165873438246684
2022-08-29 04:00:00+00:00,90.05,91.19,88.26,88.49,61142538.0,421589.0,89.290565,94.934,41.83054078188832,0.25897251121493525,1.7248422863159318,-1.4658697751009966
2022-08-30 04:00:00+00:00,90.055,90.15,85.34,86.94,69077438.0,425032.0,86.850361,94.96933333333332,39.992000280030915,-0.35005058190199634,1.3098637126723462,-1.6599142945743426
2022-08-31 04:00:00+00:00,86.28,86.72,83.72,84.87,64981926.0,427382.0,84.958012,94.81733333333334,37.61430551929591,-0.9883444516442808,0.850222079809021,-1.8385665314533017
2022-09-01 04:00:00+00:00,82.345,82.755,78.52,82.33,94865052.0,620089.0,80.550469,94.52533333333334,34.87438721435986,-1.6797901393153722,0.3442196359841423,-2.0240097752995148
2022-09-02 04:00:00+00:00,83.315,83.65,79.805,80.24,84896667.0,480160.0,81.612782,94.26333333333334,32.759811623438594,-2.369101830347546,-0.1984446572821954,-2.1706571730653508
2022-09-06 04:00:00+00:00,80.41,80.89,78.3724,78.72,68713148.0,404863.0,79.256091,93.96933333333335,31.274593342868187,-3.0034160973345934,-0.7594389452926751,-2.2439771520419183
2022-09-07 04:00:00+00:00,79.24,80.25,77.74,79.61,67860897.0,368714.0,78.975903,93.78133333333334,33.18469271736318,-3.395161849562797,-1.2865835261466996,-2.108578323416097
2022-09-08 04:00:00+00:00,80.03,83.45,79.24,82.78,89074084.0,499290.0,81.792613,93.54666666666667,39.621558877048386,-3.410516363706691,-1.7113700936586977,-1.6991462700479931
2022-09-09 04:00:00+00:00,84.03,85.68,83.84,85.45,68944469.0,414231.0,84.945881,93.33933333333333,44.47370516796428,-3.1706885173669264,-2.0032337784003436,-1.1674547389665828
2022-09-12 04:00:00+00:00,84.89,85.3488,83.46,84.64,71933899.0,403155.0,84.34171,93.01166666666668,43.335924636144696,-3.011271389694855,-2.204841300659246,-0.8064300890356089
2022-09-13 04:00:00+00:00,80.955,81.47,76.8,77.03,80814577.0,533689.0,78.624956,92.35333333333332,34.42515182022146,-3.4591209746845806,-2.4556972354643127,-1.0034237392202678
2022-09-14 04:00:00+00:00,77.06,78.08,75.87,77.45,71459799.0,395234.0,77.107104,91.62533333333333,35.21688428302819,-3.737075823611761,-2.7119729530938024,-1.0251028705179586
2022-09-15 04:00:00+00:00,76.64,77.97,74.905,76.66,81717843.0,454479.0,76.544182,90.911,34.376145991395006,-3.9752789009921656,-2.964634142673475,-1.0106447583186906
2022-09-16 04:00:00+00:00,75.62,76.82,74.68,76.51,75237622.0,388004.0,75.673864,89.99766666666666,34.209151918737916,-4.128568731976912,-3.197421060534163,-0.9311476714427496
2022-09-19 04:00:00+00:00,75.39,77.34,75.35,76.77,64966524.0,354511.0,76.534682,89.14633333333333,34.800380883480216,-4.18087764534701,-3.3941123774967323,-0.7867652678502779
2022-09-20 04:00:00+00:00,76.08,76.58,74.7312,75.25,51228984.0,290191.0,75.657418,88.31899999999999,32.936888140613945,-4.2954686441942584,-3.5743836308362376,-0.7210850133580209
2022-09-21 04:00:00+00:00,75.435,78.41,74.45,74.48,82048935.0,448318.0,76.122397,87.61699999999999,32.00201464207889,-4.397721208599435,-3.739051146388877,-0.6586700622105583
2022-09-22 04:00:00+00:00,73.89,74.29,69.17,69.5,101425602.0,601434.0,70.823094,86.632,26.719690900174456,-4.824982092864474,-3.9562373356839964,-0.8687447571804774
2022-09-23 04:00:00+00:00,68.0,69.0801,66.8216,67.96,87701098.0,515201.0,67.718546,85.62666666666665,25.32744746210004,-5.227594100845735,-4.210508688716344,-1.0170854121293909
2022-09-26 04:00:00+00:00,67.87,68.74,66.25,66.3,82898693.0,416143.0,67.245412,84.47566666666667,23.88286535709038,-5.615878789710308,-4.4915827089151374,-1.1242960807951707
2022-09-27 04:00:00+00:00,67.9,68.78,66.0,67.17,94871763.0,467006.0,67.367641,83.34766666666668,26.256799346921497,-5.786690112442258,-4.750604189620562,-1.0360859228216963
2022-09-28 04:00:00+00:00,67.11,68.7979,66.56,68.36,72375578.0,389676.0,68.022461,82.28633333333332,29.49581820437099,-5.759642685950865,-4.952411888886623,-0.8072307970642427
2022-09-29 04:00:00+00:00,67.15,67.2,62.8301,64.14,102562689.0,538136.0,64.358625,81.14866666666667,25.258849706695983,-6.009452905241631,-5.163820092157625,-0.8456328130840056
2022-09-30 04:00:00+00:00,63.615,65.91,63.34,63.36,81603186.0,422464.0,64.401307,79.91266666666665,24.55669700080057,-6.198911590951013,-5.370838391916303,-0.8280731990347103
2022-10-03 04:00:00+00:00,64.46,66.91,63.39,66.11,83841632.0,405150.0,65.758113,78.91799999999999,31.759221620270722,-6.057331796666915,-5.508137072866425,-0.5491947238004897
2022-10-04 04:00:00+00:00,68.27,69.18,67.33,67.9,77160479.0,426198.0,68.257947,78.08666666666666,36.03958233036283,-5.734586011439561,-5.553426860581053,-0.18115915085850798
2022-10-05 04:00:00+00:00,66.59,68.69,64.515,67.94,87162374.0,445770.0,66.617864,77.26833333333335,36.135983935740896,-5.41318021376641,-5.525377531218124,0.1121973174517148
2022-10-06 04:00:00+00:00,67.82,70.29,67.661,67.85,98406353.0,498323.0,68.583102,76.43900000000001,36.00449268010087,-5.106857378395517,-5.441673500653603,0.33481612225808544
2022-10-07 04:00:00+00:00,64.0101,64.03,58.22,58.44,163855378.0,910451.0,60.601437,75.14766666666667,25.540145285960605,-5.559318320730057,-5.465202464668894,-0.0941158560611628
2022-10-10 04:00:00+00:00,57.31,58.79,56.3,57.81,112241785.0,577864.0,57.455401,74.03533333333333,25.015932323548455,-5.900712867337106,-5.552304545202537,-0.34840832213456885
2022-10-11 04:00:00+00:00,57.21,58.915,56.05,57.63,114043544.0,559840.0,57.510349,73.00666666666667,24.858938124796595,-6.115301610492651,-5.66490395826056,-0.45039765223209116
2022-10-12 04:00:00+00:00,57.45,58.32,56.32,57.85,89165313.0,452467.0,57.51873,72.037,25.474549140556505,-6.19618678976844,-5.771160524562136,-0.42502626520630393
2022-10-13 04:00:00+00:00,55.53,60.14,54.57,58.94,130789321.0,700007.0,57.976938,71.17266666666667,28.59588702363719,-6.101994986753539,-5.8373274170004175,-0.26466756975312133
2022-10-14 04:00:00+00:00,59.6,59.94,55.835,55.94,96981482.0,486412.0,57.004007,70.29299999999999,25.437987155554666,-6.197975824998238,-5.909457098599981,-0.28851872639825693
2022-10-17 04:00:00+00:00,57.35,58.51,57.1,57.96,76977604.0,401190.0,57.872215,69.55033333333334,30.966042135938366,-6.0414026831671706,-5.935846215513419,-0.10555646765375126
2022-10-18 04:00:00+00:00,59.91,60.49,56.4,57.92,103067887.0,498298.0,57.865137,68.857,30.917160286054028,-5.853074407565423,-5.91929185392382,0.06621744635839732
2022-10-19 04:00:00+00:00,57.325,59.0376,56.57,57.23,75704837.0,382509.0,57.470478,68.111,30.0363490266014,-5.693864796680117,-5.87420644247508,0.1803416457949627
2022-10-20 04:00:00+00:00,57.47,60.2,57.4,57.77,79552604.0,401285.0,58.68932,67.27733333333333,31.67686475970666,-5.461163650867647,-5.791597884153593,0.33043423328594645
2022-10-21 04:00:00+00:00,57.215,58.91,55.71,58.82,95366369.0,475408.0,57.503602,66.38966666666667,34.87457233714986,-5.1328517713750585,-5.659848661597886,0.5269968902228275
2022-10-24 04:00:00+00:00,58.57,59.0,56.66,58.7,76282721.0,406767.0,58.183941,65.525,34.6748337485747,-4.826705976657216,-5.493220124609752,0.6665141479525358
2022-10-25 04:00:00+00:00,58.765,61.975,58.69,61.47,85501881.0,420261.0,61.133344,65.00633333333333,42.816397113774066,-4.3108743029989895,-5.2567509602876,0.9458766572886104
2022-10-26 04:00:00+00:00,59.69,61.77,59.15,59.73,79846810.0,427232.0,60.379019,64.41566666666667,39.487212186813316,-3.996409324457666,-5.004682633121614,1.0082733086639477
2022-10-27 04:00:00+00:00,61.6,62.72,58.51,58.6,83871440.0,470204.0,60.367308,63.81366666666666,37.45063504573402,-3.7946329529571017,-4.762672697088712,0.9680397441316106
2022-10-28 04:00:00+00:00,59.1,62.35,58.92,62.01,78111760.0,430459.0,61.297352,63.33033333333333,46.42966415237193,-3.3212795798104295,-4.474394073633055,1.1531144938226259
2022-10-31 04:00:00+00:00,60.75,61.86,59.525,60.06,73263969.0,390443.0,60.317914,62.773333333333326,42.6584877638149,-3.0681248905381295,-4.19314023701407,1.1250153464759407
2022-11-01 04:00:00+00:00,61.485,61.99,59.425,59.66,83821667.0,435965.0,60.457377,62.25366666666666,41.90656466276802,-2.8667287677118125,-3.9278579431536187,1.0611291754418062
2022-11-02 04:00:00+00:00,62.9999,63.93,58.57,58.63,141090294.0,766177.0,61.280424,61.72533333333333,39.95363678101367,-2.7584357510506052,-3.693973504733016,0.9355377536824108
2022-11-03 04:00:00+00:00,58.11,62.28,58.03,60.11,95281272.0,529201.0,60.515829,61.41233333333333,43.99250313510582,-2.524092951660208,-3.4599973941184547,0.9359044424582468
2022-11-04 04:00:00+00:00,62.5,63.0,60.53,62.19,84784012.0,449306.0,61.737398,61.220000000000006,49.16739677193224,-2.1458005253382666,-3.197158020362417,1.0513574950241504
2022-11-07 05:00:00+00:00,62.93,63.53,61.4,63.08,62722498.0,332751.0,62.352586,61.11266666666666,51.243271662028825,-1.7539668520052487,-2.9085197866909835,1.1545529346857348
2022-11-08 05:00:00+00:00,64.09,64.96,62.3678,63.85,75922909.0,448986.0,63.941146,61.002,53.030421195196816,-1.365561930140288,-2.5999282153808445,1.2343662852405566
2022-11-09 05:00:00+00:00,62.28,63.05,59.8,59.92,62940338.0,368515.0,60.883292,60.720666666666666,44.137906783085754,-1.3591983938627337,-2.351782251077222,0.9925838572144885
2022-11-10 05:00:00+00:00,64.3,68.8,63.62,68.47,107949820.0,576157.0,66.92413,60.865,59.894483353520585,-0.6566719948548112,-2.0127601998327402,1.356088204977929
2022-11-11 05:00:00+00:00,69.58,73.32,68.29,72.37,111709462.0,612669.0,71.54173,61.165333333333336,64.77512869136845,0.21233497866826667,-1.567741164132539,1.7800761428008056
2022-11-14 05:00:00+00:00,75.22,75.25,72.67,73.53,108902235.0,587882.0,74.175109,61.412666666666674,66.09670753062701,0.9832967387941096,-1.0575335835472093,2.0408303223413187
2022-11-15 05:00:00+00:00,77.26,79.16,75.39,76.37,108827990.0,604739.0,77.086344,61.695,69.1485638338922,1.8026736535503147,-0.48549213612770453,2.288165789678019
2022-11-16 05:00:00+00:00,73.655,74.8268,71.925,72.7,80008749.0,445588.0,73.042044,61.85366666666666,61.45052322901859,2.1313288015382312,0.037872051405482665,2.0934567501327486
2022-11-17 05:00:00+00:00,70.56,74.38,70.16,73.9,82354528.0,432250.0,73.315426,62.05533333333334,62.904695434027936,2.4602599995169356,0.5223496410277733,1.9379103584891624
2022-11-18 05:00:00+00:00,75.07,75.3499,72.18,73.57,73223214.0,354132.0,73.329107,62.559666666666665,62.20971442633298,2.6636076902464936,0.9506012508715174,1.7130064393749762
2022-11-21 05:00:00+00:00,72.21,72.98,71.57,72.46,51536349.0,283703.0,72.311649,63.048,59.81584829183201,2.704024169419256,1.3012858345810652,1.4027383348381908
2022-11-22 05:00:00+00:00,72.72,75.33,72.1091,75.25,55450160.0,280900.0,73.917764,63.63533333333334,63.60663835989434,2.927438514418782,1.6265163705486085,1.3009221438701732
2022-11-23 05:00:00+00:00,75.49,78.22,75.3,76.4,81623628.0,413793.0,76.680182,64.25366666666666,65.06935387759843,3.160855012473462,1.9333840989335793,1.2274709135398827
2022-11-25 05:00:00+00:00,75.67,76.0393,74.7495,75.14,26018911.0,143369.0,75.442551,64.79366666666667,62.12324225352985,3.207197225906924,2.188146724328248,1.019050501578676
2022-11-28 05:00:00+00:00,73.81,75.4699,72.57,73.19,45447323.0,273521.0,73.795473,65.36866666666667,57.76430137968864,3.0514004161934594,2.3607974627012904,0.6906029534921689
2022-11-29 05:00:00+00:00,73.62,74.4899,72.78,73.39,51846449.0,263456.0,73.589704,65.883,58.08911465233479,2.910518010677862,2.470741572296605,0.4397764383812568
2022-11-30 05:00:00+00:00,73.38,77.7,72.8131,77.63,88382907.0,413980.0,75.394634,66.54,64.34875437249687,3.1052053794542047,2.5976343337281254,0.5075710457260794
2022-12-01 05:00:00+00:00,78.31,79.23,76.44,77.48,59833354.0,347885.0,77.388786,67.215,63.98466459451938,3.210385450382063,2.720184557058913,0.49020089332314987
2022-12-02 05:00:00+00:00,75.05,76.28,73.65,74.98,64377278.0,375475.0,75.044409,67.78866666666667,58.08575903291305,3.0567757002499576,2.787502785697122,0.26927291455283564
2022-12-05 05:00:00+00:00,74.54,75.17,72.82,73.62,47022185.0,277927.0,73.92109,68.282,55.10927324956569,2.793101101710562,2.78862244889981,0.004478652810751882
2022-12-06 05:00:00+00:00,73.08,73.3911,69.4,70.27,64965235.0,375981.0,70.855914,68.66766666666668,48.51454788457777,2.287451759815468,2.688388311082942,-0.40093655126747363
2022-12-07 05:00:00+00:00,69.53,71.37,69.28,70.14,59189143.0,321672.0,70.2641,68.95666666666666,48.27313482423008,1.8548495488171426,2.5216805586297824,-0.6668310098126398
2022-12-08 05:00:00+00:00,70.14,71.225,69.0,70.47,56745614.0,335727.0,70.187413,69.31466666666667,48.96734694296302,1.5211030923504438,2.321565065373915,-0.800461973023471
2022-12-09 05:00:00+00:00,69.49,70.67,68.52,68.59,59098267.0,322581.0,69.552457,69.64766666666668,45.24216092464123,1.0923148077415163,2.0757150138474354,-0.983400206105919
2022-12-12 05:00:00+00:00,68.54,70.67,67.53,70.67,61129941.0,337202.0,69.465125,69.93633333333334,49.79304181588794,0.9098474644411567,1.8425415039661799,-0.9326940395250232
2022-12-13 05:00:00+00:00,74.87,75.21,70.66,71.65,72378777.0,431564.0,72.639259,70.32266666666668,51.824567037158666,0.8346967257933926,1.6409725483316224,-0.8062758225382298
2022-12-14 05:00:00+00:00,70.93,72.0,68.32,68.93,66804280.0,373027.0,70.176733,70.63166666666666,46.23294993156261,0.5493256715731434,1.4226431729799267,-0.8733175014067833
2022-12-15 05:00:00+00:00,67.604,68.21,66.12,66.53,58557045.0,338816.0,66.703395,70.89500000000001,41.93370669676566,0.12803124822025325,1.163720788027992,-1.0356895398077388
2022-12-16 05:00:00+00:00,66.25,67.19,64.8,65.41,62354639.0,279718.0,65.45255,71.07166666666667,40.061478221622735,-0.2928465050986233,0.872407329402669,-1.1652538345012924
2022-12-19 05:00:00+00:00,65.12,65.59,63.71,64.59,46246911.0,253915.0,64.299279,71.15166666666667,38.69916279100064,-0.6846698559313609,0.5609918923358631,-1.2456617482672239
2022-12-20 05:00:00+00:00,63.76,66.06,63.52,65.05,52053129.0,284739.0,65.219073,71.21733333333333,39.933159933135855,-0.9471563005333081,0.2593622537620288,-1.206518554295337
2022-12-21 05:00:00+00:00,65.43,67.845,65.21,67.68,44167575.0,250188.0,67.126131,71.34500000000001,46.5571538785203,-0.9322136995743335,0.021047063094756346,-0.9532607626690899
2022-12-22 05:00:00+00:00,66.08,66.31,62.2601,63.86,73917667.0,414931.0,63.457396,71.47633333333333,39.707750773336585,-1.214612360366317,-0.22608482159745835,-0.9885275387688587
2022-12-23 05:00:00+00:00,63.11,64.66,62.72,64.52,45923000.0,253662.0,63.956505,71.34466666666665,41.31419130307513,-1.369373563432788,-0.45474256996452433,-0.9146309934682636
2022-12-27 05:00:00+00:00,63.87,64.28,62.97,63.27,36085981.0,216934.0,63.566347,71.04133333333333,39.184725191282496,-1.5747349212377628,-0.678741040219172,-0.8959938810185908
2022-12-28 05:00:00+00:00,62.54,63.54,61.96,62.57,39526483.0,214647.0,62.671073,70.676,38.003407452777296,-1.773525330671987,-0.897697898309735,-0.8758274323622519
2022-12-29 05:00:00+00:00,63.635,65.18,63.06,64.82,41428481.0,230158.0,64.611551,70.291,43.86178896068748,-1.729574508084312,-1.0640732202646503,-0.6655012878196616
2022-12-30 05:00:00+00:00,63.77,64.82,63.1437,64.77,37100474.0,216375.0,64.065371,70.02666666666667,43.76282266265222,-1.6794184561072427,-1.1871422674331689,-0.49227618867407386
2023-01-03 05:00:00+00:00,65.998,66.88,63.59,64.02,46788148.0,272714.0,64.559671,69.69733333333333,42.22383683217852,-1.680812791953059,-1.285876372337147,-0.3949364196159122
2023-01-04 05:00:00+00:00,65.0,65.79,63.31,64.66,47417314.0,270564.0,64.635325,69.40033333333334,44.0325439848187,-1.6116965275364947,-1.3510404033770165,-0.26065612415947825
2023-01-05 05:00:00+00:00,64.15,64.35,62.3,62.33,46067163.0,260583.0,63.093743,69.06266666666667,39.218883903320716,-1.725047641996042,-1.4258418511008217,-0.29920579089522037
2023-01-06 05:00:00+00:00,63.145,64.3,60.05,63.96,70161339.0,378038.0,62.41351,68.68633333333334,43.84391671144054,-1.6641683425897327,-1.4735071493986038,-0.19066119319112884
2023-01-09 05:00:00+00:00,66.22,69.32,65.67,67.24,69741659.0,384976.0,68.008774,68.38100000000001,51.79315913676193,-1.3358535827404694,-1.445976436066977,0.11012285332650751
