timestamp,open,high,low,close,volume,trade_count,vwap,30sma,rsi,macd,signal,histogram
2022-01-03 05:00:00+00:00,223.63,226.97,222.03,226.69,2740396.0,46006.0,225.434488,,,,,
2022-01-04 05:00:00+00:00,225.76,228.8,224.25,227.84,2491324.0,45234.0,227.632112,,,,,
2022-01-05 05:00:00+00:00,227.04,229.87,224.52,225.19,2274930.0,50706.0,226.644606,,,,,
2022-01-06 05:00:00+00:00,225.14,226.6578,223.69,225.17,2195214.0,39159.0,225.256593,,,,,
2022-01-07 05:00:00+00:00,223.54,228.19,223.54,227.29,2338943.0,40929.0,226.918616,,,,,
2022-01-10 05:00:00+00:00,229.25,230.64,226.0,230.37,3177864.0,58378.0,229.289476,,,,,
2022-01-11 05:00:00+00:00,230.47,232.51,228.11,232.38,2318048.0,45093.0,231.143347,,,,,
2022-01-12 05:00:00+00:00,232.38,232.605,228.52,231.76,1884906.0,40091.0,230.984989,,,,,
2022-01-13 05:00:00+00:00,232.05,233.23,230.33,230.85,2148355.0,44045.0,231.541409,,,,,
2022-01-14 05:00:00+00:00,230.69,235.8,229.99,235.36,3007834.0,56687.0,233.687454,,,,,
2022-01-18 05:00:00+00:00,233.52,234.77,231.7,233.83,3713272.0,56397.0,233.403485,,,,,
2022-01-19 05:00:00+00:00,233.8,234.33,230.7,231.3,2055227.0,45917.0,232.059058,,,,,
2022-01-20 05:00:00+00:00,233.73,233.73,228.81,228.9,2080529.0,44617.0,230.57829,,,,,
2022-01-21 05:00:00+00:00,230.6,231.46,227.31,227.72,3517993.0,67763.0,228.750385,,,,,
2022-01-24 05:00:00+00:00,227.48,229.14,219.98,226.08,4331168.0,92374.0,224.977482,,48.84250474383304,,,
2022-01-25 05:00:00+00:00,223.68,227.5,222.27,225.04,2762855.0,58315.0,225.121808,,46.851110302147795,,,
2022-01-26 05:00:00+00:00,221.62,226.93,221.12,222.54,2805337.0,59256.0,223.763959,,42.378171743209364,,,
2022-01-27 05:00:00+00:00,222.4,228.04,222.305,224.0,2732494.0,57029.0,225.172384,,45.6420478332221,,,
2022-01-28 05:00:00+00:00,224.05,229.15,222.25,229.14,2491745.0,49152.0,226.854928,,55.25189032557682,,,
2022-01-31 05:00:00+00:00,226.98,227.94,225.52,227.14,4496765.0,57087.0,227.245279,,51.441100528941895,,,
2022-02-01 05:00:00+00:00,227.14,229.2,225.52,228.68,2489449.0,51257.0,227.873796,,54.06808676295894,,,
2022-02-02 05:00:00+00:00,228.14,229.14,225.74,228.93,2393605.0,44686.0,228.07954,,54.49843425280833,,,
2022-02-03 05:00:00+00:00,228.66,229.0,223.75,224.04,2995497.0,53596.0,225.444833,,45.51551089923235,,,
2022-02-04 05:00:00+00:00,222.12,224.7634,220.97,222.11,3151699.0,52048.0,222.293766,,42.535496845063385,,,
2022-02-07 05:00:00+00:00,222.09,224.76,220.63,223.53,3590398.0,56555.0,223.014513,,45.36955865709969,,,
2022-02-08 05:00:00+00:00,232.935,244.71,232.21,241.01,8387068.0,129849.0,239.235449,,66.96679382757713,-0.10967283479197931,,
2022-02-09 05:00:00+00:00,241.04,241.04,235.32,237.19,4999460.0,72867.0,237.71056,,61.26654929675094,0.6130294071593596,,
2022-02-10 05:00:00+00:00,235.0,236.14,227.71,228.82,4878804.0,71822.0,230.625135,,51.01914375114273,0.5045707145895335,,
2022-02-11 05:00:00+00:00,228.52,231.47,228.15,228.2,3403872.0,49281.0,229.241484,,50.347377361343426,0.3643871723813561,,
2022-02-14 05:00:00+00:00,226.61,226.93,220.8576,224.27,3763914.0,51963.0,223.884773,228.51233333333332,46.195273640096985,-0.06310007205391344,,
2022-02-15 05:00:00+00:00,225.0,226.16,221.215,223.94,2402425.0,44571.0,223.557619,228.4206666666667,45.85331924268786,-0.4236316729983116,,
2022-02-16 05:00:00+00:00,223.47,225.1,221.04,222.66,2302106.0,44285.0,222.705736,228.24800000000002,44.478021216288866,-0.803380002251032,,
2022-02-17 05:00:00+00:00,221.48,223.29,219.43,221.68,2094653.0,39231.0,221.612098,228.13099999999997,43.404618298249396,-1.1699249325516234,,
2022-02-18 05:00:00+00:00,220.97,223.98,219.79,220.77,2708397.0,39064.0,221.346554,227.98433333333332,42.38180408720875,-1.516364123726703,-0.28934292713814597,-1.227021196588557
2022-02-22 05:00:00+00:00,220.76,222.895,219.3,221.41,2712391.0,44021.0,221.387271,227.78833333333333,43.39212862671101,-1.719456206570669,-0.5753655830246507,-1.1440906235460184
2022-02-23 05:00:00+00:00,222.68,223.75,220.62,221.0,2994776.0,43719.0,221.463842,227.476,42.87347372769282,-1.8916855454761503,-0.8386295755149507,-1.0530559699611997
2022-02-24 05:00:00+00:00,218.93,219.9,214.3915,219.29,3746821.0,69353.0,218.050961,227.03966666666665,40.68902550627432,-2.1414756480889423,-1.099198790029749,-1.0422768580591932
2022-02-25 05:00:00+00:00,222.49,228.14,221.96,227.03,3293986.0,62163.0,226.328249,226.882,52.488906821257345,-1.6953399661122148,-1.2184270252462421,-0.4769129408659727
2022-02-28 05:00:00+00:00,224.03,226.75,222.53,226.48,4537238.0,48120.0,226.020567,226.73633333333333,51.70176254757902,-1.3703579934397112,-1.248813218884936,-0.1215447745547753
2022-03-01 05:00:00+00:00,225.28,227.79,223.74,225.21,4417667.0,42639.0,225.259786,226.39800000000002,49.843029755926494,-1.2014364137853022,-1.2393378578650092,0.03790144407970697
2022-03-02 05:00:00+00:00,225.04,230.4,224.65,228.59,3204109.0,49716.0,228.148227,226.22333333333336,54.5284547287152,-0.7857692341268887,-1.1486241331173852,0.3628548989904965
2022-03-03 05:00:00+00:00,230.88,234.27,230.01,232.64,3480211.0,57918.0,232.28628,226.268,59.420066992527644,-0.12807250665517245,-0.9445138078249427,0.8164413011697702
2022-03-04 05:00:00+00:00,230.7,235.74,230.14,232.91,3614588.0,54161.0,233.295816,226.40166666666664,59.7310779856953,0.41021492947402294,-0.6735680603651495,1.0837829898391724
2022-03-07 05:00:00+00:00,231.29,239.66,231.23,234.36,3529955.0,67596.0,235.363401,226.62300000000002,61.44025667852913,0.9429448018889559,-0.35026548791432843,1.2932102898032842
2022-03-08 05:00:00+00:00,233.37,236.88,230.56,231.1,2767518.0,55810.0,232.224143,226.79033333333334,55.71465426407712,1.0895229662950499,-0.06230779707245279,1.1518307633675027
2022-03-09 05:00:00+00:00,234.23,234.53,230.43,231.46,2530134.0,45445.0,231.809808,227.0043333333333,56.20006703244359,1.2206651410714358,0.19428679055632495,1.0263783505151107
2022-03-10 05:00:00+00:00,229.66,230.42,226.079,226.95,3837883.0,57949.0,227.570257,227.15133333333333,48.959873606472215,0.9497290655706365,0.3453752455591873,0.6043538200114492
2022-03-11 05:00:00+00:00,228.11,230.03,226.77,228.85,2583618.0,45409.0,228.631545,227.313,51.778366815533104,0.878201039858368,0.4519404044190235,0.42626063543934445
2022-03-14 04:00:00+00:00,231.08,232.45,228.92,229.21,2759937.0,53758.0,230.17969,227.31533333333334,52.31566401158571,0.8408705235327147,0.5297264282417617,0.311144095290953
2022-03-15 04:00:00+00:00,231.38,233.06,228.105,231.56,3097270.0,51254.0,231.263999,227.46266666666668,55.779418881775406,0.9895047854025449,0.6216820996739184,0.36782268572862653
2022-03-16 04:00:00+00:00,232.52,232.52,228.45,231.67,4061561.0,58158.0,230.938579,227.56233333333336,55.940749952757486,1.103454651136417,0.7180366099664182,0.3854180411699988
2022-03-17 04:00:00+00:00,231.72,236.57,231.22,235.86,3175420.0,58542.0,234.772686,227.79333333333335,61.67620753489003,1.5144016439349173,0.877309616760118,0.6370920271747993
2022-03-18 04:00:00+00:00,234.91,236.4,232.75,236.25,7542506.0,49284.0,235.68841,228.20033333333333,62.169840788350825,1.8502216338034145,1.0718920201687774,0.7783296136346372
2022-03-21 04:00:00+00:00,237.07,240.32,234.73,236.32,2324811.0,44652.0,236.471516,228.67399999999998,62.26379413993827,2.0978273622325503,1.277079088581532,0.8207482736510183
2022-03-22 04:00:00+00:00,236.32,237.52,234.56,236.47,2170904.0,44132.0,236.188923,229.10533333333333,62.478838612064386,2.279879401745575,1.4776391512143405,0.8022402505312343
2022-03-23 04:00:00+00:00,237.29,239.38,234.04,234.18,2476443.0,45011.0,235.809384,228.87766666666667,57.12657895567467,2.213853171714561,1.6248819553143847,0.5889712164001764
2022-03-24 04:00:00+00:00,235.8,237.85,234.0,236.87,2310247.0,34024.0,236.676075,228.86700000000002,61.31846447141378,2.3514810180240033,1.7702017678563085,0.5812792501676949
2022-03-25 04:00:00+00:00,236.87,239.49,236.21,238.79,1418151.0,33167.0,238.305519,229.19933333333336,64.02234651020112,2.5856739914228797,1.933296212569623,0.6523777788532568
2022-03-28 04:00:00+00:00,238.82,240.57,237.98,240.47,3996732.0,64597.0,239.836142,229.60833333333332,66.24568732475473,2.8737092384855316,2.1213788177528046,0.752330420732727
2022-03-29 04:00:00+00:00,241.66,242.61,238.61,241.54,2230592.0,43578.0,240.873974,230.18400000000003,67.6182515644592,3.1519851814720994,2.3275000904966636,0.8244850909754358
2022-03-30 04:00:00+00:00,243.57,244.73,242.0157,242.57,2593344.0,51606.0,242.97467,230.80499999999998,68.92806615719797,3.4162528270431096,2.5452506378059527,0.8710021892371569
2022-03-31 04:00:00+00:00,244.18,245.48,241.68,241.82,3076296.0,46282.0,243.021397,231.44366666666664,66.80895881756751,3.5245394117264084,2.741108392590044,0.7834310191363643
2022-04-01 04:00:00+00:00,243.03,243.95,240.7321,243.12,1875949.0,34575.0,242.61891,232.15833333333333,68.61035813782922,3.6729173409030693,2.9274701822526494,0.7454471586504199
2022-04-04 04:00:00+00:00,242.84,246.45,242.65,244.87,3501636.0,46134.0,244.854425,232.96166666666664,70.89997033420549,3.8869123869428677,3.119358623190693,0.7675537637521748
2022-04-05 04:00:00+00:00,243.74,248.75,243.74,244.53,1817678.0,41903.0,245.913515,233.73233333333334,69.83418632908479,3.9831545183194237,3.2921178022164392,0.6910367161029844
2022-04-06 04:00:00+00:00,244.85,251.455,244.85,249.85,3406789.0,61729.0,249.939735,234.694,75.93095147538916,4.437553287707715,3.5212048993146947,0.9163483883930201
2022-04-07 04:00:00+00:00,249.2,252.73,249.02,251.58,2112313.0,44265.0,251.316527,235.77033333333333,77.52192410791932,4.880999009733188,3.7931637213983933,1.0878352883347944
2022-04-08 04:00:00+00:00,251.53,253.885,250.54,252.02,2394284.0,41422.0,252.337531,236.60333333333335,77.92164943651085,5.2079037889869255,4.0761117349161005,1.131792054070825
2022-04-11 04:00:00+00:00,253.6,258.45,250.15,250.87,2949801.0,57642.0,252.747426,237.4163333333333,74.20733051173873,5.312938544368194,4.32347709680652,0.9894614475616743
2022-04-12 04:00:00+00:00,250.97,252.55,246.77,250.04,2254651.0,45521.0,249.653036,238.244,71.55618734043523,5.268473597224016,4.512476396890019,0.7559972003339972
2022-04-13 04:00:00+00:00,251.14,253.965,249.77,253.51,2388898.0,49082.0,252.843774,239.07466666666667,75.49743705517743,5.4504059195785715,4.70006230142773,0.7503436181508416
2022-04-14 04:00:00+00:00,254.4,257.57,253.65,254.02,2850619.0,48940.0,255.024281,239.78733333333332,76.02328621750777,5.571516361086253,4.874353113359435,0.6971632477268184
2022-04-18 04:00:00+00:00,252.49,255.39,251.15,251.93,3608672.0,35514.0,252.147432,240.42133333333334,69.44584835548214,5.4361867484659285,4.986719840380734,0.44946690808519474
2022-04-19 04:00:00+00:00,252.49,255.73,250.35,253.37,2343402.0,41907.0,253.294933,241.05499999999998,71.28899304373978,5.383080222926168,5.06599191688982,0.3170883060363474
2022-04-20 04:00:00+00:00,254.07,256.895,253.5,255.38,1876752.0,39996.0,255.647108,241.86433333333335,73.67602844934346,5.440468782996987,5.1408872901112534,0.2995814928857339
2022-04-21 04:00:00+00:00,256.41,258.39,254.95,255.46,2107711.0,39675.0,256.485151,242.66433333333333,73.76950346809095,5.429813452192093,5.1986725225274215,0.23114092966467137
2022-04-22 04:00:00+00:00,254.1,255.9,250.06,250.35,2605336.0,52041.0,251.722747,243.44433333333333,59.28765449490165,4.951951714926821,5.149328361007302,-0.1973766460804809
2022-04-25 04:00:00+00:00,251.01,252.65,247.91,252.17,2246851.0,48900.0,250.530227,244.2216666666667,62.138539427032036,4.666311302939192,5.0527249493936806,-0.3864136464544883
2022-04-26 04:00:00+00:00,250.3,252.9999,249.72,249.87,3282192.0,55939.0,250.583192,244.91033333333334,56.73196117080463,4.20586583710346,4.883353126935637,-0.6774872898321771
2022-04-27 04:00:00+00:00,249.04,252.02,246.44,248.79,2590848.0,68507.0,249.491874,245.48466666666667,54.341014985030576,3.711034023846338,4.648889306317777,-0.937855282471439
2022-04-28 04:00:00+00:00,235.725,242.91,231.15,238.13,6579275.0,112535.0,236.930628,245.7,37.528803209886924,2.4306839248688448,4.2052482300279905,-1.7745643051591458
2022-04-29 04:00:00+00:00,236.5,240.48,232.77,233.19,4006844.0,74000.0,234.472679,245.611,32.509315863206396,1.0057864521671718,3.565355874455827,-2.5595694222886554
2022-05-02 04:00:00+00:00,233.37,234.05,227.32,230.92,4127296.0,72595.0,230.195987,245.43333333333334,30.491170968912925,-0.3031307865838926,2.7916585422478835,-3.094789328831776
2022-05-03 04:00:00+00:00,233.75,234.19,229.6,232.19,2429043.0,47692.0,232.382412,245.29566666666668,32.99727739885279,-1.2238707225103838,1.98855268929623,-3.212423411806614
2022-05-04 04:00:00+00:00,232.57,237.109,231.4,236.1,2463494.0,47479.0,234.684217,245.28333333333333,40.15161888298459,-1.6193920885780528,1.2669637337213735,-2.8863558222994263
2022-05-05 04:00:00+00:00,235.5,238.84,232.24,234.35,3312465.0,65292.0,234.712922,245.28900000000002,38.1863097125472,-2.0504200296444424,0.6034869810482103,-2.653907010692653
2022-05-06 04:00:00+00:00,231.76,237.46,231.75,236.5,4645614.0,61718.0,235.946437,245.27666666666667,41.94594303005954,-2.193243401936968,0.044140904451174634,-2.2373843063881425
2022-05-09 04:00:00+00:00,236.58,242.775,234.535,239.24,3626355.0,84735.0,239.654772,245.29166666666666,46.418657694080444,-2.06157233006428,-0.37700174245191626,-1.6845705876123636
2022-05-10 04:00:00+00:00,242.21,244.405,240.465,240.71,4202065.0,67510.0,241.784675,245.29966666666667,48.7020980739934,-1.8176525748356482,-0.6651319089286627,-1.1525206659069855
2022-05-11 04:00:00+00:00,240.36,243.375,239.21,240.64,3367215.0,62296.0,240.912062,245.26966666666664,48.59589403034935,-1.6114174096299223,-0.8543890090689146,-0.7570284005610077
2022-05-12 04:00:00+00:00,240.06,244.84,239.05,244.72,3648616.0,63120.0,242.42068,245.34133333333332,54.78493487405339,-1.1060033353561778,-0.9047118743263672,-0.20129146102981055
2022-05-13 04:00:00+00:00,244.64,245.0,241.29,243.4,2191448.0,54981.0,242.863542,245.39400000000003,52.579274799995964,-0.8027187662202095,-0.8843132527051357,0.08159448648492618
2022-05-16 04:00:00+00:00,241.24,245.11,241.16,243.87,2385755.0,47837.0,243.845152,245.419,53.30021774755079,-0.5184619810998186,-0.8111429983840723,0.2926810172842538
2022-05-17 04:00:00+00:00,245.14,246.215,239.26,245.35,2318918.0,47057.0,244.47749,245.435,55.589838736086605,-0.1717825969616058,-0.6832709180995791,0.5114883211379733
2022-05-18 04:00:00+00:00,246.49,247.29,243.0,243.96,3321257.0,55956.0,244.988148,245.416,52.963428278008934,-0.009093249309614748,-0.5484353843415862,0.5393421350319715
2022-05-19 04:00:00+00:00,242.35,245.86,241.86,244.77,2388882.0,56392.0,243.961277,245.2466666666667,54.31789456162497,0.18308892619333506,-0.402130522234602,0.585219448427937
2022-05-20 04:00:00+00:00,244.06,247.63,242.96,247.5,3820991.0,64155.0,246.07872,245.11066666666667,58.64072109074984,0.5493503010039547,-0.21183435758689068,0.7611846585908453
2022-05-23 04:00:00+00:00,249.68,251.05,247.88,249.04,2256704.0,48657.0,249.374115,245.01133333333334,60.88906455788163,0.9528958191490347,0.02111167776029438,0.9317841413887402
2022-05-24 04:00:00+00:00,248.67,252.4,248.325,251.89,2644982.0,53010.0,250.82766,245.04533333333333,64.7122271660239,1.4855551758820411,0.31400037738464376,1.1715547984973973
2022-05-25 04:00:00+00:00,253.0,254.81,250.03,253.01,3511293.0,49767.0,251.90325,245.14433333333332,66.1140777369065,1.9752962083551324,0.6462595435787415,1.329036664776391
2022-05-26 04:00:00+00:00,253.39,255.605,252.08,253.05,2212618.0,45054.0,253.49344,245.129,66.16577414510522,2.339676832562219,0.984943001375437,1.354733831186782
2022-05-27 04:00:00+00:00,253.5,256.23,250.92,255.26,2663815.0,52334.0,254.756029,245.17033333333336,68.98143134302711,2.7747935400456925,1.3429131091094881,1.4318804309362043
2022-05-31 04:00:00+00:00,255.0,257.13,251.01,256.73,3558263.0,57981.0,255.182454,245.33033333333333,70.72648260107914,3.2013403218057306,1.7145985516487365,1.486741770156994
2022-06-01 04:00:00+00:00,257.88,257.97,251.35,253.42,2634004.0,56423.0,253.200437,245.332,62.23615357443294,3.235001300998846,2.0186791015187584,1.2163221994800875
2022-06-02 04:00:00+00:00,252.62,252.725,243.854,248.28,3888035.0,73748.0,246.739132,245.09533333333331,51.83093290263866,2.8144792613239247,2.1778391334797917,0.6366401278441329
2022-06-03 04:00:00+00:00,248.3,250.69,247.72,248.45,2006281.0,42959.0,248.891442,244.86166666666668,52.116079855439146,2.466497842646163,2.235570875313066,0.23092696733309692
2022-06-06 04:00:00+00:00,248.33,248.83,243.61,245.44,2390947.0,49993.0,245.646384,244.69799999999998,46.830074422725474,1.9256406303755966,2.1735848263255724,-0.24794419594997574
2022-06-07 04:00:00+00:00,244.65,246.8,243.37,246.41,2678482.0,49093.0,245.819583,244.50599999999997,48.638028808917994,1.5573263970538846,2.050333140471235,-0.4930067434173502
2022-06-08 04:00:00+00:00,246.66,246.88,243.58,245.48,2339437.0,46962.0,245.17485,244.35966666666667,46.98832022460719,1.1768257709807415,1.8756316665731363,-0.6988058955923948
2022-06-09 04:00:00+00:00,244.72,246.72,241.44,241.75,2685822.0,48323.0,243.687271,244.125,40.984092466324235,0.5677517674080264,1.6140556867401146,-1.0463039193320882
2022-06-10 04:00:00+00:00,240.02,242.08,237.4,240.01,2887807.0,59459.0,240.338747,244.18766666666664,38.511873229837136,-0.05471648915079186,1.2803012515619332,-1.335017740712725
2022-06-13 04:00:00+00:00,237.94,239.05,235.99,236.77,4427811.0,68269.0,237.260054,244.307,34.35606482148172,-0.800243282874618,0.864192344674623,-1.6644356275492411
2022-06-14 04:00:00+00:00,236.97,238.7,233.435,235.7,3019665.0,57025.0,235.517598,244.46633333333332,33.08627399040542,-1.4605820154745004,0.3992374726447983,-1.8598194881192986
2022-06-15 04:00:00+00:00,236.53,237.26,231.98,235.58,3021098.0,62192.0,235.281216,244.57933333333332,32.93923772293009,-1.970869261637091,-0.07478387421157956,-1.8960853874255115
2022-06-16 04:00:00+00:00,233.6,234.54,229.5933,230.71,4097257.0,74417.0,231.097802,244.39966666666666,27.582063605640826,-2.73669694154637,-0.6071664876785376,-2.129530453867832
2022-06-17 04:00:00+00:00,230.13,238.25,229.49,234.72,13110523.0,88439.0,234.344654,244.41199999999998,36.70972084917565,-2.98563091365142,-1.0828593728731142,-1.9027715407783057
2022-06-21 04:00:00+00:00,236.84,238.86,233.93,238.41,3878304.0,73157.0,237.498968,244.47566666666665,43.737223461500015,-2.8522813942049368,-1.4367437771394789,-1.4155376170654579
2022-06-22 04:00:00+00:00,237.17,242.34,236.9,240.14,4170612.0,68137.0,239.911105,244.50566666666666,46.72398244232037,-2.577294945701766,-1.6648540108519363,-0.9124409348498297
2022-06-23 04:00:00+00:00,241.72,244.02,240.91,243.09,3223627.0,52469.0,242.009209,244.585,51.45628619141711,-2.0971512046158125,-1.7513134496047116,-0.3458377550111009
2022-06-24 04:00:00+00:00,244.0,246.0,242.875,245.37,4498850.0,57980.0,244.779504,244.74266666666668,54.79819181876528,-1.515190709980203,-1.70408890167981,0.18889819169960687
2022-06-27 04:00:00+00:00,245.17,246.285,244.025,244.85,2764509.0,42889.0,245.119097,244.74699999999999,53.8870236082185,-1.0834531063770214,-1.5799617426192523,0.49650863624223085
2022-06-28 04:00:00+00:00,245.93,247.58,243.39,243.51,2425271.0,46128.0,244.852272,244.75066666666666,51.51012282023426,-0.8397446920853326,-1.4319183325124685,0.5921736404271358
2022-06-29 04:00:00+00:00,246.26,247.1,243.72,245.43,2583786.0,46439.0,245.966708,244.80266666666665,54.60015060183817,-0.4860729180153669,-1.2427492496130481,0.7566763315976812
2022-06-30 04:00:00+00:00,244.17,245.0,240.73,243.3,3023781.0,50045.0,243.136541,244.73433333333335,50.73735125578468,-0.37335488513414816,-1.0688703767172683,0.6955154915831201
2022-07-01 04:00:00+00:00,243.25,246.0,240.72,245.55,2744834.0,44826.0,244.331663,244.78733333333332,54.406762117090835,-0.1013010999977837,-0.8753565213733714,0.7740554213755877
2022-07-05 04:00:00+00:00,245.19,246.74,242.32,246.73,2483738.0,47332.0,245.230222,244.85266666666666,56.247392945249324,0.20713193508055383,-0.6588588300825864,0.8659907651631402
2022-07-06 04:00:00+00:00,246.62,248.0807,244.54,245.25,4320615.0,62548.0,245.646743,244.77766666666668,53.338857526265954,0.3283585929330286,-0.4614153454794634,0.789773938412492
2022-07-07 04:00:00+00:00,244.5,248.03,244.29,247.42,3068192.0,53603.0,247.045248,244.72366666666667,56.86113357550953,0.5927001785105404,-0.25059224068146263,0.843292419192003
2022-07-08 04:00:00+00:00,248.15,250.24,247.2,248.48,2215544.0,40217.0,248.91406,244.61,58.50874723673278,0.8776093959457683,-0.02495191335601646,0.9025613093017847
2022-07-11 04:00:00+00:00,249.28,250.11,246.99,247.78,1791009.0,38660.0,248.244213,244.43566666666666,56.961551279804496,1.0349871657774088,0.1870359024706686,0.8479512633067402
2022-07-12 04:00:00+00:00,247.78,250.09,245.68,246.97,2699340.0,54399.0,247.696753,244.233,55.144373604707255,1.0818787271466022,0.36600446740585535,0.7158742597407468
2022-07-13 04:00:00+00:00,246.37,248.75,245.1601,247.09,2501767.0,39551.0,247.091776,243.96066666666667,55.371521426474665,1.1158606771977588,0.5159757093642361,0.5998849678335227
2022-07-14 04:00:00+00:00,245.02,246.82,242.95,245.59,2886361.0,47267.0,245.214652,243.58933333333334,51.83779543731234,1.0101102314862658,0.6148026137886421,0.3953076176976237
2022-07-15 04:00:00+00:00,247.39,249.13,245.441,248.69,2805480.0,42994.0,248.205598,243.43166666666667,57.82780768528842,1.1630395377637797,0.7244499985836697,0.43858953918011
2022-07-18 04:00:00+00:00,248.55,249.45,242.92,243.84,2231417.0,42013.0,245.362496,243.28366666666668,47.80938715991215,0.8827073470949642,0.7561014682859286,0.12660587880903562
2022-07-19 04:00:00+00:00,246.96,247.775,245.04,247.32,3373908.0,40646.0,246.987685,243.24599999999998,53.971273425088775,0.9306213589972572,0.7910054464281944,0.1396159125690628
2022-07-20 04:00:00+00:00,246.7,248.46,244.65,246.63,2664582.0,41208.0,246.799214,243.28566666666666,52.644106438265446,0.9025127203566115,0.8133069012138778,0.08920581914273362
2022-07-21 04:00:00+00:00,245.74,246.8,243.61,245.78,2009519.0,38061.0,245.433582,243.26466666666667,50.98097875604455,0.8023989696227432,0.811125314895651,-0.008726345272907832
2022-07-22 04:00:00+00:00,246.8,249.13,245.22,245.95,1839656.0,35348.0,246.39953,243.28033333333332,51.31227006199706,0.728379376089066,0.794576127134334,-0.06619675104526801
2022-07-25 04:00:00+00:00,246.86,249.0937,246.56,248.72,1770588.0,31550.0,248.303446,243.51266666666666,56.474153151161296,0.883054858350846,0.8122718733776364,0.07078298497320956
2022-07-26 04:00:00+00:00,249.63,253.765,248.75,251.14,2528642.0,47638.0,251.400659,243.88366666666667,60.42202038294189,1.1872244828197154,0.8872623952660522,0.29996208755366316
2022-07-27 04:00:00+00:00,249.16,252.75,248.09,251.72,2162430.0,42153.0,250.853573,244.382,61.32737001204789,1.458272200191999,1.0014643562512417,0.45680784394075724
2022-07-28 04:00:00+00:00,251.72,251.72,245.725,249.75,2214553.0,43304.0,249.414865,244.85033333333334,56.59213335162919,1.4968620391567242,1.1005438928323383,0.3963181463243859
2022-07-29 04:00:00+00:00,248.46,249.57,245.74,247.47,3289693.0,49262.0,247.396396,245.2466666666667,51.624009802964146,1.32815764473699,1.1460666432132687,0.18209100152372137
2022-08-01 04:00:00+00:00,247.34,248.16,244.651,245.64,1960200.0,38412.0,245.957758,245.74433333333334,47.98297820438268,1.0348632315051134,1.1238259608716377,-0.08896272936652427
2022-08-02 04:00:00+00:00,246.69,247.85,243.78,243.91,2295100.0,44919.0,245.258292,246.05066666666664,44.7684000856341,0.6552751501239698,1.0301157987221041,-0.3748406485981344
2022-08-03 04:00:00+00:00,245.94,249.33,245.18,247.14,2061356.0,40807.0,247.565135,246.34166666666667,51.325068694027415,0.6080733752512799,0.9457073140279394,-0.3376339387766595
2022-08-04 04:00:00+00:00,247.0,249.0,246.2,246.98,2650623.0,41853.0,247.210974,246.56966666666665,51.00208124051461,0.5513987838239416,0.8668456079871398,-0.31544682416319825
2022-08-05 04:00:00+00:00,246.46,247.08,241.79,246.25,2723887.0,55082.0,245.799058,246.67499999999998,49.4723804822916,0.4424782488444521,0.7819721361586024,-0.3394938873141503
2022-08-08 04:00:00+00:00,245.0,247.74,244.31,247.29,2784544.0,51778.0,246.218677,246.739,51.69519918093624,0.43506212316140136,0.7125901335591622,-0.27752801039776087
2022-08-09 04:00:00+00:00,247.21,249.72,247.21,248.36,2060650.0,37565.0,248.236646,246.85600000000002,53.94027822183256,0.5096499207241152,0.6720020909921528,-0.1623521702680376
2022-08-10 04:00:00+00:00,249.81,252.46,248.53,252.09,2628665.0,46986.0,250.801086,247.142,60.78295389698307,0.8598295351025911,0.7095675798142405,0.15026195528835062
2022-08-11 04:00:00+00:00,252.04,253.36,247.99,248.35,2686875.0,50103.0,250.057377,247.23933333333332,52.38023988399689,0.8260405773067987,0.7328621793127521,0.09317839799404659
2022-08-12 04:00:00+00:00,248.52,249.85,246.3,248.39,3460340.0,42281.0,248.38035,247.409,52.455941840115386,0.7933450624832687,0.7449587559468555,0.04838630653641329
2022-08-15 04:00:00+00:00,249.07,251.53,247.88,251.08,2659166.0,53064.0,250.296605,247.59333333333333,57.3646448350964,0.9732748436045995,0.7906219734784043,0.18265287012619513
2022-08-16 04:00:00+00:00,251.86,254.16,251.66,253.15,2206203.0,47702.0,252.902352,247.8073333333333,60.72503042114858,1.2682822237582911,0.8861540235343817,0.3821282002239095
2022-08-17 04:00:00+00:00,251.19,252.6499,249.75,250.58,1880462.0,40666.0,250.965428,247.985,54.935784238063846,1.2799457583658125,0.9649123705006679,0.31503338786514457
2022-08-18 04:00:00+00:00,250.93,251.04,247.95,249.7,1888832.0,36972.0,249.201301,248.061,53.070098868611495,1.204298148632489,1.012789526127032,0.19150862250545697
2022-08-19 04:00:00+00:00,247.63,252.01,247.63,250.86,2207502.0,40375.0,250.443851,248.14033333333333,55.22855956429504,1.2238414954382222,1.0549999199892701,0.16884157544895206
2022-08-22 04:00:00+00:00,249.98,251.23,246.54,246.9,3078292.0,40681.0,248.157415,248.111,47.24066398835852,0.9093088868621919,1.0258617133638546,-0.11655282650166265
2022-08-23 04:00:00+00:00,246.69,246.69,242.85,244.47,2659656.0,43944.0,244.357779,248.02766666666668,43.11934189435661,0.45867155664606685,0.9124236820202971,-0.45375212537423026
2022-08-24 04:00:00+00:00,243.57,244.975,242.61,244.49,2329225.0,35863.0,244.312325,247.94099999999997,43.16329179388973,0.10197653660046058,0.7503342529363298,-0.6483577163358692
2022-08-25 04:00:00+00:00,246.01,246.06,243.8081,245.68,1725434.0,35579.0,245.142304,247.944,45.8445409022417,-0.08371872453616902,0.5835236574418301,-0.6672423819779991
2022-08-26 04:00:00+00:00,244.05,246.36,240.45,240.65,2979483.0,48489.0,241.886633,247.67600000000002,37.74019306528732,-0.6295059664576002,0.34091773266194403,-0.9704236991195442
2022-08-29 04:00:00+00:00,238.84,241.03,238.005,239.38,2112981.0,43959.0,239.496481,247.52733333333333,36.00931785394315,-1.1512537375760132,0.04248343861435258,-1.193737176190366
2022-08-30 04:00:00+00:00,239.88,240.31,238.29,239.12,3673149.0,50819.0,239.129421,247.25400000000002,35.64885416221334,-1.5676515213573907,-0.2795435533799961,-1.2881079679773946
2022-08-31 04:00:00+00:00,241.585,243.89,239.85,240.3,4303724.0,57394.0,240.972633,247.043,38.65044434438105,-1.781893072509689,-0.5800134572059348,-1.2018796153037543
2022-09-01 04:00:00+00:00,241.12,245.74,240.74,245.5,2487909.0,50024.0,244.147355,247.03366666666665,49.769515274077726,-1.514624851076178,-0.7669357359799835,-0.7476891150961944
2022-09-02 04:00:00+00:00,246.48,247.78,241.335,242.37,2323746.0,54290.0,244.010174,246.91433333333333,44.53707319207222,-1.53765259951345,-0.921079108686677,-0.616573490826773
2022-09-06 04:00:00+00:00,243.74,244.59,241.54,242.22,2102212.0,45760.0,242.747091,246.69766666666663,44.296723138052286,-1.5501369881806681,-1.0468906845854753,-0.5032463035951928
2022-09-07 04:00:00+00:00,242.8,245.32,242.27,244.79,2123690.0,39558.0,244.466952,246.486,49.34107178208507,-1.3372385805760132,-1.104960263783583,-0.23227831679243027
2022-09-08 04:00:00+00:00,244.8,246.0,242.91,245.45,2891851.0,48173.0,244.94331,246.277,50.578821801062276,-1.1025490751241875,-1.104478026051704,0.0019289509275164374
2022-09-09 04:00:00+00:00,245.45,249.23,245.03,247.69,2317973.0,49900.0,247.776397,246.20833333333334,54.63045511435696,-0.727421410452564,-1.029066702931876,0.30164529247931204
2022-09-12 04:00:00+00:00,238.0,241.7,235.11,237.62,6294605.0,102638.0,238.416992,245.88,39.10829761797519,-1.2285331100921155,-1.0689599843639241,-0.15957312572819138
2022-09-13 04:00:00+00:00,237.03,237.14,226.62,226.86,4474131.0,81213.0,229.450978,245.254,29.472264943154215,-2.4654891926006997,-1.3482658260112792,-1.1172233665894205
2022-09-14 04:00:00+00:00,227.53,228.78,226.13,228.12,2714764.0,52164.0,227.709643,244.72766666666666,31.597677098180682,-3.306004765020816,-1.7398136138131868,-1.5661911512076294
2022-09-15 04:00:00+00:00,228.1,229.01,225.86,227.66,2201188.0,48731.0,227.74881,244.07833333333335,31.227682866736345,-3.9635482503639423,-2.184560541123338,-1.7789877092406043
2022-09-16 04:00:00+00:00,226.89,232.22,226.61,231.14,4603866.0,51303.0,229.763846,243.55033333333333,37.21713404032045,-4.155942169075928,-2.578836866713856,-1.5771053023620718
2022-09-19 04:00:00+00:00,230.64,230.86,227.095,230.76,1981446.0,35794.0,229.824837,243.03400000000002,36.83983982986647,-4.289630371268203,-2.9209955676247255,-1.3686348036434772
2022-09-20 04:00:00+00:00,228.5,229.99,226.53,227.71,1745913.0,38850.0,227.574708,242.38133333333332,33.87175794897645,-4.58879200693147,-3.2545548554860746,-1.3342371514453957
2022-09-21 04:00:00+00:00,229.13,230.62,224.36,224.46,2186074.0,39918.0,226.680509,241.58466666666666,31.005199028335127,-5.030143237072963,-3.6096725318034526,-1.4204707052695102
2022-09-22 04:00:00+00:00,223.55,229.37,223.3,227.75,2081017.0,45704.0,227.612981,240.77333333333334,36.83307243486576,-5.056157525792713,-3.8989695306013052,-1.157187995191408
2022-09-23 04:00:00+00:00,227.99,228.61,224.56,226.97,2148747.0,45277.0,226.750962,240.0606666666667,36.05548633369518,-5.081141284467208,-4.1354038813744864,-0.9457374030927213
2022-09-26 04:00:00+00:00,226.77,228.64,225.375,226.87,2454047.0,41024.0,226.939164,239.34333333333333,35.950699199233696,-5.050787918363596,-4.318480688772309,-0.7323072295912878
2022-09-27 04:00:00+00:00,226.97,229.955,225.02,225.99,2009808.0,43344.0,226.684981,238.507,34.98706657850312,-5.039647384597345,-4.462714027937316,-0.576933356660029
2022-09-28 04:00:00+00:00,229.96,231.87,227.74,230.98,2781909.0,45539.0,230.573344,237.76800000000003,44.13180611761652,-4.575424489087055,-4.485256120167263,-0.09016836891979185
2022-09-29 04:00:00+00:00,231.55,231.55,226.97,228.41,2335674.0,44688.0,228.422177,237.029,40.937952843270594,-4.364589747714774,-4.4611228456767655,0.09653309796199139
2022-09-30 04:00:00+00:00,228.42,230.0,225.17,225.4,2542626.0,48533.0,226.347145,236.219,37.5136610504633,-4.3897808791442685,-4.446854452370267,0.05707357322599815
2022-10-03 04:00:00+00:00,228.27,230.945,226.42,230.44,2521827.0,45978.0,229.907989,235.53833333333336,45.70333354519011,-3.9574402456016458,-4.348971611016543,0.3915313654148971
2022-10-04 04:00:00+00:00,230.975,234.09,229.795,233.02,2330977.0,43331.0,232.574169,235.07566666666665,49.36207097225095,-3.3678008290585524,-4.152737454624945,0.7849366255663925
2022-10-05 04:00:00+00:00,232.63,235.4236,230.96,233.82,2060431.0,37394.0,233.518497,234.72066666666666,50.47642962070849,-2.803635464769144,-3.8829170566537847,1.0792815918846408
2022-10-06 04:00:00+00:00,232.52,233.14,230.225,230.94,1523658.0,32963.0,231.289618,234.26900000000003,46.50846120268581,-2.559418892009404,-3.618217423724909,1.0587985317155049
2022-10-07 04:00:00+00:00,230.0,231.515,228.57,229.03,2060029.0,40176.0,229.539238,233.714,44.03608883675113,-2.491278626832866,-3.392829664346501,0.9015510375136349
2022-10-10 04:00:00+00:00,231.08,234.14,229.89,232.15,1630283.0,42273.0,232.042545,233.43066666666667,48.82206547888071,-2.1606128506765003,-3.146386301612501,0.9857734509360006
2022-10-11 04:00:00+00:00,239.49,250.4799,237.8427,245.44,6255226.0,113103.0,245.690596,233.6326666666667,63.242147179418545,-0.8167509137941238,-2.6804592240488256,1.8637083102547018
2022-10-12 04:00:00+00:00,244.36,248.73,243.41,246.44,2639163.0,56476.0,246.974238,233.87666666666664,64.06266965361714,0.3252121525814289,-2.0793249487227747,2.4045371013042036
2022-10-13 04:00:00+00:00,244.77,252.37,242.84,251.66,3285625.0,66712.0,249.248042,234.25533333333337,68.06950244031864,1.6326166957237263,-1.3369366198334747,2.969553315557201
2022-10-14 04:00:00+00:00,252.0,253.11,250.23,251.34,2862926.0,47818.0,251.533224,234.45,67.57212379546476,2.6128041104850865,-0.5469884737697625,3.159792584254849
2022-10-17 04:00:00+00:00,251.42,253.42,249.49,252.93,2577125.0,49636.0,252.329715,234.802,68.79231513936716,3.4778192746373406,0.2579730759116582,3.2198461987256826
2022-10-18 04:00:00+00:00,253.86,254.7,251.03,252.12,2060199.0,49305.0,252.367471,235.132,67.40092830591634,4.051289055387542,1.0166362718068351,3.0346527835807073
2022-10-19 04:00:00+00:00,251.31,252.35,246.94,248.19,1882991.0,44238.0,248.704569,235.24533333333335,60.95870316931432,4.140915931412479,1.641492203727964,2.4994237276845155
2022-10-20 04:00:00+00:00,247.55,249.06,246.01,247.45,2058029.0,42984.0,247.318606,235.312,59.79967839007329,4.104915154150916,2.1341767938125544,1.9707383603383617
2022-10-21 04:00:00+00:00,247.52,252.385,247.01,251.94,3531186.0,56137.0,250.917623,235.45366666666666,64.24217769237883,4.388106395280516,2.5849627141061466,1.8031436811743697
2022-10-24 04:00:00+00:00,254.95,261.59,254.9,261.32,2896927.0,61575.0,259.602704,236.24366666666668,71.36216479728031,5.308235072572586,3.129617185799434,2.178617886773152
2022-10-25 04:00:00+00:00,260.49,261.79,257.1901,259.99,2548918.0,51708.0,260.138537,237.348,69.256439137227,5.862544035435917,3.676202555726731,2.1863414797091862
2022-10-26 04:00:00+00:00,262.99,267.98,261.51,266.66,3003116.0,65972.0,265.853592,238.63266666666667,73.48241170245406,6.762101837845194,4.293382412150423,2.46871942569477
2022-10-27 04:00:00+00:00,268.0,269.31,265.88,267.23,2260893.0,50820.0,267.477376,239.95166666666665,73.81368060656183,7.435292687734574,4.921764467267254,2.51352822046732
2022-10-28 04:00:00+00:00,269.68,274.54,269.12,273.81,2919333.0,64088.0,272.84496,241.374,77.3338258977134,8.402889020978563,5.617989378009516,2.784899642969047
2022-10-31 04:00:00+00:00,269.2,271.81,268.0,270.35,3031655.0,55727.0,269.770066,242.69366666666667,71.863310594255,8.789206501201335,6.25223280264788,2.536973698553455
2022-11-01 04:00:00+00:00,269.6,272.87,268.38,272.06,2062634.0,50026.0,271.235807,244.172,72.88421622249052,9.12812525064993,6.82741129224829,2.30071395840164
2022-11-02 04:00:00+00:00,271.64,274.88,268.95,269.01,2615916.0,53143.0,270.896752,245.657,68.13551795284951,9.046330820723313,7.271195197943295,1.7751356227800175
2022-11-03 04:00:00+00:00,267.58,268.6,265.02,265.88,2793346.0,64692.0,266.300072,246.928,63.558880518867696,8.629468166840951,7.542849791722826,1.0866183751181246
2022-11-04 04:00:00+00:00,261.94,269.3,259.8422,269.04,3402166.0,75275.0,266.601031,248.33033333333333,66.03904386114033,8.456604626997603,7.725600758777782,0.7310038682198208
2022-11-07 05:00:00+00:00,268.15,277.48,267.75,277.02,2926724.0,65600.0,275.331669,250.00199999999998,71.34320472908638,8.86137986356482,7.95275657973519,0.9086232838296313
2022-11-08 05:00:00+00:00,282.565,296.67,282.22,292.39,6910967.0,140314.0,292.063575,252.21533333333335,78.35525366442877,10.303623939353201,8.422930051658792,1.8806938876944095
2022-11-09 05:00:00+00:00,290.0,296.22,289.26,289.65,3469056.0,70588.0,292.357122,254.17099999999996,74.83956854301815,11.097591532186243,8.957862347764284,2.1397291844219595
2022-11-10 05:00:00+00:00,294.08,294.48,285.35,291.01,4083046.0,78801.0,289.550245,256.25766666666664,75.42887330471206,11.701667662956481,9.506623410802723,2.1950442521537585
2022-11-11 05:00:00+00:00,288.55,289.36,279.62,285.02,3255138.0,79718.0,283.849533,258.245,67.88697111419562,11.56375958691649,9.918050646025478,1.6457089408910122
2022-11-14 05:00:00+00:00,284.7,290.9025,284.7,285.3,2812835.0,51325.0,286.804056,260.0736666666666,68.04779848200305,11.346267395296422,10.203693995879668,1.1425733994167544
2022-11-15 05:00:00+00:00,286.02,289.43,280.22,283.6,2762567.0,55622.0,283.679242,261.75966666666665,65.89017856685223,10.910952801915528,10.34514575708684,0.5658070448286878
2022-11-16 05:00:00+00:00,284.02,286.99,282.56,283.77,2443545.0,42321.0,283.990483,263.42466666666667,66.00625513426135,10.45911427089726,10.367939459848923,0.09117481104833658
2022-11-17 05:00:00+00:00,282.92,288.8,282.66,287.3,2172250.0,40084.0,286.673013,265.30333333333334,68.4101894637221,10.267512979975209,10.34785416387418,-0.08034118389897138
2022-11-18 05:00:00+00:00,284.43,288.735,284.43,287.29,2371690.0,35919.0,286.847247,267.24533333333335,68.39543373457262,9.999591592728905,10.278201649645125,-0.27861005691621976
2022-11-21 05:00:00+00:00,289.09,291.6,287.9,288.16,2795241.0,46336.0,289.318834,269.11233333333337,69.02147725031215,9.745127923601729,10.171586904436445,-0.4264589808347168
2022-11-22 05:00:00+00:00,288.01,289.395,283.52,287.05,3636095.0,59694.0,286.572265,270.4993333333333,67.19268204958962,9.34615920364621,10.006501364278398,-0.6603421606321884
2022-11-23 05:00:00+00:00,287.44,289.54,281.6,283.4,2875640.0,52073.0,283.984141,271.73133333333334,61.4288929552373,8.635899845234917,9.732381060469702,-1.0964812152347854
2022-11-25 05:00:00+00:00,281.95,285.57,281.41,283.74,1220728.0,22281.0,283.891411,272.80066666666664,61.75797014243106,8.008136532004073,9.387532154776576,-1.3793956227725026
2022-11-28 05:00:00+00:00,285.0,288.28,282.19,282.62,2375954.0,41049.0,284.012051,273.84333333333336,59.9436957252066,7.335693633808887,8.97716445058304,-1.6414708167741523
2022-11-29 05:00:00+00:00,283.38,283.38,279.68,281.99,2135281.0,38844.0,281.730804,274.812,58.89560219442852,6.6749968487977185,8.516730930225975,-1.8417340814282568
2022-11-30 05:00:00+00:00,282.56,287.96,278.93,286.4,5760035.0,61466.0,285.04954,275.95466666666664,63.682510107893755,6.433083449158801,8.10000143401254,-1.6669179848537397
2022-12-01 05:00:00+00:00,288.0,288.09,279.88,285.94,2914596.0,60443.0,284.482178,277.21299999999997,62.86017974302642,6.133543509850142,7.7067098491800605,-1.5731663393299185
2022-12-02 05:00:00+00:00,284.06,286.12,283.19,285.51,2267114.0,43423.0,284.893465,278.4816666666667,62.05352458498059,5.7946612951798215,7.324300138380013,-1.5296388432001917
2022-12-05 05:00:00+00:00,283.79,286.78,283.0,284.91,3274673.0,57057.0,285.172572,279.5806666666667,60.879569854637225,5.41525601251584,6.942491313207179,-1.5272353006913386
2022-12-06 05:00:00+00:00,285.84,287.44,281.6904,283.29,2479398.0,47449.0,284.050304,280.313,57.705263960457806,4.927058072964144,6.539404665158573,-1.612346592194429
2022-12-07 05:00:00+00:00,283.41,285.93,281.805,285.76,2492384.0,53703.0,284.715958,281.17199999999997,61.04071662809542,4.68545503687136,6.168614739501131,-1.483159702629771
2022-12-08 05:00:00+00:00,286.51,286.59,283.74,285.57,1769790.0,40399.0,285.344333,281.8023333333333,60.6445285358029,4.427612714726081,5.820414334546122,-1.392801619820041
2022-12-09 05:00:00+00:00,284.19,285.1736,278.34,278.65,2205856.0,46754.0,280.498513,282.183,48.33863046879445,3.6231195823930875,5.3809553841155155,-1.757835801722428
2022-12-12 05:00:00+00:00,272.82,279.48,272.63,276.78,3427515.0,75622.0,275.639807,282.282,45.643259562794256,2.802355794013806,4.865235466095173,-2.062879672081367
2022-12-13 05:00:00+00:00,282.025,282.67,271.62,272.26,3868094.0,75468.0,273.72219,282.34566666666666,39.858019076985045,1.7668017627307222,4.2455487254222835,-2.4787469626915613
2022-12-14 05:00:00+00:00,271.97,273.37,267.29,271.13,3787232.0,74240.0,270.748151,282.3146666666667,38.542757187479125,0.8451933135747254,3.565477643052772,-2.7202843294780465
2022-12-15 05:00:00+00:00,270.44,271.12,263.45,266.14,3200359.0,66485.0,266.052006,282.219,33.31471156566121,-0.2845590988816866,2.7954702946658805,-3.080029393547567
2022-12-16 05:00:00+00:00,264.95,267.98,264.31,267.41,8774494.0,63205.0,267.012633,282.27000000000004,35.7050601715693,-1.0651393753204843,2.0233483606686073,-3.0884877359890917
2022-12-19 05:00:00+00:00,266.82,268.91,263.81,265.7,2679808.0,46697.0,266.040093,282.15866666666665,33.940924625672494,-1.8009770349197538,1.2584832815509353,-3.0594603164706893
2022-12-20 05:00:00+00:00,266.69,267.68,262.82,264.75,1609192.0,36153.0,264.821926,281.74966666666666,32.9664151133839,-2.432747542754896,0.520237116689769,-2.952984659444665
2022-12-21 05:00:00+00:00,264.88,267.4,264.25,266.26,2057011.0,39667.0,266.148803,280.8786666666667,36.106608400071565,-2.7795449771812173,-0.1397193020844283,-2.6398256750967892
2022-12-22 05:00:00+00:00,265.8,266.165,263.19,265.26,1980107.0,37592.0,264.853265,280.0656666666667,34.93929932314501,-3.0993487223622083,-0.7316451861399843,-2.367703536222224
2022-12-23 05:00:00+00:00,264.88,265.29,262.9,263.92,1465564.0,25778.0,264.001628,279.1626666666667,33.381900963651816,-3.421481585710694,-1.2696124660541264,-2.151869119656568
2022-12-27 05:00:00+00:00,265.69,266.61,262.88,263.39,1604836.0,31009.0,263.632781,278.44166666666666,32.75991013933505,-3.677152842343162,-1.7511205413119335,-1.9260323010312284
2022-12-28 05:00:00+00:00,264.42,265.62,261.14,261.42,1349557.0,27629.0,262.165016,277.64566666666667,30.486121317615726,-3.992711201900306,-2.199438673429608,-1.7932725284706983
2022-12-29 05:00:00+00:00,262.47,264.88,262.14,263.16,1446407.0,34804.0,263.63312,276.96433333333334,34.791202284506326,-4.0556391337253785,-2.570678765488762,-1.4849603682366164
2022-12-30 05:00:00+00:00,262.73,263.23,259.51,262.64,1621816.0,32660.0,261.754654,276.26,34.11129946067777,-4.100205016109953,-2.876584015613001,-1.2236210004969523
2023-01-03 05:00:00+00:00,260.87,262.6,258.865,261.65,2593428.0,45754.0,260.920072,275.405,32.79719280413231,-4.1673696816123424,-3.1347411488128696,-1.0326285327994729
2023-01-04 05:00:00+00:00,263.01,265.005,261.0045,264.39,1773529.0,39783.0,263.648851,274.64166666666665,39.71890497085208,-3.9539246795802114,-3.298577854966338,-0.6553468246138734
2023-01-05 05:00:00+00:00,264.07,268.0,262.52,266.86,2052062.0,45777.0,266.201798,273.9316666666666,45.198513506615825,-3.544599681639511,-3.3477822203009726,-0.19681746133853828
2023-01-06 05:00:00+00:00,270.04,276.82,269.03,275.2,2887810.0,58965.0,274.795471,273.5366666666667,58.81255413995002,-2.5182100145163417,-3.1818677791440466,0.6636577646277049
2023-01-09 05:00:00+00:00,275.58,275.58,268.66,270.12,2160793.0,48503.0,270.523741,273.094,50.57149809483897,-2.0906031811347248,-2.9636148595421825,0.8730116784074577
