timestamp,open,high,low,close,volume,trade_count,vwap,30sma,rsi,macd,signal,histogram
2022-01-03 05:00:00+00:00,3351.0,3414.07,3323.21,3408.09,3192069.0,187619.0,3389.105982,,,,,
2022-01-04 05:00:00+00:00,3408.76,3428.0,3326.99,3350.44,3533192.0,216128.0,3358.544328,,,,,
2022-01-05 05:00:00+00:00,3337.66,3342.525,3287.4775,3288.0,2928413.0,208396.0,3314.418692,,,,,
2022-01-06 05:00:00+00:00,3269.01,3296.0,3238.7442,3265.08,2592981.0,187193.0,3268.051841,,,,,
2022-01-07 05:00:00+00:00,3276.78,3304.865,3240.62,3251.08,2325632.0,156769.0,3259.961282,,,,,
2022-01-10 05:00:00+00:00,3211.71,3233.23,3126.09,3229.72,4378249.0,287508.0,3180.957442,,,,,
2022-01-11 05:00:00+00:00,3230.0,3327.0,3214.03,3307.24,3140279.0,170129.0,3288.458573,,,,,
2022-01-12 05:00:00+00:00,3331.5,3337.56,3288.34,3304.14,2500297.0,138127.0,3310.819056,,,,,
2022-01-13 05:00:00+00:00,3305.01,3324.4299,3221.82,3224.28,2606052.0,162418.0,3256.537859,,,,,
2022-01-14 05:00:00+00:00,3203.0,3245.0,3196.01,3242.76,2295803.0,150762.0,3223.331232,,,,,
2022-01-18 05:00:00+00:00,3182.1,3194.6899,3153.29,3178.35,3366172.0,219828.0,3173.822224,,,,,
2022-01-19 05:00:00+00:00,3175.24,3185.0,3125.0,3125.98,2657068.0,181266.0,3151.491581,,,,,
2022-01-20 05:00:00+00:00,3135.32,3160.0,3027.02,3033.35,3588017.0,243253.0,3095.667195,,,,,
2022-01-21 05:00:00+00:00,2999.0,3018.0,2841.408,2852.86,8168052.0,492669.0,2915.290585,,,,,
2022-01-24 05:00:00+00:00,2780.0,2898.9,2707.04,2890.88,7706775.0,447866.0,2808.05172,,17.067176058580074,,,
2022-01-25 05:00:00+00:00,2844.85,2872.0,2762.9,2799.72,4540391.0,272736.0,2805.685949,,15.1705474078518,,,
2022-01-26 05:00:00+00:00,2895.0,2903.695,2746.37,2777.45,4674482.0,283349.0,2819.731883,,14.73961672953898,,,
2022-01-27 05:00:00+00:00,2816.0,2884.87,2787.0,2792.75,3851654.0,227654.0,2825.25452,,16.494614398486007,,,
2022-01-28 05:00:00+00:00,2817.21,2879.96,2758.585,2879.56,3708694.0,218785.0,2822.436444,,25.824050345456314,,,
2022-01-31 05:00:00+00:00,2895.0,3007.21,2886.0101,2991.47,3914075.0,235634.0,2958.57253,,35.78421504722128,,,
2022-02-01 05:00:00+00:00,3000.0,3034.16,2952.5548,3023.87,2953627.0,194341.0,3003.507155,,38.364656576807995,,,
2022-02-02 05:00:00+00:00,3101.0085,3101.5,2977.2717,3012.25,4377690.0,259202.0,3018.279913,,37.77832839913491,,,
2022-02-03 05:00:00+00:00,2834.75,2884.95,2766.66,2776.91,11279066.0,688907.0,2903.546656,,28.333664582389403,,,
2022-02-04 05:00:00+00:00,3112.13,3224.0,3012.16,3152.79,12660676.0,594388.0,3136.082839,,49.88414869765553,,,
2022-02-07 05:00:00+00:00,3170.4,3253.815,3145.0,3158.71,5124855.0,271002.0,3196.067748,,50.13845943523942,,,
2022-02-08 05:00:00+00:00,3135.01,3235.85,3111.01,3228.27,3797475.0,200178.0,3186.069405,,53.14695878211054,-51.19066663551712,,
2022-02-09 05:00:00+00:00,3257.47,3276.69,3205.0,3223.79,3376086.0,188758.0,3234.017588,,52.925469826722946,-33.27451323246396,,
2022-02-10 05:00:00+00:00,3167.0,3214.33,3155.0,3180.07,3286952.0,176995.0,3185.43105,,50.704674775710174,-22.3460795037754,,
2022-02-11 05:00:00+00:00,3165.05,3180.0,3054.675,3065.87,3659348.0,201858.0,3102.192991,,45.35155924708585,-22.63923165931874,,
2022-02-14 05:00:00+00:00,3035.02,3168.9663,3033.0,3103.34,4116059.0,216950.0,3113.052094,3103.9689999999996,47.31687534970495,-19.621852503014452,,
2022-02-15 05:00:00+00:00,3152.11,3160.14,3092.75,3130.21,2848042.0,147887.0,3124.72914,3094.7063333333335,48.740506890958606,-14.890722366274531,,
2022-02-16 05:00:00+00:00,3115.81,3176.68,3094.69,3162.01,2548579.0,137504.0,3143.386345,3088.425333333333,50.44713533411361,-8.477549497132713,,
2022-02-17 05:00:00+00:00,3162.92,3206.975,3090.0,3093.05,3163964.0,171604.0,3140.161887,3081.927,46.80767836199628,-8.857456229319723,,
2022-02-18 05:00:00+00:00,3109.99,3109.99,3017.86,3052.03,3570386.0,175406.0,3056.137931,3074.825333333333,44.74001746084374,-12.326414994089191,-21.513831846767314,9.187416852678123
2022-02-22 05:00:00+00:00,3009.57,3059.65,2969.71,3003.95,3174508.0,198135.0,3010.927174,3066.587666666667,42.377108335138914,-18.739229809858898,-20.95891143938563,2.2196816295267325
2022-02-23 05:00:00+00:00,3033.01,3035.26,2893.02,2897.685,3215857.0,193209.0,2945.775195,3055.5198333333333,37.64486483501577,-32.0269425024444,-23.172517651997385,-8.854424850447014
2022-02-24 05:00:00+00:00,2796.75,3034.98,2790.0,3027.16,5049082.0,293527.0,2932.480009,3046.1838333333335,45.61387271080376,-31.744074184640795,-24.886828958526067,-6.857245226114728
2022-02-25 05:00:00+00:00,3011.0,3079.8,2984.27,3075.77,2944582.0,160607.0,3047.591689,3038.5715,48.28604332103156,-27.282977078844397,-25.366058582589737,-1.9169184962546595
2022-02-28 05:00:00+00:00,3048.5,3089.0,3017.0,3071.26,2731457.0,153680.0,3054.219398,3033.4708333333333,48.05015499665506,-23.83667049078349,-25.06018096422849,1.2235104734449997
2022-03-01 05:00:00+00:00,3054.65,3081.98,2999.54,3022.84,2097496.0,130097.0,3038.935749,3026.1401666666666,45.48123823607407,-24.727493870613216,-24.99364354550544,0.2661496748922225
2022-03-02 05:00:00+00:00,3016.98,3059.99,2975.0,3041.05,2221350.0,134465.0,3028.823281,3021.5635000000007,46.63673172811321,-23.690988041470064,-24.733112444698364,1.0421244032283
2022-03-03 05:00:00+00:00,3070.63,3078.58,2937.12,2957.97,3121364.0,167915.0,2987.710116,3015.9631666666664,42.23828788418433,-29.23639244266542,-25.63376844429178,-3.602623998373641
2022-03-04 05:00:00+00:00,2943.18,2957.0,2876.14,2912.82,2920243.0,176440.0,2906.227133,3011.9455000000003,40.02881041221349,-36.84961364083665,-27.876937483600756,-8.972676157235895
2022-03-07 05:00:00+00:00,2908.87,2921.89,2748.33,2749.06,4160673.0,282836.0,2797.58081,3008.4855000000002,33.23759349681407,-55.45792525033403,-33.39313503694741,-22.064790213386615
2022-03-08 05:00:00+00:00,2733.67,2813.99,2671.45,2720.29,4423953.0,260108.0,2735.355919,3002.7991666666667,32.20388081396386,-71.70013035463808,-41.05453410048555,-30.64559625415253
2022-03-09 05:00:00+00:00,2790.0,2805.0,2736.56,2785.58,3979267.0,233069.0,2823.26874,3002.3278333333333,36.99294792991383,-78.40009013317058,-48.523645307022555,-29.876444826148024
2022-03-10 05:00:00+00:00,2913.7,2973.485,2879.56,2936.35,6617986.0,444187.0,2930.329522,3007.6245,46.40756256998777,-70.72866158207034,-52.96464856203212,-17.764013020038227
2022-03-11 05:00:00+00:00,2991.49,2993.5,2907.38,2910.49,3279730.0,251540.0,2945.822949,3011.5491666666667,45.1611085840273,-65.97516443711083,-55.56675173704786,-10.408412700062975
2022-03-14 04:00:00+00:00,2919.62,2949.0,2817.68,2837.06,3574088.0,238698.0,2870.076496,3010.1325,41.73342145240318,-67.35672462909815,-57.92474631545792,-9.431978313640236
2022-03-15 04:00:00+00:00,2857.0,2959.7,2840.0,2947.33,3695863.0,204815.0,2920.102439,3008.6611666666668,48.10347898360866,-58.87507834499638,-58.11481272136561,-0.7602656236307723
2022-03-16 04:00:00+00:00,2970.0,3063.0,2947.07,3062.08,5807488.0,234980.0,2988.791587,3009.9348333333337,53.767806306838125,-42.40512665978895,-54.972875509050276,12.567748849261328
2022-03-17 04:00:00+00:00,3052.81,3149.97,3042.8,3144.78,3567417.0,221411.0,3107.795385,3014.3525000000004,57.378390230056496,-22.420918055596758,-48.462484018359575,26.041565962762817
2022-03-18 04:00:00+00:00,3136.26,3231.88,3120.22,3225.01,5136333.0,220728.0,3186.839398,3029.289166666667,60.5936435170779,-0.1081515644996216,-38.79161752758758,38.68346596308796
2022-03-21 04:00:00+00:00,3222.415,3261.68,3191.06,3229.83,3287802.0,205506.0,3224.459346,3031.8571666666667,60.785039164614275,17.759094564588395,-27.481475109152388,45.24056967374078
2022-03-22 04:00:00+00:00,3236.11,3323.34,3233.98,3297.78,3165283.0,201172.0,3294.170624,3036.4928333333332,63.47810046618798,36.975779200601664,-14.590024247201578,51.56580344780324
2022-03-23 04:00:00+00:00,3274.1,3327.4,3253.74,3268.16,2750794.0,185680.0,3288.168153,3037.8225,61.495575786703746,49.24736084761389,-1.8225472282384843,51.069908075852375
2022-03-24 04:00:00+00:00,3274.99,3282.37,3201.0,3272.99,2794674.0,184918.0,3250.966807,3039.4625,61.70560353156679,58.68592355285,10.279146927979212,48.40677662487079
2022-03-25 04:00:00+00:00,3280.0,3307.37,3245.0,3295.47,2437342.0,153483.0,3281.879415,3043.3091666666664,62.724713124953624,67.205299762903,21.664377494963972,45.540922267939024
2022-03-28 04:00:00+00:00,3299.5,3380.75,3298.0,3379.81,5733013.0,402880.0,3349.1781,3053.773833333333,66.34360215777986,79.84212955980547,33.29992790793227,46.5422016518732
2022-03-29 04:00:00+00:00,3407.68,3416.63,3357.37,3386.3,3310466.0,219413.0,3387.163197,3063.2058333333334,66.6122216826865,89.35061866495971,44.51006605933776,44.84055260562195
2022-03-30 04:00:00+00:00,3370.19,3379.01,3310.0,3326.02,2808363.0,190980.0,3337.861238,3069.7328333333335,61.687514150318265,90.97338797908378,53.80273044328697,37.17065753579681
2022-03-31 04:00:00+00:00,3328.895,3329.9,3259.07,3259.95,2982791.0,176963.0,3290.903119,3072.9975,56.73638838120562,85.93751336218293,60.22968702706616,25.707826335116764
2022-04-01 04:00:00+00:00,3282.99,3316.54,3246.39,3271.2,2846428.0,189555.0,3276.860335,3078.9358333333334,57.3638932911583,81.91011856703608,64.56577333506016,17.34434523197592
2022-04-04 04:00:00+00:00,3282.5,3367.89,3264.11,3366.93,2493603.0,181476.0,3336.626452,3089.4325000000003,62.36602038688563,85.45788482648504,68.74419563334513,16.713689193139913
2022-04-05 04:00:00+00:00,3354.83,3362.21,3265.3201,3281.1,2703586.0,199205.0,3301.885847,3098.6708333333327,56.020071398282795,80.41675713999621,71.07870793467535,9.338049205320857
2022-04-06 04:00:00+00:00,3233.01,3244.0,3145.09,3174.505,3718330.0,287185.0,3185.423545,3107.8981666666664,49.309472166252604,67.04742055212091,70.27245045816447,-3.2250299060435594
2022-04-07 04:00:00+00:00,3168.0,3201.58,3090.23,3154.87,3222750.0,204286.0,3145.509453,3112.1551666666664,48.164941491086545,54.242471139373265,67.06645459440622,-12.823983455032959
2022-04-08 04:00:00+00:00,3135.0,3147.37,3084.615,3090.45,2153293.0,173439.0,3112.418772,3112.6445000000003,44.51428489392609,38.453038167683644,61.34377130906171,-22.890733141378064
2022-04-11 04:00:00+00:00,3054.26,3082.7299,3010.69,3022.44,2438789.0,189897.0,3039.913988,3111.0171666666665,40.982643103788696,20.218889393081554,53.11879492586568,-32.899905532784125
2022-04-12 04:00:00+00:00,3073.85,3101.98,3007.66,3015.75,2748252.0,186481.0,3053.292343,3110.780833333333,40.64107254261042,5.168785488272988,43.528793038347146,-38.36000755007416
2022-04-13 04:00:00+00:00,3000.37,3120.5,2992.0,3110.82,2658143.0,156397.0,3072.667334,3113.1065,47.35586402586681,0.9024216256652835,35.003518755810774,-34.10109713014549
2022-04-14 04:00:00+00:00,3107.8,3117.94,3029.435,3034.13,2581844.0,159392.0,3060.389958,3115.645166666667,43.118550797402555,-8.568175949035776,26.289179814841464,-34.85735576387724
2022-04-18 04:00:00+00:00,3030.47,3080.79,3005.01,3055.7,2318791.0,151628.0,3046.009544,3120.407833333333,44.61951269464428,-14.169833012415893,18.197377249389994,-32.36721026180589
2022-04-19 04:00:00+00:00,3040.59,3172.98,3031.01,3162.31,2746245.0,168989.0,3130.244214,3134.1828333333333,51.43992797577907,-9.892614665920519,12.579378866327891,-22.471993532248412
2022-04-20 04:00:00+00:00,3152.05,3152.05,3072.07,3079.96,2965187.0,191275.0,3096.791065,3146.1718333333333,46.65972274010325,-12.998012090564316,7.463900674949451,-20.461912765513766
2022-04-21 04:00:00+00:00,3094.28,3134.76,2951.79,2965.92,3187451.0,240842.0,3020.47519,3152.183166666667,40.98035263524063,-24.380098254139284,1.0951008891317038,-25.475199143270988
2022-04-22 04:00:00+00:00,2965.0,2992.3,2873.9501,2887.0,3641889.0,267127.0,2920.364096,3150.5381666666667,37.572054965870265,-39.31546378680741,-6.98701204605612,-32.32845174075129
2022-04-25 04:00:00+00:00,2880.46,2924.43,2846.1309,2921.48,3075984.0,212056.0,2887.312749,3150.9044999999996,39.922960683446085,-47.818380215116576,-15.153285679868212,-32.665094535248365
2022-04-26 04:00:00+00:00,2896.0,2897.115,2778.59,2787.82,3856888.0,289208.0,2810.5732,3149.2631666666666,34.49937740022442,-64.59760670208152,-25.042149884310874,-39.55545681777065
2022-04-27 04:00:00+00:00,2803.83,2838.97,2715.67,2763.34,3541483.0,242755.0,2780.21659,3143.130166666667,33.59908080300441,-78.9603897707625,-35.8257978616012,-43.1345919091613
2022-04-28 04:00:00+00:00,2843.56,2918.75,2806.0,2891.93,5846241.0,395539.0,2784.069211,3137.4584999999997,42.14049069258194,-79.05555724883698,-44.47174973904836,-34.58380750978861
2022-04-29 04:00:00+00:00,2596.98,2615.22,2432.5,2485.63,13615775.0,972315.0,2515.586063,3115.4868333333334,29.310979433452587,-110.64059664335309,-57.70551911990931,-52.93507752344378
2022-05-02 04:00:00+00:00,2448.02,2493.365,2367.5,2490.0,7426804.0,433317.0,2432.066259,3090.9865,29.559380233533957,-133.77724464027187,-72.91986422398183,-60.85738041629004
2022-05-03 04:00:00+00:00,2481.07,2524.41,2456.5,2485.07,3949013.0,251428.0,2486.738477,3066.1611666666663,29.433720436964848,-150.77299740549006,-88.49049086028349,-62.28250654520657
2022-05-04 04:00:00+00:00,2472.0,2520.0,2383.66,2518.57,5500487.0,320662.0,2449.356731,3040.1875,31.562723649020214,-159.6981826499714,-102.73202921822107,-56.966153431750314
2022-05-05 04:00:00+00:00,2460.0,2469.98,2301.45,2328.14,7181535.0,474226.0,2350.658686,3008.8534999999997,26.64207471303719,-180.06192399365364,-118.19800817330758,-61.86391582034605
2022-05-06 04:00:00+00:00,2297.0,2381.01,2261.625,2295.45,6240652.0,352127.0,2305.676181,2976.2688333333335,25.89572859243512,-196.57218374732338,-133.87284328811074,-62.699340459212635
2022-05-09 04:00:00+00:00,2226.25,2280.0,2159.14,2175.78,6335631.0,393144.0,2211.003185,2938.945833333333,23.320236385827926,-216.81375838341955,-150.46102630717252,-66.35273207624704
2022-05-10 04:00:00+00:00,2225.0,2252.85,2143.42,2177.18,5243013.0,309421.0,2188.150759,2898.858166666667,23.41619775986328,-230.09004895718817,-166.38683083717564,-63.70321812001254
2022-05-11 04:00:00+00:00,2162.07,2203.12,2088.57,2107.44,5462482.0,315783.0,2136.321222,2856.2295000000004,21.943034214077358,-243.43289713940385,-181.7960440976213,-61.63685304178256
2022-05-12 04:00:00+00:00,2055.0,2215.615,2048.11,2138.61,6575427.0,358190.0,2129.418674,2816.649166666667,24.237227415192606,-248.62603577630307,-195.16204243335767,-53.4639933429454
2022-05-13 04:00:00+00:00,2181.38,2263.68,2156.0,2261.1,4658671.0,260152.0,2227.909857,2783.3541666666665,32.61845791287418,-240.09010695021243,-204.14765533672863,-35.9424516134838
2022-05-16 04:00:00+00:00,2262.0,2279.85,2207.0827,2217.0,3603308.0,202217.0,2232.624503,2748.2141666666666,31.276933056631776,-234.1842925485721,-210.15498277909734,-24.029309769474764
2022-05-17 04:00:00+00:00,2265.5,2316.0,2225.53,2307.37,3845304.0,204307.0,2270.532115,2712.8954999999996,36.99537970188535,-219.67946026753134,-212.05987827678416,-7.619581990747179
2022-05-18 04:00:00+00:00,2228.79,2257.06,2124.975,2142.25,5313579.0,317215.0,2178.468268,2674.933833333334,31.7902705040063,-218.98377161124517,-213.44465694367636,-5.5391146675688105
2022-05-19 04:00:00+00:00,2126.735,2200.68,2123.8581,2145.76,4161090.0,228838.0,2164.025604,2640.6423333333337,32.00926048239772,-215.66317483938246,-213.8883605228176,-1.774814316564857
2022-05-20 04:00:00+00:00,2191.37,2197.9599,2100.1868,2151.65,4732016.0,238825.0,2145.715478,2607.201666666667,32.401460930326024,-210.1340101339133,-213.13749044503675,3.0034803111234396
2022-05-23 04:00:00+00:00,2169.22,2176.375,2079.0,2151.14,5383595.0,279282.0,2125.216078,2575.891333333333,32.384041701062316,-203.44803767083795,-211.19959989019702,7.751562219359073
2022-05-24 04:00:00+00:00,2080.5,2108.0,2025.2,2082.0,5123571.0,287372.0,2070.677091,2544.5433333333335,30.02723699304495,-201.40668559668075,-209.24101703149378,7.834331434813038
2022-05-25 04:00:00+00:00,2073.11,2163.4999,2073.0,2135.5,4625318.0,213873.0,2129.745194,2515.201666666667,34.02816034937675,-193.24429652893105,-206.04167293098124,12.79737640205019
2022-05-26 04:00:00+00:00,2159.4,2253.3099,2149.07,2221.55,4662525.0,239685.0,2218.059383,2485.559333333333,39.973242611983736,-177.7826606891963,-200.38987048262427,22.607209793427984
2022-05-27 04:00:00+00:00,2271.0,2303.74,2252.56,2302.93,4669358.0,256534.0,2278.780272,2461.186,45.019394156618844,-157.15097835676397,-191.74209205745223,34.591113700688254
2022-05-31 04:00:00+00:00,2325.6,2439.8899,2313.5,2404.19,7173564.0,352367.0,2383.906116,2439.4689999999996,50.585768063630596,-131.1179397389692,-179.61726159375564,48.499321854786444
2022-06-01 04:00:00+00:00,2445.12,2503.58,2412.445,2433.68,6341627.0,348173.0,2453.019842,2415.1813333333334,52.10652815828,-106.8749842436714,-165.0688061237388,58.19382188006739
2022-06-02 04:00:00+00:00,2433.68,2512.2,2400.9,2510.22,5002481.0,283906.0,2468.33033,2396.19,55.900070392798455,-80.55751216908038,-148.1665473328071,67.60903516372673
2022-06-03 04:00:00+00:00,2484.0,2488.0,2420.929,2447.0,4800038.0,313686.0,2452.554063,2378.8926666666666,52.22079101736978,-64.0635666728158,-131.34595120080886,67.28238452799306
2022-06-06 04:00:00+00:00,125.245,128.99,123.81,124.79,134886774.0,1733988.0,125.94107,2286.819,14.49109520752188,-235.658412034172,-152.2084433674815,-83.4499686666905
2022-06-07 04:00:00+00:00,122.005,124.1,120.63,123.0,85023343.0,854280.0,122.310829,2193.536333333333,14.48240926607366,-367.5560440177512,-195.27796349753544,-172.27808052021578
2022-06-08 04:00:00+00:00,122.61,123.75,120.75,121.18,64746283.0,597243.0,121.974995,2104.648333333333,14.472910337990413,-466.85115689357235,-249.59260217674284,-217.2585547168295
2022-06-09 04:00:00+00:00,119.99,121.3,116.1,116.15,66912598.0,648974.0,118.835567,2016.4086666666665,14.444711971532712,-539.727485706326,-307.6195788826595,-232.1079068236665
2022-06-10 04:00:00+00:00,113.415,114.5,109.05,109.65,87065072.0,877423.0,110.486345,1923.6660000000002,14.40565207800212,-591.1921024604055,-364.33408359820874,-226.8580188621968
2022-06-13 04:00:00+00:00,104.19,106.54,101.86,103.67,98774206.0,868984.0,103.944674,1844.2673333333332,14.367160508213559,-625.2531884932553,-416.517904577218,-208.73528391603725
2022-06-14 04:00:00+00:00,104.19,104.88,101.43,102.31,69714517.0,628647.0,103.036615,1764.6776666666667,14.357764531410908,-644.9223221259066,-462.19878808695574,-182.72353403895085
2022-06-15 04:00:00+00:00,103.86,109.06,103.53,107.67,83688581.0,681521.0,106.234381,1685.431,14.59482859556715,-652.5554915289707,-500.2701287753588,-152.28536275361193
2022-06-16 04:00:00+00:00,104.47,104.58,102.01,103.66,82175550.0,749306.0,103.375506,1604.934,14.562351774332612,-651.419251129332,-530.4999532461535,-120.9192978831785
2022-06-17 04:00:00+00:00,102.8,106.98,102.51,106.22,99763816.0,624445.0,105.522706,1530.87,14.692860686743472,-642.9012365583404,-552.980209908591,-89.92102664974948
2022-06-21 04:00:00+00:00,108.2,111.6299,103.56,108.68,70914601.0,618037.0,109.32746,1457.9776666666667,14.827499448245007,-628.7048292841066,-568.1251337836941,-60.57969550041253
2022-06-22 04:00:00+00:00,107.43,112.13,107.02,108.95,60016485.0,523618.0,109.678348,1389.0833333333333,14.843385517701833,-610.3960221115976,-576.5793114492748,-33.81671066232286
2022-06-23 04:00:00+00:00,110.39,113.0,107.93,112.44,64286617.0,557514.0,110.864077,1320.2586666666664,15.063909422023826,-588.8170304851407,-579.026855256448,-9.790175228692647
2022-06-24 04:00:00+00:00,112.38,116.69,111.43,116.46,69158302.0,602904.0,115.025665,1253.8926666666666,15.335880043559015,-564.879563763727,-576.1973969579038,11.317833194176842
2022-06-27 04:00:00+00:00,117.09,117.98,112.7,113.22,62068072.0,578861.0,114.202201,1186.3796666666667,15.293375367079818,-539.9462258621779,-568.9471627387587,29.000936876580795
2022-06-28 04:00:00+00:00,113.5,114.85,107.04,107.4,75180499.0,761811.0,109.47849,1114.5896666666667,15.211816394772427,-514.7225995762102,-558.102250106249,43.379650530038816
2022-06-29 04:00:00+00:00,107.38,110.99,106.91,108.92,66259036.0,599539.0,109.129331,1044.3203333333333,15.338803050973468,-488.97346103790255,-544.2764922925797,55.303031254677194
2022-06-30 04:00:00+00:00,108.11,108.18,102.52,106.21,97530786.0,878360.0,105.616363,970.9483333333334,15.294820791634464,-463.4434697496228,-528.1098877839884,64.66641803436556
2022-07-01 04:00:00+00:00,106.29,109.75,105.8469,109.56,73016669.0,696753.0,108.257177,903.1919999999999,15.616928850770577,-437.8926962929977,-510.06644948579026,72.17375319279256
2022-07-05 04:00:00+00:00,107.6,114.08,106.3242,113.5,76684414.0,692964.0,111.56159,835.45,16.021408160958913,-412.56975188916897,-490.56710996646603,77.99735807729706
2022-07-06 04:00:00+00:00,113.21,115.48,112.01,114.33,66958884.0,594759.0,113.846834,767.5393333333334,16.11263111063485,-387.961977762076,-470.0460835255881,82.08410576351207
2022-07-07 04:00:00+00:00,113.85,116.99,113.49,116.33,57872803.0,544626.0,115.583352,699.7123333333333,16.34843240971631,-364.1016193689169,-448.85719069425386,84.75557132533697
2022-07-08 04:00:00+00:00,114.6,116.58,113.69,115.54,45719694.0,409929.0,115.367174,634.1636666666667,16.32890752272931,-341.32132012220916,-427.350016579845,86.02869645763582
2022-07-11 04:00:00+00:00,114.08,114.3,110.87,111.75,52551539.0,498056.0,112.330591,566.7053333333333,16.228770463654186,-319.8861418506038,-405.85724163399675,85.97109978339296
2022-07-12 04:00:00+00:00,112.16,113.23,108.34,109.22,54274674.0,574321.0,110.172283,496.2943333333333,16.15753785002532,-299.6485960041825,-384.61551250803393,84.96691650385145
2022-07-13 04:00:00+00:00,107.03,111.78,106.01,110.4,61353812.0,624221.0,109.997613,423.21,16.341974422096442,-280.2840390475369,-363.74921781593457,83.46517876839766
2022-07-14 04:00:00+00:00,110.24,111.18,107.58,110.63,51163140.0,529093.0,109.400027,346.758,16.380586275507042,-261.89990993281424,-343.3793562393105,81.47944630649624
2022-07-15 04:00:00+00:00,112.5,115.59,111.59,113.55,84317816.0,657502.0,113.812992,269.42033333333336,16.904944302007124,-244.2788411399937,-323.55925321944716,79.28041207945347
2022-07-18 04:00:00+00:00,115.0,117.24,113.15,113.76,60115588.0,533263.0,115.277634,189.53833333333333,16.945281547568896,-227.67260386767,-304.3819233490917,76.70931948142172
2022-07-19 04:00:00+00:00,115.7,118.95,114.03,118.21,60980606.0,528936.0,116.969956,111.912,17.855270581444373,-211.7124737669301,-285.8480334326594,74.13555966572932
2022-07-20 04:00:00+00:00,118.615,123.475,118.32,122.77,71266446.0,628060.0,121.88305,111.84466666666667,18.836615129770124,-196.43165988439108,-267.96475872300573,71.53309883861465
2022-07-21 04:00:00+00:00,123.2,124.85,121.26,124.63,60239641.0,540811.0,123.443557,111.89900000000002,19.260318217666935,-182.0725987526652,-250.78632672893764,68.71372797627245
2022-07-22 04:00:00+00:00,125.01,125.5,121.3504,122.42,51257501.0,479257.0,123.145261,111.94033333333333,19.132516237808446,-168.9240169685191,-234.41386477685393,65.48984780833482
2022-07-25 04:00:00+00:00,122.695,123.64,120.03,121.14,50209967.0,493639.0,121.2748,112.10666666666667,19.053656589409258,-156.79946979326485,-218.89098578013613,62.091515986871286
2022-07-26 04:00:00+00:00,115.79,118.15,114.53,114.81,67574963.0,587419.0,115.860634,112.27866666666667,18.644387181897883,-146.01824941614808,-204.31643850733855,58.298189091190466
2022-07-27 04:00:00+00:00,117.31,121.9,117.16,120.97,61445173.0,551389.0,119.647596,112.85533333333333,20.43545575733951,-135.41600268859335,-190.53635134358953,55.12034865499618
2022-07-28 04:00:00+00:00,121.57,122.84,118.08,122.28,82245543.0,741400.0,125.086367,113.521,20.834605030845026,-125.46169539277591,-177.5214201534268,52.05972476065088
2022-07-29 04:00:00+00:00,134.9,137.65,132.41,134.95,149273756.0,1156889.0,135.92286,114.43033333333332,24.765769807750246,-115.22226152405541,-165.06158842755252,49.83932690349711
2022-08-01 04:00:00+00:00,134.96,138.8339,133.51,135.39,76853967.0,706658.0,136.390419,115.488,24.905231936588265,-105.8517391309091,-153.21961856822384,47.36787943731474
2022-08-02 04:00:00+00:00,134.72,137.44,134.09,134.16,61922429.0,554084.0,135.470006,116.41933333333333,24.76701806008451,-97.4019937900576,-142.0560936125906,44.654099822532984
2022-08-03 04:00:00+00:00,136.21,140.49,136.05,139.52,71827780.0,622396.0,138.908844,117.44733333333333,26.676641633848035,-89.24425036015904,-131.4937249621043,42.24947460194525
2022-08-04 04:00:00+00:00,140.58,143.56,139.55,142.57,70625670.0,624574.0,141.884996,118.568,27.79968955775439,-81.5925225975871,-121.51348448920086,39.92096189161376
2022-08-05 04:00:00+00:00,140.1,142.86,139.6,140.8,50827196.0,488137.0,140.871969,119.51333333333334,27.536107045714843,-74.80894645770786,-112.17257688290228,37.363630425194415
2022-08-08 04:00:00+00:00,142.05,144.23,138.29,139.41,52303519.0,539697.0,140.810246,120.27833333333334,27.317060290149698,-68.75253841127588,-103.488569188577,34.736030777301124
2022-08-09 04:00:00+00:00,138.052,138.9523,136.21,137.83,40420829.0,414668.0,137.525867,121.09866666666667,27.053617330722233,-63.35002454684883,-95.46086026023137,32.11083571338254
2022-08-10 04:00:00+00:00,142.9,144.6,141.01,142.69,54773819.0,520059.0,142.466291,122.275,29.31182193796107,-58.00765585481224,-87.97021937914755,29.96256352433531
2022-08-11 04:00:00+00:00,143.86,144.49,139.76,140.64,44867336.0,462722.0,141.959569,123.33233333333334,28.90534126135428,-53.3245162145578,-81.0410787462296,27.716562531671798
2022-08-12 04:00:00+00:00,142.05,143.57,140.1201,143.55,47650135.0,431624.0,141.959516,124.577,30.381208800001616,-48.81556616917831,-74.59597623081935,25.780410061641035
2022-08-15 04:00:00+00:00,142.8,143.76,141.49,143.18,39014580.0,449135.0,142.72496,125.69766666666668,30.295094329749702,-44.7561259208704,-68.62800616882956,23.871880247959155
2022-08-16 04:00:00+00:00,143.905,146.57,142.0,144.78,59102389.0,573566.0,144.280744,126.74033333333334,31.203212129492655,-40.937976143183334,-63.09000016370032,22.152024020516983
2022-08-17 04:00:00+00:00,142.69,143.38,140.78,142.1,48135800.0,497687.0,142.031693,127.666,30.486756078126973,-37.693807785813874,-58.010761688123026,20.31695390230915
2022-08-18 04:00:00+00:00,141.32,142.77,140.38,142.3,37458739.0,408739.0,141.974045,128.53166666666667,30.61479352973315,-34.7065669612559,-53.349922742749605,18.643355781493703
2022-08-19 04:00:00+00:00,140.47,141.11,137.9142,138.23,47792843.0,482372.0,138.843121,129.28799999999998,29.426937965546244,-32.295292047869935,-49.13899660377368,16.84370455590374
2022-08-22 04:00:00+00:00,135.72,136.32,132.85,133.22,50461504.0,563053.0,133.800507,130.00366666666665,27.987400841169915,-30.43773714937248,-45.39874471289344,14.961007563520958
2022-08-23 04:00:00+00:00,133.41,134.99,132.95,133.62,36252103.0,411992.0,133.937765,130.817,28.289027938020553,-28.603610238591017,-42.039717818032955,13.436107579441938
2022-08-24 04:00:00+00:00,132.75,135.47,132.1,133.8,38626978.0,396697.0,133.987308,131.597,28.434293953781776,-26.826290177567444,-38.99703228993986,12.170742112372416
2022-08-25 04:00:00+00:00,135.26,137.42,134.28,137.28,37522923.0,399627.0,136.253488,132.48533333333333,31.330527305775888,-24.850483404086702,-36.16772251276923,11.317239108682529
2022-08-26 04:00:00+00:00,136.55,137.83,130.5,130.75,53322663.0,576724.0,132.907962,133.05866666666668,28.96201328839595,-23.540201933079402,-33.64221839683127,10.102016463751866
2022-08-29 04:00:00+00:00,129.9,131.9499,128.77,129.79,48105327.0,555265.0,130.229032,133.593,28.61947224904536,-22.321944918095568,-31.37816370108413,9.056218782988562
2022-08-30 04:00:00+00:00,131.25,132.0745,126.85,128.73,49200402.0,535532.0,128.517764,133.94366666666667,28.22255542029923,-21.197647314696894,-29.342060423806686,8.144413109109792
2022-08-31 04:00:00+00:00,129.45,130.59,126.74,126.77,53637422.0,504038.0,127.92426,134.077,27.46408624491562,-20.231572015000523,-27.519962742045458,7.288390727044934
2022-09-01 04:00:00+00:00,126.0,128.02,123.66,127.82,56640670.0,571386.0,125.864741,134.18333333333334,28.57155305470762,-19.160355503671468,-25.84804129437066,6.687685790699192
2022-09-02 04:00:00+00:00,129.5,131.38,126.39,127.51,57418905.0,545154.0,128.735341,134.353,28.433525617401585,-18.127461023243598,-24.303925240145247,6.17646421690165
2022-09-06 04:00:00+00:00,127.92,128.62,124.74,126.11,43870751.0,511459.0,126.275179,134.51866666666666,27.780804857203933,-17.22331337022186,-22.887802866160573,5.664489495938714
2022-09-07 04:00:00+00:00,126.12,129.82,125.4,129.48,48025041.0,411010.0,128.155254,135.00766666666667,31.837115628682085,-16.049826595116798,-21.52020761195182,5.470381016835024
2022-09-08 04:00:00+00:00,127.72,130.28,127.1,129.82,43966529.0,400888.0,128.885855,135.30266666666665,32.250560853753214,-14.920401610688458,-20.20024641169915,5.279844801010693
2022-09-09 04:00:00+00:00,130.91,133.69,130.76,133.27,49422259.0,436563.0,132.459378,135.66899999999998,36.46198083748497,-13.59027774413417,-18.878252678186158,5.287974934051988
2022-09-12 04:00:00+00:00,134.095,136.49,134.0,136.45,53826759.0,505063.0,135.69256,135.719,40.15469460115577,-12.139607731943386,-17.530523688937603,5.390915956994217
2022-09-13 04:00:00+00:00,131.01,131.4,126.27,126.82,72650136.0,687597.0,128.679745,135.43333333333334,33.756552136265384,-11.632904927726173,-16.350999936695317,4.718095008969144
2022-09-14 04:00:00+00:00,127.364,128.84,126.33,128.55,45351749.0,487500.0,127.756199,135.24633333333333,35.737529424054145,-10.965341136071942,-15.273868176570643,4.308527040498701
2022-09-15 04:00:00+00:00,127.36,130.37,125.495,126.28,52853797.0,548818.0,127.298197,134.805,34.288588711832446,-10.498442539920376,-14.31878304924059,3.8203405093202143
2022-09-16 04:00:00+00:00,122.78,123.87,120.7,123.53,116250647.0,789610.0,122.752576,134.17033333333333,32.565998376243556,-10.232371645044708,-13.501500768401414,3.2691291233567057
2022-09-19 04:00:00+00:00,122.16,124.71,121.8,124.66,47279727.0,448967.0,123.782632,133.63233333333335,34.03253404628896,-9.817160868204297,-12.764632788361991,2.947471920157694
2022-09-20 04:00:00+00:00,123.35,124.3963,121.14,122.19,47698432.0,474180.0,122.782131,133.05833333333334,32.37512993489288,-9.577013839418143,-12.127108998573222,2.550095159155079
2022-09-21 04:00:00+00:00,122.49,123.76,118.45,118.54,58479373.0,570270.0,120.995309,132.4153333333333,30.046459529838444,-9.57089279020488,-11.615865756899556,2.044972966694676
2022-09-22 04:00:00+00:00,117.08,118.79,116.26,117.31,55222877.0,581793.0,117.252618,131.56933333333333,29.282103483855977,-9.555146751189284,-11.203721955757503,1.6485752045682194
2022-09-23 04:00:00+00:00,116.0,116.05,112.06,113.78,65126665.0,668706.0,113.960316,130.674,27.147639865424168,-9.715514991263234,-10.90608056285865,1.1905655715954158
2022-09-26 04:00:00+00:00,113.295,117.34,113.13,115.15,62723367.0,637547.0,115.579409,129.72733333333335,29.301546839998366,-9.621153754953482,-10.649095201277618,1.0279414463241352
2022-09-27 04:00:00+00:00,117.195,118.32,113.05,114.41,60094683.0,570325.0,115.144479,128.76833333333332,28.806137509021795,-9.496612572603084,-10.418598675542711,0.921986102939627
2022-09-28 04:00:00+00:00,114.38,118.7,113.8,118.01,55750788.0,519554.0,116.741761,127.876,34.59924835909173,-9.003634579905722,-10.135605856415314,1.1319712765095922
2022-09-29 04:00:00+00:00,115.6,116.07,113.06,114.8,58969714.0,532323.0,114.480187,126.966,32.09170051055514,-8.770861114631089,-9.86265690805847,1.0917957934273819
2022-09-30 04:00:00+00:00,114.075,116.92,112.84,113.0,59435234.0,541660.0,114.429758,125.98933333333333,30.746074432846143,-8.63212565192724,-9.616550656832224,0.9844250049049847
2022-10-03 04:00:00+00:00,113.58,116.91,112.45,115.88,51021853.0,483032.0,115.122895,125.24433333333333,35.412504630452844,-8.19531438454473,-9.332303402374725,1.136989017829995
2022-10-04 04:00:00+00:00,119.89,123.0,119.79,121.09,62812564.0,592081.0,121.455399,124.84,42.90716421865703,-7.344076902868437,-8.934658102473467,1.5905811996050296
2022-10-05 04:00:00+00:00,118.58,121.75,117.69,120.95,48228867.0,468867.0,119.843556,124.41766666666666,42.763564904313476,-6.604627857077972,-8.468652053394369,1.8640241963163966
2022-10-06 04:00:00+00:00,120.77,121.53,119.5,120.3,42250997.0,401133.0,120.525903,123.96766666666667,42.05974874777792,-6.001872874113062,-7.975296217538108,1.973423343425046
2022-10-07 04:00:00+00:00,118.0,118.17,113.88,114.56,54777979.0,520420.0,115.356145,123.21033333333334,36.36752123437812,-5.919123267811628,-7.564061627592812,1.6449383597811842
2022-10-10 04:00:00+00:00,115.1,116.25,112.43,113.67,42339675.0,479742.0,114.094424,122.641,35.563834220693494,-5.857833709965064,-7.2228160440672635,1.3649823341021996
2022-10-11 04:00:00+00:00,112.71,115.48,110.39,112.21,56427392.0,553619.0,112.64605,122.055,34.227556645986326,-5.859526122364898,-6.950158059726791,1.0906319373618931
2022-10-12 04:00:00+00:00,112.49,113.83,111.4,112.9,45709353.0,433421.0,112.751595,121.52733333333335,35.46175837374345,-5.739034124987384,-6.707933272778909,0.9688991477915252
2022-10-13 04:00:00+00:00,107.88,113.44,105.345,112.53,86784488.0,837780.0,110.193226,121.05266666666667,35.08160491650865,-5.608745134164693,-6.488095645056067,0.8793505108913742
2022-10-14 04:00:00+00:00,114.1,114.96,106.6,106.9,67680766.0,676690.0,109.23228,120.35533333333333,29.839747781195143,-5.891866350652165,-6.368849786175287,0.4769834355231213
2022-10-17 04:00:00+00:00,110.11,114.19,110.09,113.79,62788688.0,592055.0,112.889945,119.898,41.38292538591881,-5.496911561852855,-6.194462141310801,0.6975505794579462
2022-10-18 04:00:00+00:00,119.06,119.52,114.79,116.36,66207446.0,539446.0,116.491762,119.57300000000001,45.016744236221676,-4.9198169374448355,-5.939533100537608,1.019716163092773
2022-10-19 04:00:00+00:00,114.71,116.5932,113.22,115.07,47198122.0,435997.0,114.851087,119.09266666666666,43.55712489782745,-4.514516967467657,-5.654529873923618,1.1400129064559614
2022-10-20 04:00:00+00:00,113.83,118.24,113.51,115.25,48828003.0,444458.0,116.197353,118.607,43.830797462873235,-4.131167794779358,-5.349857458094767,1.2186896633154083
2022-10-21 04:00:00+00:00,114.792,119.59,114.5,119.32,55661484.0,488398.0,117.313534,118.14200000000001,49.76222365360852,-3.459071801422084,-4.97170032676023,1.5126285253381457
2022-10-24 04:00:00+00:00,119.98,120.39,116.57,119.82,49522735.0,492273.0,119.100718,117.58766666666666,50.45441491520587,-2.8531952049008993,-4.547999302388364,1.6948040974874647
2022-10-25 04:00:00+00:00,119.65,121.3152,118.95,120.6,50954509.0,469717.0,120.172043,117.38033333333334,51.57532733100634,-2.283768296459499,-4.095153101202591,1.811384804743092
2022-10-26 04:00:00+00:00,116.0,119.3457,114.76,115.66,68942548.0,644558.0,116.357401,116.95066666666666,44.68079737583401,-2.205684327777945,-3.717259346517662,1.511575018739717
2022-10-27 04:00:00+00:00,113.92,114.12,109.77,110.96,129653465.0,1337218.0,105.597291,116.44,39.29821062283585,-2.494300200431695,-3.472667517300469,0.9783673168687739
2022-10-28 04:00:00+00:00,98.0,103.96,97.66,103.41,222666614.0,1862227.0,100.76226,115.76933333333334,32.52078292934084,-3.29427787615262,-3.4369895890708997,0.14271171291827978
2022-10-31 04:00:00+00:00,103.56,104.87,100.74,102.44,100243868.0,755727.0,102.246095,115.02866666666667,31.76286658378936,-3.960878301561877,-3.5417673315690954,-0.4191109699927815
2022-11-01 04:00:00+00:00,103.99,104.58,96.06,96.79,153370052.0,1356113.0,98.215629,114.182,27.711661384922635,-4.888717628574113,-3.811157390970099,-1.0775602376040143
2022-11-02 04:00:00+00:00,97.315,97.74,92.01,92.12,134271574.0,1186253.0,94.825072,113.30133333333335,24.886276665688783,-5.9324810029731765,-4.235422113370714,-1.697058889602462
2022-11-03 04:00:00+00:00,92.47,93.5,89.02,89.3,136682353.0,1217238.0,90.381682,112.36766666666666,23.338845603171748,-6.907594974334586,-4.769856685563489,-2.1377382887710965
2022-11-04 04:00:00+00:00,91.49,92.44,88.04,90.98,129610638.0,1000013.0,90.110515,111.60766666666667,26.279763902706463,-7.458837031961494,-5.30765275484309,-2.1511842771184035
2022-11-07 05:00:00+00:00,91.95,92.1,89.04,90.53,77512227.0,717301.0,90.195186,110.787,25.99213175757474,-7.841618279025738,-5.81444585967962,-2.027172419346118
2022-11-08 05:00:00+00:00,90.79,91.72,88.23,89.98,89723612.0,709984.0,90.276786,109.97266666666668,25.623000514335658,-8.096029589072941,-6.270762605558284,-1.8252669835146573
2022-11-09 05:00:00+00:00,89.47,89.48,85.87,86.14,90824647.0,812476.0,87.075417,108.91033333333333,23.15093148608443,-8.509417030402531,-6.718493490527134,-1.790923539875397
2022-11-10 05:00:00+00:00,92.935,98.69,91.65,96.63,173520908.0,1275673.0,95.562054,108.30466666666668,40.140813587135,-7.899513549616302,-6.954697502344968,-0.9448160472713338
2022-11-11 05:00:00+00:00,97.88,101.19,96.66,100.79,111654404.0,865503.0,99.775405,107.89766666666668,45.30499999049172,-6.999794143876471,-6.963716830651269,-0.03607731322520191
2022-11-14 05:00:00+00:00,98.77,100.1199,97.29,98.49,99532118.0,735568.0,98.789705,107.318,43.0914884794706,-6.39859182719853,-6.850691829960722,0.452100002762192
2022-11-15 05:00:00+00:00,103.21,103.79,97.34,98.94,111315985.0,823434.0,100.192916,106.57966666666667,43.67136330062172,-5.818748509833199,-6.644303165935217,0.8255546561020184
2022-11-16 05:00:00+00:00,96.85,98.4879,95.54,97.12,88208907.0,679235.0,97.043631,105.78533333333333,41.81553317082375,-5.443329973323813,-6.404108527412937,0.9607785540891243
2022-11-17 05:00:00+00:00,95.37,96.97,94.03,94.85,83638181.0,632570.0,95.381408,104.937,39.55760258137597,-5.2682490119751435,-6.1769366243253785,0.908687612350235
2022-11-18 05:00:00+00:00,95.95,95.99,92.48,94.14,72442584.0,553024.0,93.929108,104.25633333333333,38.850972665652876,-5.1276784694714905,-5.967084993354601,0.8394065238831105
2022-11-21 05:00:00+00:00,93.97,95.02,90.59,92.46,84342769.0,679099.0,92.088091,103.54933333333334,37.1594904975791,-5.0931268652937405,-5.792293367742429,0.6991665024486888
2022-11-22 05:00:00+00:00,92.62,93.35,90.87,93.2,62216961.0,454879.0,92.617724,102.91566666666667,38.4310434261768,-4.948983849310665,-5.623631464056077,0.6746476147454121
2022-11-23 05:00:00+00:00,93.24,94.58,92.83,94.13,59414684.0,433372.0,93.842569,102.28999999999999,40.072233012101826,-4.705464576397318,-5.439998086524326,0.7345335101270072
2022-11-25 05:00:00+00:00,93.79,94.43,93.065,93.41,35088708.0,297836.0,93.773127,101.65266666666666,39.20101174920832,-4.518485492759837,-5.255695567771428,0.7372100750115917
2022-11-28 05:00:00+00:00,93.93,96.4,93.43,93.95,75062316.0,572356.0,94.44033,101.221,40.25023301623574,-4.277422273468233,-5.06004090891079,0.7826186354425575
2022-11-29 05:00:00+00:00,94.04,94.41,91.44,92.42,65567286.0,535131.0,92.56906,100.50866666666666,38.23681127243181,-4.161860807943839,-4.8804048887174,0.7185440807735608
2022-11-30 05:00:00+00:00,92.47,96.54,91.525,96.54,102675292.0,697134.0,94.254865,99.848,46.061320926457746,-3.6952316163455947,-4.643370234243039,0.9481386178974445
2022-12-01 05:00:00+00:00,96.99,97.23,94.92,95.5,68487969.0,566475.0,95.943172,99.19566666666668,44.52783495676719,-3.3704910062176765,-4.388794388637967,1.0183033824202905
2022-12-02 05:00:00+00:00,94.475,95.36,93.78,94.13,72496388.0,564715.0,94.325993,98.49166666666666,42.51964425426767,-3.18694219764204,-4.148423950438781,0.9614817527967414
2022-12-05 05:00:00+00:00,93.05,94.06,90.82,91.01,71535538.0,635423.0,91.975919,97.548,38.284966614507454,-3.2557066103233296,-3.9698804824156912,0.7141738720923616
2022-12-06 05:00:00+00:00,90.5,91.04,87.9,88.25,75528627.0,697936.0,88.987706,96.49566666666666,34.96730514993551,-3.4926507329616783,-3.874434532524889,0.38178379956321074
2022-12-07 05:00:00+00:00,88.34,89.89,87.48,88.46,68066948.0,554160.0,88.34857,95.42433333333334,35.42582438809909,-3.621736290778472,-3.8238948841756057,0.20215859339713393
2022-12-08 05:00:00+00:00,89.24,90.86,87.88,90.35,73305887.0,560413.0,89.93259,94.58066666666667,39.55633546069209,-3.5308291205121094,-3.7652817314429066,0.23445261093079717
2022-12-09 05:00:00+00:00,88.9,90.3,88.63,89.09,67398706.0,530211.0,89.402055,93.85166666666667,37.81951739740399,-3.519881005682194,-3.7162015862907642,0.19632058060857016
2022-12-12 05:00:00+00:00,89.21,90.58,87.87,90.55,61999875.0,516683.0,89.331124,93.423,41.04944768095138,-3.3547235823176607,-3.6439059854961435,0.28918240317848287
2022-12-13 05:00:00+00:00,95.23,96.25,90.52,92.49,99913295.0,770459.0,93.134179,93.09133333333334,45.12815183857,-3.032338437717897,-3.521592475940494,0.4892540382225974
2022-12-14 05:00:00+00:00,92.502,93.4581,89.87,91.58,69980966.0,539361.0,92.123069,92.91766666666668,43.60414658582563,-2.817793513171452,-3.3808326833866857,0.5630391702152338
2022-12-15 05:00:00+00:00,89.89,89.97,87.47,88.45,84802877.0,698193.0,88.409907,92.79533333333332,38.75610170713666,-2.8672777630205672,-3.2781216993134623,0.41084393629289506
2022-12-16 05:00:00+00:00,88.265,89.35,86.73,87.86,145973996.0,628239.0,87.809575,92.74733333333333,37.900683980933586,-2.920437471443421,-3.2065848537394546,0.28614738229603365
2022-12-19 05:00:00+00:00,87.51,87.63,84.51,84.92,83443184.0,744793.0,85.479482,92.54533333333333,33.8869329995964,-3.1633353914733675,-3.1979349612862373,0.034599569812869824
2022-12-20 05:00:00+00:00,85.33,86.61,84.33,85.19,74348301.0,536646.0,85.393801,92.36733333333333,34.5722109202035,-3.2960521619643686,-3.2175584014218637,-0.0784937605425049
2022-12-21 05:00:00+00:00,86.175,87.225,85.21,86.77,59683104.0,466874.0,86.558445,92.26033333333334,38.58400760005938,-3.236430803665698,-3.2213328818706306,-0.015097921795067304
2022-12-22 05:00:00+00:00,85.52,85.68,82.25,83.79,81431713.0,701868.0,83.58664,92.182,34.3108229039683,-3.3905573086605756,-3.25517776722862,-0.13537954143195563
2022-12-23 05:00:00+00:00,83.25,85.78,82.9344,85.25,57433655.0,478256.0,84.524077,91.80266666666667,37.937389397974044,-3.3562056267202536,-3.275383339126947,-0.08082228759330645
2022-12-27 05:00:00+00:00,84.97,85.35,83.0,83.04,57359083.0,499691.0,83.769964,91.211,34.80505414452361,-3.4673408545251903,-3.3137748422065956,-0.15356601231859468
2022-12-28 05:00:00+00:00,82.8,83.48,81.69,81.82,58228575.0,521291.0,82.360862,90.65533333333333,33.17656647612796,-3.6122206956313363,-3.373464012891544,-0.23875668273979223
2022-12-29 05:00:00+00:00,82.87,84.55,82.55,84.18,54995895.0,473303.0,83.797308,90.16333333333334,39.11148048285162,-3.4963035261773996,-3.3980319155487155,-0.09827161062868406
2022-12-30 05:00:00+00:00,83.12,84.05,82.47,84.0,62350093.0,481951.0,83.185732,89.72600000000001,38.82822497287281,-3.3800002905519193,-3.3944255905493566,0.014425299997437246
2023-01-03 05:00:00+00:00,85.46,86.96,84.205,85.82,76685160.0,575112.0,85.544977,89.425,43.29962579618226,-3.105175814884632,-3.336575635416412,0.23139982053178
2023-01-04 05:00:00+00:00,86.55,86.98,83.36,85.14,68854016.0,575342.0,85.130338,89.125,42.06251121627728,-2.90871588876486,-3.2510036860861016,0.3422877973212417
2023-01-05 05:00:00+00:00,85.33,85.42,83.07,83.12,67791592.0,531080.0,83.777848,88.81366666666666,38.53990897669294,-2.8827861359500417,-3.17736017605889,0.29457404010884813
2023-01-06 05:00:00+00:00,83.03,86.4,81.43,86.08,83303361.0,657438.0,84.495396,88.57633333333334,45.714210025101806,-2.593493182765229,-3.060586777400158,0.4670935946349286
2023-01-09 05:00:00+00:00,87.46,89.48,87.46,87.8744,52238780.0,526509.0,88.652031,88.36781333333333,49.55825724083301,-2.1941406618054344,-2.8872975542812136,0.6931568924757792
