timestamp,open,high,low,close,volume,trade_count,vwap,30sma,rsi,macd,signal,histogram
2022-01-03 05:00:00+00:00,795.74,799.36,784.96,797.49,719984.0,27304.0,794.894235,,,,,
2022-01-04 05:00:00+00:00,793.63,793.63,763.2901,779.19,872288.0,38476.0,777.073616,,,,,
2022-01-05 05:00:00+00:00,765.91,766.54,745.06,745.67,1083094.0,46345.0,757.316083,,,,,
2022-01-06 05:00:00+00:00,739.53,763.76,729.805,763.12,2036014.0,60025.0,749.559321,,,,,
2022-01-07 05:00:00+00:00,758.39,763.36,743.6,756.1,1362037.0,38418.0,756.60766,,,,,
2022-01-10 05:00:00+00:00,716.5184,727.66,702.3,727.17,1968787.0,68354.0,713.174698,,,,,
2022-01-11 05:00:00+00:00,706.99,731.44,700.71,729.16,2120708.0,58905.0,713.936543,,,,,
2022-01-12 05:00:00+00:00,739.31,749.45,735.0,742.17,959217.0,35143.0,740.738613,,,,,
2022-01-13 05:00:00+00:00,772.41,777.92,728.64,730.08,1627767.0,52778.0,752.949994,,,,,
2022-01-14 05:00:00+00:00,735.6,746.5999,728.17,744.53,1311982.0,39942.0,736.860877,,,,,
2022-01-18 05:00:00+00:00,741.03,741.07,714.24,715.23,1176212.0,42173.0,724.896229,,,,,
2022-01-19 05:00:00+00:00,736.94,738.88,698.71,698.82,1589332.0,56025.0,715.876227,,,,,
2022-01-20 05:00:00+00:00,724.89,729.98,706.21,706.46,1528064.0,48629.0,719.139782,,,,,
2022-01-21 05:00:00+00:00,707.29,721.2,694.71,694.73,1677729.0,54645.0,705.241416,,,,,
2022-01-24 05:00:00+00:00,666.05,688.64,648.6327,687.42,2793969.0,89314.0,665.793119,,24.887063655030786,,,
2022-01-25 05:00:00+00:00,652.64,668.1562,643.82,648.57,2092047.0,65354.0,652.307333,,20.89747557363279,,,
2022-01-26 05:00:00+00:00,661.63,679.38,644.655,653.26,1355762.0,46923.0,662.514723,,22.51240330926663,,,
2022-01-27 05:00:00+00:00,664.8,665.0,631.4,634.66,1455061.0,51706.0,643.997362,,20.706883434158527,,,
2022-01-28 05:00:00+00:00,633.6,644.98,620.67,644.97,1335029.0,44035.0,632.855781,,24.329619822141723,,,
2022-01-31 05:00:00+00:00,650.7,677.55,648.0318,677.2,1353819.0,35950.0,666.300601,,34.41700923987068,,,
2022-02-01 05:00:00+00:00,682.55,683.71,666.27,681.48,941529.0,29159.0,676.373484,,35.64391341704,,,
2022-02-02 05:00:00+00:00,687.95,691.24,674.09,686.75,711633.0,27330.0,683.420783,,37.20173809946149,,,
2022-02-03 05:00:00+00:00,659.09,664.67,644.47,645.93,1209193.0,35200.0,653.639213,,30.9519650352633,,,
2022-02-04 05:00:00+00:00,648.05,661.21,643.3,652.81,860106.0,27846.0,651.002723,,32.99514860026059,,,
2022-02-07 05:00:00+00:00,654.15,661.409,648.55,650.03,518347.0,19813.0,654.509081,,32.57568845115222,,,
2022-02-08 05:00:00+00:00,636.85,655.36,635.6,653.47,744789.0,25480.0,646.793419,,33.698895223613604,-33.669372817294175,,
2022-02-09 05:00:00+00:00,670.79,682.23,663.88,680.37,804037.0,26845.0,675.562645,,41.855844812097885,-30.19797248467512,,
2022-02-10 05:00:00+00:00,654.59,677.62,653.0,656.88,923272.0,35449.0,663.263558,,37.51541992150056,-29.007924104592803,,
2022-02-11 05:00:00+00:00,657.54,660.32,625.25,628.24,1048516.0,38371.0,638.534271,,33.0194750445597,-30.02964774863551,,
2022-02-14 05:00:00+00:00,626.15,634.95,620.0,627.91,839532.0,29026.0,628.397548,694.6623333333333,32.97044507931899,-30.514250059510573,,
2022-02-15 05:00:00+00:00,647.48,658.35,642.31,656.41,791766.0,24637.0,651.127369,689.9596666666665,41.10420439846023,-28.272679219774545,,
2022-02-16 05:00:00+00:00,651.0,666.0,644.675,663.86,583448.0,20805.0,657.585823,686.1153333333333,43.04964299866987,-25.59996498100952,,
2022-02-17 05:00:00+00:00,659.31,662.22,650.0,650.43,978890.0,26223.0,654.321044,682.9406666666667,40.45538032298817,-24.285559637464075,,
2022-02-18 05:00:00+00:00,652.12,657.77,640.99,647.83,847213.0,26978.0,649.05767,679.0976666666667,39.953407463809704,-23.18640377414556,-28.30708609190021,5.12068231775465
2022-02-22 05:00:00+00:00,638.5,653.0,629.86,640.27,887226.0,27442.0,640.035851,675.2366666666666,38.45911248660719,-22.664086174404133,-27.178486108400996,4.514399933996863
2022-02-23 05:00:00+00:00,651.08,654.45,631.01,631.73,997023.0,30145.0,639.420269,672.0553333333334,36.78540775019229,-22.677836360653487,-26.278356158851498,3.600519798198011
2022-02-24 05:00:00+00:00,600.29,658.86,599.68,656.4,2047756.0,51832.0,631.759398,669.6299999999999,44.32328640499302,-20.46219520901809,-25.11512396888482,4.652928759866729
2022-02-25 05:00:00+00:00,657.285,667.14,650.0,667.12,1213814.0,25788.0,660.050292,667.1283333333333,47.26590270466026,-17.63794991689315,-23.619689158486487,5.981739241593338
2022-02-28 05:00:00+00:00,647.65,672.57,647.65,666.51,1831257.0,32653.0,661.960021,665.0093333333333,47.11331363415753,-15.272880814323685,-21.95032748965393,6.677446675330245
2022-03-01 05:00:00+00:00,660.21,665.0958,627.58,634.21,1027194.0,32497.0,641.048706,661.332,39.78858789774183,-15.822494699041954,-20.724760931531534,4.9022662324895805
2022-03-02 05:00:00+00:00,642.59,658.4153,638.1,655.37,969464.0,30925.0,650.504739,659.3366666666666,45.740065539455344,-14.38481333009986,-19.4567714112452,5.07195808114534
2022-03-03 05:00:00+00:00,652.02,653.7,627.19,630.79,969210.0,33474.0,636.807622,657.069,40.706655467599056,-15.055293017337931,-18.576475732463745,3.521182715125814
2022-03-04 05:00:00+00:00,603.703,609.42,581.625,594.32,1940298.0,70142.0,591.845129,653.331,34.61937487591004,-18.31831507409322,-18.52484360078964,0.2065285266964203
2022-03-07 05:00:00+00:00,617.39,620.61,573.75,574.34,1563108.0,45399.0,590.816815,649.3179999999999,31.812636298839564,-22.25990426301439,-19.27185573323459,-2.9880485297797996
2022-03-08 05:00:00+00:00,573.97,593.48,558.77,573.04,1358529.0,43643.0,574.916869,645.5053333333333,31.6329335324167,-25.19807352199234,-20.457099290986143,-4.740974231006199
2022-03-09 05:00:00+00:00,609.15,627.0,595.0,621.34,1517088.0,43653.0,614.654316,644.5976666666667,44.236503141253216,-23.35990899814874,-21.037661232418664,-2.3222477657300757
2022-03-10 05:00:00+00:00,599.54,608.55,596.1776,600.25,659938.0,26408.0,601.078418,642.8306666666666,40.707626085468334,-23.335934980913635,-21.49731598211766,-1.838618998795976
2022-03-11 05:00:00+00:00,614.0,615.0,584.88,585.85,791412.0,27376.0,595.785224,641.2036666666665,38.45210714441923,-24.19993328671626,-22.03783944303738,-2.1620938436788784
2022-03-14 04:00:00+00:00,599.55,601.5,577.31,577.55,1533518.0,37164.0,588.940258,638.9563333333334,37.17359303392641,-25.263180582866767,-22.68290767100326,-2.5802729118635064
2022-03-15 04:00:00+00:00,591.92,598.19,583.86,596.7,1509845.0,37899.0,592.14056,636.2729999999999,41.96793263440734,-24.280674269789642,-23.00246099076054,-1.278213279029103
2022-03-16 04:00:00+00:00,621.44,651.0,617.15,650.63,1738440.0,51668.0,636.148376,635.2446666666667,52.874515917721546,-18.932093263591923,-22.188387445326818,3.2562941817348943
2022-03-17 04:00:00+00:00,643.13,656.4,639.47,654.1,818352.0,28469.0,647.818727,634.1563333333335,53.48033230842037,-14.249050101886155,-20.600519976638687,6.3514698747525316
2022-03-18 04:00:00+00:00,649.24,683.4,647.4,679.86,1639557.0,41862.0,671.517994,635.2873333333333,57.81580113441818,-8.362688079445661,-18.152953597200085,9.790265517754424
2022-03-21 04:00:00+00:00,678.22,683.39,669.0,682.91,1257204.0,34433.0,677.411892,636.2906666666665,58.31120283472705,-3.4122598501325,-15.204814847786569,11.792554997654069
2022-03-22 04:00:00+00:00,688.0,698.1,685.3,688.74,1095991.0,33831.0,691.809165,637.581,59.295228458516334,0.9702381625787666,-11.969804245713503,12.94004240829227
2022-03-23 04:00:00+00:00,668.8,679.374,663.605,665.36,981067.0,34504.0,669.795156,637.9773333333334,53.80981718466638,2.527691156440028,-9.070305165282797,11.597996321722825
2022-03-24 04:00:00+00:00,666.2,690.55,663.2,690.54,1157651.0,37247.0,680.044923,638.3163333333334,58.28562184583048,5.727773232468849,-6.110689485732468,11.838462718201317
2022-03-25 04:00:00+00:00,690.46,690.75,672.3,687.36,768361.0,25720.0,682.902432,639.3323333333333,57.5274758605491,7.916011061466065,-3.305349376292762,11.221360437758827
2022-03-28 04:00:00+00:00,680.11,695.0,676.0,694.83,1328928.0,51387.0,686.999394,641.552,58.88053574436103,10.136128892600937,-0.6170537225140222,10.753182615114959
2022-03-29 04:00:00+00:00,710.0,714.62,697.67,709.14,1076350.0,36189.0,706.305588,644.2596666666667,61.41634195644076,12.901564470924995,2.0866699161737814,10.814894554751215
2022-03-30 04:00:00+00:00,700.0,702.75,680.115,684.56,1031932.0,34208.0,689.437242,645.1980000000001,55.12758891512804,12.960392180769418,4.2614143690929085,8.69897781167651
2022-03-31 04:00:00+00:00,684.49,689.1,667.5,667.93,776331.0,31446.0,676.125778,645.3336666666668,51.300264687187344,11.53217580323144,5.715566655920615,5.816609147310825
2022-04-01 04:00:00+00:00,675.29,677.185,661.825,667.73,734608.0,25273.0,668.697156,645.9103333333334,51.254177738372164,10.265827635038022,6.625618851744097,3.640208783293925
2022-04-04 04:00:00+00:00,672.49,681.54,669.99,680.83,728125.0,24234.0,678.258691,647.0103333333333,54.159118587245736,10.201699268105358,7.34083493501635,2.8608643330890082
2022-04-05 04:00:00+00:00,674.02,675.15,645.7852,646.46,1248161.0,40467.0,651.558607,647.2166666666667,46.35399194976906,7.293431182695485,7.331354184552177,-0.03792300185669184
2022-04-06 04:00:00+00:00,626.09,639.31,617.4,628.2,1036746.0,46169.0,627.149598,647.0989999999999,42.823040169645694,3.4751193644091245,6.560107220523568,-3.0849878561144433
2022-04-07 04:00:00+00:00,624.53,632.1,612.78,625.3,652779.0,26561.0,623.154507,646.0623333333334,42.27230541052118,0.21262298980400374,5.290610374379655,-5.077987384575652
2022-04-08 04:00:00+00:00,621.42,622.41,610.0,610.93,771067.0,29885.0,615.984803,644.1893333333334,39.55750833280771,-3.492211753716333,3.5340459487604576,-7.026257702476791
2022-04-11 04:00:00+00:00,607.04,610.63,597.13,597.74,853180.0,36960.0,602.378544,641.897,37.19619987389141,-7.407256504295333,1.3457854581492998,-8.753041962444632
2022-04-12 04:00:00+00:00,613.07,622.5,592.0,594.0,1064971.0,36281.0,603.85839,640.5566666666667,36.53033073226166,-10.68853365640939,-1.0610783647624384,-9.627455291646951
2022-04-13 04:00:00+00:00,601.41,617.21,596.42,612.76,927081.0,30754.0,611.340049,639.1363333333334,42.126795355253094,-11.64100397608388,-3.177063487026727,-8.463940489057153
2022-04-14 04:00:00+00:00,614.52,616.51,596.0,597.87,812785.0,27896.0,602.350441,638.0390000000001,39.17426145893369,-13.442386659861995,-5.230128121593781,-8.212258538268214
2022-04-18 04:00:00+00:00,597.05,613.86,595.77,605.58,575089.0,24998.0,605.677721,638.4143333333334,41.46206248083174,-14.08549404276664,-7.001201305828353,-7.084292736938288
2022-04-19 04:00:00+00:00,597.53,619.115,596.0,617.15,1229183.0,34980.0,609.726297,639.8413333333334,44.81638392512486,-13.505871689854189,-8.30213538263352,-5.2037363072206695
2022-04-20 04:00:00+00:00,650.76,652.55,628.99,633.91,1852197.0,49403.0,640.539992,641.8703333333334,49.34451584862762,-11.5608584881154,-8.953880003729896,-2.606978484385504
2022-04-21 04:00:00+00:00,645.06,648.81,617.74,619.98,935953.0,34039.0,630.903136,641.825,45.96830767736084,-11.016465142159177,-9.366397031415753,-1.6500681107434243
2022-04-22 04:00:00+00:00,615.08,620.865,607.47,607.61,1085522.0,32719.0,613.344605,642.0703333333333,43.1452083314235,-11.451183003393908,-9.783354225811383,-1.6678287775825247
2022-04-25 04:00:00+00:00,592.73,600.39,583.67,599.82,2058747.0,50179.0,591.174103,642.5360000000001,41.42004334065773,-12.282700609735798,-10.283223502596266,-1.9994771071395316
2022-04-26 04:00:00+00:00,585.15,587.48,559.9,560.43,1791932.0,50907.0,568.902278,641.9653333333333,34.01396176112276,-15.936422943938169,-11.413863390864647,-4.522559553073522
2022-04-27 04:00:00+00:00,552.09,567.375,544.0,557.14,1864225.0,40511.0,557.013477,640.6466666666668,33.47556741543406,-18.879864397299798,-12.907063592151678,-5.97280080514812
2022-04-28 04:00:00+00:00,574.95,595.455,564.6,590.54,1503401.0,39755.0,582.05842,638.6436666666667,43.28947937472208,-18.306436881873083,-13.98693825009596,-4.3194986317771225
2022-04-29 04:00:00+00:00,576.45,588.9,562.46,563.77,1219144.0,37414.0,573.053148,635.6326666666666,38.39983848808429,-19.78404852212998,-15.146360304502766,-4.637688217627213
2022-05-02 04:00:00+00:00,558.74,571.52,553.54,571.09,1136982.0,31559.0,564.592749,632.0070000000001,40.382796838918544,-20.13233059330412,-16.143554362263036,-3.988776231041083
2022-05-03 04:00:00+00:00,566.63,575.44,563.02,570.68,816365.0,24372.0,569.967432,628.266,40.304536246848386,-20.208479445724834,-16.956539378955398,-3.2519400667694356
2022-05-04 04:00:00+00:00,579.08,594.25,564.66,592.64,1096825.0,31354.0,582.219359,625.0626666666667,46.306602471481646,-18.286049293681458,-17.22244136190061,-1.0636079317808473
2022-05-05 04:00:00+00:00,582.32,584.57,558.09,564.17,1213155.0,36194.0,566.908085,621.6896666666667,40.60636002081036,-18.842594909104264,-17.54647207134134,-1.2961228377629226
2022-05-06 04:00:00+00:00,555.15,561.68,545.05,551.0,1203972.0,37895.0,552.777983,617.0383333333333,38.26008288771979,-20.114502785471245,-18.060078214167323,-2.0544245713039224
2022-05-09 04:00:00+00:00,530.21,535.8,510.36,512.66,1684283.0,53978.0,519.243481,611.215,32.39225408572594,-23.940248240910137,-19.236112219515885,-4.704136021394252
2022-05-10 04:00:00+00:00,529.2,530.41,512.33,523.37,1202738.0,41198.0,522.650597,605.4996666666666,35.37393579593909,-25.81044484285337,-20.550978744183382,-5.259466098669989
2022-05-11 04:00:00+00:00,531.28,544.185,520.47,521.3,1283832.0,44089.0,530.236358,599.2383333333333,35.052166023866704,-27.146690672377417,-21.870121129822188,-5.2765695425552295
2022-05-12 04:00:00+00:00,514.7,529.05,509.55,522.36,1117041.0,37891.0,517.547761,593.8316666666666,35.376336632468266,-27.799684519755374,-23.056033807808827,-4.743650711946547
2022-05-13 04:00:00+00:00,540.56,551.295,538.21,548.32,937675.0,31771.0,546.129382,589.8446666666666,42.89386749079008,-25.923600673458736,-23.62954718093881,-2.294053492519925
2022-05-16 04:00:00+00:00,533.25,540.98,528.0,534.95,750534.0,26511.0,534.341015,585.4186666666666,40.2940887553797,-25.22486146996755,-23.948610038744558,-1.2762514312229918
2022-05-17 04:00:00+00:00,556.95,563.38,548.85,561.63,882546.0,29234.0,557.673885,581.4453333333333,47.174633193292465,-22.26163432797341,-23.61121489659033,1.3495805686169184
2022-05-18 04:00:00+00:00,547.18,552.83,526.87,528.3,1024884.0,32804.0,536.780822,577.5066666666667,40.842475749447324,-22.3451272015908,-23.357997357590424,1.0128701559996252
2022-05-19 04:00:00+00:00,523.77,537.05,522.32,526.48,844780.0,32906.0,528.128985,574.116,40.52261467602788,-22.301081707113326,-23.146614227495004,0.8455325203816777
2022-05-20 04:00:00+00:00,541.44,542.39,514.17,532.84,1189975.0,40846.0,528.503984,571.034,42.22538777636769,-21.50507932019093,-22.818307246034188,1.3132279258432575
2022-05-23 04:00:00+00:00,549.24,557.82,545.72,554.61,972810.0,31070.0,551.588553,569.1566666666666,47.74052073818679,-18.899720420805124,-22.034589880988378,3.1348694601832534
2022-05-24 04:00:00+00:00,555.57,557.55,542.63,546.43,1075493.0,32912.0,549.021302,567.4463333333333,45.9649999170091,-17.29563899911193,-21.08679970461309,3.7911607055011594
2022-05-25 04:00:00+00:00,541.69,551.855,538.03,548.08,824568.0,29769.0,545.25169,565.9156666666667,46.39804644380428,-15.710154819732793,-20.011470727637032,4.30131590790424
2022-05-26 04:00:00+00:00,542.4,562.48,541.35,560.07,931126.0,30891.0,555.917564,564.1593333333333,49.56136309118568,-13.332466020279185,-18.675669786165464,5.34320376588628
2022-05-27 04:00:00+00:00,572.63,583.86,572.1,583.38,840225.0,28089.0,579.866232,563.6763333333333,55.10810275488416,-9.458180311074557,-16.832171891147283,7.373991580072726
2022-05-31 04:00:00+00:00,584.59,584.81,572.85,576.29,609247.0,24993.0,578.180336,562.7,53.19203998316795,-6.880569794619873,-14.841851471841801,7.961281677221928
2022-06-01 04:00:00+00:00,577.44,579.75,557.0,563.66,534984.0,23766.0,566.886482,560.9169999999999,49.865905665541334,-5.790184691476043,-13.03151811576865,7.241333424292607
2022-06-02 04:00:00+00:00,564.42,581.3199,562.82,580.54,662069.0,27136.0,576.415174,559.138,54.00545653911733,-3.5233566512183643,-11.129885822858594,7.606529171640229
2022-06-03 04:00:00+00:00,567.16,569.85,560.89,563.65,505502.0,21669.0,564.600822,557.2603333333334,49.59298245158348,-3.054549991173417,-9.514818656521559,6.460268665348142
2022-06-06 04:00:00+00:00,579.61,583.46,569.43,571.69,528523.0,16641.0,574.563732,556.063,51.61939068978543,-2.0110741180195646,-8.01406974882116,6.002995630801596
2022-06-07 04:00:00+00:00,564.72,578.02,563.14,577.01,474947.0,15160.0,572.252215,555.3026666666666,52.96674327144405,-0.7462303528076291,-6.560501869618455,5.814271516810826
2022-06-08 04:00:00+00:00,573.6,577.95,562.52,567.44,603504.0,17972.0,569.358602,555.5363333333333,50.25544061771851,-0.5101706466977021,-5.350435625034305,4.840264978336603
2022-06-09 04:00:00+00:00,559.41,564.642,542.35,542.41,656755.0,24435.0,552.036968,555.0453333333334,43.92262796113813,-2.3161048296977924,-4.743569465967003,2.4274646362692103
2022-06-10 04:00:00+00:00,532.06,535.19,519.4,521.53,921257.0,32933.0,525.761084,552.7450000000001,39.45598929973628,-5.370257197236924,-4.868907012220987,-0.5013501850159372
2022-06-13 04:00:00+00:00,498.05,502.5,491.62,493.58,1387488.0,45263.0,495.823567,550.4053333333334,34.41134901563363,-9.931541733659401,-5.88143395650867,-4.050107777150731
2022-06-14 04:00:00+00:00,493.79,498.62,484.445,491.17,965360.0,31571.0,491.299673,547.7413333333334,34.00759844958807,-13.584268458962924,-7.422000856999521,-6.1622676019634035
2022-06-15 04:00:00+00:00,499.38,512.2,494.0,505.33,822469.0,28069.0,501.944662,545.563,38.568331481970866,-15.16171226415554,-8.969943138430725,-6.191769125724814
2022-06-16 04:00:00+00:00,479.76,484.05,465.5,468.15,1223062.0,44522.0,471.479339,541.4133333333333,32.26338427830487,-19.190744165498472,-11.014103343844276,-8.176640821654196
2022-06-17 04:00:00+00:00,467.5,478.62,461.85,473.35,1328312.0,43899.0,471.395186,538.386,33.89113883756718,-21.71388033702931,-13.154058742481283,-8.559821594548026
2022-06-21 04:00:00+00:00,488.98,497.8408,488.47,494.35,1080550.0,33892.0,494.470084,536.4976666666666,40.14654202211897,-21.768031122849436,-14.876853218554913,-6.891177904294523
2022-06-22 04:00:00+00:00,486.44,496.64,482.44,485.5,846301.0,26826.0,488.524728,535.5923333333334,38.49347154293924,-22.26837112743391,-16.355156800330715,-5.913214327103194
2022-06-23 04:00:00+00:00,483.9,487.41,476.0574,485.5,738189.0,28281.0,482.696231,534.33,38.49347154293924,-22.406604793391125,-17.565446398942797,-4.841158394448328
2022-06-24 04:00:00+00:00,499.05,515.55,498.3,515.26,889076.0,32677.0,510.774761,534.1286666666667,47.00381110576986,-19.885544505541134,-18.029466020262465,-1.856078485278669
2022-06-27 04:00:00+00:00,514.97,517.05,505.66,508.04,694942.0,22170.0,509.960859,533.6513333333334,45.36388285369687,-18.259693345481594,-18.075511485306293,-0.18418186017530047
2022-06-28 04:00:00+00:00,508.05,511.42,489.54,490.41,844795.0,28251.0,495.767483,531.721,41.55164655908035,-18.18417242696796,-18.09724367363863,-0.0869287533293317
2022-06-29 04:00:00+00:00,491.1,493.7,482.02,484.62,844083.0,30000.0,486.195208,530.0433333333333,40.352288933157006,-18.379656921842184,-18.15372632327934,-0.2259305985628437
2022-06-30 04:00:00+00:00,474.15,484.63,464.125,475.88,862794.0,30620.0,474.581017,527.185,38.543733618588355,-19.02056748709299,-18.32709455604207,-0.6934729310509198
2022-07-01 04:00:00+00:00,455.3,457.9637,443.455,449.83,1570076.0,53134.0,450.347911,524.5693333333334,33.69615416111618,-21.384009468562,-18.938477538546056,-2.4455319300159424
2022-07-05 04:00:00+00:00,419.19,433.0466,412.67,432.4,2779149.0,78303.0,423.136683,521.4333333333333,30.89620210223258,-24.38244396152413,-20.02727082314167,-4.355173138382462
2022-07-06 04:00:00+00:00,433.25,437.59,425.35,428.88,1464674.0,45319.0,430.401599,517.968,30.347764871497844,-26.734579886648135,-21.368732635842964,-5.365847250805171
2022-07-07 04:00:00+00:00,438.76,452.8,438.65,451.9,1400859.0,40557.0,448.320877,514.5443333333334,38.08783922355007,-26.436400570016986,-22.38226622267777,-4.054134347339215
2022-07-08 04:00:00+00:00,444.61,455.3,440.66,452.95,739084.0,25591.0,449.464301,511.42833333333334,38.423956255886814,-25.817754090377093,-23.069363796217637,-2.7483902941594565
2022-07-11 04:00:00+00:00,449.56,450.17,437.91,439.06,732553.0,23074.0,441.865949,507.7943333333333,35.66553298809622,-26.146874323247516,-23.684865901623613,-2.462008421623903
2022-07-12 04:00:00+00:00,440.57,444.45,431.884,434.49,847425.0,28154.0,436.934472,503.60833333333335,34.78083017169283,-26.47132038235401,-24.242156797769695,-2.229163584584313
2022-07-13 04:00:00+00:00,430.48,451.94,429.3,447.01,1052532.0,35676.0,443.243461,499.06266666666664,39.228394262430314,-25.425102105216865,-24.47874585925913,-0.9463562459577339
2022-07-14 04:00:00+00:00,442.2,458.88,434.55,456.9,1075892.0,33224.0,449.11219,495.08299999999997,42.56061219557424,-23.526724798568466,-24.288341647121,0.761616848552535
2022-07-15 04:00:00+00:00,465.39,475.78,460.51,475.63,1630450.0,42225.0,469.9848,492.1486666666667,48.33798264580849,-20.277150272863082,-23.48610337226942,3.2089530994063367
2022-07-18 04:00:00+00:00,483.61,486.83,470.5,473.48,1039505.0,30764.0,479.240176,488.58,47.7443365148146,-17.67161866129493,-22.32320643007452,4.651587768779592
2022-07-19 04:00:00+00:00,484.87,500.9099,484.05,498.36,1414973.0,39253.0,495.773668,486.4036666666667,54.680520895377086,-13.444132428171258,-20.54739162969387,7.1032592015226115
2022-07-20 04:00:00+00:00,492.9,516.76,490.6,514.42,2294895.0,57808.0,507.169811,484.49466666666666,58.508957485822506,-8.697650252041,-18.177443354163294,9.479793102122294
2022-07-21 04:00:00+00:00,530.0,543.242,524.6,542.27,2281878.0,52078.0,533.609912,483.33666666666664,64.16270165665445,-2.6581254673003514,-15.073579776790707,12.415454309490356
2022-07-22 04:00:00+00:00,542.41,546.85,529.23,534.26,1454340.0,37637.0,537.215246,482.23066666666665,61.564320281228206,1.465013614388738,-11.765861098554819,13.230874712943557
2022-07-25 04:00:00+00:00,535.42,543.67,532.12,538.97,1193447.0,31445.0,537.505166,482.116,62.525337258375124,5.054424420676355,-8.401803994708585,13.45622841538494
2022-07-26 04:00:00+00:00,528.05,529.64,518.54,524.17,1029494.0,24019.0,524.074314,482.204,57.64775725237724,6.628413805423918,-5.395760434682085,12.024174240106003
2022-07-27 04:00:00+00:00,533.62,549.85,532.5901,546.18,1108329.0,26309.0,540.832522,483.9573333333334,62.35145653258322,9.541842368340951,-2.408239874077478,11.950082242418429
2022-07-28 04:00:00+00:00,547.8,560.94,540.76,560.71,1216750.0,31647.0,553.01552,486.2753333333333,65.10655567153685,12.87479246899295,0.6483665945366077,12.226425874456343
2022-07-29 04:00:00+00:00,561.45,576.92,559.5,574.44,1216681.0,33712.0,569.938834,488.579,67.52495710553974,16.434627533959542,3.805618782421195,12.629008751538347
2022-08-01 04:00:00+00:00,573.875,583.05,568.94,578.15,895352.0,28481.0,576.649145,492.2456666666667,68.16697990375769,19.332337313817106,6.9109624887003775,12.421374825116729
2022-08-02 04:00:00+00:00,562.08,572.85,558.75,565.6,876642.0,28914.0,565.559867,495.3206666666667,63.58739367459732,20.38117161639707,9.605004314239718,10.77616730215735
2022-08-03 04:00:00+00:00,570.0,587.67,569.25,583.86,825927.0,24375.0,580.769233,498.3043333333333,67.05538754594085,22.427282005980828,12.169459852587941,10.257822153392887
2022-08-04 04:00:00+00:00,583.17,592.75,581.1001,588.46,680053.0,20093.0,587.336009,501.73633333333333,67.88518802468226,24.141729952167793,14.563913872503914,9.57781607966388
2022-08-05 04:00:00+00:00,571.63,579.58,565.98,577.31,767955.0,26355.0,573.720627,504.7966666666667,63.69714654290498,24.320380280921995,16.515207154187532,7.805173126734463
2022-08-08 04:00:00+00:00,578.0,582.56,564.99,572.75,700830.0,22645.0,572.817469,506.71299999999997,62.01219388023339,23.81943247261347,17.97605221787272,5.843380254740751
2022-08-09 04:00:00+00:00,551.1,552.3,533.74,541.11,1134922.0,37682.0,542.751057,507.81533333333334,51.77769160934113,20.631516868125573,18.50714514792329,2.1243717202022836
2022-08-10 04:00:00+00:00,558.72,566.09,550.47,566.05,1075197.0,28963.0,561.705447,510.33666666666664,57.70339366540218,19.88826086041422,18.783368290421475,1.1048925699927459
2022-08-11 04:00:00+00:00,565.74,574.355,561.12,562.41,833321.0,25711.0,566.422509,512.9296666666667,56.61000485445331,18.78892055966685,18.78447874427055,0.0044418153962979545
2022-08-12 04:00:00+00:00,562.62,577.99,562.12,575.96,810461.0,24958.0,572.084989,516.2656666666667,59.67329807420617,18.79440698432734,18.78646439228191,0.007942592045427688
2022-08-15 04:00:00+00:00,569.11,577.62,567.89,574.94,783140.0,25081.0,573.098201,520.436,59.33371497386069,18.50315666764459,18.72980284735445,-0.22664617970986
2022-08-16 04:00:00+00:00,566.4,572.335,559.01,566.68,696994.0,24981.0,565.685102,524.9119999999999,56.528303687898855,17.40518953442995,18.46488018476955,-1.0596906503396006
2022-08-17 04:00:00+00:00,559.1,565.99,551.905,557.28,666949.0,24785.0,557.756065,529.192,53.43209859780478,15.596751586362188,17.89125446508808,-2.29450287872589
2022-08-18 04:00:00+00:00,557.28,565.93,555.3,561.3,580681.0,19889.0,561.693581,532.8386666666667,54.577911604919905,14.322827249997317,17.177569022069928,-2.854741772072611
2022-08-19 04:00:00+00:00,557.19,558.85,544.43,545.26,794633.0,25934.0,548.430281,535.9156666666667,49.35925553285113,11.881971120366757,16.118449441729297,-4.23647832136254
2022-08-22 04:00:00+00:00,529.29,530.85,518.61,520.07,795758.0,29009.0,523.115105,538.616,42.48826640896037,7.824753684099278,14.459710290203294,-6.634956606104016
2022-08-23 04:00:00+00:00,520.0,529.3499,519.46,525.75,592895.0,20311.0,525.457072,541.658,44.368770029563706,5.009956505438595,12.569759533250354,-7.559803027811759
2022-08-24 04:00:00+00:00,522.86,530.58,521.72,525.44,485202.0,15598.0,526.376266,544.2723333333333,44.28366420075782,2.7228082144031305,10.600369269480911,-7.877561055077781
2022-08-25 04:00:00+00:00,522.36,540.22,521.76,539.74,763170.0,21519.0,533.312363,547.0336666666667,49.130908660292064,2.0405945024590437,8.888414316076538,-6.847819813617495
2022-08-26 04:00:00+00:00,539.55,539.73,508.77,509.94,1229747.0,35249.0,519.547696,548.1773333333333,41.1053443920376,-0.8943660354169651,6.931858245777837,-7.826224281194802
2022-08-29 04:00:00+00:00,506.32,511.35,499.4,499.88,754177.0,24023.0,504.142805,549.0573333333334,38.801086581419135,-3.98615145927522,4.748256304767226,-8.734407764042446
2022-08-30 04:00:00+00:00,506.55,507.65,487.455,493.02,1006335.0,29043.0,493.595184,548.8793333333334,37.26693839539209,-6.910300706351904,2.4165449025434,-9.326845608895304
2022-08-31 04:00:00+00:00,500.85,501.58,486.7,489.94,936016.0,28369.0,492.704663,548.0633333333333,36.56784677601125,-9.368248968804096,0.05958612827390097,-9.427835097077997
2022-09-01 04:00:00+00:00,477.92,479.02,460.89,469.92,1664136.0,49291.0,468.481652,545.6516666666666,32.32336229119373,-12.784268274499595,-2.509184752280799,-10.275083522218797
2022-09-02 04:00:00+00:00,479.87,486.9,466.01,467.19,1145099.0,36839.0,474.860687,543.416,31.78162967745385,-15.532724787229597,-5.113892759270559,-10.418832027959038
2022-09-06 04:00:00+00:00,469.36,477.89,462.3,469.92,995624.0,32431.0,470.593199,541.1143333333333,32.99107376074463,-17.29128502042579,-7.549371211501606,-9.741913808924183
2022-09-07 04:00:00+00:00,468.89,480.97,465.6,476.68,745295.0,19937.0,474.006199,539.5313333333332,36.016065070663444,-17.93276343651479,-9.626049656504243,-8.306713780010547
2022-09-08 04:00:00+00:00,465.45,483.39,464.17,482.75,942776.0,23860.0,476.40077,537.4169999999999,38.69235278675797,-17.74676774044184,-11.250193273291762,-6.496574467150078
2022-09-09 04:00:00+00:00,495.52,503.175,495.3,501.0,1013170.0,27818.0,500.208084,535.4266666666666,46.004994662871205,-15.942961793485097,-12.188746977330428,-3.7542148161546685
2022-09-12 04:00:00+00:00,506.77,511.0,499.66,504.93,1041396.0,26484.0,505.027869,533.1096666666666,47.4583692705855,-14.0345330681659,-12.557904195497523,-1.4766288726683765
2022-09-13 04:00:00+00:00,484.0,488.42,469.75,471.1,1169798.0,33083.0,477.717448,529.5413333333333,37.981057578298355,-15.078077137295736,-13.061938783857167,-2.016138353438569
2022-09-14 04:00:00+00:00,476.97,481.53,471.1,478.1,663163.0,22726.0,476.349042,526.6246666666667,40.62327946447472,-15.165434147157555,-13.482637856517245,-1.6827962906403098
2022-09-15 04:00:00+00:00,472.54,478.36,462.9,465.65,851747.0,25567.0,468.064233,522.6843333333334,37.55843518183495,-16.054213181697094,-13.996952921553216,-2.0572602601438774
2022-09-16 04:00:00+00:00,462.03,472.1899,459.91,467.25,913567.0,23626.0,465.172474,518.644,38.2036900515281,-16.43996070811187,-14.485554478864946,-1.9544062292469224
2022-09-19 04:00:00+00:00,459.65,472.99,459.65,471.11,647777.0,20980.0,468.513211,515.104,39.81940953690171,-16.24691434609366,-14.83782645231069,-1.4090878937829707
2022-09-20 04:00:00+00:00,458.95,466.53,457.36,461.96,906836.0,24496.0,461.603098,511.411,37.32793820124341,-16.640431705240758,-15.198347502896706,-1.442084202344052
2022-09-21 04:00:00+00:00,461.55,476.17,454.86,454.92,783909.0,25870.0,462.877789,508.53799999999995,35.48809821235335,-17.320703918757772,-15.62281878606892,-1.6978851326888513
2022-09-22 04:00:00+00:00,450.7,452.19,439.1,441.04,951793.0,35033.0,443.035131,504.37100000000004,32.12604344157273,-18.763530252211183,-16.250961079297376,-2.512569172913807
2022-09-23 04:00:00+00:00,433.6,436.94,427.35,436.14,1362330.0,42034.0,432.18428,500.16200000000003,31.00917115874539,-20.071003530532664,-17.014969569544434,-3.0560339609882305
2022-09-26 04:00:00+00:00,434.09,440.77,429.12,430.81,1163965.0,34986.0,433.848355,495.3236666666666,29.795737002167783,-21.29183298186109,-17.870342252007767,-3.421490729853325
2022-09-27 04:00:00+00:00,438.85,442.51,426.5,433.29,876440.0,31876.0,434.19506,490.602,31.145835412558796,-21.807846563592932,-18.6578431143248,-3.1500034492681337
2022-09-28 04:00:00+00:00,426.14,443.42,423.1701,441.23,956860.0,28836.0,435.066148,486.42033333333336,35.42741128130935,-21.330217927472972,-19.192318076954436,-2.1378998505185365
2022-09-29 04:00:00+00:00,425.84,428.71,419.23,427.78,1141766.0,31263.0,424.683091,482.1036666666667,31.818026855494537,-21.785862523932053,-19.711026966349962,-2.074835557582091
2022-09-30 04:00:00+00:00,414.0,428.05,413.95,415.35,1084920.0,32376.0,419.396526,477.23866666666675,28.88877707407559,-22.88614404510156,-20.34605038210028,-2.5400936630012794
2022-10-03 04:00:00+00:00,423.6,435.51,421.02,431.68,1452377.0,37831.0,431.887689,473.4526666666667,37.08372008133024,-22.184699150917027,-20.71378013586363,-1.470919015053397
2022-10-04 04:00:00+00:00,461.21,467.765,455.78,465.11,1954605.0,45559.0,462.825648,471.6206666666667,49.830077575228636,-18.715536351759113,-20.314131379042728,1.598595027283615
2022-10-05 04:00:00+00:00,456.94,474.7534,453.0456,469.29,1193823.0,29851.0,464.400343,469.73866666666675,51.16237797080407,-15.450801550689448,-19.341465413372074,3.8906638626826258
2022-10-06 04:00:00+00:00,465.29,474.18,461.49,462.14,926047.0,27535.0,466.084546,467.6286666666667,48.77631365665955,-13.287253754401888,-18.130623081578037,4.843369327176148
2022-10-07 04:00:00+00:00,446.5,448.72,432.735,434.26,1412443.0,36289.0,438.742687,464.1126666666667,40.788305523260014,-13.664790338456953,-17.23745653295382,3.5726661944968683
2022-10-10 04:00:00+00:00,433.91,434.07,416.36,421.89,1383703.0,37199.0,422.311632,461.17766666666665,37.82820239921,-14.791637629799709,-16.748292752323,1.9566551225232907
2022-10-11 04:00:00+00:00,412.53,412.65,394.01,399.56,2043951.0,51736.0,403.299933,457.83366666666666,33.15113822787225,-17.287240064557693,-16.856082214769938,-0.4311578497877555
2022-10-12 04:00:00+00:00,403.81,404.93,397.51,398.33,1276587.0,33334.0,400.808304,454.6773333333333,32.9097681011813,-19.143598210712128,-17.31358541395838,-1.8300127967537492
2022-10-13 04:00:00+00:00,364.91,410.725,363.1501,405.4,2775131.0,61190.0,389.299272,451.8593333333334,35.8030991180875,-19.81586059632366,-17.814040450431435,-2.001820145892225
2022-10-14 04:00:00+00:00,404.38,405.62,378.6,379.13,1727852.0,42207.0,387.040829,448.83299999999997,30.533880955460674,-22.212352658026987,-18.693702891950547,-3.5186497660764395
2022-10-17 04:00:00+00:00,394.46,399.6,388.83,392.22,1417893.0,33692.0,393.134346,446.33399999999995,35.61841848490447,-22.792597405423862,-19.51348179464521,-3.2791156107786534
2022-10-18 04:00:00+00:00,407.38,409.17,393.19,398.99,1324796.0,30386.0,400.117873,443.9696666666667,38.14027354054074,-22.44740343366442,-20.10026612244905,-2.34713731121537
2022-10-19 04:00:00+00:00,415.89,431.85,410.39,424.02,2435199.0,51130.0,421.577664,442.21433333333334,46.48630943720511,-19.92444629415303,-20.065102156789845,0.14065586263681595
2022-10-20 04:00:00+00:00,431.25,448.92,428.78,437.27,2090904.0,48398.0,438.607914,440.6983333333334,50.30835074263454,-16.66373119859111,-19.384827965150098,2.72109676655899
2022-10-21 04:00:00+00:00,440.48,462.88,437.7001,462.23,2756622.0,50651.0,452.855204,439.406,56.59707885875414,-11.928028702654046,-17.89346811265089,5.9654394099968435
2022-10-24 04:00:00+00:00,470.43,476.09,459.6,472.97,2388094.0,49894.0,469.863684,438.3406666666667,59.00140179539972,-7.225036391562014,-15.759781768433115,8.5347453768711
2022-10-25 04:00:00+00:00,478.49,495.7499,478.35,486.01,2047240.0,50837.0,487.487619,438.8376666666667,61.77045299024697,-2.4177912886658532,-13.091383672479664,10.67359238381381
2022-10-26 04:00:00+00:00,475.95,496.2,474.25,484.09,1877059.0,40347.0,486.763986,439.0373333333333,61.1159302729958,1.2229596186022604,-10.228515014263278,11.451474632865539
2022-10-27 04:00:00+00:00,482.1,489.6,473.99,474.41,1075721.0,29543.0,479.930274,439.32933333333335,57.79114176149416,3.2892691941701173,-7.5249581725766,10.814227366746717
2022-10-28 04:00:00+00:00,469.86,489.87,468.89,489.18,1432867.0,35435.0,481.994651,440.0603333333333,61.25467037492536,6.048921776803979,-4.810182182700484,10.859103959504463
2022-10-31 04:00:00+00:00,479.04,480.88,471.65,472.42,1063606.0,30351.0,474.872229,440.104,55.672137680750446,6.8051291076218945,-2.4871199246360085,9.292249032257903
2022-11-01 04:00:00+00:00,483.375,483.67,472.86,475.38,760658.0,23984.0,477.131439,440.5513333333334,56.427417274932665,7.55617326586821,-0.47846128653516473,8.034634552403375
2022-11-02 04:00:00+00:00,470.05,477.0,446.26,446.33,1859357.0,41601.0,462.2942,440.26500000000004,47.81652622421041,5.741109022148123,0.7654527752014928,4.97565624694663
2022-11-03 04:00:00+00:00,440.8,446.76,437.12,439.92,1615727.0,39502.0,441.814664,440.22766666666666,46.14326845073157,3.7422853665594857,1.3608192934730914,2.3814660730863944
2022-11-04 04:00:00+00:00,462.35,469.6099,454.33,468.76,1587772.0,39245.0,462.509938,441.315,53.95103181455317,4.434235090909567,1.9755024529603866,2.4587326379491805
2022-11-07 05:00:00+00:00,474.83,485.4399,469.61,483.39,1429441.0,31625.0,479.166361,443.0676666666667,57.33042496784735,6.092893876757557,2.798980737719821,3.2939131390377363
2022-11-08 05:00:00+00:00,498.25,505.9889,491.06,503.59,2314652.0,50849.0,499.995245,445.411,61.528495349253376,8.934374191860513,4.02605942854796,4.9083147633125535
2022-11-09 05:00:00+00:00,494.505,504.2198,488.91,489.46,1302642.0,31341.0,494.795181,447.01866666666666,57.28296124110308,9.931609490680728,5.207169440974514,4.724440049706214
2022-11-10 05:00:00+00:00,531.5,561.82,520.355,560.79,3517848.0,81054.0,547.910199,451.45233333333334,68.9357848121326,16.289880912939566,7.423711735367524,8.866169177572042
2022-11-11 05:00:00+00:00,560.78,578.62,558.49,576.44,1982801.0,56055.0,570.291457,456.822,70.81678959506075,22.33422597695494,10.405814583685007,11.928411393269933
2022-11-14 05:00:00+00:00,574.78,590.3009,573.875,577.82,1806448.0,44314.0,582.505514,461.6933333333334,70.98363794014857,26.925388337913375,13.709729334530682,13.215659003382694
2022-11-15 05:00:00+00:00,606.75,608.32,586.54,597.47,1668748.0,45023.0,598.848163,466.1053333333333,73.32248766302025,31.78313220091036,17.32440990780662,14.45872229310374
2022-11-16 05:00:00+00:00,583.52,583.9499,573.805,576.7,1418854.0,43351.0,577.917503,469.68566666666663,67.16035602784993,33.56998984626796,20.57352589549889,12.99646395076907
2022-11-17 05:00:00+00:00,568.96,590.45,568.9505,589.03,919492.0,29298.0,583.18956,473.9153333333333,68.83481588598559,35.57097529666191,23.5730157757315,11.997959520930415
2022-11-18 05:00:00+00:00,599.62,599.93,584.8,593.16,1115574.0,33857.0,592.858363,479.21200000000005,69.39767840979127,37.062790389743554,26.270970698533908,10.791819691209646
2022-11-21 05:00:00+00:00,581.2,583.79,575.0977,580.29,849765.0,26039.0,579.868483,484.492,65.43184056892653,36.7825567402806,28.37328790688325,8.409268833397348
2022-11-22 05:00:00+00:00,581.72,596.53,574.225,596.21,1082364.0,27190.0,586.782603,491.04699999999997,67.87725180594845,37.41379753639626,30.18138983278585,7.232407703610409
2022-11-23 05:00:00+00:00,595.18,610.0,595.18,603.85,874969.0,29837.0,602.741447,497.8976666666667,69.01024869342699,38.091450040060636,31.76340187424081,6.328048165819826
2022-11-25 05:00:00+00:00,596.93,597.9,591.84,591.84,408888.0,13939.0,595.095648,504.1123333333333,65.12179679926356,37.23022108948351,32.85676571728935,4.373455372194158
2022-11-28 05:00:00+00:00,593.775,598.13,580.42,583.34,1056628.0,32771.0,588.729665,510.9193333333333,62.44023228610969,35.4531303608037,33.37603864599222,2.0770917148114805
2022-11-29 05:00:00+00:00,584.09,587.0,576.7666,578.82,562921.0,18960.0,581.505184,517.1393333333333,61.00173756362904,33.296228731657834,33.36007666312534,-0.06384793146750667
2022-11-30 05:00:00+00:00,585.3,608.41,576.94,608.12,1568601.0,38310.0,596.170061,524.1103333333333,66.40474509000202,33.56422627313441,33.40090658512716,0.16331968800724894
2022-12-01 05:00:00+00:00,611.71,616.5599,601.36,611.26,1245926.0,35186.0,610.282149,530.3516666666667,66.93346505906177,33.64218188228972,33.44916164455967,0.19302023773004606
2022-12-02 05:00:00+00:00,600.3,607.45,597.0,605.71,719750.0,27146.0,602.262777,535.9663333333333,64.98667069838021,32.877136483396725,33.334756612327084,-0.4576201289303583
2022-12-05 05:00:00+00:00,605.1,607.16,593.38,600.79,873922.0,25337.0,601.281036,540.585,63.2309191147591,31.510595085592854,32.96992430698024,-1.4593292213873852
2022-12-06 05:00:00+00:00,603.5,604.445,586.82,593.05,839158.0,25787.0,594.047736,544.5876666666667,60.46339233754272,29.463411995169963,32.26862184461819,-2.805209849448225
2022-12-07 05:00:00+00:00,592.21,604.0,590.69,601.35,878174.0,30305.0,598.521696,548.4323333333334,62.36564678685344,28.18583650272842,31.452064776240235,-3.266228273511814
2022-12-08 05:00:00+00:00,591.88,609.4598,587.6575,606.89,1019310.0,31389.0,602.40052,552.5256666666667,63.623714203764834,27.30561825078439,30.62277547114907,-3.3171572203646775
2022-12-09 05:00:00+00:00,602.99,611.17,596.4,597.7,870650.0,29447.0,603.472242,556.6353333333333,60.038308258389975,25.57170801634652,29.61256198018856,-4.040853963842039
2022-12-12 05:00:00+00:00,596.87,610.0,595.8,609.99,819564.0,24519.0,603.415994,560.6623333333334,63.038122700013844,24.902214721372616,28.67049252842537,-3.7682778070527547
2022-12-13 05:00:00+00:00,642.98,643.36,617.57,628.27,1330362.0,43049.0,628.92571,565.8573333333334,67.00548014640995,25.552130633044158,28.04682014934913,-2.494689516304973
2022-12-14 05:00:00+00:00,622.5,626.755,609.93,615.86,1153848.0,34825.0,620.915755,570.5400000000001,62.12987982657606,24.780160129276283,27.393488145334565,-2.613328016058283
2022-12-15 05:00:00+00:00,603.0,604.8,584.26,586.34,1422357.0,43867.0,589.412317,575.2070000000001,52.36838726114223,21.53807315191648,26.22240514665095,-4.684331994734471
2022-12-16 05:00:00+00:00,577.26,585.75,565.74,574.32,2096499.0,46481.0,573.755569,579.687,48.9930077171608,17.793667991285133,24.53665771557779,-6.742989724292656
2022-12-19 05:00:00+00:00,574.05,575.85,562.675,568.61,906783.0,29018.0,568.85759,583.0153333333334,47.42908780050659,14.201741805704614,22.469674533603154,-8.26793272789854
2022-12-20 05:00:00+00:00,562.24,568.955,561.15,563.16,845742.0,27197.0,564.959311,585.6743333333333,45.922310003968704,10.790953577050914,20.133930342292707,-9.342976765241794
2022-12-21 05:00:00+00:00,569.06,583.96,567.3,580.96,797740.0,25192.0,578.047444,588.2533333333334,51.357655133910036,9.415652787341628,17.990274831302493,-8.574622043960865
2022-12-22 05:00:00+00:00,571.05,571.05,546.8001,555.95,1352175.0,37135.0,555.489357,590.4696666666666,44.57799534080289,6.235737322044201,15.639367329450835,-9.403630007406633
2022-12-23 05:00:00+00:00,546.87,552.065,542.53,551.37,602760.0,21887.0,548.684011,590.1556666666668,43.44690313449615,3.307931902542805,13.17308024406923,-9.865148341526425
2022-12-27 05:00:00+00:00,546.05,546.5,536.51,537.18,802566.0,25697.0,540.035886,588.847,40.055774890871696,-0.15559578399017937,10.507345038457348,-10.662940822447528
2022-12-28 05:00:00+00:00,536.7,541.8,529.01,531.64,609886.0,22425.0,534.006404,587.3076666666667,38.78303620053842,-3.3093500023963998,7.7440060302866,-11.053356032682998
2022-12-29 05:00:00+00:00,541.2,555.37,540.15,551.47,840970.0,28061.0,550.46654,585.7743333333333,45.462847587053204,-4.160646327331278,5.363075558763024,-9.523721886094302
2022-12-30 05:00:00+00:00,540.86,546.48,536.77,546.4,702990.0,23412.0,541.310117,584.7643333333333,44.13678791893957,-5.184646053963206,3.253531236217778,-8.438177290180985
2023-01-03 05:00:00+00:00,561.28,564.15,545.77,549.57,674659.0,22786.0,551.790504,583.449,45.212810633653454,-5.674963263672225,1.4678323362397774,-7.142795599912002
2023-01-04 05:00:00+00:00,570.8,575.51,561.06,570.83,1087275.0,33527.0,569.24527,582.7046666666666,51.9038627867451,-4.29848856172157,0.31456815664750803,-4.613056718369077
2023-01-05 05:00:00+00:00,565.38,573.55,562.55,565.32,709122.0,23990.0,567.717644,582.2056666666666,50.1929375615993,-3.6106125010853702,-0.4704679748990677,-3.1401445261863024
2023-01-06 05:00:00+00:00,575.33,598.6845,567.28,595.85,1025980.0,29855.0,588.296699,582.1936666666666,58.37945200147633,-0.5950900888935848,-0.49539239769797117,-0.09969769119561367
2023-01-09 05:00:00+00:00,613.99,632.39,612.8,624.7,1081404.0,36279.0,625.154889,582.8886666666666,64.34361037379873,4.0757048504463,0.41882705193088304,3.656877798515417
