timestamp,open,high,low,close,volume,trade_count,vwap,30sma,rsi,macd,signal,histogram
2022-01-03 05:00:00+00:00,666.317,671.7,661.22,663.32,2256306.0,57166.0,664.106625,,,,,
2022-01-04 05:00:00+00:00,662.875,672.1862,657.225,670.92,2109139.0,66452.0,667.054065,,,,,
2022-01-05 05:00:00+00:00,671.21,671.21,642.01,643.0,3476285.0,82136.0,651.219739,,,,,
2022-01-06 05:00:00+00:00,640.16,648.65,634.43,637.03,2851077.0,85322.0,638.896607,,,,,
2022-01-07 05:00:00+00:00,635.85,639.91,618.46,619.15,2778685.0,75719.0,623.79853,,,,,
2022-01-10 05:00:00+00:00,608.86,622.04,603.57,621.16,2966857.0,87646.0,612.192325,,,,,
2022-01-11 05:00:00+00:00,615.54,628.0,614.57,622.05,1903653.0,50460.0,622.263583,,,,,
2022-01-12 05:00:00+00:00,627.51,630.99,619.74,622.0,1879128.0,58015.0,624.147031,,,,,
2022-01-13 05:00:00+00:00,627.47,627.88,594.15,597.19,2996187.0,86189.0,605.761599,,,,,
2022-01-14 05:00:00+00:00,595.78,600.38,592.0,596.37,2562207.0,75855.0,595.989235,,,,,
2022-01-18 05:00:00+00:00,588.32,591.04,575.99,577.79,3582477.0,97481.0,580.160469,,,,,
2022-01-19 05:00:00+00:00,581.58,584.73,563.33,563.97,2262108.0,71675.0,570.633013,,,,,
2022-01-20 05:00:00+00:00,568.0,570.14,546.77,547.72,2514470.0,74263.0,557.714741,,,,,
2022-01-21 05:00:00+00:00,546.64,555.4,531.34,533.23,3779985.0,97063.0,540.890199,,,,,
2022-01-24 05:00:00+00:00,530.89,543.51,513.4,541.58,5258394.0,137040.0,531.608645,,11.822629202207693,,,
2022-01-25 05:00:00+00:00,528.0,545.4,524.22,534.14,3835822.0,99502.0,535.41607,,11.256936533019683,,,
2022-01-26 05:00:00+00:00,552.0,574.17,550.07,557.12,4867879.0,135231.0,560.186385,,23.441783076938066,,,
2022-01-27 05:00:00+00:00,569.72,570.255,541.025,542.31,3407293.0,99397.0,549.920772,,21.40223265859443,,,
2022-01-28 05:00:00+00:00,543.36,560.5,532.39,560.1,3010753.0,84567.0,550.48815,,29.35356040744317,,,
2022-01-31 05:00:00+00:00,559.4,586.37,556.0,585.88,4020846.0,87356.0,579.674229,,38.98627387739089,,,
2022-02-01 05:00:00+00:00,583.44,593.9,575.8228,592.72,2563137.0,69807.0,587.607532,,41.274216122898956,,,
2022-02-02 05:00:00+00:00,599.0,604.8,593.631,603.43,2441836.0,69190.0,600.507153,,44.76671621085133,,,
2022-02-03 05:00:00+00:00,595.67,599.02,580.12,580.85,3054533.0,68454.0,585.885536,,39.44103618957911,,,
2022-02-04 05:00:00+00:00,576.38,596.53,576.14,590.16,2044437.0,57588.0,587.518036,,42.479492305704035,,,
2022-02-07 05:00:00+00:00,590.16,601.58,584.16,587.63,1862123.0,50481.0,590.808713,,41.86477028776053,,,
2022-02-08 05:00:00+00:00,588.38,601.85,586.99,600.22,1453421.0,44184.0,597.215347,,46.048761487277204,-6.883746184934921,,
2022-02-09 05:00:00+00:00,607.3527,611.72,601.56,611.34,2130946.0,55520.0,607.840672,,49.505445305630126,-4.278970856899832,,
2022-02-10 05:00:00+00:00,595.3,614.64,588.57,591.36,2405800.0,61880.0,598.590894,,44.04497571774319,-3.7832754191867934,,
2022-02-11 05:00:00+00:00,591.36,599.69,569.075,573.42,2580221.0,66970.0,580.507365,,39.80003072593683,-4.782906909079088,,
2022-02-14 05:00:00+00:00,575.0,582.8117,570.07,578.58,1814999.0,47848.0,577.737012,591.5246666666667,41.54508395731278,-5.0999639805436345,,
2022-02-15 05:00:00+00:00,589.03,606.039,588.25,602.77,3338449.0,53335.0,600.73651,589.5063333333333,49.00765148745983,-3.3605646606877144,,
2022-02-16 05:00:00+00:00,594.06,600.81,587.22,597.21,2219243.0,53441.0,594.759683,587.0493333333333,47.50643514984533,-2.4030231461488256,,
2022-02-17 05:00:00+00:00,589.7,591.58,578.89,579.0,2087109.0,50796.0,582.774141,584.9159999999999,42.87415513730453,-3.0780772513261354,,
2022-02-18 05:00:00+00:00,580.94,587.73,573.28,579.99,1873506.0,50461.0,579.673536,583.0146666666666,43.198429516808396,-3.492913632860109,-4.129271337963006,0.6363577051028972
2022-02-22 05:00:00+00:00,579.99,590.21,569.81,577.46,1907260.0,54403.0,579.722497,581.625,42.53394377959544,-3.979945970154745,-4.099406264401354,0.11946029424660942
2022-02-23 05:00:00+00:00,580.23,585.07,564.74,565.31,2273657.0,60387.0,570.711328,579.7633333333332,39.39957774299531,-5.2853992717941765,-4.336604865879919,-0.9487944059142572
2022-02-24 05:00:00+00:00,551.58,585.69,549.02,580.0,3535349.0,82021.0,570.836063,578.3616666666666,44.70511334829458,-5.0761059979013226,-4.4845050922842,-0.5916009056171223
2022-02-25 05:00:00+00:00,578.57,589.38,574.0,588.01,2054846.0,55727.0,584.741543,577.2286666666666,47.40883381149,-4.215308065388172,-4.4306656869049945,0.21535762151682292
2022-02-28 05:00:00+00:00,581.0,592.3,576.38,587.44,2356554.0,52728.0,586.108888,576.9036666666667,47.2318478678215,-3.538326117517272,-4.252197773027451,0.7138716555101787
2022-03-01 05:00:00+00:00,584.79,587.62,565.3,570.12,2319783.0,59788.0,571.726377,576.0286666666667,42.09003248014286,-4.349256772404601,-4.2716095729028805,-0.07764719950172072
2022-03-02 05:00:00+00:00,574.52,590.53,573.58,585.78,2059698.0,61942.0,585.726876,576.2950000000001,47.64022291933171,-3.6858063536137706,-4.154448929045059,0.4686425754312884
2022-03-03 05:00:00+00:00,593.68,593.7,574.33,578.6,2551468.0,73771.0,581.543757,576.7826666666666,45.487614212550284,-3.6967690585086075,-4.062912954937769,0.36614389642916123
2022-03-04 05:00:00+00:00,592.79,605.91,584.01,595.99,4306360.0,116605.0,596.564696,578.3916666666667,51.23486986677346,-2.2759931827592936,-3.7055290005020742,1.4295358177427806
2022-03-07 05:00:00+00:00,597.08,598.78,570.0,570.7,2534328.0,70867.0,580.450617,579.6406666666666,43.97390563658432,-3.154348343551078,-3.5952928691118755,0.44094452556079755
2022-03-08 05:00:00+00:00,572.17,596.05,563.61,575.95,2528647.0,76609.0,578.107418,580.7863333333333,45.69445828918891,-3.387767932848874,-3.553787881859275,0.1660199490104013
2022-03-09 05:00:00+00:00,588.79,601.635,587.0,597.02,2128002.0,61501.0,595.651672,582.8823333333333,52.05780321509655,-1.8512417656850175,-3.213278658624424,1.3620368929394067
2022-03-10 05:00:00+00:00,586.0,590.02,576.37,587.73,1843240.0,52512.0,584.245967,583.9026666666666,49.31403323637058,-1.3673965718594445,-2.8441022412714285,1.476705669411984
2022-03-11 05:00:00+00:00,592.0,594.4299,577.12,577.85,1906370.0,46501.0,582.077527,585.0873333333334,46.506643102585095,-1.760880860778343,-2.6274579651728116,0.8665771043944686
2022-03-14 04:00:00+00:00,576.96,579.98,564.75,567.8,2361993.0,59609.0,570.071575,585.3439999999999,43.776608457752,-2.850808655677497,-2.672128103273749,-0.17868055240374803
2022-03-15 04:00:00+00:00,577.27,596.76,575.04,592.76,2749882.0,54324.0,589.597649,585.5733333333334,51.40613838282347,-1.6811417296789841,-2.4739308285547965,0.7927890988758124
2022-03-16 04:00:00+00:00,596.65,607.705,584.06,607.12,2815658.0,64460.0,600.632269,586.0533333333333,55.17488304660632,0.3999493574101507,-1.8991547913618072,2.299104148771958
2022-03-17 04:00:00+00:00,604.72,607.0,597.63,602.67,1746599.0,46678.0,602.099475,586.028,53.78285055274862,1.6708902449311154,-1.1851457841032227,2.856036029034338
2022-03-18 04:00:00+00:00,603.97,613.21,595.99,610.41,4062131.0,60003.0,608.360092,587.0133333333334,55.868412687074304,3.265036065696222,-0.2951094141433337,3.560145479839556
2022-03-21 04:00:00+00:00,605.6,605.6,588.86,601.29,2508354.0,58519.0,597.894521,587.3843333333334,52.8425955403005,3.7492809558603994,0.5137686598574129,3.2355122960029865
2022-03-22 04:00:00+00:00,601.45,613.5,599.33,611.34,1869325.0,47771.0,608.718588,588.1746666666667,55.690522721232185,4.887657653785482,1.3885464586430267,3.499111195142455
2022-03-23 04:00:00+00:00,608.0,611.37,599.16,599.38,1345800.0,35522.0,602.60303,588.1466666666666,51.68984114884675,4.769774352686568,2.0647920374517352,2.7049823152348327
2022-03-24 04:00:00+00:00,603.4,627.2169,602.0,626.43,2523043.0,63605.0,620.586747,588.6496666666666,58.88406060927586,6.7808939959543295,3.008012429152254,3.7728815668020754
2022-03-25 04:00:00+00:00,627.55,630.405,620.065,628.87,1442443.0,42959.0,626.45537,589.9,59.47036766512621,8.473926263518024,4.101195196025408,4.372731067492616
2022-03-28 04:00:00+00:00,625.88,633.3,615.78,632.88,2573462.0,91390.0,626.284503,591.882,60.46807260430793,10.023693125415434,5.2856947819034135,4.737998343512021
2022-03-29 04:00:00+00:00,640.0,645.31,630.0,641.47,2300289.0,57303.0,637.602354,593.9783333333332,62.59240614890578,11.808909975899951,6.590337820702722,5.218572155197229
2022-03-30 04:00:00+00:00,638.87,644.29,627.33,631.09,1862620.0,54277.0,634.208108,594.9223333333334,58.50140248271584,12.244975485813598,7.721265353724897,4.5237101320887
2022-03-31 04:00:00+00:00,630.48,638.9999,628.05,629.68,2154343.0,57494.0,632.688556,596.0046666666666,57.94735336255676,12.33459974018092,8.643932231016102,3.6906675091648182
2022-04-01 04:00:00+00:00,631.69,634.57,618.69,626.98,1619840.0,58281.0,625.248263,597.6039999999999,56.83729772122914,12.048868318500922,9.324919448513066,2.723948869987856
2022-04-04 04:00:00+00:00,626.425,636.72,624.515,634.85,1643661.0,45100.0,633.195178,599.4326666666667,59.285545744203816,12.315501896176215,9.923035938045697,2.3924659581305185
2022-04-05 04:00:00+00:00,629.55,632.2639,613.0,614.12,1969571.0,62148.0,616.751456,600.6546666666667,51.06860697908198,10.73038003371471,10.084504757179499,0.6458752765352109
2022-04-06 04:00:00+00:00,602.08,611.59,593.77,601.58,2057579.0,85573.0,602.24483,601.8636666666666,46.839430999425474,8.365850027128317,9.740773811169264,-1.3749237840409467
2022-04-07 04:00:00+00:00,599.83,607.6437,593.24,602.75,1447103.0,54412.0,600.806811,602.622,47.278128912881364,6.511294038752908,9.094877856685994,-2.5835838179330857
2022-04-08 04:00:00+00:00,597.38,598.58,585.97,587.0,2035717.0,64805.0,589.539767,602.5883333333333,42.226406774967145,3.727681295282082,8.021438544405212,-4.29375724912313
2022-04-11 04:00:00+00:00,582.58,589.28,579.43,580.61,2339668.0,71787.0,583.081944,602.3606666666667,40.34296594338535,0.9945638319328509,6.61606360191074,-5.6214997699778895
2022-04-12 04:00:00+00:00,590.0,598.585,582.17,585.07,1701993.0,60673.0,588.22926,602.859,42.278169413406374,-0.8023180989754337,5.1323872617335065,-5.93470536070894
2022-04-13 04:00:00+00:00,588.5,596.71,586.05,592.54,2017463.0,47943.0,591.932107,603.0843333333333,45.468827298982845,-1.6050909155105728,3.784891626284691,-5.389982541795264
2022-04-14 04:00:00+00:00,594.99,597.06,572.86,573.85,2726505.0,68433.0,579.871562,602.9259999999999,39.57456241814999,-3.7066925134739677,2.286574798332959,-5.993267311806926
2022-04-18 04:00:00+00:00,572.85,591.22,572.85,586.5,2126914.0,61017.0,585.837053,602.6096666666667,44.79119390394661,-4.301888152750394,0.9688822081162887,-5.270770360866682
2022-04-19 04:00:00+00:00,579.36,598.695,579.36,597.62,1653843.0,47887.0,594.507194,603.5070000000001,48.96238130660777,-3.832119629075237,0.00868184067798361,-3.8408014697532202
2022-04-20 04:00:00+00:00,604.2,613.43,595.13,597.72,1383503.0,44809.0,600.47977,604.2326666666667,48.999698071814535,-3.412419279995561,-0.6755383834567253,-2.7368808965388354
2022-04-21 04:00:00+00:00,605.54,615.87,590.66,592.73,2023044.0,60745.0,600.592667,604.0896666666666,47.147212488358264,-3.4427689292351715,-1.2289844926124145,-2.213784436622757
2022-04-22 04:00:00+00:00,590.11,598.74,586.26,586.95,2101107.0,67049.0,590.622532,604.0636666666667,45.02388783210985,-3.8883959315825223,-1.760866780406436,-2.1275291511760863
2022-04-25 04:00:00+00:00,581.49,588.76,571.12,587.88,2663016.0,71911.0,581.522083,604.3979999999999,45.44958254277379,-4.1190336578480355,-2.2325001558947557,-1.8865335019532798
2022-04-26 04:00:00+00:00,583.8,585.46,559.71,560.07,3558204.0,85074.0,567.235161,604.1403333333333,36.3782889689582,-6.471253715089233,-3.0802508677336515,-3.3910028473555816
2022-04-27 04:00:00+00:00,555.79,570.075,555.0,559.54,1916592.0,58327.0,562.138072,603.033,36.22987808208109,-8.282693888539256,-4.1207394718947725,-4.161954416644484
2022-04-28 04:00:00+00:00,565.94,585.02,557.97,578.94,2209373.0,55314.0,574.587355,602.0936666666668,45.06448508475417,-8.059945376130713,-4.908580652741961,-3.1513647233887525
2022-04-29 04:00:00+00:00,572.62,578.2806,553.395,554.39,2591888.0,56409.0,559.608244,600.4843333333333,37.907507356729596,-9.751980639900353,-5.877260650173639,-3.8747199897267137
2022-05-02 04:00:00+00:00,557.14,577.64,556.38,576.35,2645621.0,68886.0,568.890988,599.349,46.14650977495098,-9.214720739550103,-6.544752668048932,-2.669968071501171
2022-05-03 04:00:00+00:00,576.01,586.75,571.7666,581.17,1692574.0,48512.0,580.452366,598.6783333333333,47.784218650690065,-8.304278131132492,-6.896657760665644,-1.407620370466848
2022-05-04 04:00:00+00:00,581.79,604.07,573.98,603.66,2366190.0,66979.0,591.26672,598.4223333333333,54.705623239425286,-5.702258672900712,-6.657777943112658,0.9555192702119459
2022-05-05 04:00:00+00:00,594.23,597.865,574.285,579.99,3235186.0,72188.0,582.123857,597.7760000000001,47.56017632094747,-5.486861562628974,-6.423594667015921,0.9367331043869473
2022-05-06 04:00:00+00:00,574.94,589.98,569.43,580.1,2048852.0,59034.0,579.982263,596.2316666666667,47.59443368605143,-5.246799877229478,-6.188235709058633,0.9414358318291551
2022-05-09 04:00:00+00:00,572.88,578.0,560.27,562.92,2959175.0,75379.0,566.741588,594.0333333333333,42.882609310742374,-6.369409099469522,-6.224470387140811,-0.14493871232871047
2022-05-10 04:00:00+00:00,580.49,591.15,571.8,581.39,2896923.0,68899.0,581.985967,592.3170000000001,48.756187854431026,-5.702970067327442,-6.1201703231781375,0.41720025585069553
2022-05-11 04:00:00+00:00,574.58,584.69,565.86,567.11,2616891.0,66776.0,572.341945,589.8383333333334,44.91087293168449,-6.254985411747953,-6.1471333408921005,-0.10785207085585213
2022-05-12 04:00:00+00:00,563.4,573.61,558.26,571.57,2514045.0,65947.0,566.5016,587.8543333333333,46.33447588880299,-6.260410705390882,-6.1697888137918575,-0.09062189159902445
2022-05-13 04:00:00+00:00,577.05,591.59,573.5,588.24,1929363.0,48746.0,585.675145,586.473,51.39071547033888,-4.86351701003548,-5.908534453040582,1.0450174430051025
2022-05-16 04:00:00+00:00,584.38,589.14,577.65,582.67,1396032.0,37944.0,582.926624,584.996,49.70555420461959,-4.157990416693906,-5.558425645771248,1.4004352290773419
2022-05-17 04:00:00+00:00,595.45,609.0,593.61,608.15,2449095.0,58456.0,604.203356,584.106,56.700281522004644,-1.5252503174468757,-4.751790580106373,3.2265402626594977
2022-05-18 04:00:00+00:00,600.0,600.72,566.18,570.57,3463848.0,68623.0,577.31552,582.6543333333333,46.4414370282876,-2.443015193336464,-4.290035502752392,1.847020309415928
2022-05-19 04:00:00+00:00,557.15,560.75,538.96,546.21,3460050.0,94433.0,549.75764,580.8086666666667,41.23346913341489,-5.077468982784694,-4.447522198758852,-0.6299467840258419
2022-05-20 04:00:00+00:00,553.9,554.99,512.44,543.19,3981281.0,99767.0,533.009888,578.8233333333334,40.625232117882454,-7.324548516024265,-5.0229274622119355,-2.3016210538123296
2022-05-23 04:00:00+00:00,524.0,535.57,514.26,526.36,5836417.0,115447.0,523.86981,576.802,37.32122679181302,-10.344174378066441,-6.087176845382837,-4.256997532683604
2022-05-24 04:00:00+00:00,526.66,528.87,516.19,524.79,2108049.0,63271.0,522.732611,574.9413333333334,37.01876741193772,-12.717337952281127,-7.413209066762496,-5.304128885518631
2022-05-25 04:00:00+00:00,523.9,537.45,523.9,531.63,1765015.0,50875.0,530.614052,573.16,39.32581334968329,-13.886086189032994,-8.707784491216596,-5.178301697816398
2022-05-26 04:00:00+00:00,531.54,554.57,527.72,550.66,3961387.0,90147.0,548.143814,571.7639999999999,45.326355377461354,-13.125463454989244,-9.591320283971127,-3.5341431710181173
2022-05-27 04:00:00+00:00,562.09,585.455,560.01,583.28,3714991.0,85881.0,577.6074,572.0783333333334,53.76688216458309,-9.777790789228561,-9.628614385022615,-0.1491764042059458
2022-05-31 04:00:00+00:00,584.5,587.025,576.0,580.13,2962208.0,68790.0,580.979686,571.866,52.9173094381423,-7.294824560621464,-9.161856420142385,1.867031859520921
2022-06-01 04:00:00+00:00,587.58,590.94,568.43,573.62,1804405.0,55770.0,576.739826,571.066,51.119564909970784,-5.785664984811092,-8.486618133076128,2.700953148265036
2022-06-02 04:00:00+00:00,577.75,577.77,568.13,576.74,2935133.0,66004.0,573.685997,570.3666666666667,51.96187986928478,-4.288452610773788,-7.64698502861566,3.3585324178418716
2022-06-03 04:00:00+00:00,568.87,569.6,560.98,563.32,1608527.0,52659.0,564.502092,569.3863333333334,48.120787247012714,-4.137093028713025,-6.9450066286351335,2.8079135999221085
2022-06-06 04:00:00+00:00,571.52,572.72,557.54,561.23,1438166.0,47294.0,563.543434,568.5290000000001,47.53149617177933,-4.138083748993381,-6.383622052706784,2.2455383037134027
2022-06-07 04:00:00+00:00,560.54,574.51,557.53,572.99,1582201.0,42476.0,570.154354,568.0326666666666,51.156042877452684,-3.153582646660425,-5.737614171497513,2.584031524837088
2022-06-08 04:00:00+00:00,571.82,576.27,562.14,565.36,2392716.0,47963.0,566.913468,568.2090000000001,48.80055082197176,-2.9549725790586763,-5.181085853009745,2.2261132739510687
2022-06-09 04:00:00+00:00,561.16,573.64,555.93,556.22,1869276.0,51028.0,563.554144,568.0983333333334,46.06430230064736,-3.4948083086691213,-4.843830344141621,1.3490220354724993
2022-06-10 04:00:00+00:00,550.09,551.0431,539.7219,541.27,2373916.0,67865.0,543.509584,566.8426666666667,41.92364289001104,-5.070522247154031,-4.889168724744103,-0.1813535224099283
2022-06-13 04:00:00+00:00,526.78,533.0,516.021,517.62,3136654.0,75808.0,521.573311,565.6170000000001,36.3561737597049,-8.133881916939572,-5.538111363183197,-2.595770553756375
2022-06-14 04:00:00+00:00,524.97,524.97,514.59,520.17,2437351.0,48090.0,521.064785,563.7443333333333,37.3226762289895,-10.237837419854941,-6.478056574517545,-3.7597808453373958
2022-06-15 04:00:00+00:00,529.15,533.83,515.52,526.71,1884896.0,50416.0,525.786279,561.929,39.845779581572046,-11.24785569228311,-7.432016398070658,-3.815839294212452
2022-06-16 04:00:00+00:00,511.95,514.43,492.275,497.18,3723451.0,83290.0,500.880834,558.3796666666666,33.32292001015405,-14.266669373618242,-8.798946993180175,-5.467722380438067
2022-06-17 04:00:00+00:00,495.0,500.36,487.87,498.65,4349893.0,62849.0,497.39228,555.6683333333333,33.90298429087886,-16.351988703739835,-10.309555335292107,-6.042433368447728
2022-06-21 04:00:00+00:00,504.08,510.91,502.89,503.77,2188693.0,53054.0,504.704841,553.124,35.99167121850314,-17.391005401655775,-11.72584534856484,-5.6651600530909345
2022-06-22 04:00:00+00:00,496.31,503.77,494.2,496.1,2469597.0,44828.0,497.375716,550.8966666666668,34.24581264525179,-18.618713579206315,-13.104418994693136,-5.514294584513179
2022-06-23 04:00:00+00:00,501.75,501.75,491.01,496.58,1666854.0,48570.0,495.914375,548.0696666666666,34.46007385439131,-19.330123535074108,-14.34955990276933,-4.9805636323047775
2022-06-24 04:00:00+00:00,505.0,511.8,501.445,509.27,1391893.0,44245.0,506.620995,546.1416666666667,40.024250261208074,-18.654902007220358,-15.210628323659536,-3.444273683560821
2022-06-27 04:00:00+00:00,513.8,514.035,502.82,505.71,1317453.0,38607.0,507.263844,543.9463333333334,39.02334607096514,-18.197279419788288,-15.807958542885286,-2.3893208769030014
2022-06-28 04:00:00+00:00,512.61,514.15,498.105,498.45,1563597.0,42932.0,502.41519,540.9533333333333,36.991713987238725,-18.21051210006476,-16.288469254321182,-1.9220428457435794
2022-06-29 04:00:00+00:00,495.48,495.93,486.67,490.41,1437728.0,47894.0,490.531966,537.878,34.82915666751336,-18.654719902559805,-16.76171938396891,-1.8930005185908954
2022-06-30 04:00:00+00:00,488.03,493.74,480.71,485.81,1882073.0,48850.0,486.336106,533.8,33.61821212990023,-19.157108124998274,-17.240797132174784,-1.9163109928234903
2022-07-01 04:00:00+00:00,479.41,484.265,469.43,477.84,2131078.0,61421.0,475.578963,530.7090000000001,31.570150066918103,-19.968185984458614,-17.78627490263155,-2.1819110818270637
2022-07-05 04:00:00+00:00,472.0,476.93,463.91,476.3,2071600.0,58036.0,470.830767,528.3786666666667,31.174946101205677,-20.498937173671493,-18.32880735683954,-2.1701298168319525
2022-07-06 04:00:00+00:00,480.53,487.05,475.5,482.61,2297599.0,59212.0,482.292515,526.3593333333333,34.777695929922885,-20.177799932471714,-18.698605871965974,-1.4791940605057405
2022-07-07 04:00:00+00:00,488.11,501.39,488.11,498.54,2131887.0,58994.0,497.42356,525.432,42.90352926175907,-18.42548101207342,-18.64398089998746,0.2184998879140423
2022-07-08 04:00:00+00:00,492.99,499.63,490.0001,498.69,1271338.0,37956.0,496.980486,524.562,42.97557244175995,-16.83063876945846,-18.281312473881663,1.4506737044232025
2022-07-11 04:00:00+00:00,489.49,491.62,480.98,482.86,2128959.0,50714.0,484.173905,522.9363333333333,37.585677151199874,-16.65210836547857,-17.955471652201044,1.303363286722476
2022-07-12 04:00:00+00:00,487.82,492.6,480.07,481.37,2115965.0,50540.0,485.670499,520.6266666666667,37.11384809646197,-16.441326899505896,-17.652642701662014,1.2113158021561183
2022-07-13 04:00:00+00:00,474.98,485.6363,472.2875,481.73,1766746.0,43943.0,481.804413,517.2416666666667,37.31858776235625,-16.06010122788058,-17.33413440690573,1.2740331790251496
2022-07-14 04:00:00+00:00,482.45,486.68,473.4254,484.64,1995682.0,49634.0,482.120929,514.0586666666667,39.046109697548765,-15.34626229737205,-16.936559984998993,1.5902976876269435
2022-07-15 04:00:00+00:00,490.83,494.74,486.13,494.46,1871375.0,47866.0,491.83801,511.42,44.595357710930195,-13.828738778627553,-16.314995743724705,2.4862569650971516
2022-07-18 04:00:00+00:00,500.16,502.4099,488.19,491.06,1804234.0,41970.0,493.757087,508.564,43.13123749382673,-12.753428457347638,-15.602682286449292,2.849253829101654
2022-07-19 04:00:00+00:00,496.8,511.35,495.89,509.0,2725064.0,55931.0,508.199425,506.75333333333333,52.072521187443535,-10.334499533753956,-14.549045735910227,4.214546202156271
2022-07-20 04:00:00+00:00,509.54,517.61,504.4701,511.77,2741248.0,63742.0,512.01202,505.1046666666667,53.29360221704808,-8.100586564741775,-13.259353901676537,5.158767336934762
2022-07-21 04:00:00+00:00,512.55,517.81,506.02,517.68,1391150.0,37762.0,514.148809,503.261,55.87658445007409,-5.786602482869114,-11.764803617915053,5.978201135045939
2022-07-22 04:00:00+00:00,518.81,519.79,506.68,512.52,1783699.0,44853.0,511.9241,501.49966666666666,53.114692883429804,-4.319331735158414,-10.275709241363726,5.956377506205312
2022-07-25 04:00:00+00:00,510.46,513.32,506.5317,513.11,1518535.0,31860.0,510.454925,500.0626666666667,53.39833141807312,-3.0734719557821677,-8.835261784247415,5.761789828465247
2022-07-26 04:00:00+00:00,514.63,516.81,508.92,511.09,1795782.0,41056.0,511.823289,499.0566666666666,52.23324138696493,-2.2234852687405464,-7.512906481146041,5.289421212405495
2022-07-27 04:00:00+00:00,518.2,530.19,516.93,527.79,2549135.0,55407.0,525.617063,499.3956666666666,60.003022116458936,-0.20000868751145617,-6.050326922419125,5.850318234907669
2022-07-28 04:00:00+00:00,528.59,536.515,520.58,533.61,1486745.0,39039.0,530.798936,499.8436666666667,62.30428470224397,1.8518890178675633,-4.469883734361788,6.321772752229351
2022-07-29 04:00:00+00:00,531.285,537.83,530.27,535.48,1848287.0,43559.0,535.070349,500.136,63.04010710822337,3.5875708210236326,-2.858392823284704,6.445963644308336
2022-08-01 04:00:00+00:00,531.43,539.7853,530.44,536.37,1147890.0,35952.0,535.685274,501.44233333333335,63.4062253033197,4.977548634652749,-1.2912045316972134,6.268753166349962
2022-08-02 04:00:00+00:00,533.22,539.2,527.23,531.21,1307231.0,36315.0,533.012314,502.5276666666667,59.71301541246863,5.598214458611096,0.08667926636444845,5.511535192246647
2022-08-03 04:00:00+00:00,535.29,548.0,534.12,546.74,1922816.0,44158.0,543.896158,503.96,66.110926788545,7.25955418440617,1.5212542499727928,5.738299934433377
2022-08-04 04:00:00+00:00,548.41,553.15,545.01,552.8,1629251.0,42675.0,550.760492,505.85,68.23105489532617,8.961862468896243,3.009375893757483,5.95248657513876
2022-08-05 04:00:00+00:00,544.9,552.0,543.28,551.44,1435718.0,44333.0,548.666485,507.67866666666663,67.21476394851258,10.084960270489432,4.424492769103873,5.660467501385559
2022-08-08 04:00:00+00:00,549.35,552.99,538.74,545.53,1372820.0,44752.0,545.300371,508.88733333333334,62.83481010500664,10.378498886888792,5.615293992660857,4.763204894227935
2022-08-09 04:00:00+00:00,539.09,539.35,527.75,532.8,2005721.0,52423.0,532.744719,509.7903333333333,54.58401272891038,9.474707217265518,6.387176637581789,3.0875305796837287
2022-08-10 04:00:00+00:00,546.06,551.02,539.24,550.41,1951872.0,48790.0,547.958125,511.52233333333334,62.01466890883062,10.063420784173218,7.122425466900076,2.940995317273142
2022-08-11 04:00:00+00:00,553.95,557.765,544.25,545.43,1427035.0,44928.0,549.099335,513.3563333333334,59.07126831548478,10.012715792044787,7.700483531929018,2.3122322601157688
2022-08-12 04:00:00+00:00,547.81,558.41,545.65,558.23,1839566.0,50281.0,554.367481,515.7703333333333,63.82397583822004,10.87996725642222,8.33638027682766,2.5435869795945596
2022-08-15 04:00:00+00:00,554.23,559.785,550.5,558.96,1432965.0,40736.0,556.286375,518.4743333333333,64.08015560312472,11.493683164337085,8.967840854329545,2.5258423100075404
2022-08-16 04:00:00+00:00,557.52,557.94,546.01,551.65,1478384.0,46824.0,551.412507,520.986,59.53376702946202,11.260398668665403,9.426352417196718,1.8340462514686848
2022-08-17 04:00:00+00:00,544.37,544.71,531.04,538.59,1902119.0,52805.0,537.85256,522.852,52.38312726870976,9.907478922271139,9.522577718211602,0.38490120405953654
2022-08-18 04:00:00+00:00,543.41,560.56,541.63,558.45,2345959.0,62881.0,556.542856,524.849,60.209818584927305,10.318866825554665,9.681835539680215,0.6370312858744498
2022-08-19 04:00:00+00:00,550.86,555.58,547.87,548.43,1692455.0,44633.0,549.714735,526.507,55.27345532257686,9.724269122137912,9.690322256171754,0.0339468659661577
2022-08-22 04:00:00+00:00,542.57,543.09,527.05,528.75,1855584.0,48495.0,530.97016,528.0366666666666,47.10485703774065,7.577683808952315,9.267794566727867,-1.6901107577755514
2022-08-23 04:00:00+00:00,533.85,537.62,528.91,529.78,900317.0,32976.0,531.949737,529.6503333333334,47.54181633822169,5.891696070029639,8.59257486738822,-2.700878797358582
2022-08-24 04:00:00+00:00,529.56,531.3,523.4401,530.84,1188496.0,36347.0,528.715218,531.2873333333333,48.01773606459128,4.58818207434922,7.791696308780421,-3.203514234431201
2022-08-25 04:00:00+00:00,533.45,550.48,532.26,550.13,1734523.0,48861.0,545.817385,533.4703333333333,55.86494436744554,5.053426868909014,7.2440424208061405,-2.1906155518971264
2022-08-26 04:00:00+00:00,548.835,550.99,520.0,520.86,2568256.0,60720.0,527.064716,534.3503333333333,44.81094833860737,3.025417213719038,6.40031737938872,-3.3749001656696818
2022-08-29 04:00:00+00:00,520.0,522.74,512.0,514.18,1658015.0,49070.0,516.460573,535.121,42.732785567035386,0.869165578299885,5.294087019170953,-4.424921440871068
2022-08-30 04:00:00+00:00,516.84,517.91,501.39,506.39,1827910.0,58958.0,505.82587,535.034,40.38089533647849,-1.4515348833909911,3.9449626386585646,-5.396497522049556
2022-08-31 04:00:00+00:00,510.16,510.16,496.54,499.11,3243895.0,67853.0,499.852048,534.612,38.261571821500205,-3.833946528494721,2.3891808052279075,-6.223127333722628
2022-09-01 04:00:00+00:00,491.47,493.29,480.84,492.01,3192751.0,93557.0,487.949548,533.7563333333334,36.262664417726825,-6.223198426755516,0.6667049588312228,-6.889903385586739
2022-09-02 04:00:00+00:00,518.0,519.81,498.3,500.22,4042403.0,102997.0,506.426595,533.3463333333333,40.15598431393592,-7.369271014546712,-0.9404902358443642,-6.428780778702348
2022-09-06 04:00:00+00:00,498.53,504.0,490.37,498.2,2473474.0,72718.0,498.206597,532.8493333333333,39.516401957749395,-8.344350437864023,-2.421262276248296,-5.923088161615727
2022-09-07 04:00:00+00:00,502.91,509.43,499.08,505.13,2043750.0,49080.0,504.371258,532.6506666666667,42.87778340613954,-8.460388727496024,-3.6290875664978417,-4.831301160998183
2022-09-08 04:00:00+00:00,502.6,512.74,498.695,511.93,2251963.0,46057.0,507.562662,532.122,46.04633989044819,-7.912437088575302,-4.485757470913334,-3.4266796176619687
2022-09-09 04:00:00+00:00,515.44,525.97,515.44,522.4,2301888.0,49634.0,521.54101,531.7483333333333,50.59084197904498,-6.557746350519778,-4.900155246834623,-1.6575911036851556
2022-09-12 04:00:00+00:00,526.75,531.26,524.56,529.06,1815798.0,52765.0,528.043899,531.5343333333333,53.28623733899439,-4.89036475972955,-4.898197149413608,0.007832389684057972
2022-09-13 04:00:00+00:00,513.84,518.27,501.68,503.65,3505274.0,79586.0,506.313065,530.4436666666667,43.529331017667865,-5.555289556008006,-5.029615630732488,-0.5256739252755178
2022-09-14 04:00:00+00:00,507.13,513.0,502.77,510.75,2059976.0,56197.0,508.560329,529.7616666666667,46.47826873733263,-5.4465521222547295,-5.113002929036936,-0.3335491932177934
2022-09-15 04:00:00+00:00,508.93,511.56,497.28,500.14,3654469.0,61600.0,501.428343,528.2083333333334,42.87506225555962,-6.145671772479204,-5.31953669772539,-0.8261350747538145
2022-09-16 04:00:00+00:00,497.72,503.69,489.86,502.5,5900675.0,67387.0,500.282647,526.5316666666666,43.91655251358175,-6.435116834364692,-5.542652725053251,-0.8924641093114412
2022-09-19 04:00:00+00:00,494.42,503.39,494.42,501.84,1794826.0,50498.0,500.418199,524.8783333333333,43.67672656548603,-6.641204938869123,-5.762363167816425,-0.8788417710526977
2022-09-20 04:00:00+00:00,496.0,498.83,489.72,493.06,1713164.0,58409.0,493.35412,523.1293333333333,40.507599172278,-7.427385591243137,-6.095367652501768,-1.3320179387413695
2022-09-21 04:00:00+00:00,490.99,499.88,481.77,482.14,2066059.0,57593.0,488.671755,521.4406666666667,36.91954673150485,-8.82980763408608,-6.642255648818631,-2.187551985267449
2022-09-22 04:00:00+00:00,482.43,483.21,473.0,477.61,2353997.0,69717.0,477.808545,519.014,35.51419665983906,-10.189314275811057,-7.351667374217117,-2.8376469015939403
2022-09-23 04:00:00+00:00,474.95,477.99,462.0,468.68,2964907.0,69945.0,469.413458,516.4556666666666,32.8588656540081,-11.850701937837016,-8.251474286941097,-3.5992276508959193
2022-09-26 04:00:00+00:00,468.98,473.3,461.31,462.26,1936095.0,53026.0,465.096649,513.2566666666667,31.06083124713936,-13.529444955802205,-9.30706842071332,-4.222376535088886
2022-09-27 04:00:00+00:00,469.55,469.89,456.51,464.75,1785161.0,53567.0,463.425907,510.11633333333333,32.60127593409895,-14.491885269526506,-10.344031790475958,-4.147853479050548
2022-09-28 04:00:00+00:00,461.34,468.75,456.35,465.96,2759522.0,61415.0,465.146901,507.26,33.380304558675846,-14.984260042164863,-11.272077440813739,-3.712182601351124
2022-09-29 04:00:00+00:00,460.9,461.37,444.88,450.13,3999662.0,88772.0,450.756613,504.3113333333333,28.705651569192995,-16.46205497751214,-12.310072948153419,-4.15198202935872
2022-09-30 04:00:00+00:00,449.06,457.8185,443.635,444.01,2719651.0,62528.0,447.375057,500.49666666666667,27.1241473030677,-17.92047488437953,-13.432153335398642,-4.488321548980888
2022-10-03 04:00:00+00:00,449.24,460.9536,446.965,456.78,2147893.0,50977.0,456.552515,497.44166666666666,35.152399849950825,-17.840200168855347,-14.313762702089983,-3.5264374667653637
2022-10-04 04:00:00+00:00,468.5,480.16,465.86,479.86,2727696.0,67406.0,476.829916,495.812,46.60203555422819,-15.732860147645738,-14.597582191201136,-1.135277956444602
2022-10-05 04:00:00+00:00,472.55,488.0861,471.46,484.8,1849324.0,50671.0,481.776812,494.31266666666664,48.69024256576794,-13.508444345870146,-14.37975462213494,0.8713102762647935
2022-10-06 04:00:00+00:00,483.79,489.7,478.715,479.5,1724942.0,41264.0,481.612994,492.6013333333333,46.58534128049265,-12.034518069882267,-13.910707311684405,1.8761892418021375
2022-10-07 04:00:00+00:00,472.38,473.34,459.02,460.48,2842546.0,65980.0,463.412761,489.61300000000006,39.91635271093413,-12.259851978212225,-13.580536244989968,1.320684266777743
2022-10-10 04:00:00+00:00,460.0,460.1,431.84,437.7,3345412.0,84409.0,439.68746,486.841,33.69476759040869,-14.113890202935522,-13.68720703657908,-0.4266831663564421
2022-10-11 04:00:00+00:00,435.2,438.7,425.58,430.76,2804109.0,68956.0,431.167537,484.0603333333333,32.0555239418556,-15.959260433668192,-14.141617715996903,-1.8176427176712888
2022-10-12 04:00:00+00:00,432.25,435.72,428.01,430.57,1503877.0,41755.0,431.889805,481.533,32.00961045804124,-17.238348102377017,-14.760963793272927,-2.4773843091040906
2022-10-13 04:00:00+00:00,417.42,443.77,415.0682,437.97,2786589.0,73980.0,433.880759,479.495,35.86271457456314,-17.453720514016368,-15.299515137421615,-2.154205376594753
2022-10-14 04:00:00+00:00,443.28,443.96,426.41,427.1,2280762.0,57627.0,430.008907,477.3313333333333,32.91216962374172,-18.29067929220662,-15.897747968378617,-2.3929313238280017
2022-10-17 04:00:00+00:00,439.55,441.24,433.39,435.37,2412009.0,51812.0,435.408205,475.16966666666667,37.14891627631682,-18.078260337316237,-16.333850442166142,-1.7444098951500955
2022-10-18 04:00:00+00:00,448.21,448.55,430.16,434.83,2034087.0,55655.0,436.80323,473.0573333333333,36.984674556815555,-17.748892092461176,-16.61685877222515,-1.132033320236026
2022-10-19 04:00:00+00:00,433.23,438.3,430.88,435.3,1270235.0,40214.0,434.668613,470.7296666666667,37.24473618391511,-17.25108059472626,-16.743703136725372,-0.5073774580008887
2022-10-20 04:00:00+00:00,435.13,442.19,428.14,430.3,2340319.0,60085.0,433.456575,468.00866666666667,35.563268258533995,-17.063324229324508,-16.807627355245202,-0.2556968740793053
2022-10-21 04:00:00+00:00,432.09,450.66,429.17,449.73,2697968.0,59042.0,443.972848,465.58633333333336,45.80295702354322,-15.171796316496,-16.48046114749536,1.308664830999362
2022-10-24 04:00:00+00:00,452.73,458.7899,451.11,456.52,2528533.0,56880.0,455.840064,463.1683333333333,48.86128940081263,-12.9752796176532,-15.77942484152693,2.8041452238737303
2022-10-25 04:00:00+00:00,457.99,464.26,456.83,460.07,1824609.0,50394.0,459.916898,461.71566666666666,50.436063083454464,-10.82330465852965,-14.788200804927476,3.964896146397825
2022-10-26 04:00:00+00:00,457.99,471.755,455.343,461.18,2928414.0,54751.0,462.973298,460.06333333333333,50.94472983999621,-8.925394879631938,-13.615639619868368,4.69024474023643
2022-10-27 04:00:00+00:00,466.05,470.77,454.9101,455.4,1851186.0,49983.0,458.213479,458.572,48.172336695663724,-7.797797247964127,-12.45207114548752,4.654273897523394
2022-10-28 04:00:00+00:00,456.96,474.34,455.645,472.9,2304435.0,57941.0,469.826646,457.5853333333333,55.9827398668032,-5.4294766277348,-11.047552241936978,5.618075614202178
2022-10-31 04:00:00+00:00,466.85,472.81,465.0101,470.12,1924717.0,50121.0,469.629038,456.528,54.57571210783836,-3.7338467785210696,-9.584811149253797,5.8509643707327275
2022-11-01 04:00:00+00:00,475.795,476.825,463.17,467.9,1632438.0,45314.0,467.796221,455.68933333333337,53.42105290458437,-2.539904910578514,-8.17582990151874,5.635924990940227
2022-11-02 04:00:00+00:00,470.28,480.45,455.72,456.03,2095655.0,54602.0,464.346993,454.8190000000001,47.619768964609676,-2.5224301717564117,-7.045149955566275,4.522719783809864
2022-11-03 04:00:00+00:00,450.94,452.8593,441.36,444.12,2388727.0,66654.0,446.058563,453.7026666666667,42.61875400948442,-3.4300789641692973,-6.32213575728688,2.8920567931175825
2022-11-04 04:00:00+00:00,456.86,468.89,453.28,465.3,2889044.0,62843.0,462.963189,453.59000000000003,52.22715008255985,-2.412537944388248,-5.5402161947071535,3.1276782503189056
2022-11-07 05:00:00+00:00,466.77,477.74,461.57,475.22,1768745.0,50193.0,472.308087,454.022,55.94780091877566,-0.7964868554500413,-4.591470326855731,3.79498347140569
2022-11-08 05:00:00+00:00,481.245,488.8,473.5,482.11,2073761.0,57005.0,481.740481,454.60066666666665,58.37277688867797,1.028356440503842,-3.4675049733838166,4.495861413887658
2022-11-09 05:00:00+00:00,478.5,479.0,469.03,469.47,2369509.0,54305.0,471.792817,454.7176666666667,52.6471000134084,1.4380387214876578,-2.486396234409522,3.92443495589718
2022-11-10 05:00:00+00:00,491.0,507.17,487.192,506.57,3396872.0,77081.0,501.587795,456.599,63.854054138458146,4.702171121443769,-1.048682763238864,5.750853884682632
2022-11-11 05:00:00+00:00,504.8,519.0,502.0,518.09,2672832.0,73676.0,513.97511,459.0683333333333,66.50490604606952,8.124928174156423,0.7860394242401936,7.338888749916229
2022-11-14 05:00:00+00:00,515.39,525.02,513.0,513.22,2160182.0,64013.0,517.805116,460.9496666666667,64.35619796683514,10.325493635123337,2.6939302664168223,7.631563368706514
2022-11-15 05:00:00+00:00,529.96,532.57,515.91,524.42,2329542.0,61963.0,525.144995,462.435,66.99708474131094,12.82536123405606,4.72021645994467,8.105144774111391
2022-11-16 05:00:00+00:00,516.72,518.54,510.28,511.73,2540504.0,57039.0,513.090089,463.33266666666674,61.44236718666395,13.625481304626646,6.5012694288810655,7.124211875745581
2022-11-17 05:00:00+00:00,505.0,512.7399,503.14,512.11,2038503.0,62845.0,509.985587,464.41966666666667,61.545183842162594,14.127393253881394,8.026494193881131,6.100899060000263
2022-11-18 05:00:00+00:00,516.87,517.73,511.0,515.16,1453871.0,48410.0,514.911938,466.2423333333333,62.411563598219345,14.602938020347324,9.34178295917437,5.261155061172953
2022-11-21 05:00:00+00:00,512.94,520.85,511.11,517.44,1862162.0,58881.0,517.409982,468.9003333333333,63.08117844976568,14.990980922617155,10.471622551862929,4.519358370754226
2022-11-22 05:00:00+00:00,522.97,530.28,519.01,530.05,1892298.0,50762.0,525.849464,472.21000000000004,66.62267827654384,16.13009167598966,11.603316376688277,4.526775299301384
2022-11-23 05:00:00+00:00,530.35,541.48,528.8,533.64,1396717.0,51709.0,534.988289,475.64566666666667,67.57627840752541,17.125120423777332,12.707677186106089,4.417443237671243
2022-11-25 05:00:00+00:00,530.69,534.58,529.48,529.91,745539.0,21302.0,531.41046,478.7103333333333,65.48292780089938,17.411993426473884,13.64854043417965,3.7634529922942352
2022-11-28 05:00:00+00:00,525.24,528.76,516.24,522.21,2351064.0,60869.0,521.9828,481.8806666666667,61.26384063274142,16.824079187259258,14.283648184795572,2.540431002463686
2022-11-29 05:00:00+00:00,523.0,525.85,514.83,521.39,1269585.0,40473.0,521.051952,484.748,60.814469528455106,16.10632211451548,14.648182970739553,1.4581391437759255
2022-11-30 05:00:00+00:00,524.11,551.66,517.83,551.03,4732225.0,83442.0,544.433916,488.6213333333333,69.51796817219348,17.72487344368193,15.263521065328028,2.461352378353901
2022-12-01 05:00:00+00:00,551.03,552.42,541.955,550.75,2300645.0,68177.0,549.380143,492.4696666666667,69.36123912473091,18.76864017230315,15.964544886723054,2.8040952855800967
2022-12-02 05:00:00+00:00,537.05,542.7,536.08,540.8,1931953.0,67250.0,539.649205,496.153,63.852174716406545,18.57878629675224,16.487393168728893,2.0913931280233484
2022-12-05 05:00:00+00:00,537.77,539.48,525.485,530.64,1854983.0,56457.0,531.631996,498.85,58.72324917213756,17.40783199201286,16.671480933385688,0.7363510586271715
2022-12-06 05:00:00+00:00,530.65,533.57,521.75,525.82,1965513.0,58635.0,526.491025,501.15999999999997,56.408349838043286,15.907536374430606,16.518692021594674,-0.6111556471640682
2022-12-07 05:00:00+00:00,519.6,524.9985,516.05,518.5,1652107.0,52488.0,519.887992,503.10766666666666,52.99186155866168,13.966877000262912,16.00832901732832,-2.04145201706541
2022-12-08 05:00:00+00:00,520.81,532.42,520.3848,531.08,2751431.0,74975.0,529.367133,505.43766666666664,57.730149955501815,13.290783450698314,15.46481990400232,-2.174036453304007
2022-12-09 05:00:00+00:00,550.94,552.64,541.0,544.72,3703009.0,92742.0,547.410015,508.415,62.18131111326164,13.697709775675321,15.11139787833692,-1.4136881026615988
2022-12-12 05:00:00+00:00,544.75,556.87,542.24,556.63,2341842.0,65824.0,551.399681,511.206,65.58872900661524,14.810512910336229,15.051220884736782,-0.24070797440055358
2022-12-13 05:00:00+00:00,575.82,581.84,565.03,571.04,4038191.0,98803.0,572.306704,514.57,69.20406919654019,16.663102113727746,15.373597130534975,1.2895049831927707
2022-12-14 05:00:00+00:00,568.55,585.65,567.73,574.44,3509924.0,98083.0,576.401123,518.1213333333333,70.00482388668715,18.195893060957815,15.938056316619543,2.257836744338272
2022-12-15 05:00:00+00:00,563.78,566.4876,557.7,558.0,3690333.0,86729.0,559.847011,521.5203333333333,61.65661320432429,17.877984053107184,16.326041863917073,1.551942189190111
2022-12-16 05:00:00+00:00,557.45,559.8,550.87,555.91,4945175.0,80731.0,555.432065,525.2466666666667,60.6661439903743,17.258448687376813,16.51252322860902,0.7459254587677933
2022-12-19 05:00:00+00:00,554.02,556.48,545.72,549.63,2509318.0,60568.0,549.008167,528.0576666666667,57.6683821652819,16.07541159243283,16.42510090137378,-0.3496893089409525
2022-12-20 05:00:00+00:00,545.17,549.0,540.915,544.02,3047755.0,62118.0,544.859835,530.351,55.05136411028143,14.517813736366293,16.043643468372284,-1.5258297320059917
2022-12-21 05:00:00+00:00,547.67,561.91,546.95,561.23,2560666.0,66898.0,559.339631,532.9883333333333,60.9116520953678,14.504905857837116,15.735895946265252,-1.2309900884281362
2022-12-22 05:00:00+00:00,553.35,554.94,547.2,553.09,2755413.0,61492.0,551.839487,535.7756666666667,57.11844105508703,13.68015004579479,15.32474676617116,-1.64459672037637
2022-12-23 05:00:00+00:00,550.0,553.6175,547.45,552.43,1376102.0,37484.0,551.247356,537.3043333333334,56.80953100000578,12.825425121308058,14.82488243719854,-1.9994573158904814
2022-12-27 05:00:00+00:00,551.55,558.105,546.94,553.54,1667704.0,47706.0,554.300306,538.486,57.22849237342294,12.09815715914533,14.279537381587899,-2.1813802224425682
2022-12-28 05:00:00+00:00,551.64,557.77,542.45,544.89,1541156.0,46450.0,547.917001,539.5416666666666,52.920381764427994,10.700461095808237,13.563722124431967,-2.8632610286237306
2022-12-29 05:00:00+00:00,551.85,562.6,550.5006,557.81,1817606.0,47832.0,558.367787,540.6546666666667,58.00546855410346,10.514112771588998,12.953800253863374,-2.439687482274376
2022-12-30 05:00:00+00:00,551.82,559.65,548.01,559.13,1436932.0,41057.0,555.852383,542.2346666666666,58.49866911533848,10.353593568607153,12.433758916812131,-2.0801653482049787
2023-01-03 05:00:00+00:00,565.0,567.57,550.79,553.48,2014854.0,56893.0,555.132658,543.6136666666666,55.49439770851077,9.659128739278344,11.878832881305375,-2.2197041420270303
2023-01-04 05:00:00+00:00,562.99,568.16,556.03,560.24,1707340.0,50227.0,560.698925,545.1163333333334,58.25665039930609,9.544216081094419,11.411909521263183,-1.8676934401687646
2023-01-05 05:00:00+00:00,555.71,559.84,551.12,555.02,1624461.0,45561.0,555.621563,546.369,55.397435028680434,8.92900854455604,10.915329325921755,-1.9863207813657144
2023-01-06 05:00:00+00:00,563.12,591.0,562.305,588.43,3526760.0,88226.0,583.831874,548.315,66.67202860456797,11.010438439922837,10.934351148721973,0.07608729120086366
2023-01-09 05:00:00+00:00,592.3,601.675,589.32,592.4122,1513971.0,56639.0,596.439807,550.2740733333334,67.71943089537592,12.83338165207715,11.31415724939301,1.5192244026841415
