timestamp,open,high,low,close,volume,trade_count,vwap,30sma,rsi,macd,signal,histogram
2022-01-03 05:00:00+00:00,58.27,58.37,57.75,58.31,3314956.0,33902.0,58.038062,,,,,
2022-01-04 05:00:00+00:00,57.16,57.7,57.07,57.27,4644813.0,46787.0,57.385176,,,,,
2022-01-05 05:00:00+00:00,57.24,57.73,56.85,56.88,4796402.0,36316.0,57.272983,,,,,
2022-01-06 05:00:00+00:00,56.81,57.04,56.105,56.67,6187673.0,47862.0,56.620399,,,,,
2022-01-07 05:00:00+00:00,56.65,57.55,56.53,57.48,4592047.0,42254.0,57.176802,,,,,
2022-01-10 05:00:00+00:00,56.76,57.915,56.47,57.88,5650066.0,44663.0,57.083454,,,,,
2022-01-11 05:00:00+00:00,57.14,58.11,57.115,58.1,4439149.0,38012.0,57.80236,,,,,
2022-01-12 05:00:00+00:00,58.09,58.46,58.04,58.4,3533230.0,34508.0,58.314166,,,,,
2022-01-13 05:00:00+00:00,58.68,58.69,58.06,58.1,3449875.0,34732.0,58.327812,,,,,
2022-01-14 05:00:00+00:00,58.2,58.985,58.17,58.85,5009392.0,44686.0,58.655127,,,,,
2022-01-18 05:00:00+00:00,59.34,59.975,58.994,59.84,5889874.0,51990.0,59.512367,,,,,
2022-01-19 05:00:00+00:00,59.601,59.845,59.415,59.48,3558425.0,34592.0,59.610623,,,,,
2022-01-20 05:00:00+00:00,60.2,60.62,59.8401,60.17,6150333.0,53675.0,60.217676,,,,,
2022-01-21 05:00:00+00:00,59.84,60.27,59.015,59.1,5847562.0,58614.0,59.453941,,,,,
2022-01-24 05:00:00+00:00,57.73,57.77,55.5,56.97,10275182.0,84366.0,56.49743,,43.06418219461697,,,
2022-01-25 05:00:00+00:00,56.5,58.125,56.44,57.85,6133722.0,62271.0,57.373957,,48.150833937635966,,,
2022-01-26 05:00:00+00:00,57.7,58.23,56.81,57.12,4432632.0,48184.0,57.490086,,44.59184411451714,,,
2022-01-27 05:00:00+00:00,58.02,60.17,57.93,59.52,10075208.0,99470.0,59.443762,,56.084362128252764,,,
2022-01-28 05:00:00+00:00,58.85,59.335,58.55,59.3,5028922.0,45484.0,58.903212,,54.95904025710239,,,
2022-01-31 05:00:00+00:00,58.02,58.395,57.81,58.21,6682052.0,52158.0,58.105334,,49.644180367164886,,,
2022-02-01 05:00:00+00:00,57.35,58.0,57.22,57.68,13707747.0,95360.0,57.632646,,47.25140745119083,,,
2022-02-02 05:00:00+00:00,57.69,59.15,57.51,59.01,9496067.0,68975.0,58.336069,,53.3303512271508,,,
2022-02-03 05:00:00+00:00,57.58,58.02,57.09,57.33,6970884.0,55194.0,57.39245,,46.10286188231498,,,
2022-02-04 05:00:00+00:00,56.3,56.66,55.65,55.72,10582590.0,65118.0,56.110044,,40.44583663248549,,,
2022-02-07 05:00:00+00:00,56.19,56.76,56.02,56.68,7803020.0,57197.0,56.511595,,44.795584538700766,,,
2022-02-08 05:00:00+00:00,56.55,56.685,56.115,56.65,7618866.0,50966.0,56.454901,,44.6857457651002,-0.5100149073952096,,
2022-02-09 05:00:00+00:00,56.99,57.495,56.87,57.2,5464907.0,54900.0,57.137906,,47.239928475944694,-0.49711758874707357,,
2022-02-10 05:00:00+00:00,58.16,60.1702,58.09,58.6,14337629.0,132641.0,59.007588,,53.167929715822275,-0.3696667825270623,,
2022-02-11 05:00:00+00:00,58.08,58.56,57.72,58.04,8690554.0,83293.0,58.23699,,50.71338911731297,-0.31027180007517785,,
2022-02-14 05:00:00+00:00,57.29,57.68,56.665,57.54,6311466.0,54733.0,57.215867,57.998333333333335,48.55789433273173,-0.30008744858068326,,
2022-02-15 05:00:00+00:00,59.61,60.445,59.49,60.3,8165763.0,76028.0,60.012461,58.06466666666667,58.93392598921764,-0.06851751565957898,,
2022-02-16 05:00:00+00:00,60.47,61.27,60.44,60.84,7413668.0,69811.0,60.946368,58.18366666666667,60.60805653317689,0.15676966843142992,,
2022-02-17 05:00:00+00:00,61.02,61.26,60.44,60.99,7822112.0,69642.0,60.955569,58.32066666666666,61.08266060398814,0.34345598453200665,,
2022-02-18 05:00:00+00:00,60.37,60.63,59.56,59.86,34685949.0,88125.0,59.905826,58.427,55.64374556369568,0.3956637138469077,-0.1288651862416046,0.5245289000885123
2022-02-22 05:00:00+00:00,61.82,61.91,60.55,60.81,9539381.0,82309.0,61.131962,58.538000000000004,58.952826795656556,0.5078416930668723,-0.0015238103799092018,0.5093655034467816
2022-02-23 05:00:00+00:00,61.68,61.68,60.43,60.54,8515043.0,73502.0,60.779357,58.626666666666665,57.63676286792217,0.5684045919649492,0.11246187008906249,0.4559427218758867
2022-02-24 05:00:00+00:00,57.74,58.24,57.05,58.11,9427153.0,95697.0,57.635112,58.627,47.38418727390969,0.41553045757495966,0.17307558758624192,0.24245486998871774
2022-02-25 05:00:00+00:00,59.31,60.655,59.22,60.59,5822656.0,60587.0,60.247927,58.7,55.98872329087169,0.48885664336541623,0.23623179874207678,0.25262484462333945
2022-02-28 05:00:00+00:00,60.82,61.015,60.11,60.88,6915114.0,56908.0,60.696392,58.792666666666676,56.87680535861541,0.5638688214819751,0.30175920329005645,0.2621096181919187
2022-03-01 05:00:00+00:00,62.22,62.64,60.9,61.34,7769305.0,68561.0,61.582982,58.87566666666667,58.313706637843126,0.6529083476817732,0.37198903216839985,0.28091931551337335
2022-03-02 05:00:00+00:00,61.91,62.485,61.49,62.0,6922050.0,59093.0,62.076464,58.94766666666667,60.354864966561074,0.7678776819103064,0.4511667621167812,0.31671091979352517
2022-03-03 05:00:00+00:00,60.25,60.79,59.2,60.07,6167023.0,60610.0,60.046528,58.967333333333336,52.29156028682318,0.6952425143467948,0.4999819125627839,0.19526060178401095
2022-03-04 05:00:00+00:00,57.93,58.58,57.12,57.47,8920638.0,68977.0,57.649737,58.87733333333333,43.80183209314175,0.423004220508183,0.48458637415186373,-0.06158215364368075
2022-03-07 05:00:00+00:00,57.205,57.47,56.39,56.5,9219942.0,70240.0,56.762878,58.79066666666667,41.11961285998793,0.12751263165447568,0.41317162565238613,-0.28565899399791045
2022-03-08 05:00:00+00:00,56.91,58.47,56.36,57.69,9718180.0,83456.0,57.520826,58.81466666666667,45.526643246135876,-0.010522232907888451,0.3284328539403312,-0.3389550868482197
2022-03-09 05:00:00+00:00,58.7,60.595,58.48,60.43,8920987.0,73857.0,59.923046,58.90066666666667,54.05394946304862,0.10002620349377622,0.28275152385102026,-0.18272532035724404
2022-03-10 05:00:00+00:00,59.95,61.005,59.83,60.9,6443841.0,60183.0,60.641452,59.026666666666664,55.345250086288544,0.22299120405354955,0.27079945989152615,-0.0478082558379766
2022-03-11 05:00:00+00:00,60.55,60.8954,60.235,60.3,6108020.0,53717.0,60.546823,59.05266666666667,53.286359349147155,0.2689268460413672,0.27042493712149435,-0.0014980910801271619
2022-03-14 04:00:00+00:00,61.57,61.57,60.27,60.39,8986763.0,68821.0,60.923491,59.089000000000006,53.56540199299568,0.3090311029145454,0.2781461702801046,0.03088493263444081
2022-03-15 04:00:00+00:00,60.86,61.585,60.53,61.37,5726565.0,53068.0,61.100988,59.19433333333333,56.60512201256951,0.4151067331950742,0.3055382828630985,0.10956845033197571
2022-03-16 04:00:00+00:00,61.9,62.0,61.105,61.96,6622613.0,55732.0,61.702377,59.336999999999996,58.371927795686034,0.5405493867402811,0.352540503638535,0.18800888310174607
2022-03-17 04:00:00+00:00,62.11,63.905,62.061,63.67,8468775.0,68199.0,63.10573,59.492333333333335,63.065575210332845,0.7690808174467492,0.4358485664001779,0.3332322510465713
2022-03-18 04:00:00+00:00,62.84,63.425,62.55,63.23,6889829.0,52801.0,63.091857,59.689,61.15485817335064,0.9042654903085463,0.5295319511818516,0.3747335391266947
2022-03-21 04:00:00+00:00,63.21,64.125,63.21,63.48,4530399.0,42105.0,63.580625,59.94766666666667,61.8618839799858,1.0198174079032967,0.6275890425261407,0.392228365377156
2022-03-22 04:00:00+00:00,63.55,63.81,63.165,63.66,4120837.0,40077.0,63.507585,60.18033333333333,62.39263235125065,1.1130866606296337,0.7246885661468393,0.3883980944827944
2022-03-23 04:00:00+00:00,63.34,64.51,63.335,64.32,7386183.0,57735.0,64.148218,60.43600000000001,64.35159284533006,1.2261256858638916,0.8249759900902498,0.4011496957736418
2022-03-24 04:00:00+00:00,64.3,66.06,64.03,66.02,15064259.0,90382.0,65.21418,60.730000000000004,68.85218806933489,1.436328618046133,0.9472465156814265,0.4890821023647065
2022-03-25 04:00:00+00:00,64.98,65.735,64.865,65.13,9361602.0,75289.0,65.300619,60.94766666666666,64.27697795162646,1.5136519567296958,1.0605276038910803,0.4531243528386155
2022-03-28 04:00:00+00:00,65.13,65.59,64.715,65.38,12297502.0,93001.0,65.236846,61.19233333333333,64.98091333884778,1.5769263450802953,1.1638073521289234,0.4131189929513719
2022-03-29 04:00:00+00:00,66.05,66.6,65.49,65.95,4773282.0,45843.0,66.016921,61.47266666666666,66.59708861274632,1.653999710938109,1.2618458238907606,0.39215388704734844
2022-03-30 04:00:00+00:00,66.23,67.22,66.19,67.12,6803700.0,60734.0,66.928179,61.7,69.68933956453544,1.788869160417157,1.36725049119604,0.421618669221117
2022-03-31 04:00:00+00:00,67.28,67.55,66.27,66.34,6101110.0,53983.0,66.786415,61.88333333333333,65.3461963712334,1.8119279124544008,1.4561859754477122,0.35574193700668855
2022-04-01 04:00:00+00:00,65.73,66.885,65.67,66.81,3803894.0,44601.0,66.452283,62.077333333333335,66.69316983710198,1.8468380126265487,1.5343163828834796,0.3125216297430691
2022-04-04 04:00:00+00:00,66.45,66.91,66.37,66.67,4058540.0,42671.0,66.641796,62.30433333333333,65.8718303124034,1.8419745525035651,1.5958480168074969,0.24612653569606824
2022-04-05 04:00:00+00:00,66.93,68.13,66.91,67.05,6937586.0,52919.0,67.443714,62.51233333333333,67.05769619770658,1.8474863765952065,1.646175688765039,0.2013106878301676
2022-04-06 04:00:00+00:00,68.0,69.275,67.79,69.08,5328906.0,52573.0,68.671445,62.797000000000004,72.54586507343946,1.9926881034294581,1.715478171697923,0.2772099317315351
2022-04-07 04:00:00+00:00,69.31,71.14,69.3,71.01,7953372.0,67236.0,70.360194,63.227,76.54648578067702,2.237701557747698,1.8199228489078783,0.41777870883981993
2022-04-08 04:00:00+00:00,70.62,71.7,70.62,71.15,8811208.0,68261.0,71.168638,63.57899999999999,76.81046339225695,2.415330884546904,1.9390044560356836,0.47632642851122053
2022-04-11 04:00:00+00:00,70.99,71.28,70.16,70.63,7346358.0,62938.0,70.800204,63.903999999999996,73.50132938405497,2.485492540762266,2.048302072981,0.4371904677812659
2022-04-12 04:00:00+00:00,68.99,69.29,68.02,68.61,7385618.0,73322.0,68.732838,64.14633333333333,62.27713227103307,2.350998196876745,2.108841297760149,0.24215689911659588
2022-04-13 04:00:00+00:00,68.58,69.158,68.41,68.97,6261142.0,55324.0,68.826128,64.37866666666666,63.35125765816154,2.2475510819023015,2.1365832545885795,0.11096782731372201
2022-04-14 04:00:00+00:00,69.07,69.39,68.78,69.05,3935700.0,44107.0,69.019931,64.67800000000001,63.59930360930532,2.147271421088689,2.1387208878886015,0.008550533200087695
2022-04-18 04:00:00+00:00,69.0,69.135,68.46,68.61,3067846.0,33908.0,68.795718,65.04933333333334,61.14796965439594,2.009134690581277,2.112803648427137,-0.10366895784585983
2022-04-19 04:00:00+00:00,68.57,69.02,67.61,68.28,6087409.0,53085.0,68.288416,65.442,59.30183159947472,1.8516869992654392,2.0605803185947975,-0.20889331932935828
2022-04-20 04:00:00+00:00,68.26,69.19,67.96,68.85,6156143.0,47483.0,68.691754,65.814,61.46590928939083,1.752698785279918,1.9990040119318218,-0.24630522665190369
2022-04-21 04:00:00+00:00,68.92,69.09,67.365,67.39,9239241.0,57928.0,68.2272,66.04599999999999,53.60352894849613,1.53870290497467,1.9069437905403916,-0.36824088556572154
2022-04-22 04:00:00+00:00,66.8,66.8809,65.8029,65.86,8457195.0,71705.0,66.226072,66.21133333333333,46.841544016310756,1.2314559571004935,1.7718462238524122,-0.5403902667519187
2022-04-25 04:00:00+00:00,64.97,66.04,64.81,65.96,7076360.0,66205.0,65.511399,66.4,47.3093946875962,0.9846789357506225,1.6144127662320544,-0.6297338304814319
2022-04-26 04:00:00+00:00,65.94,66.2867,64.99,65.06,8773343.0,70356.0,65.536665,66.55566666666667,43.590972879242535,0.7083188314366282,1.4331939792729693,-0.7248751478363411
2022-04-27 04:00:00+00:00,66.32,66.71,65.675,66.19,8929534.0,78151.0,66.19131,66.71633333333334,49.00994999946527,0.5738678228551493,1.2613287479894055,-0.6874609251342563
2022-04-28 04:00:00+00:00,65.71,67.22,65.46,67.22,8864089.0,77854.0,66.41549,66.89166666666667,53.403961301557864,0.5441541514838519,1.117893828688295,-0.573739677204443
2022-04-29 04:00:00+00:00,66.23,67.8,66.13,66.4,10742487.0,87374.0,67.066873,66.98266666666667,49.7298351603655,0.44925991720167247,0.9841670463909705,-0.5349071291892981
2022-05-02 04:00:00+00:00,65.96,66.52,65.62,66.43,5538533.0,60294.0,66.1379,67.08933333333333,49.865731374914176,0.3721859739070794,0.8617708318941923,-0.48958485798711293
2022-05-03 04:00:00+00:00,66.49,67.272,66.49,67.17,7215667.0,63743.0,66.980895,67.21233333333333,53.22472044197989,0.366590309230034,0.7627347273613607,-0.3961444181313267
2022-05-04 04:00:00+00:00,66.61,66.95,65.44,66.75,7960310.0,76041.0,66.279676,67.31533333333333,51.13080661547535,0.32452430061718474,0.6750926420125256,-0.3505683413953409
2022-05-05 04:00:00+00:00,65.74,66.0,64.43,64.95,7877617.0,71737.0,65.029766,67.33633333333333,43.2734749573032,0.1442785753436766,0.5689298286787559,-0.42465125333507925
2022-05-06 04:00:00+00:00,63.43,64.665,63.2,64.36,8584238.0,81953.0,64.07172,67.28099999999999,41.04690158458064,-0.04564931283748308,0.4460140003755081,-0.49166331321299117
2022-05-09 04:00:00+00:00,63.26,63.58,62.34,62.58,8032953.0,81532.0,62.90163,67.196,35.16777506117512,-0.3359272957391113,0.2896257411525842,-0.6255530368916955
2022-05-10 04:00:00+00:00,63.01,64.14,62.99,63.64,5962430.0,67141.0,63.646566,67.13799999999999,40.621948164920454,-0.4749664299698537,0.13670730692809663,-0.6116737368979503
2022-05-11 04:00:00+00:00,61.87,62.8,61.325,61.43,10353311.0,95111.0,62.088469,66.98733333333334,34.16796039553806,-0.7547837980427232,-0.04159091406606735,-0.7131928839766559
2022-05-12 04:00:00+00:00,60.51,61.63,60.34,61.45,8688673.0,83789.0,61.019104,66.79833333333333,34.269738686634824,-0.9638169633642804,-0.22603612392570996,-0.7377808394385704
2022-05-13 04:00:00+00:00,62.52,63.305,62.31,63.14,5744624.0,66782.0,62.983669,66.69166666666666,42.376687920052596,-0.9817909024240237,-0.37718707962537273,-0.604603822798651
2022-05-16 04:00:00+00:00,63.35,64.795,63.35,64.49,5546629.0,50991.0,64.256856,66.61433333333333,47.90416378924845,-0.8769922404061816,-0.47714811178153455,-0.3998441286246471
2022-05-17 04:00:00+00:00,65.54,65.82,65.19,65.66,6067163.0,61240.0,65.539986,66.58066666666667,52.185008715376405,-0.6915574796753106,-0.5200299853602898,-0.1715274943150208
2022-05-18 04:00:00+00:00,64.22,64.54,63.205,63.32,8626590.0,71349.0,63.746918,66.45633333333333,44.337798502944615,-0.7250595049753485,-0.5610358892833016,-0.16402361569204693
2022-05-19 04:00:00+00:00,63.33,64.79,63.15,64.54,6329243.0,61942.0,64.222688,66.305,48.671479404560294,-0.6457228067918948,-0.5779732727850203,-0.06774953400687445
2022-05-20 04:00:00+00:00,65.48,66.36,64.98,66.21,7055226.0,78797.0,65.774602,66.145,53.95605812696031,-0.4429863873399853,-0.5509758956960134,0.10798950835602805
2022-05-23 04:00:00+00:00,66.46,67.32,66.285,66.41,6415996.0,59027.0,66.789328,65.987,54.55944171207346,-0.26314461839801595,-0.4934096402364139,0.23026502183839798
2022-05-24 04:00:00+00:00,66.74,66.97,66.305,66.65,6037650.0,57114.0,66.59391,65.85433333333334,55.316165451623974,-0.10009884935917057,-0.4147474820609653,0.3146486327017947
2022-05-25 04:00:00+00:00,66.45,67.04,66.32,66.81,3787188.0,37524.0,66.654676,65.79433333333334,55.84409493328443,0.04154782267251278,-0.32348842111426973,0.3650362437867825
2022-05-26 04:00:00+00:00,66.73,67.17,66.5098,66.7,6182848.0,53198.0,66.843798,65.71866666666668,55.35983597785494,0.14327615178369513,-0.23013550653467676,0.37341165831837186
2022-05-27 04:00:00+00:00,66.8,67.4,66.63,67.4,5387089.0,50439.0,67.14017,65.66366666666667,57.86389646270352,0.27718551331770414,-0.1286713025642006,0.4058568158819047
2022-05-31 04:00:00+00:00,65.89,66.76,65.69,66.48,5245250.0,52410.0,66.28554,65.59266666666666,53.60770897004153,0.3055511326014084,-0.04182681553107879,0.34737794813248724
2022-06-01 04:00:00+00:00,66.52,66.69,65.495,66.12,5199147.0,51262.0,66.038603,65.52066666666667,51.996015315792896,0.29557489548635374,0.025653526672407723,0.269921368813946
2022-06-02 04:00:00+00:00,66.45,66.98,65.6075,66.97,3798641.0,40253.0,66.453059,65.45800000000001,55.405127432892776,0.35219664822542995,0.09096215098301218,0.26123449724241776
2022-06-03 04:00:00+00:00,66.12,66.66,65.53,65.7,5276305.0,47843.0,65.940957,65.40166666666667,49.72323684377771,0.29123424198709813,0.13101656918382937,0.16021767280326876
2022-06-06 04:00:00+00:00,64.22,64.72,63.33,63.52,10146062.0,74448.0,63.917559,65.32366666666667,41.79917165143632,0.06624963035322651,0.1180631814177088,-0.051813551064482294
2022-06-07 04:00:00+00:00,63.86,65.635,63.86,65.58,6023658.0,49237.0,65.015068,65.311,49.920773100738835,0.05355513827136349,0.10516157278843975,-0.05160643451707626
2022-06-08 04:00:00+00:00,64.62,65.38,64.59,64.72,4993099.0,45374.0,64.938319,65.29966666666667,46.97374927255212,-0.025604992428327478,0.07900825974508631,-0.10461325217341379
2022-06-09 04:00:00+00:00,64.18,64.32,62.66,62.7,5381474.0,48231.0,63.421701,65.18333333333334,40.87063707625199,-0.24847284420241067,0.01351203895558692,-0.2619848831579976
2022-06-10 04:00:00+00:00,61.29,62.135,61.14,61.79,6871886.0,64610.0,61.676066,65.00233333333334,38.447180033101056,-0.49284540221114526,-0.08775944927775953,-0.40508595293338573
2022-06-13 04:00:00+00:00,60.43,60.67,59.92,60.01,6873067.0,59619.0,60.20142,64.78933333333333,34.17809273400589,-0.8206832137312432,-0.23434420216845625,-0.5863390115627869
2022-06-14 04:00:00+00:00,58.43,59.78,58.41,59.26,14990133.0,101818.0,59.15571,64.55033333333333,32.538650833215186,-1.1280127445377985,-0.4130779106423247,-0.7149348338954739
2022-06-15 04:00:00+00:00,60.45,60.88,59.6,60.57,7527170.0,66940.0,60.337354,64.33033333333334,38.121816072915415,-1.2514417188787021,-0.5807506722896002,-0.670691046589102
2022-06-16 04:00:00+00:00,60.86,61.31,59.95,60.86,10909639.0,76094.0,60.746972,64.134,39.31907757661514,-1.310749984030359,-0.7267505346377521,-0.5839994493926068
2022-06-17 04:00:00+00:00,61.21,61.6,60.8009,61.09,8370968.0,59417.0,61.175627,64.00533333333334,40.305583489235985,-1.3239316734337336,-0.8461867623969485,-0.4777449110367852
2022-06-21 04:00:00+00:00,62.41,63.025,62.07,62.83,5566047.0,50865.0,62.711243,63.95433333333334,47.28739462252262,-1.1803682486251645,-0.9130230596425917,-0.26734518898257287
2022-06-22 04:00:00+00:00,62.93,64.15,62.91,63.55,5311942.0,44578.0,63.692669,63.986666666666665,49.89866370040038,-0.9970023944460848,-0.9298189266032904,-0.0671834678427945
2022-06-23 04:00:00+00:00,63.69,64.5272,63.515,64.45,4371339.0,40812.0,64.215711,64.01366666666667,53.030829414399285,-0.7701829657365948,-0.8978917344299513,0.12770876869335646
2022-06-24 04:00:00+00:00,66.46,66.93,65.75,66.905,5029472.0,46196.0,66.550265,64.19616666666667,60.31833610483211,-0.38785796642589077,-0.7958849808291393,0.4080270144032485
2022-06-27 04:00:00+00:00,66.26,67.07,65.86,66.51,4628043.0,43634.0,66.552755,64.36483333333334,58.739182925778884,-0.11540552575311125,-0.6597890898139337,0.5443835640608224
2022-06-28 04:00:00+00:00,66.45,66.61,65.575,65.93,7332468.0,53085.0,65.940122,64.45783333333334,56.40410592216446,0.05310172008171321,-0.5172109278348044,0.5703126479165176
2022-06-29 04:00:00+00:00,66.6,67.545,66.54,67.02,5854475.0,52933.0,67.064212,64.54216666666667,59.65045443163059,0.2714694856778834,-0.35947484513226685,0.6309443308101503
2022-06-30 04:00:00+00:00,65.64,66.42,65.19,66.07,4725100.0,47514.0,65.865034,64.55583333333333,55.75368323318024,0.36367819677826674,-0.21484423675016012,0.5785224335284269
2022-07-01 04:00:00+00:00,64.1,65.97,64.065,65.95,8854507.0,59090.0,65.068954,64.6435,55.262589148833136,0.42220435850332194,-0.08743451769946373,0.5096388762027857
2022-07-05 04:00:00+00:00,64.73,65.53,64.57,65.51,9345026.0,55343.0,65.059479,64.67583333333333,53.40508470485289,0.4281470281340205,0.015681791467233114,0.41246523666678736
2022-07-06 04:00:00+00:00,66.12,66.64,65.6,66.49,7012220.0,55436.0,66.164642,64.68516666666667,56.88141635364126,0.5061004356437309,0.11376552030253267,0.3923349153411982
2022-07-07 04:00:00+00:00,66.77,67.07,66.375,66.92,6401032.0,55065.0,66.801758,64.70216666666667,58.349758494163645,0.5957095106368655,0.21015431836939924,0.38555519226746626
2022-07-08 04:00:00+00:00,66.0,67.24,65.94,66.98,6114944.0,52772.0,66.881102,64.71316666666667,58.56180498237872,0.6639136632880422,0.30090618735312785,0.3630074759349144
2022-07-11 04:00:00+00:00,66.13,67.545,66.13,66.74,7046476.0,54990.0,66.942484,64.71083333333334,57.30504854110913,0.6906386984046406,0.37885268956343043,0.3117860088412102
2022-07-12 04:00:00+00:00,67.19,67.495,66.6,66.72,6730592.0,62463.0,67.021716,64.7115,57.194895276651046,0.7021111481580533,0.44350438128235503,0.2586067668756983
2022-07-13 04:00:00+00:00,65.54,66.74,65.53,66.3,5687585.0,54522.0,66.247545,64.67483333333334,54.812109588125345,0.6695939945670375,0.4887223039392915,0.180871690627746
2022-07-14 04:00:00+00:00,64.49,65.1,64.11,65.08,5950636.0,53038.0,64.625446,64.62816666666667,48.49240650246866,0.5391649540661803,0.4988108339646693,0.04035412010151096
2022-07-15 04:00:00+00:00,65.47,67.39,65.47,67.36,8446113.0,57675.0,66.548924,64.6695,58.19355397500516,0.6127129712912591,0.5215912614299874,0.09112170986127177
2022-07-18 04:00:00+00:00,67.94,68.17,66.12,66.37,6644107.0,51018.0,67.409519,64.6495,53.48319285097595,0.5843792187320815,0.5341488528904063,0.050230365841675284
2022-07-19 04:00:00+00:00,67.85,68.39,67.43,68.16,5087948.0,50212.0,68.047786,64.73150000000001,59.816488073396926,0.6983128403027337,0.5669816503728717,0.13133118992986192
2022-07-20 04:00:00+00:00,66.88,66.98,65.58,65.79,4984117.0,48503.0,66.135847,64.80716666666667,50.09197267089463,0.5905592635811416,0.5716971730145257,0.01886209056661592
2022-07-21 04:00:00+00:00,63.9804,65.465,63.9,65.36,4274392.0,43295.0,64.986696,64.79983333333332,48.54977834245894,0.46510493123709296,0.5503787246590391,-0.08527379342194619
2022-07-22 04:00:00+00:00,65.17,65.74,65.0,65.25,3611777.0,34001.0,65.317022,64.8175,48.14145976971796,0.3527392300417489,0.510850825735581,-0.15811159569383215
2022-07-25 04:00:00+00:00,66.185,66.445,65.79,66.16,4260828.0,39269.0,66.058637,64.93283333333333,51.75627502739926,0.33327619656913043,0.47533589990229097,-0.14205970333316054
2022-07-26 04:00:00+00:00,66.57,67.295,66.38,66.72,4074921.0,40338.0,66.850251,65.09716666666667,53.88649883646171,0.35890172650860563,0.4520490652235539,-0.09314733871494829
2022-07-27 04:00:00+00:00,67.05,67.675,66.52,67.49,4035749.0,42297.0,67.082347,65.3465,56.71654612058849,0.43631316191408587,0.44890188456166036,-0.01258872264757449
2022-07-28 04:00:00+00:00,66.8,67.14,65.895,66.72,6242454.0,58807.0,66.579028,65.59516666666667,53.20041320836512,0.4305664157284639,0.4452347907950211,-0.014668375066557215
2022-07-29 04:00:00+00:00,66.97,67.28,65.78,66.23,6797487.0,58680.0,66.292576,65.78383333333333,51.03225817937957,0.38206892038955687,0.43260161671392827,-0.05053269632437141
2022-08-01 04:00:00+00:00,66.52,66.87,65.58,65.65,5773851.0,61635.0,66.146085,65.9435,48.512021677861384,0.29345043919366276,0.4047713812098752,-0.11132094201621245
2022-08-02 04:00:00+00:00,66.61,66.94,65.21,65.26,6483157.0,58502.0,65.925647,66.0825,46.83705047129095,0.18956472954793924,0.361730050877488,-0.17216532132954876
2022-08-03 04:00:00+00:00,65.55,65.6,64.7,65.32,7283399.0,62351.0,65.327193,66.1655,47.13943606098439,0.11079883475944996,0.3115438076538804,-0.20074497289443044
2022-08-04 04:00:00+00:00,66.06,66.29,65.3,66.29,5414624.0,55558.0,65.92959,66.25683333333333,51.902432959898945,0.12520391622419424,0.27427582936794315,-0.1490719131437489
2022-08-05 04:00:00+00:00,65.87,66.285,65.72,66.03,6336004.0,54692.0,66.011858,66.3095,50.58668996362363,0.11432238271395079,0.2422851400371447,-0.1279627573231939
2022-08-08 04:00:00+00:00,65.68,66.0,64.79,65.12,3490239.0,40456.0,65.383137,66.25,46.17464765255783,0.03190155295278885,0.20020842262027352,-0.16830686966748468
2022-08-09 04:00:00+00:00,65.92,66.425,65.765,65.89,4461793.0,40986.0,66.063522,66.22933333333334,50.13753026027801,0.028387779744434738,0.16584429404510578,-0.13745651430067105
2022-08-10 04:00:00+00:00,67.06,67.08,65.93,66.3,5665009.0,51434.0,66.455792,66.24166666666666,52.15737122261342,0.05801786877213999,0.14427900899051263,-0.08626114021837264
2022-08-11 04:00:00+00:00,65.05,65.05,64.26,64.65,7213843.0,60030.0,64.628092,66.16266666666667,44.36806696287251,-0.05105277793005314,0.10521265160639949,-0.15626542953645262
2022-08-12 04:00:00+00:00,64.71,67.19,64.69,66.64,11377796.0,96879.0,66.195676,66.18166666666667,53.405959309068905,0.022821248476262213,0.08873437098037204,-0.06591312250410983
2022-08-15 04:00:00+00:00,67.25,67.4,66.49,66.81,4700803.0,53569.0,66.844368,66.21033333333334,54.09209656478389,0.09400094154700867,0.08978768509369937,0.0042132564533092914
2022-08-16 04:00:00+00:00,66.54,67.14,66.1969,66.74,4434516.0,47382.0,66.73148,66.25133333333333,53.741165744596664,0.14311322595803233,0.10045279326656598,0.042660432691466355
2022-08-17 04:00:00+00:00,67.05,67.36,66.33,66.42,5334836.0,46345.0,66.737889,66.249,52.07784010422928,0.15443352598423132,0.11124893981009905,0.043184586174132275
2022-08-18 04:00:00+00:00,66.76,66.855,66.13,66.5,5266600.0,41416.0,66.382498,66.235,52.47386943171523,0.16792454707615434,0.12258406126331012,0.04534048581284422
2022-08-19 04:00:00+00:00,67.02,67.35,66.57,67.17,4732320.0,42024.0,67.056751,66.24133333333333,55.77051562605275,0.23002805879119137,0.14407286076888637,0.085955198022305
2022-08-22 04:00:00+00:00,67.5,68.2499,67.11,67.24,5561218.0,46470.0,67.574112,66.258,56.113033599587965,0.28164729949338607,0.17158774851378633,0.11005955097959974
2022-08-23 04:00:00+00:00,66.87,66.87,66.09,66.43,5899401.0,49297.0,66.51539,66.24833333333332,51.174512994740056,0.2542646840948919,0.18812313563000743,0.06614154846488446
2022-08-24 04:00:00+00:00,66.5,67.7,66.21,67.64,4115416.0,37851.0,67.282196,66.29299999999999,57.23010174785219,0.3264376813286134,0.21578604476972862,0.11065163655888477
2022-08-25 04:00:00+00:00,68.0,68.26,67.5,68.26,3590710.0,38810.0,67.913633,66.399,59.96971627672907,0.42872207880427027,0.258373251576637,0.17034882722763328
2022-08-26 04:00:00+00:00,68.1,68.26,66.31,66.32,4044816.0,40129.0,67.065962,66.36433333333333,49.32340787051287,0.34921587080026484,0.27654177542136255,0.07267409537890229
2022-08-29 04:00:00+00:00,66.32,66.33,65.535,65.83,2985113.0,32212.0,65.923313,66.34633333333333,47.05135607856721,0.24385669506150975,0.270004759349392,-0.026148064287882244
2022-08-30 04:00:00+00:00,65.58,65.63,63.27,63.38,11496780.0,70045.0,64.179131,66.187,37.700231267237754,-0.03691025681429494,0.20862175611665462,-0.24553201293094956
2022-08-31 04:00:00+00:00,62.72,63.31,62.1596,62.38,12678836.0,65381.0,62.470154,66.07333333333334,34.67135762806842,-0.3362358144740938,0.09965024199850496,-0.43588605647259876
2022-09-01 04:00:00+00:00,61.39,61.83,60.915,61.79,13059042.0,79754.0,61.404908,65.95433333333334,32.98743407502755,-0.6139839201679536,-0.043076590434786746,-0.5709073297331668
2022-09-02 04:00:00+00:00,61.29,61.815,60.42,60.69,11302542.0,68950.0,61.214816,65.80233333333334,30.05644319794399,-0.912345154883468,-0.216930303324523,-0.695414851558945
2022-09-06 04:00:00+00:00,60.79,61.26,60.24,60.41,10358133.0,71378.0,60.601166,65.61066666666666,29.341778395109074,-1.158043043565037,-0.40515285137262586,-0.7528901921924112
2022-09-07 04:00:00+00:00,59.06,60.04,58.37,59.82,12034775.0,85317.0,59.422938,65.38066666666667,27.83964938766111,-1.3844098447421658,-0.6010042500465338,-0.783405594695632
2022-09-08 04:00:00+00:00,59.54,60.64,59.27,60.32,7056835.0,57541.0,60.069357,65.14166666666667,31.06064895886591,-1.5060999613938435,-0.7820233923159958,-0.7240765690778477
2022-09-09 04:00:00+00:00,61.18,61.18,60.69,60.85,4434942.0,42328.0,60.937473,64.946,34.40310616733221,-1.5419984862759932,-0.9340184111079953,-0.6079800751679979
2022-09-12 04:00:00+00:00,61.65,62.18,61.5301,61.75,3634228.0,37636.0,61.833135,64.79666666666667,39.745540394612114,-1.4807566070665672,-1.0433660502997097,-0.43739055676685745
2022-09-13 04:00:00+00:00,60.39,60.51,58.86,58.99,6618602.0,60109.0,59.533404,64.57466666666667,31.321052469140326,-1.6360712987735155,-1.161907099994471,-0.4741641987790446
2022-09-14 04:00:00+00:00,59.08,59.41,58.475,58.72,5085536.0,43163.0,58.864953,64.35666666666667,30.63692096871746,-1.7606503729168708,-1.281655754578951,-0.4789946183379197
2022-09-15 04:00:00+00:00,58.61,58.66,57.94,58.14,6682169.0,65163.0,58.278066,64.11733333333333,29.16329022553508,-1.8844584751896818,-1.4022162987010973,-0.4822421764885845
2022-09-16 04:00:00+00:00,58.5,58.755,57.58,58.05,7018005.0,59686.0,58.150949,63.842666666666666,28.93074768440856,-1.967163302039431,-1.5152056993687641,-0.45195760267066687
2022-09-19 04:00:00+00:00,57.97,58.025,57.23,57.99,3630294.0,37515.0,57.766578,63.574666666666666,28.766068077254076,-2.0143290404312353,-1.6150303675812585,-0.3992986728499768
2022-09-20 04:00:00+00:00,57.32,57.64,56.88,57.4,4260700.0,41004.0,57.298834,63.31733333333333,27.13066060474523,-2.0753924646364226,-1.7071027869922915,-0.3682896776441311
2022-09-21 04:00:00+00:00,57.34,57.42,56.36,56.44,5936638.0,49487.0,56.938368,63.00233333333333,24.672745607131432,-2.1761641791603026,-1.8009150654258939,-0.3752491137344087
2022-09-22 04:00:00+00:00,56.16,56.55,55.79,56.31,7551328.0,63192.0,56.161153,62.669333333333334,24.351023785879008,-2.2406871557341645,-1.8888694834875481,-0.3518176722466164
2022-09-23 04:00:00+00:00,55.02,55.425,54.325,54.58,9624606.0,78563.0,54.73199,62.333666666666666,20.51692913253943,-2.4037101470016182,-1.9918376161903624,-0.41187253081125585
2022-09-26 04:00:00+00:00,53.75,54.01,52.65,53.02,9937519.0,81569.0,53.295742,61.87966666666667,17.79592418855148,-2.6284864490259565,-2.1191673827574813,-0.5093190662684752
2022-09-27 04:00:00+00:00,53.42,54.01,53.14,53.24,7848066.0,60211.0,53.503305,61.42733333333334,19.41897650055033,-2.757089119284039,-2.246751730062793,-0.5103373892212462
2022-09-28 04:00:00+00:00,53.26,54.935,53.235,54.69,7830619.0,60181.0,54.232865,61.025666666666666,29.32371241360562,-2.7107568624288874,-2.339552756536012,-0.37120410589287545
2022-09-29 04:00:00+00:00,54.74,55.04,54.12,54.91,6444656.0,57007.0,54.692179,60.642,30.715225487687732,-2.6260149875431793,-2.3968452027374454,-0.2291697848057339
2022-09-30 04:00:00+00:00,55.21,55.72,54.76,54.84,7534030.0,58010.0,55.211125,60.25333333333333,30.509396178279687,-2.5352797295837988,-2.424532108106716,-0.11074762147708261
2022-10-03 04:00:00+00:00,55.07,55.665,54.83,55.55,6069992.0,47684.0,55.290453,59.866,35.249029897228496,-2.378660598936598,-2.4153578062726924,0.03669720733609427
2022-10-04 04:00:00+00:00,56.34,57.115,56.12,57.04,7414654.0,57050.0,56.849523,59.525999999999996,43.8970552720767,-2.1099856606923595,-2.3542833771566256,0.24429771646426612
2022-10-05 04:00:00+00:00,56.05,56.91,55.985,56.73,9256957.0,65062.0,56.407465,59.20266666666667,42.62161340126391,-1.9001692770458263,-2.263460557134466,0.36329128008863965
2022-10-06 04:00:00+00:00,55.34,55.64,54.695,54.91,8910128.0,72635.0,55.164493,58.77833333333333,36.006972563701076,-1.8593140559319252,-2.182631256893958,0.32331720096203265
2022-10-07 04:00:00+00:00,55.76,56.2,55.21,55.4,8216228.0,57381.0,55.773056,58.349666666666664,38.7624907140696,-1.767027896302146,-2.0995105847755955,0.33248268847344953
2022-10-10 04:00:00+00:00,54.88,54.98,54.17,54.21,6221531.0,55616.0,54.491665,57.946000000000005,34.839006204932076,-1.7695156299676924,-2.033511593814015,0.26399596384632273
2022-10-11 04:00:00+00:00,54.3379,56.4,54.125,55.3,10175159.0,86591.0,55.387415,57.595,40.75436195087154,-1.6643477218142735,-1.9596788194140669,0.29533109759979337
2022-10-12 04:00:00+00:00,54.93,55.4511,54.71,55.07,6164567.0,53371.0,55.160586,57.318,39.93063103939395,-1.5813318653201236,-1.8840094285952782,0.3026775632751546
2022-10-13 04:00:00+00:00,54.18,55.98,53.985,55.53,6514533.0,64025.0,55.23769,57.08966666666666,42.436581724199065,-1.4615749194592311,-1.7995225267680688,0.33794760730883766
2022-10-14 04:00:00+00:00,56.21,56.4998,54.82,54.97,7464326.0,64117.0,55.279708,56.86233333333333,40.23594414067365,-1.3957644927082953,-1.7187709199561143,0.32300642724781903
2022-10-17 04:00:00+00:00,56.51,56.74,56.11,56.18,4686338.0,42053.0,56.377114,56.711999999999996,46.6710168878311,-1.2317732524594547,-1.6213713864567825,0.3895981339973278
2022-10-18 04:00:00+00:00,56.56,56.59,55.625,55.97,4477993.0,41902.0,55.972912,56.564,45.75030032664993,-1.1060049217521382,-1.5182980935158537,0.4122931717637155
2022-10-19 04:00:00+00:00,55.94,56.01,54.345,54.51,6241111.0,62628.0,54.780136,56.38699999999999,39.86240083667872,-1.1113316720896833,-1.4369048092306198,0.3255731371409365
2022-10-20 04:00:00+00:00,53.67,54.78,53.52,54.35,5798778.0,57432.0,54.19006,56.187999999999995,39.26600450880538,-1.115603836347418,-1.3726446146539797,0.2570407783065616
2022-10-21 04:00:00+00:00,53.99,55.065,53.78,54.97,4018152.0,39534.0,54.656895,55.992,42.835093653471816,-1.056778850095256,-1.309471461742235,0.252692611646979
2022-10-24 04:00:00+00:00,55.06,55.68,55.0,55.18,4493497.0,42753.0,55.277477,55.773,44.03474844056598,-0.9818956973324973,-1.2439563088602876,0.26206061152779037
2022-10-25 04:00:00+00:00,55.72,56.22,55.5,55.9,5842205.0,49562.0,55.813414,55.669999999999995,48.05942886091015,-0.8546009685601632,-1.1660852408002629,0.31148427224009967
2022-10-26 04:00:00+00:00,57.51,58.33,57.42,57.96,7607454.0,64675.0,57.959149,55.644666666666666,57.480858963063525,-0.5807991044956964,-1.0490280135393497,0.46822890904365333
2022-10-27 04:00:00+00:00,57.68,58.005,57.41,57.61,3482870.0,31514.0,57.654365,55.626999999999995,55.63440261063889,-0.38758340923725143,-0.9167390926789302,0.5291556834416787
2022-10-28 04:00:00+00:00,58.4,58.85,58.0,58.71,5160964.0,47953.0,58.541056,55.649,59.98499139065882,-0.1440373983169536,-0.7621987538065349,0.6181613554895813
2022-10-31 04:00:00+00:00,58.37,59.34,58.36,58.81,6112542.0,55566.0,58.886602,55.67633333333333,60.365502253110506,0.05639366321109662,-0.5984802704030087,0.6548739336141053
2022-11-01 04:00:00+00:00,59.9,60.02,58.96,59.85,5388931.0,53739.0,59.651683,55.758,64.18039997668328,0.29574684630901515,-0.41963484706060394,0.7153816933696191
2022-11-02 04:00:00+00:00,60.3,61.3,59.685,59.7,5931980.0,63539.0,60.337994,55.86666666666667,63.23501269978364,0.4679381225673893,-0.24212025313500535,0.7100583757023946
2022-11-03 04:00:00+00:00,58.92,60.085,58.855,59.93,4552261.0,43833.0,59.596086,55.98733333333334,64.10803596650157,0.6158607678117889,-0.07052404894564651,0.6863848167574353
2022-11-04 04:00:00+00:00,60.36,61.14,60.14,60.99,5391531.0,57180.0,60.669149,56.201,67.89215873425033,0.8092946264185201,0.10543968612718684,0.7038549402913333
2022-11-07 05:00:00+00:00,61.06,61.36,60.8,61.1,5171362.0,42200.0,61.076618,56.47033333333333,68.26606558034601,0.9603975683307056,0.2764312625678906,0.6839663057628149
2022-11-08 05:00:00+00:00,61.22,61.81,60.98,61.33,5077602.0,47578.0,61.395529,56.739999999999995,69.07694183207957,1.0861859408450414,0.43838219822332075,0.6478037426217207
2022-11-09 05:00:00+00:00,61.31,61.885,60.96,61.05,5569925.0,50435.0,61.35951,56.952000000000005,66.83786942665134,1.1500237148566015,0.5807105015499769,0.5693132133066245
2022-11-10 05:00:00+00:00,65.37,65.92,64.185,65.09,11616414.0,93103.0,64.932935,57.291333333333334,77.94582048953784,1.5092125837846737,0.7664109179969163,0.7428016657877574
2022-11-11 05:00:00+00:00,63.77,63.935,61.94,62.77,8524341.0,79412.0,62.865003,57.55566666666667,64.5701737305928,1.5883581354088463,0.9308003614793023,0.657557773929544
2022-11-14 05:00:00+00:00,63.96,64.52,63.54,63.91,5109609.0,45969.0,63.989222,57.83433333333333,67.5196456530906,1.7232059820043162,1.0892814855843052,0.633924496420011
2022-11-15 05:00:00+00:00,64.58,64.81,63.05,63.95,7658919.0,63826.0,64.148716,58.06466666666667,67.62149818198111,1.81240921244801,1.2339070309570461,0.5785021814909639
2022-11-16 05:00:00+00:00,64.12,64.3,63.47,63.8,3730546.0,40401.0,63.892367,58.300333333333334,66.77585631747863,1.8496777353033522,1.3570611718263073,0.49261656347704497
2022-11-17 05:00:00+00:00,63.39,64.2,63.25,64.06,6089670.0,45868.0,63.726252,58.605333333333334,67.5337368699613,1.8785385126367018,1.4613566399883862,0.41718187264831563
2022-11-18 05:00:00+00:00,65.21,65.285,64.555,65.07,6118459.0,45416.0,64.985944,58.92766666666667,70.36205206474084,1.960312187041609,1.561147749399031,0.39916443764257803
2022-11-21 05:00:00+00:00,65.51,65.74,65.13,65.43,4205614.0,39375.0,65.44238,59.30166666666666,71.32106471698842,2.030758089358372,1.6550698173908993,0.37568827196747256
2022-11-22 05:00:00+00:00,65.22,66.09,65.2,66.0,4170047.0,41263.0,65.721947,59.65833333333333,72.82065373391312,2.1082782910098743,1.7457115121146944,0.36256677889517985
2022-11-23 05:00:00+00:00,66.27,66.43,65.785,66.12,3323199.0,29422.0,66.116212,60.02666666666667,73.13908891279056,2.154560177876327,1.827481245267021,0.327078932609306
2022-11-25 05:00:00+00:00,65.93,66.34,65.72,66.17,1861259.0,15904.0,66.091595,60.38133333333334,73.27956390508298,2.1702561270978933,1.8960362216331956,0.27421990546469766
2022-11-28 05:00:00+00:00,66.25,66.895,66.155,66.21,2892177.0,31702.0,66.457986,60.756,73.3994155851219,2.1610121428458697,1.9490314058757305,0.2119807369701392
2022-11-29 05:00:00+00:00,66.35,66.455,65.88,66.08,3365047.0,32066.0,66.102379,61.086,72.26493711639853,2.1187724156644165,1.9829796078334678,0.13579280783094871
2022-11-30 05:00:00+00:00,67.34,67.985,66.39,67.97,5623831.0,50184.0,67.445694,61.486,77.66894558425756,2.212302288491877,2.02884414396515,0.18345814452672693
2022-12-01 05:00:00+00:00,68.5,68.8,68.28,68.34,3957869.0,40311.0,68.48365,61.947,78.55007021998999,2.2898849263083605,2.081052300433792,0.2088326258745683
2022-12-02 05:00:00+00:00,68.18,68.72,68.04,68.47,3559611.0,29280.0,68.406331,62.41766666666667,78.86560285909543,2.3349438599103465,2.131830612329103,0.2031132475812436
2022-12-05 05:00:00+00:00,68.6,68.97,68.29,68.42,4159490.0,38508.0,68.539425,62.866,78.38798642782396,2.339648792391557,2.173394248341594,0.1662545440499632
2022-12-06 05:00:00+00:00,68.09,69.17,67.81,68.56,7135082.0,56397.0,68.427476,63.312,78.77557440074708,2.3278404199208182,2.204283482657439,0.12355693726337913
2022-12-07 05:00:00+00:00,68.87,69.31,68.375,68.85,4364463.0,41758.0,68.824319,63.74366666666667,79.5920244714952,2.3151946532281187,2.226465716771575,0.08872893645654356
2022-12-08 05:00:00+00:00,68.94,69.465,68.83,69.17,2915604.0,33027.0,69.161836,64.11733333333333,80.48413399720386,2.304430082135795,2.242058589844419,0.06237149229137584
2022-12-09 05:00:00+00:00,69.72,70.0,69.42,69.55,4488660.0,40092.0,69.710886,64.51533333333333,81.5173717854759,2.300048380201517,2.253656547915839,0.046391832285678
2022-12-12 05:00:00+00:00,69.52,69.69,69.165,69.28,4146722.0,40478.0,69.357933,64.86766666666666,78.3435639447321,2.248865583754977,2.2526983550836666,-0.0038327713286894216
2022-12-13 05:00:00+00:00,70.24,70.71,69.38,69.58,5172173.0,52263.0,69.880987,65.22666666666666,79.30757926076097,2.207068628319604,2.243572409730854,-0.0365037814112501
2022-12-14 05:00:00+00:00,70.11,70.84,69.68,70.44,4326936.0,44494.0,70.421253,65.57966666666667,81.80762637472087,2.2177739352768384,2.238412714840051,-0.020638779563212584
2022-12-15 05:00:00+00:00,70.03,70.11,69.235,69.74,4669355.0,48623.0,69.679441,65.91433333333333,73.97338974431547,2.1450470511518773,2.2197395821024166,-0.0746925309505393
2022-12-16 05:00:00+00:00,67.96,68.26,67.655,67.94,6344944.0,49250.0,67.931422,66.18133333333334,58.46806792848747,1.9200325744026685,2.159798180562467,-0.23976560615979858
2022-12-19 05:00:00+00:00,67.89,67.9,67.185,67.47,3774871.0,36326.0,67.500104,66.39733333333332,55.213731840550935,1.6843655903467152,2.0647116625193167,-0.3803460721726015
2022-12-20 05:00:00+00:00,67.37,67.8,67.14,67.72,2486563.0,28258.0,67.562131,66.618,56.59756764275288,1.500474185854486,1.9518641671863506,-0.4513899813318645
2022-12-21 05:00:00+00:00,67.3,68.17,67.16,67.9,2855263.0,31927.0,67.804543,66.837,57.61308802395263,1.3536592770830111,1.8322231891656828,-0.4785639120826717
2022-12-22 05:00:00+00:00,67.87,68.09,67.44,68.08,2492860.0,27459.0,67.850108,67.07133333333333,58.654885866213355,1.2375660092183836,1.713291753176223,-0.4757257439578395
2022-12-23 05:00:00+00:00,67.59,67.99,67.46,67.98,2322742.0,25600.0,67.818643,67.16766666666666,57.80486758796328,1.1245292209002855,1.5955392467210356,-0.47101002582075013
2022-12-27 05:00:00+00:00,68.5,68.55,67.715,67.93,2088976.0,24623.0,67.916773,67.33966666666667,57.357290970977836,1.0191638828060547,1.4802641739380396,-0.4611002911319848
2022-12-28 05:00:00+00:00,67.84,68.28,67.51,67.56,2299473.0,24926.0,67.783483,67.46133333333333,54.02376220709525,0.8954826192529595,1.3633078630010236,-0.4678252437480641
2022-12-29 05:00:00+00:00,68.16,68.475,68.03,68.1,2578973.0,26507.0,68.215989,67.59966666666666,57.87201003743224,0.8314533373324053,1.2569369578673,-0.42548362053489464
2022-12-30 05:00:00+00:00,67.79,68.05,67.125,67.8,3598628.0,37352.0,67.525148,67.733,55.112137430910465,0.7478810698752056,1.1551257802688812,-0.4072447103936756
2023-01-03 05:00:00+00:00,68.65,69.43,68.6,69.33,3472372.0,37822.0,69.149536,67.90866666666666,64.42902913492634,0.7959326430084417,1.0832871528167933,-0.28735450980835164
2023-01-04 05:00:00+00:00,70.49,70.59,69.12,69.5,4932674.0,49226.0,69.687991,68.05633333333334,65.29106548105516,0.8380706830073166,1.0342438588548981,-0.19617317584758154
2023-01-05 05:00:00+00:00,69.16,70.3,68.893,69.81,5011101.0,52958.0,69.655356,68.20233333333333,66.86786589368313,0.8862634985846967,1.0046477868008579,-0.1183842882161612
2023-01-06 05:00:00+00:00,69.85,71.19,69.61,70.8,7341549.0,50753.0,70.6348,68.36233333333332,71.34494593858237,0.9928958925717097,1.0022974079550284,-0.009401515383318682
2023-01-09 05:00:00+00:00,71.05,71.66,70.72,70.865,5684909.0,41278.0,71.108132,68.52050000000001,71.61613973704993,1.0703099232729727,1.0158999110186173,0.05441001225435538
