timestamp,open,high,low,close,volume,trade_count,vwap,30sma,rsi,macd,signal,histogram
2022-01-03 05:00:00+00:00,24.1,25.065,24.1,25.04,4787845.0,38806.0,24.870656,,,,,
2022-01-04 05:00:00+00:00,25.38,25.94,25.3,25.59,7796482.0,61341.0,25.609525,,,,,
2022-01-05 05:00:00+00:00,26.01,26.21,25.6234,25.69,6140787.0,50138.0,25.913305,,,,,
2022-01-06 05:00:00+00:00,26.37,26.59,25.575,25.95,5830353.0,48147.0,25.965184,,,,,
2022-01-07 05:00:00+00:00,26.0,26.185,25.81,26.12,6908707.0,55760.0,26.050247,,,,,
2022-01-10 05:00:00+00:00,26.12,26.26,25.54,26.07,9933690.0,64164.0,25.889535,,,,,
2022-01-11 05:00:00+00:00,26.28,27.045,26.14,26.96,9988388.0,68940.0,26.817933,,,,,
2022-01-12 05:00:00+00:00,27.17,27.23,26.49,26.73,8291499.0,52285.0,26.706831,,,,,
2022-01-13 05:00:00+00:00,26.56,26.9999,26.18,26.27,9368137.0,70657.0,26.494979,,,,,
2022-01-14 05:00:00+00:00,26.17,27.55,26.04,27.46,12012044.0,86198.0,27.160243,,,,,
2022-01-18 05:00:00+00:00,27.765,27.84,26.505,26.8,10387989.0,69122.0,26.951437,,,,,
2022-01-19 05:00:00+00:00,27.11,27.18,26.235,26.29,10438951.0,76807.0,26.454847,,,,,
2022-01-20 05:00:00+00:00,27.3,27.88,26.61,26.72,12755363.0,86116.0,27.25667,,,,,
2022-01-21 05:00:00+00:00,26.5,27.66,26.3,27.24,15822928.0,96930.0,27.240565,,,,,
2022-01-24 05:00:00+00:00,26.68,27.11,25.515,27.07,11545165.0,85296.0,26.416513,,66.39741518578352,,,
2022-01-25 05:00:00+00:00,26.9532,28.155,25.88,27.93,13488541.0,97764.0,27.459332,,70.7707274889201,,,
2022-01-26 05:00:00+00:00,28.072,28.38,27.13,27.52,12741717.0,92985.0,27.643963,,66.33800731104685,,,
2022-01-27 05:00:00+00:00,28.248,28.4,26.67,27.3,11415086.0,92249.0,27.345361,,64.02081868705719,,,
2022-01-28 05:00:00+00:00,27.09,27.54,26.48,27.16,8078770.0,68969.0,27.008807,,62.52411254720087,,,
2022-01-31 05:00:00+00:00,26.517,27.78,26.51,27.44,11156218.0,76244.0,27.344402,,64.32069196056275,,,
2022-02-01 05:00:00+00:00,27.02,27.89,26.75,27.5,8545925.0,68234.0,27.474648,,64.7110926774275,,,
2022-02-02 05:00:00+00:00,27.185,27.46,26.68,26.87,9541736.0,74626.0,26.922045,,57.586079407279755,,,
2022-02-03 05:00:00+00:00,26.905,26.98,26.21,26.36,8905748.0,66864.0,26.417051,,52.54257285372811,,,
2022-02-04 05:00:00+00:00,26.34,26.94,26.25,26.59,7694576.0,56112.0,26.620391,,54.47886337091939,,,
2022-02-07 05:00:00+00:00,26.57,27.89,26.48,27.53,9525835.0,63232.0,27.520901,,61.40893595079115,,,
2022-02-08 05:00:00+00:00,27.53,27.65,26.76,27.36,5694448.0,52225.0,27.271125,,59.64056969147871,0.3088991211105956,,
2022-02-09 05:00:00+00:00,27.43,28.17,27.32,27.65,7111466.0,54414.0,27.787308,,61.66839886989599,0.3329869617812875,,
2022-02-10 05:00:00+00:00,27.45,28.26,27.22,27.44,6990611.0,57503.0,27.738458,,59.343183622362815,0.33131234165967527,,
2022-02-11 05:00:00+00:00,27.67,29.28,27.54,29.14,9638097.0,72349.0,28.874495,,69.40131950050663,0.46183721373921216,,
2022-02-14 05:00:00+00:00,28.8935,29.18,28.1502,28.54,6955674.0,61480.0,28.498745,26.944333333333336,63.436336170413526,0.5109739401406834,,
2022-02-15 05:00:00+00:00,27.8335,28.83,27.66,28.79,6198249.0,51083.0,28.605446,27.069333333333336,64.79411855665509,0.5635913304536224,,
2022-02-16 05:00:00+00:00,29.0,30.105,29.0,29.71,10085455.0,76064.0,29.705361,27.206666666666667,69.31061026896379,0.6717834017192743,,
2022-02-17 05:00:00+00:00,29.61,29.87,29.29,29.43,5374142.0,50742.0,29.522712,27.33133333333333,66.5138640395801,0.7265574358821745,,
2022-02-18 05:00:00+00:00,29.02,29.575,28.71,29.11,4826625.0,55199.0,29.105055,27.436666666666667,63.366895513495514,0.7356646428658458,0.5159562654835967,0.21970837738224902
2022-02-22 05:00:00+00:00,29.75,29.9699,28.4061,28.6,14716789.0,79740.0,28.862131,27.519333333333336,58.60763681589087,0.6937325156551495,0.5515115155179073,0.14222100013724215
2022-02-23 05:00:00+00:00,28.63,29.43,28.43,29.05,7211749.0,58864.0,29.05127,27.618666666666666,61.36494575661129,0.6888713616791904,0.5789834847501639,0.10988787692902646
2022-02-24 05:00:00+00:00,29.45,29.51,27.9,28.72,11866324.0,96109.0,28.521411,27.677333333333333,58.29800753062096,0.6508875930464129,0.5933643064094137,0.05752328663699913
2022-02-25 05:00:00+00:00,28.6,29.6,28.6,29.5,6759572.0,59594.0,29.317108,27.76966666666667,63.004514932471864,0.6759329299518271,0.6098780311178964,0.06605489883393068
2022-02-28 05:00:00+00:00,29.25,29.68,28.915,29.38,10566660.0,75018.0,29.28931,27.873333333333335,61.84803219754686,0.6782797559608902,0.6235583760864951,0.05472137987439507
2022-03-01 05:00:00+00:00,29.61,29.78,27.7165,28.34,11684066.0,90218.0,28.378181,27.90266666666667,52.80206221305726,0.5894257905154454,0.6167318589722852,-0.027306068456839805
2022-03-02 05:00:00+00:00,29.04,30.65,29.03,30.39,11267968.0,95766.0,29.951455,28.022333333333336,63.98425280843121,0.6766265208300943,0.6287107913438471,0.04791572948624723
2022-03-03 05:00:00+00:00,29.935,31.375,29.935,31.21,13181247.0,109552.0,30.936018,28.18633333333333,67.31956415876803,0.8026484432039069,0.6634983217158591,0.13915012148804784
2022-03-04 05:00:00+00:00,30.85,33.28,30.77,33.22,14003047.0,108773.0,32.467822,28.403,73.73929977290976,1.0525784571069927,0.7413143487940859,0.31126410831290685
2022-03-07 05:00:00+00:00,33.2,35.92,33.2,34.78,19105409.0,160326.0,34.896921,28.654333333333337,77.4429123796976,1.3608418189158833,0.8652198428184453,0.49562197609743797
2022-03-08 05:00:00+00:00,35.255,36.92,34.17,34.8,21693648.0,174944.0,35.383124,28.912,77.48675005597296,1.588445970544882,1.0098650683637327,0.5785809021811492
2022-03-09 05:00:00+00:00,33.9,34.82,32.735,33.81,21054015.0,174996.0,33.877428,29.108,70.2127945556287,1.6696920042081196,1.1418304555326102,0.5278615486755094
2022-03-10 05:00:00+00:00,33.94,36.9,33.93,36.74,12955084.0,121398.0,35.740156,29.41533333333333,77.07264026899864,1.9480506687111294,1.3030744981683142,0.6449761705428152
2022-03-11 05:00:00+00:00,36.05,38.41,36.05,37.64,15036958.0,127362.0,37.479536,29.759999999999998,78.6956198731738,2.21573280564413,1.4856061596634775,0.7301266459806526
2022-03-14 04:00:00+00:00,36.67,37.48,36.285,36.98,12488780.0,113150.0,36.815814,30.087333333333333,74.5291222998244,2.3475551886469788,1.657995965460178,0.6895592231868009
2022-03-15 04:00:00+00:00,35.47,36.28,34.48,34.87,14316883.0,122943.0,35.092182,30.334999999999997,63.03836355880555,2.2557629794481073,1.7775493682577639,0.47821361119034345
2022-03-16 04:00:00+00:00,34.71,34.97,32.58,33.65,20447944.0,133009.0,33.725443,30.54,57.51659817181488,2.0608173684866173,1.8342029683035346,0.22661440018308276
2022-03-17 04:00:00+00:00,34.25,35.21,33.92,34.98,15727374.0,117870.0,34.802865,30.810333333333332,61.47807809786237,1.9906939710838927,1.8655011688596064,0.1251928022242863
2022-03-18 04:00:00+00:00,34.68,35.55,34.6159,35.29,24585354.0,89517.0,35.202242,31.108,62.35911229860587,1.937797360912711,1.8799604072702274,0.057836953642483646
2022-03-21 04:00:00+00:00,36.01,37.13,35.885,36.22,19784584.0,110672.0,36.438468,31.429,64.94905685760492,1.9484590211955464,1.8936601300552913,0.054798891140255046
2022-03-22 04:00:00+00:00,36.16,36.96,35.895,36.54,16797887.0,110067.0,36.444677,31.729333333333333,65.82051755609142,1.9601345781556532,1.9069550196753637,0.053179558480289435
2022-03-23 04:00:00+00:00,36.955,38.085,36.71,37.59,15082215.0,94283.0,37.522297,32.07033333333333,68.58088005049713,2.0307050620628004,1.9317050281528512,0.09900003390994927
2022-03-24 04:00:00+00:00,37.48,39.78,37.42,38.29,13219227.0,98152.0,38.734507,32.425,70.30278728152199,2.1186938450434667,1.9691027915309745,0.14959105351249224
2022-03-25 04:00:00+00:00,37.93,38.74,37.93,38.72,11885197.0,86853.0,38.506929,32.801,71.34179740948902,2.19778826082554,2.0148398853898875,0.18294837543565245
2022-03-28 04:00:00+00:00,37.918,37.94,36.74,37.0,14077421.0,132529.0,37.097192,33.063,61.99794330944682,2.0975028229245893,2.0313724728968277,0.06613035002776169
2022-03-29 04:00:00+00:00,36.2,36.72,35.17,36.67,13405020.0,110677.0,36.404574,33.333999999999996,60.36439116298804,1.968703658495933,2.0188387100166487,-0.050135051520715734
2022-03-30 04:00:00+00:00,37.31,37.56,36.61,37.35,9134079.0,71499.0,37.189259,33.61933333333334,62.553877454567306,1.899602277151594,1.994991423443638,-0.09538914629204398
2022-03-31 04:00:00+00:00,37.05,37.77,36.0954,36.41,10982656.0,96931.0,36.662652,33.842666666666666,57.80060503360514,1.7488293740795129,1.9457590135708132,-0.19692963949130027
2022-04-01 04:00:00+00:00,36.7,37.2,36.11,36.42,8531194.0,79763.0,36.52055,34.07566666666666,57.837309897040626,1.6115704970392315,1.878921310264497,-0.26735081322526555
2022-04-04 04:00:00+00:00,36.69,36.79,35.795,36.43,8278728.0,74898.0,36.221195,34.31966666666666,57.87676687046215,1.4864637358590684,1.8004297953834114,-0.313966059524343
2022-04-05 04:00:00+00:00,36.4,37.3,35.34,35.52,12668542.0,86248.0,35.939661,34.550333333333334,53.014731654757455,1.2989132678591275,1.7001264898785546,-0.4012132220194271
2022-04-06 04:00:00+00:00,35.88,36.39,35.291,35.72,7833934.0,79108.0,35.876301,34.772666666666666,53.93073778805271,1.1531240035530885,1.5907259926134616,-0.43760198906037306
2022-04-07 04:00:00+00:00,35.68,36.22,35.08,36.12,8653966.0,81661.0,35.733108,35.01933333333333,55.787254378485876,1.057669463101874,1.4841146867111443,-0.4264452236092704
2022-04-08 04:00:00+00:00,36.31,37.595,36.28,37.52,11920715.0,81843.0,37.274819,35.28666666666666,61.61734514136138,1.082510840661726,1.4037939175012606,-0.3212830768395345
2022-04-11 04:00:00+00:00,36.72,37.18,36.395,36.47,7015408.0,69014.0,36.712241,35.523,55.68641218444809,1.0058764687708859,1.3242104277551858,-0.31833395898429995
2022-04-12 04:00:00+00:00,36.53,37.17,36.045,36.32,7996886.0,77665.0,36.383233,35.789,54.87382142101927,0.922406502545627,1.2438496427132741,-0.3214431401676472
2022-04-13 04:00:00+00:00,36.87,37.32,36.06,37.22,6829980.0,61562.0,36.895848,36.016666666666666,58.76208155818754,0.9182929221407079,1.178738298598761,-0.260445376458053
2022-04-14 04:00:00+00:00,36.82,37.64,36.77,37.29,6837025.0,51278.0,37.252814,36.21933333333334,59.05757005840118,0.9101892004885244,1.1250284789767138,-0.2148392784881894
2022-04-18 04:00:00+00:00,37.6,37.908,37.165,37.43,10096952.0,85514.0,37.4164,36.35966666666666,59.679842753078276,0.9046356954847994,1.080949922278331,-0.1763142267935316
2022-04-19 04:00:00+00:00,37.14,37.645,36.51,36.74,10238084.0,74317.0,36.954078,36.425,55.2248460943581,0.8349326850632508,1.031746474835315,-0.1968137897720641
2022-04-20 04:00:00+00:00,35.97,36.37,32.8,35.33,23374474.0,137521.0,34.429863,36.442666666666675,47.43277431114821,0.6583285294900989,0.9570628857662717,-0.29873435627617284
2022-04-21 04:00:00+00:00,35.55,35.65,32.28,32.91,19025001.0,135097.0,33.323815,36.41266666666666,37.62131980701502,0.31941269786452153,0.8295328481859218,-0.5101201503214002
2022-04-22 04:00:00+00:00,32.6,34.02,32.02,32.2,12885294.0,111913.0,32.778794,36.26133333333333,35.313393251592885,-0.006397856233746779,0.6623467073019881,-0.6687445635357349
2022-04-25 04:00:00+00:00,30.98,31.31,29.46,30.74,16583354.0,140235.0,30.372075,36.031333333333336,31.089774412160978,-0.3780568617952582,0.4542659934825389,-0.832322855277797
2022-04-26 04:00:00+00:00,31.12,32.63,31.02,31.35,17356496.0,133781.0,31.751834,35.843666666666664,34.60882931617623,-0.6162733833970577,0.24015811810661958,-0.8564315015036773
2022-04-27 04:00:00+00:00,31.46,31.95,30.872,31.28,9077506.0,79771.0,31.336289,35.724,34.39178422561042,-0.8014712463797053,0.0318322452093546,-0.8333034915890599
2022-04-28 04:00:00+00:00,31.5,32.4,30.86,31.97,11698000.0,93471.0,31.770801,35.668,38.486901959899164,-0.8823929766780196,-0.15101279916812027,-0.7313801775098994
2022-04-29 04:00:00+00:00,32.015,32.22,30.815,31.02,13280871.0,100620.0,31.376196,35.535999999999994,35.22673559434877,-1.011520908089203,-0.3231144209523368,-0.6884064871368661
2022-05-02 04:00:00+00:00,30.735,31.36,30.235,30.91,8665499.0,84975.0,30.796919,35.39,34.85853062221945,-1.1099371402992162,-0.4804789648217127,-0.6294581754775035
2022-05-03 04:00:00+00:00,30.73,31.695,30.6,31.5,9722747.0,87542.0,31.354189,35.23266666666667,38.56754993978354,-1.1273294915714729,-0.6098490701716648,-0.5174804213998081
2022-05-04 04:00:00+00:00,32.19,32.96,31.08,32.84,11763515.0,94946.0,32.225301,35.10933333333333,46.077074786029144,-1.0212143309833905,-0.6921221223340099,-0.3290922086493806
2022-05-05 04:00:00+00:00,32.92,33.11,31.22,32.02,9819111.0,86388.0,32.001558,34.92366666666667,42.641928785294354,-0.9918510076624258,-0.7520678993996932,-0.23978310826273264
2022-05-06 04:00:00+00:00,32.23,32.56,31.57,32.13,6863708.0,72664.0,31.892794,34.718333333333334,43.253104269548835,-0.9487674807566933,-0.7914078156710932,-0.15735966508560006
2022-05-09 04:00:00+00:00,31.65,31.65,29.9714,30.04,11961765.0,123282.0,30.665454,34.429,35.51080157759675,-1.0709240624601009,-0.8473110650288947,-0.2236129974312061
2022-05-10 04:00:00+00:00,30.36,31.48,30.09,30.82,8350222.0,87380.0,30.717827,34.223,39.83894187740264,-1.0922043009746218,-0.8962897122180402,-0.19591458875658163
2022-05-11 04:00:00+00:00,31.52,32.775,31.25,32.49,12936119.0,114424.0,32.391101,34.083666666666666,47.90107018577292,-0.9632107066372839,-0.909673911101889,-0.05353679553539492
2022-05-12 04:00:00+00:00,32.13,32.42,30.88,31.91,12883286.0,112044.0,31.520467,33.90233333333333,45.61475654922786,-0.8974383953286917,-0.9072268079472496,0.009788412618557896
2022-05-13 04:00:00+00:00,32.44,34.2,32.36,34.11,8992380.0,93171.0,33.804437,33.82566666666666,54.48823055925091,-0.6601815885162168,-0.8578177640610432,0.19763617554482638
2022-05-16 04:00:00+00:00,33.87,35.025,33.81,34.93,7902757.0,81287.0,34.770854,33.776,57.28567824911889,-0.4013600835945752,-0.7665262279677496,0.3651661443731744
2022-05-17 04:00:00+00:00,35.57,35.75,34.9,35.16,9396538.0,91083.0,35.274247,33.733666666666664,58.06428994212074,-0.1756582198115879,-0.6483526263365174,0.47269440652492944
2022-05-18 04:00:00+00:00,35.44,35.72,34.07,34.64,7089695.0,70694.0,34.726239,33.70433333333333,55.596789107446604,-0.03830595365896983,-0.5263432918010078,0.488037338142038
2022-05-19 04:00:00+00:00,33.89,35.57,33.78,34.97,7646585.0,80599.0,34.927585,33.67933333333333,56.85000030124598,0.09606754208634527,-0.4018611250235372,0.4979286671098825
2022-05-20 04:00:00+00:00,35.32,35.57,33.955,34.55,8870813.0,81488.0,34.576145,33.626999999999995,54.73272658187333,0.16674686163510444,-0.2881395276918089,0.45488638932691333
2022-05-23 04:00:00+00:00,35.0,36.0,34.76,35.72,8438442.0,82395.0,35.470853,33.567,59.282114849938296,0.3135554810919956,-0.167800525935048,0.4813560070270436
2022-05-24 04:00:00+00:00,35.21,36.415,35.1,36.28,7906979.0,71990.0,35.833411,33.56066666666667,61.28753924492002,0.46967556207854244,-0.04030530833232991,0.5099808704108724
2022-05-25 04:00:00+00:00,36.36,36.57,35.355,35.72,9097459.0,86200.0,35.736444,33.54066666666667,58.20056527989888,0.5419670721155398,0.07614916775724404,0.46581790435829584
2022-05-26 04:00:00+00:00,36.33,37.36,36.28,37.1,6634832.0,68544.0,36.938033,33.53666666666667,63.129124459364064,0.7025149267358017,0.2014223195529556,0.5010926071828461
2022-05-27 04:00:00+00:00,36.543,37.45,36.53,37.18,7543312.0,74821.0,37.056905,33.533,63.398552881411135,0.8266761811905852,0.32647309188048157,0.5002030893101036
2022-05-31 04:00:00+00:00,37.39,37.96,35.62,35.99,14349554.0,109619.0,36.454914,33.485,56.754926781762336,0.8196039311914518,0.42509925974267565,0.39450467144877616
2022-06-01 04:00:00+00:00,36.53,37.8,36.53,37.41,8270629.0,84522.0,37.303554,33.507333333333335,61.88733531101872,0.9179991321187231,0.5236792342178851,0.394319897900838
2022-06-02 04:00:00+00:00,37.4,37.48,36.7125,36.91,7633747.0,78175.0,37.081125,33.559999999999995,59.2221048777303,0.9447418207982778,0.6078917515339637,0.33685006926431416
2022-06-03 04:00:00+00:00,36.67,37.99,36.55,37.82,5721618.0,63973.0,37.559959,33.72366666666667,62.39620571450058,1.027520373800229,0.6918174759872168,0.3357028978130122
2022-06-06 04:00:00+00:00,38.0,38.19,37.53,37.68,6625590.0,63589.0,37.774925,33.906333333333336,61.601766979243195,1.0694976404108658,0.7673535088719466,0.30214413153891917
2022-06-07 04:00:00+00:00,37.44,37.93,37.25,37.66,6736482.0,59081.0,37.559056,34.13699999999999,61.48133767383361,1.0886023633632362,0.8316032797702047,0.2569990835930316
2022-06-08 04:00:00+00:00,37.88,38.655,37.405,37.49,7217659.0,75425.0,37.821867,34.34166666666667,60.400444545121914,1.0776034726465653,0.8808033183454769,0.19680015430108844
2022-06-09 04:00:00+00:00,37.05,37.26,36.03,36.08,8636751.0,87960.0,36.595373,34.501666666666665,52.20281570419708,0.9442270941916675,0.893488073514715,0.05073902067695246
2022-06-10 04:00:00+00:00,35.5,36.16,34.79,35.23,9397725.0,96203.0,35.280337,34.61033333333333,47.97561236175902,0.7611632410524578,0.8670231070222636,-0.10585986596980579
2022-06-13 04:00:00+00:00,34.3184,34.39,32.85,33.3,12744727.0,130001.0,33.396034,34.68633333333333,40.04616058883467,0.4551028063587381,0.7846390468895585,-0.3295362405308204
2022-06-14 04:00:00+00:00,34.24,34.5,32.52,32.93,9903041.0,103986.0,33.22826,34.75366666666666,38.72474242714159,0.18060984121284918,0.6638332057542168,-0.4832233645413676
2022-06-15 04:00:00+00:00,33.19,33.19,31.3,31.74,12681480.0,103305.0,32.084718,34.76166666666666,34.752831486045395,-0.1314357564508839,0.5047794133131966,-0.6362151697640805
2022-06-16 04:00:00+00:00,30.82,31.37,29.83,29.89,14659947.0,119469.0,30.218582,34.66333333333333,29.659677175905117,-0.521996429760641,0.2994242446984291,-0.8214206744590701
2022-06-17 04:00:00+00:00,29.925,30.2,28.85,29.97,28195832.0,131802.0,29.836469,34.595,30.136492241581834,-0.8156608156328318,0.07640723263217691,-0.8920680482650087
2022-06-21 04:00:00+00:00,30.52,31.22,30.21,30.48,10401806.0,76186.0,30.642185,34.54,33.24323823013928,-0.9957607097989865,-0.13802635585405576,-0.8577343539449307
2022-06-22 04:00:00+00:00,28.93,29.905,28.73,29.52,11003209.0,78127.0,29.461782,34.522666666666666,30.49433026959187,-1.2020981116693505,-0.35084070701711473,-0.8512574046522359
2022-06-23 04:00:00+00:00,29.58,29.8,28.08,28.66,11166944.0,92050.0,28.683115,34.45066666666666,28.24136516571774,-1.4186633340843713,-0.5644052324305661,-0.8542581016538052
2022-06-24 04:00:00+00:00,28.76,29.28,28.38,28.47,18356779.0,81926.0,28.608196,34.31666666666667,27.75350756375866,-1.5873265330239583,-0.7689894925492445,-0.8183370404747138
2022-06-27 04:00:00+00:00,29.175,29.65,28.8,29.44,6662860.0,64187.0,29.335349,34.23433333333333,34.01997362436039,-1.6240019563182315,-0.9399919853030421,-0.6840099710151895
2022-06-28 04:00:00+00:00,30.0,30.455,29.575,30.07,6493696.0,60571.0,29.996785,34.099666666666664,37.79389159622137,-1.5839727072602585,-1.0687881296944854,-0.5151845775657731
2022-06-29 04:00:00+00:00,30.23,30.53,29.25,29.63,8718233.0,81492.0,29.711953,33.922999999999995,36.23503740195182,-1.5696595040694241,-1.1689624045694733,-0.4006970994999508
2022-06-30 04:00:00+00:00,29.18,30.275,28.68,28.87,8586578.0,73754.0,29.173288,33.71333333333333,33.65305113866974,-1.601184379015983,-1.2554067994587754,-0.34577757955720756
2022-07-01 04:00:00+00:00,29.11,29.415,28.02,29.09,5440050.0,57161.0,28.816115,33.528333333333336,35.09482877666784,-1.5900863821334745,-1.3223427159937153,-0.2677436661397592
2022-07-05 04:00:00+00:00,28.09,28.79,27.34,28.2,10379005.0,102345.0,27.953819,33.30266666666667,32.0596254901795,-1.6342678787966598,-1.3847277485543044,-0.24954013024235544
2022-07-06 04:00:00+00:00,27.8,28.72,26.835,27.5,8647149.0,80530.0,27.439696,33.06766666666667,29.871395881232218,-1.7060993319795337,-1.4490020652393503,-0.2570972667401834
2022-07-07 04:00:00+00:00,28.42,29.135,28.3,28.47,6656376.0,57719.0,28.545971,32.826,36.354195575639416,-1.6655558912313033,-1.4923128304377409,-0.17324306079356244
2022-07-08 04:00:00+00:00,28.9,28.99,28.12,28.47,5640507.0,57218.0,28.46699,32.565666666666665,36.354195575639416,-1.6148103933091136,-1.5168123430120155,-0.09799805029709807
2022-07-11 04:00:00+00:00,27.89,28.45,27.81,28.2,5320094.0,54274.0,28.133747,32.315,35.30074850645103,-1.57818858846057,-1.5290875921017264,-0.049100996358843574
2022-07-12 04:00:00+00:00,27.36,27.67,26.95,27.49,7187823.0,68473.0,27.411199,31.994666666666664,32.62361783999668,-1.5881494127135838,-1.5408999562240981,-0.04724945648948564
2022-07-13 04:00:00+00:00,27.04,27.54,26.63,26.76,8540669.0,80037.0,26.917592,31.647333333333332,30.096363918045,-1.6360885267270469,-1.5599376703246879,-0.07615085640235897
2022-07-14 04:00:00+00:00,25.74,26.42,25.6,26.34,6392042.0,67073.0,26.110327,31.325666666666667,28.717944981015222,-1.6885070516466847,-1.5856515465890875,-0.10285550505759722
2022-07-15 04:00:00+00:00,26.64,26.88,26.02,26.68,7010423.0,60303.0,26.511111,30.968,31.454841009760074,-1.683210943801427,-1.6051634260315555,-0.07804751776987162
2022-07-18 04:00:00+00:00,27.485,27.59,27.03,27.16,6237546.0,57283.0,27.271334,30.642999999999997,35.235455601304764,-1.6215890821699404,-1.6084485572592326,-0.013140524910707718
2022-07-19 04:00:00+00:00,27.21,28.31,26.87,28.22,8768044.0,71252.0,27.930817,30.322999999999997,42.745531356966424,-1.4702717936305127,-1.5808132045334888,0.11054141090297609
2022-07-20 04:00:00+00:00,25.415,26.33,24.37,25.89,29797869.0,185507.0,25.572069,29.930000000000003,33.5390696074935,-1.5208320741921568,-1.5688169784652224,0.047984904273065565
2022-07-21 04:00:00+00:00,25.18,25.23,23.9323,24.92,17634127.0,128311.0,24.456033,29.505333333333333,30.585680447725096,-1.6204923273479466,-1.5791520482417674,-0.04134027910617921
2022-07-22 04:00:00+00:00,25.05,25.51,23.9,24.08,10249316.0,92428.0,24.384271,29.058333333333334,28.264528131407616,-1.7471151202495179,-1.6127446626433177,-0.13437045760620014
2022-07-25 04:00:00+00:00,24.42,24.52,23.91,24.4,8569635.0,76679.0,24.31531,28.669,30.430533564197802,-1.80088380277639,-1.6503724906699322,-0.15051131210645785
2022-07-26 04:00:00+00:00,24.8,24.91,24.13,24.3,12965162.0,94385.0,24.363121,28.304666666666666,30.1244225069221,-1.830464579083472,-1.6863909083526403,-0.14407367073083166
2022-07-27 04:00:00+00:00,24.48,25.14,23.905,25.06,11907923.0,77755.0,24.434043,28.029999999999998,35.439782808539476,-1.7721536251464762,-1.7035434517114076,-0.06861017343506859
2022-07-28 04:00:00+00:00,25.25,25.48,24.25,24.98,6618177.0,59086.0,24.826766,27.764999999999997,35.13679128747175,-1.7126546882995761,-1.7053656990290416,-0.007288989270534563
2022-07-29 04:00:00+00:00,25.4,25.74,24.855,25.69,12846927.0,72020.0,25.512794,27.563333333333333,40.036595756089234,-1.5898831031540084,-1.682269179854035,0.09238607670002663
2022-08-01 04:00:00+00:00,25.51,25.51,24.61,24.66,10619169.0,77570.0,24.853317,27.389,35.810370037684976,-1.5577414554968954,-1.657363634982607,0.09962217948571173
2022-08-02 04:00:00+00:00,24.71,25.64,24.7,25.42,6529434.0,59166.0,25.368396,27.237333333333332,40.77789899170755,-1.4541804329108707,-1.6167269945682599,0.16254656165738912
2022-08-03 04:00:00+00:00,25.78,26.17,25.095,25.23,8617448.0,65895.0,25.469876,27.06233333333333,39.94561913454775,-1.3716277179741176,-1.5677071392494315,0.19607942127531386
2022-08-04 04:00:00+00:00,25.18,25.3,23.66,23.71,13526227.0,96551.0,24.134512,26.868666666666666,33.97196731007482,-1.412572141109436,-1.5366801396214325,0.12410799851199639
2022-08-05 04:00:00+00:00,23.542,24.32,23.465,24.06,6763775.0,56685.0,24.095526,26.715333333333334,36.332959505775335,-1.4006331889663421,-1.5094707494904145,0.10883756052407234
2022-08-08 04:00:00+00:00,23.98,24.38,23.77,24.27,7647637.0,56704.0,24.209379,26.575333333333333,37.77075351560283,-1.3585655405469232,-1.4792897077017164,0.12072416715479317
2022-08-09 04:00:00+00:00,24.61,24.75,23.72,23.85,7341950.0,66546.0,24.040967,26.389000000000003,36.01878712316489,-1.3436286018645092,-1.452157486534275,0.10852888466976585
2022-08-10 04:00:00+00:00,23.97,24.505,23.61,24.35,7516818.0,62511.0,24.201961,26.19833333333333,39.609995311361004,-1.2767278253826824,-1.4170715543039565,0.1403437289212741
2022-08-11 04:00:00+00:00,24.67,25.575,24.67,25.28,7721541.0,73728.0,25.241334,26.053333333333335,45.71347854123649,-1.1355750480777402,-1.3607722530587134,0.22519720498097318
2022-08-12 04:00:00+00:00,25.13,26.045,24.97,26.01,6852352.0,61862.0,25.652303,25.958000000000002,49.98640447377828,-0.953810620866431,-1.279379926620257,0.32556930575382603
2022-08-15 04:00:00+00:00,24.79,25.32,24.72,25.3,5749443.0,56761.0,25.13613,25.831666666666663,46.17925081469391,-0.8571711337821668,-1.194938168052639,0.33776703427047217
2022-08-16 04:00:00+00:00,25.51,25.85,24.725,25.06,10857294.0,79449.0,25.16401,25.727,44.933429798872815,-0.790833403060514,-1.114117215054214,0.32328381199370004
2022-08-17 04:00:00+00:00,24.83,25.19,24.49,24.75,11366532.0,78843.0,24.78727,25.635333333333335,43.30820266024146,-0.7545763957650813,-1.0422090511963875,0.28763265543130623
2022-08-18 04:00:00+00:00,25.26,25.6,24.9,24.99,10401130.0,72060.0,25.083981,25.519333333333336,44.96777355849048,-0.6984254482172112,-0.9734523306005524,0.27502688238334116
2022-08-19 04:00:00+00:00,24.93,25.32,24.64,25.16,8615741.0,65452.0,25.103172,25.409,46.16982685657486,-0.6329120226658276,-0.9053442690136074,0.27243224634777985
2022-08-22 04:00:00+00:00,25.0,25.59,24.62,25.27,8429871.0,74638.0,25.171887,25.311333333333334,46.97687676686444,-0.5655962388558748,-0.837394662982061,0.27179842412618616
2022-08-23 04:00:00+00:00,25.68,26.69,25.67,26.1,8780397.0,82372.0,26.291543,25.265,52.73504035439464,-0.44019958500071965,-0.7579556473857928,0.31775606238507315
2022-08-24 04:00:00+00:00,25.93,26.61,25.91,26.47,6576912.0,60157.0,26.310289,25.255333333333336,55.07708381205515,-0.30742215437345166,-0.6678489487833247,0.360426794409873
2022-08-25 04:00:00+00:00,26.6,26.85,26.215,26.65,6798757.0,58694.0,26.501041,25.265666666666668,56.21379064733146,-0.18553189215124988,-0.5713855374569098,0.3858536453056599
2022-08-26 04:00:00+00:00,26.77,26.96,25.79,26.13,7216932.0,61743.0,26.212502,25.247333333333337,52.11147197984324,-0.12940098138284384,-0.48298862624209665,0.3535876448592528
2022-08-29 04:00:00+00:00,26.05,26.447,25.85,26.23,9403248.0,74746.0,26.26207,25.216333333333335,52.82446405674956,-0.07597190905565654,-0.40158528280480865,0.3256133737491521
2022-08-30 04:00:00+00:00,25.69,25.716,24.8,25.05,7638203.0,72907.0,25.076433,25.110666666666667,44.42018817278994,-0.12737680214340585,-0.3467435866725281,0.21936678452912223
2022-08-31 04:00:00+00:00,24.5,25.4986,24.3205,25.26,13338818.0,75503.0,25.195125,25.089666666666666,46.064785506710294,-0.14944756678887217,-0.30728438269579694,0.15783681590692478
2022-09-01 04:00:00+00:00,24.89,25.04,24.35,24.6,8670591.0,71203.0,24.614307,25.079,41.87136027478649,-0.21768594288672816,-0.2893646947339832,0.07167875184725503
2022-09-02 04:00:00+00:00,25.3,25.68,24.93,25.28,6099538.0,61814.0,25.32071,25.118999999999996,47.20409243039808,-0.21442329233221002,-0.2743764142536286,0.05995312192141855
2022-09-06 04:00:00+00:00,25.3,25.56,24.72,24.89,11099546.0,95317.0,24.978555,25.13533333333333,44.67279535368235,-0.2405346254609242,-0.2676080564950877,0.027073431034163487
2022-09-07 04:00:00+00:00,24.32,24.413,23.87,24.35,12185089.0,103445.0,24.181004,25.137,41.36519959835483,-0.3013280103855749,-0.27435204727318513,-0.026975963112389756
2022-09-08 04:00:00+00:00,24.4,24.47,23.79,23.89,11727966.0,99735.0,24.012394,25.098,38.73424616937157,-0.3822193745244249,-0.2959255127234331,-0.0862938618009918
2022-09-09 04:00:00+00:00,24.48,25.37,24.3725,25.25,8810976.0,73760.0,25.062075,25.107000000000003,49.05171895987224,-0.332749994581647,-0.3032904090950759,-0.029459585486571127
2022-09-12 04:00:00+00:00,25.73,25.8,25.28,25.46,9306293.0,71666.0,25.466061,25.099333333333334,50.43960988677904,-0.2734477738905099,-0.2973218820541627,0.02387410816365282
2022-09-13 04:00:00+00:00,25.21,26.085,24.395,24.54,10443702.0,85748.0,25.022948,25.095333333333333,44.69526468787579,-0.29726001951550884,-0.297309509546432,4.9490030923138306e-05
2022-09-14 04:00:00+00:00,24.89,25.765,24.72,25.39,8974620.0,76116.0,25.366863,25.09433333333333,50.32423731577139,-0.24472249093663123,-0.28679210582447184,0.04206961488784061
2022-09-15 04:00:00+00:00,24.83,25.03,24.22,24.33,10929234.0,88778.0,24.460708,25.06433333333333,44.272592926771054,-0.28533015383424143,-0.28649971542642577,0.0011695615921843427
2022-09-16 04:00:00+00:00,23.87,24.065,23.46,23.8,35831863.0,99804.0,23.788387,25.067333333333334,41.58020571302446,-0.35617285093254836,-0.30043434252765033,-0.055738508404898024
2022-09-19 04:00:00+00:00,23.25,24.24,23.03,24.18,12383708.0,102836.0,23.929415,25.07133333333333,44.20035713757924,-0.37730404836361586,-0.3158082836948435,-0.06149576466877238
2022-09-20 04:00:00+00:00,24.12,24.12,22.73,23.0,9078573.0,70779.0,23.090009,25.029,38.435575634189036,-0.48369112272283843,-0.3493848515004425,-0.1343062712223959
2022-09-21 04:00:00+00:00,23.45,23.6,22.865,23.02,8824965.0,75813.0,23.140686,25.00133333333333,38.58178894359686,-0.5599352280159913,-0.3914949268035523,-0.16844030121243897
2022-09-22 04:00:00+00:00,23.45,23.77,22.95,22.97,7187083.0,61954.0,23.178915,24.955333333333336,38.33665918362256,-0.6172782138950552,-0.4366515842218529,-0.1806266296732023
2022-09-23 04:00:00+00:00,21.93,22.08,21.27,21.73,13033008.0,110408.0,21.651541,24.837,32.77512731016979,-0.7540879240408209,-0.5001388521856466,-0.25394907185517435
2022-09-26 04:00:00+00:00,21.38,21.53,20.415,20.45,14415834.0,104448.0,20.832595,24.651666666666664,28.22352428143688,-0.9547896864166674,-0.5910690190318508,-0.36372066738481657
2022-09-27 04:00:00+00:00,20.79,21.425,20.67,20.76,9083360.0,78586.0,20.924062,24.500333333333334,30.73244119943719,-1.0764245180625132,-0.6881401188379833,-0.38828439922452984
2022-09-28 04:00:00+00:00,21.03,21.37,20.74,21.28,8060958.0,62777.0,21.138945,24.374333333333333,34.84647985333204,-1.1179740355279186,-0.7741069021759704,-0.3438671333519482
2022-09-29 04:00:00+00:00,21.02,21.2,20.6,21.12,7510207.0,70456.0,20.916148,24.25333333333333,34.17391443090612,-1.150550164191376,-0.8493955545790517,-0.3011546096123243
2022-09-30 04:00:00+00:00,20.99,21.235,20.845,20.96,8434189.0,57005.0,21.003429,24.118999999999996,33.47805655805202,-1.1757246220993132,-0.914661368083104,-0.2610632540162091
2022-10-03 04:00:00+00:00,21.85,22.43,21.815,22.28,8641365.0,74785.0,22.211093,24.023,43.668950702649475,-1.0767504837411543,-0.9470791912147142,-0.12967129252644016
2022-10-04 04:00:00+00:00,22.65,23.265,22.52,23.19,9192950.0,76368.0,23.066709,23.953666666666667,49.42156068564215,-0.9143433897711866,-0.9405320309260087,0.026188641154822112
2022-10-05 04:00:00+00:00,22.91,23.87,22.91,23.71,6891028.0,63099.0,23.581524,23.874000000000002,52.41216963781811,-0.7352000154098555,-0.8994656278227781,0.1642656124129226
2022-10-06 04:00:00+00:00,23.45,23.9156,23.35,23.74,6638054.0,61993.0,23.703671,23.783,52.5863503993494,-0.5840740096804993,-0.8363873041943223,0.252313294513823
2022-10-07 04:00:00+00:00,23.755,23.755,22.77,22.88,7364768.0,63581.0,23.087327,23.657333333333334,47.24753046008332,-0.5276183184716849,-0.7746335070497948,0.2470151885781099
2022-10-10 04:00:00+00:00,22.9,23.31,22.2,22.37,6546407.0,59082.0,22.440702,23.532,44.37063366711555,-0.5180576678838982,-0.7233183392166156,0.20526067133271741
2022-10-11 04:00:00+00:00,22.12,22.66,21.88,22.25,7511747.0,70733.0,22.344663,23.399333333333335,43.69643647011374,-0.5142359881597542,-0.6815018690052433,0.1672658808454891
2022-10-12 04:00:00+00:00,22.01,22.83,21.94,22.64,6154060.0,52991.0,22.51064,23.319000000000003,46.539536100738104,-0.4742704443512693,-0.6400555840744486,0.16578513972317932
2022-10-13 04:00:00+00:00,22.18,23.98,22.18,23.88,7733635.0,72915.0,23.471047,23.273000000000003,54.42031707045898,-0.33863623829788025,-0.5797717149191349,0.24113547662125467
2022-10-14 04:00:00+00:00,23.6,23.8175,22.85,22.91,7279679.0,60350.0,23.065387,23.216666666666665,48.40865840865225,-0.30588993739225856,-0.5249953594137597,0.21910542202150118
2022-10-17 04:00:00+00:00,23.55,23.99,23.37,23.93,8602901.0,69965.0,23.813039,23.171666666666667,54.144977218124886,-0.195380557054321,-0.459072398941872,0.263691841887551
2022-10-18 04:00:00+00:00,23.89,24.53,23.62,24.18,11519177.0,88709.0,24.195587,23.148000000000003,55.45236853783673,-0.08662955471486455,-0.38458383009647057,0.297954275381606
2022-10-19 04:00:00+00:00,26.56,26.56,25.12,25.65,17385517.0,134874.0,25.621815,23.191333333333333,62.265134891886426,0.11682641070454025,-0.2843017819362684,0.4011281926408087
2022-10-20 04:00:00+00:00,26.2,26.35,25.67,25.95,11755889.0,100822.0,26.000348,23.26,63.492215132449495,0.29882950143820963,-0.16767552526137283,0.4665050266995825
2022-10-21 04:00:00+00:00,25.96,26.83,25.73,26.67,11806694.0,96940.0,26.414458,23.307333333333336,66.32271511645288,0.4954549485778301,-0.03504943049353225,0.5305043790713624
2022-10-24 04:00:00+00:00,26.62,26.65,25.97,26.13,8047270.0,71589.0,26.18246,23.329666666666665,62.41424037153811,0.6007830915096903,0.09211707390711228,0.508666017602578
2022-10-25 04:00:00+00:00,25.88,26.2,25.74,26.1,9144565.0,69113.0,26.01232,23.381666666666668,62.1949536474147,0.6740654474647414,0.2085067486186381,0.4655586988461033
2022-10-26 04:00:00+00:00,26.27,27.0,26.23,26.43,8099817.0,61091.0,26.536843,23.416333333333334,63.70554267675585,0.7501235275153952,0.31683010439798953,0.4332934231174057
2022-10-27 04:00:00+00:00,26.89,27.715,26.78,27.03,9359839.0,74574.0,27.209637,23.506333333333334,66.33910839707836,0.8490280229680138,0.4232696881119944,0.42575833485601944
2022-10-28 04:00:00+00:00,27.35,27.64,26.58,27.24,6757663.0,59025.0,27.134095,23.621,67.2352234880832,0.9335939037588936,0.5253345312413742,0.4082593725175194
2022-10-31 04:00:00+00:00,26.96,27.71,26.8,27.66,8702745.0,70622.0,27.529777,23.737000000000002,69.01205261468053,1.0227142502046327,0.624810475034026,0.3979037751706067
2022-11-01 04:00:00+00:00,28.21,28.685,27.88,28.5,11389867.0,97620.0,28.48159,23.920333333333335,72.25298120585325,1.1478915672181955,0.72942669347086,0.41846487374733554
2022-11-02 04:00:00+00:00,28.58,28.87,27.43,27.59,10460223.0,79840.0,28.1178,24.072666666666667,64.39557077888159,1.1602909857647958,0.8155995519296472,0.34469143383514866
2022-11-03 04:00:00+00:00,27.31,28.45,27.3,28.29,7866883.0,59936.0,28.171971,24.25,67.33801086698762,1.2126233964692297,0.8950043208375636,0.317619075631666
2022-11-04 04:00:00+00:00,28.685,29.46,28.63,29.11,7314582.0,63720.0,29.084075,24.496,70.42174318335537,1.3052186083149344,0.9770471783330379,0.3281714299818965
2022-11-07 05:00:00+00:00,29.32,30.73,29.32,30.62,8421359.0,79362.0,30.424047,24.835,75.08638742411829,1.4833462687830519,1.0783069964230407,0.40503927236001114
2022-11-08 05:00:00+00:00,30.63,31.16,30.24,30.94,8226105.0,61970.0,30.842293,25.174333333333333,75.95192126180847,1.6315278116708036,1.1889511594725932,0.4425766521982104
2022-11-09 05:00:00+00:00,30.58,30.58,29.4,29.51,5342778.0,55926.0,29.846938,25.448666666666664,65.0722899720509,1.6149574784726468,1.274152423272604,0.3408050552000428
2022-11-10 05:00:00+00:00,30.085,30.605,29.64,30.58,6426879.0,59051.0,30.277354,25.764,68.68669445741189,1.6689270752151408,1.3531073536611113,0.3158197215540295
2022-11-11 05:00:00+00:00,31.327,31.875,30.84,31.02,7138933.0,68951.0,31.217002,26.099333333333334,70.05880575626679,1.7272915504382915,1.4279441930165473,0.29934735742174423
2022-11-14 05:00:00+00:00,30.77,30.96,30.22,30.25,6410001.0,61553.0,30.515881,26.365000000000002,64.71457433767628,1.6919099677733733,1.4807373479679127,0.21117261980546065
2022-11-15 05:00:00+00:00,30.33,31.035,30.225,30.89,6394045.0,65309.0,30.738597,26.621666666666666,66.96988583040417,1.6959624603547212,1.5237823704452746,0.17218008990944655
2022-11-16 05:00:00+00:00,30.82,31.115,30.165,30.23,5805591.0,57655.0,30.513294,26.839,62.53117925987286,1.6271607099799432,1.5444580383522084,0.08270267162773481
2022-11-17 05:00:00+00:00,29.61,29.86,29.18,29.83,4122066.0,41459.0,29.61197,27.041999999999998,59.938301465464036,1.5228042307976537,1.5401272768412977,-0.017323046043643986
2022-11-18 05:00:00+00:00,29.27,29.47,28.79,29.13,10765839.0,67516.0,29.109645,27.250333333333334,55.593850347048196,1.367849106301012,1.5056716427332406,-0.13782253643222853
2022-11-21 05:00:00+00:00,28.53,28.75,27.58,28.72,6854150.0,65399.0,28.297837,27.461999999999996,53.16325561706622,1.1981509420224405,1.4441675025910805,-0.24601656056863996
2022-11-22 05:00:00+00:00,29.26,29.68,28.905,29.49,5933488.0,58875.0,29.42309,27.70333333333333,56.96834931885492,1.1129668994449524,1.377927381961855,-0.2649604825169025
2022-11-23 05:00:00+00:00,28.775,29.38,28.4318,28.83,6649044.0,55346.0,28.782957,27.909666666666666,52.99419395820794,0.9808943088278888,1.2985207673350618,-0.3176264585071731
2022-11-25 05:00:00+00:00,28.7,29.03,28.46,28.5,2689317.0,28097.0,28.699469,28.063666666666666,51.07561576479822,0.8399155633720383,1.206799726542457,-0.3668841631704187
2022-11-28 05:00:00+00:00,27.93,28.45,27.62,28.19,8330657.0,62899.0,28.211377,28.239666666666665,49.27103896119313,0.6951610982613623,1.104472000886238,-0.4093109026248758
2022-11-29 05:00:00+00:00,28.695,28.81,28.42,28.65,4771947.0,42456.0,28.608857,28.397000000000002,51.98213809887111,0.6105225731944657,1.0056821153478837,-0.395159542153418
2022-11-30 05:00:00+00:00,29.02,29.19,28.485,29.02,17512028.0,71977.0,28.969577,28.558333333333334,54.10669020387185,0.5667684857694653,0.9178993894322001,-0.3511309036627348
2022-12-01 05:00:00+00:00,29.42,29.96,29.065,29.26,5730811.0,55377.0,29.367579,28.67866666666667,55.48259569310585,0.5451746168664684,0.8433544349190538,-0.2981798180525854
2022-12-02 05:00:00+00:00,28.86,29.64,28.81,29.51,6461609.0,57820.0,29.477758,28.79733333333333,56.93108923141158,0.5419865473058145,0.783080857396406,-0.24109431009059146
2022-12-05 05:00:00+00:00,29.69,29.8499,28.59,28.72,7352700.0,65102.0,29.009078,28.865666666666666,51.25564103688268,0.4702923441194784,0.7205231547410205,-0.25023081062154207
2022-12-06 05:00:00+00:00,28.47,28.95,28.18,28.38,6495581.0,59418.0,28.485714,28.94066666666667,48.99197613399071,0.381639708071841,0.6527464654071846,-0.2711067573353436
2022-12-07 05:00:00+00:00,28.3,28.595,27.71,27.88,8302182.0,59838.0,28.011607,29.0,45.78931916469311,0.2679473042388274,0.5757866331735132,-0.3078393289346858
2022-12-08 05:00:00+00:00,28.63,28.7,27.88,28.08,6371551.0,62433.0,28.162252,29.055,47.27407270122498,0.1917729444922962,0.49898389543726984,-0.30721095094497364
2022-12-09 05:00:00+00:00,28.02,28.365,27.07,27.11,8401724.0,62859.0,27.419942,29.057666666666663,41.35773834242179,0.05252781426931463,0.40969267920367886,-0.3571648649343642
2022-12-12 05:00:00+00:00,27.42,28.19,27.37,28.15,7562653.0,57187.0,27.990991,29.088000000000005,48.7617972811373,0.025796982165619653,0.332913539796067,-0.3071165576304474
2022-12-13 05:00:00+00:00,28.79,29.475,28.73,29.26,8598679.0,65590.0,29.222498,29.141333333333332,55.25524845880078,0.09310704838448558,0.28495224151375076,-0.19184519312926518
2022-12-14 05:00:00+00:00,29.59,29.77,28.88,28.98,7594135.0,64842.0,29.157605,29.15733333333333,53.41627677787053,0.12244562393049563,0.25245091799709973,-0.1300052940666041
2022-12-15 05:00:00+00:00,28.84,29.2,28.575,29.04,6015980.0,49887.0,28.950631,29.20566666666667,53.77132784877536,0.14882262045308892,0.2317252584882976,-0.08290263803520867
2022-12-16 05:00:00+00:00,28.54,28.685,27.99,28.37,53864180.0,103215.0,28.37889,29.208333333333332,49.25662170394009,0.11434508074340499,0.20824922293931908,-0.09390414219591409
2022-12-19 05:00:00+00:00,28.7,28.935,27.97,28.26,6470182.0,44506.0,28.307206,29.18,48.536101468142675,0.07725475668888393,0.18205032968923207,-0.10479557300034814
2022-12-20 05:00:00+00:00,28.4,29.19,28.21,28.92,7202612.0,57495.0,28.92234,29.12333333333333,52.98033642900236,0.09996456255284869,0.1656331762619554,-0.0656686137091067
2022-12-21 05:00:00+00:00,29.45,29.62,28.6,29.35,5871408.0,51986.0,29.177448,29.070333333333334,55.666518058991805,0.15091994250264662,0.16269052951009366,-0.011770587007447042
2022-12-22 05:00:00+00:00,29.39,29.43,27.63,28.36,6317510.0,49998.0,28.350902,29.032,48.75983527891847,0.11014800437211747,0.15218202448249843,-0.04203402011038096
2022-12-23 05:00:00+00:00,28.88,29.14,28.39,29.1,5648495.0,53242.0,28.838311,28.982666666666667,53.41273678592416,0.1359802693197416,0.14894167344994708,-0.012961404130205467
2022-12-27 05:00:00+00:00,29.4,29.61,29.04,29.37,3800994.0,33733.0,29.372613,28.927666666666667,55.01772371100502,0.1762080521781968,0.15439494919559701,0.02181310298259978
2022-12-28 05:00:00+00:00,29.21,29.285,28.335,28.55,4472442.0,51001.0,28.621942,28.871,49.44622294362155,0.14030437148692343,0.15157683365386232,-0.01127246216693889
2022-12-29 05:00:00+00:00,28.52,29.44,28.48,29.18,3719511.0,32276.0,29.183851,28.814000000000004,53.35454456186177,0.1608322071676973,0.15342790835662934,0.007404298811067966
2022-12-30 05:00:00+00:00,28.9,29.56,28.84,29.53,3785021.0,38898.0,29.335668,28.790666666666667,55.4166985375758,0.20300265156525654,0.1633428569983548,0.039659794566901746
2023-01-03 05:00:00+00:00,29.34,30.04,28.55,28.75,6548717.0,58914.0,29.045756,28.754666666666665,50.10089991297875,0.17150653077627354,0.16497559175393856,0.006530939022334981
2023-01-04 05:00:00+00:00,28.38,28.38,27.375,27.89,10193727.0,76960.0,27.865264,28.71333333333333,44.977992879537425,0.07627160388147303,0.14723479417944546,-0.07096319029797243
2023-01-05 05:00:00+00:00,27.85,28.865,27.755,28.8,5733771.0,47170.0,28.573311,28.716,50.720065660821895,0.07338074544387396,0.13246398443233115,-0.05908323898845719
2023-01-06 05:00:00+00:00,29.37,30.38,29.16,29.96,6928320.0,56917.0,29.882341,28.73166666666667,56.89535880753267,0.16281519258884813,0.13853422606363455,0.024280966525213582
2023-01-09 05:00:00+00:00,30.56,31.1,30.31,30.6,3779004.0,44338.0,30.719387,28.790666666666667,59.882322279637464,0.28208360339942473,0.1672441015307926,0.11483950186863212
