timestamp,open,high,low,close,volume,trade_count,vwap,30sma,rsi,macd,signal,histogram
2022-01-03 05:00:00+00:00,642.75,651.8,638.68,647.58,1045859.0,32032.0,646.64759,,,,,
2022-01-04 05:00:00+00:00,645.5,653.09,628.065,640.77,1281106.0,34567.0,637.225565,,,,,
2022-01-05 05:00:00+00:00,642.69,649.315,623.73,624.86,1334383.0,32445.0,633.202689,,,,,
2022-01-06 05:00:00+00:00,621.23,638.8,621.23,631.95,1082292.0,29684.0,633.384446,,,,,
2022-01-07 05:00:00+00:00,630.89,630.89,609.7,610.49,1479059.0,33656.0,616.56376,,,,,
2022-01-10 05:00:00+00:00,610.49,617.62,601.33,605.43,1836499.0,41683.0,605.858301,,,,,
2022-01-11 05:00:00+00:00,608.23,613.34,604.51,612.1,1284616.0,32575.0,609.707212,,,,,
2022-01-12 05:00:00+00:00,612.41,626.638,609.15,613.98,991034.0,25772.0,617.968455,,,,,
2022-01-13 05:00:00+00:00,618.03,626.07,610.02,619.08,1015056.0,25478.0,619.572465,,,,,
2022-01-14 05:00:00+00:00,618.13,619.46,600.535,607.69,1069637.0,29633.0,607.766471,,,,,
2022-01-18 05:00:00+00:00,593.39,597.27,580.38,582.75,1336922.0,30177.0,585.942188,,,,,
2022-01-19 05:00:00+00:00,584.29,588.2036,574.1701,581.3,1019932.0,28685.0,581.394368,,,,,
2022-01-20 05:00:00+00:00,584.4,587.94,571.03,572.16,1176499.0,30412.0,577.02722,,,,,
2022-01-21 05:00:00+00:00,574.87,579.75,568.82,569.69,1100193.0,29084.0,572.670395,,,,,
2022-01-24 05:00:00+00:00,580.11,580.67,562.455,577.13,1865987.0,37808.0,573.428578,,22.222222222222243,,,
2022-01-25 05:00:00+00:00,574.93,575.38,560.72,563.54,1091421.0,27132.0,565.235545,,19.92288407050289,,,
2022-01-26 05:00:00+00:00,563.98,574.86,549.59,555.0,1610135.0,35660.0,559.981743,,18.61912393057972,,,
2022-01-27 05:00:00+00:00,549.85,567.9,549.85,561.03,1555260.0,36226.0,561.627181,,22.476762349355084,,,
2022-01-28 05:00:00+00:00,560.62,592.2,560.37,590.47,2597772.0,51395.0,583.789845,,37.943297393983606,,,
2022-01-31 05:00:00+00:00,588.99,595.13,584.5,593.34,1472502.0,35483.0,591.860956,,39.2164370785637,,,
2022-02-01 05:00:00+00:00,590.73,598.325,587.88,596.89,1248322.0,33140.0,593.080473,,40.83338206723389,,,
2022-02-02 05:00:00+00:00,598.25,603.71,592.34,600.24,1072420.0,27396.0,597.788284,,42.39078918292974,,,
2022-02-03 05:00:00+00:00,600.72,621.0,596.04,610.45,2229055.0,40482.0,614.171613,,46.97215534145903,,,
2022-02-04 05:00:00+00:00,599.97,613.18,596.95,608.92,1386688.0,27981.0,607.196739,,46.376965136945124,,,
2022-02-07 05:00:00+00:00,610.12,613.63,605.85,610.75,1357720.0,28628.0,609.63112,,47.238117331566414,,,
2022-02-08 05:00:00+00:00,612.88,615.84,608.4,609.12,1225609.0,27582.0,611.508657,,46.52147379932432,-0.5506613547260031,,
2022-02-09 05:00:00+00:00,613.0,615.0,604.72,614.75,1371448.0,27902.0,611.164902,,49.378106882263296,0.7207881896564459,,
2022-02-10 05:00:00+00:00,607.17,613.085,604.02,606.52,1449653.0,32743.0,608.766776,,45.54792211762587,1.0521997906439537,,
2022-02-11 05:00:00+00:00,608.99,614.54,602.51,604.73,1424348.0,32688.0,607.821198,,44.73514399041294,1.1570698507835004,,
2022-02-14 05:00:00+00:00,605.69,614.5,601.58,607.94,2388364.0,31362.0,606.18542,601.0216666666668,46.57623236592724,1.4821153981773705,,
2022-02-15 05:00:00+00:00,611.74,615.6,607.86,609.45,2523746.0,28778.0,610.987194,599.7506666666666,47.46287476713568,1.840346349575043,,
2022-02-16 05:00:00+00:00,606.86,612.51,602.7,609.46,1337795.0,34146.0,607.459431,598.7070000000001,47.46909256533418,2.1008367377120294,,
2022-02-17 05:00:00+00:00,603.2,606.035,588.39,597.83,2068401.0,35026.0,597.853938,597.806,41.341118259030544,1.3532342014920005,,
2022-02-18 05:00:00+00:00,598.79,605.62,594.57,596.83,2721007.0,35663.0,599.199926,596.6353333333334,40.85276684442111,0.6723121665448843,1.0920268144288028,-0.41971464788391843
2022-02-22 05:00:00+00:00,601.53,603.15,591.88,595.2,1802866.0,35280.0,597.301209,596.1256666666667,40.02285758247209,0.0011360745886577206,0.8738486664607739,-0.8727125918721161
2022-02-23 05:00:00+00:00,591.87,592.74,569.39,570.6,2774518.0,48729.0,574.775217,594.9646666666666,30.08846437960426,-2.4871202490190853,0.20165488336480203,-2.6887751323838875
2022-02-24 05:00:00+00:00,572.5,586.95,566.05,586.59,4139728.0,51905.0,579.408258,594.1143333333333,40.43758786974357,-3.132710015389648,-0.465218096386088,-2.66749191900356
2022-02-25 05:00:00+00:00,587.92,602.02,586.54,601.16,1768515.0,36864.0,598.630213,593.687,47.99230344001432,-2.440534362085941,-0.8602813495260586,-1.5802530125598826
2022-02-28 05:00:00+00:00,593.77,605.4,593.72,601.78,2159831.0,31729.0,600.704885,593.1103333333333,48.292851033016035,-1.8209604529494072,-1.0524171702107283,-0.7685432827386789
2022-03-01 05:00:00+00:00,590.99,603.16,589.52,594.74,1464772.0,35253.0,595.660635,592.6786666666667,45.10542532946831,-1.8763830545893825,-1.2172103470864593,-0.6591727075029232
2022-03-02 05:00:00+00:00,595.4,596.944,566.86,570.99,2253400.0,46092.0,574.961415,592.2866666666666,36.38147529714519,-3.793008932745124,-1.7323700642181923,-2.060638868526932
2022-03-03 05:00:00+00:00,580.835,594.08,560.88,561.82,1967609.0,39479.0,570.082164,591.6373333333335,33.67339407991204,-5.982923692750319,-2.5824807899246176,-3.4004429028257013
2022-03-04 05:00:00+00:00,560.5225,564.87,546.62,549.93,2248966.0,44600.0,553.239635,590.8963333333334,30.50294784041691,-8.578977436996638,-3.7817801193390217,-4.797197317657616
2022-03-07 05:00:00+00:00,553.02,566.33,545.33,555.64,1781974.0,45386.0,556.565323,590.428,33.72988254496239,-10.059657978078462,-5.03735569108691,-5.022302286991552
2022-03-08 05:00:00+00:00,556.93,565.87,550.57,551.43,1010190.0,31700.0,556.841418,589.5713333333333,32.53053334759292,-11.440935803962248,-6.318071713661977,-5.12286409030027
2022-03-09 05:00:00+00:00,562.17,568.04,555.57,557.75,1155859.0,31975.0,561.235138,589.3783333333333,36.19814857495794,-11.888592951831697,-7.432175961295922,-4.456416990535775
2022-03-10 05:00:00+00:00,550.21,567.56,546.92,562.13,1493897.0,38059.0,561.139118,589.616,38.6857435546733,-11.754437236323838,-8.296628216301507,-3.4578090200223315
2022-03-11 05:00:00+00:00,569.78,574.54,557.81,559.29,1748773.0,24502.0,567.523951,589.5580000000001,37.660421085348815,-11.741928487862538,-8.985688270613714,-2.7562402172488234
2022-03-14 04:00:00+00:00,561.86,583.72,560.66,566.14,1339393.0,35716.0,572.068762,588.747,41.6757022314493,-11.051878289064007,-9.398926274303772,-1.6529520147602348
2022-03-15 04:00:00+00:00,570.69,579.09,566.2,569.16,1063961.0,26716.0,571.401228,587.941,43.406397050215865,-10.144381657081453,-9.54801735085931,-0.596364306222144
2022-03-16 04:00:00+00:00,570.07,573.7,556.03,572.11,1482988.0,32156.0,568.54345,587.115,45.11952038028134,-9.082446898040075,-9.454903260295463,0.37245636225538803
2022-03-17 04:00:00+00:00,571.08,577.65,558.78,577.65,1214043.0,24422.0,574.118276,586.362,48.28548580326953,-7.7050057404089785,-9.104923756318167,1.3999180159091882
2022-03-18 04:00:00+00:00,572.45,578.0,562.12,577.32,2683572.0,40343.0,574.231773,585.2576666666666,48.107457304006985,-6.56433240334286,-8.596805485723106,2.032473082380246
2022-03-21 04:00:00+00:00,573.96,577.65,562.535,565.77,1165300.0,30957.0,568.162707,583.8193333333334,42.23763153379248,-6.5172027813868,-8.180884944855846,1.663682163469046
2022-03-22 04:00:00+00:00,569.44,577.125,566.01,574.66,952122.0,23745.0,574.236308,582.6163333333334,47.54305730863015,-5.696833957559306,-7.684074747396538,1.987240789837232
2022-03-23 04:00:00+00:00,573.28,576.11,559.3,559.99,1062414.0,31235.0,564.959574,580.9786666666666,40.871742429117404,-6.159430076126796,-7.37914581314259,1.219715737015794
2022-03-24 04:00:00+00:00,564.74,571.52,557.56,559.32,1344088.0,33716.0,561.776161,579.131,40.59159296213055,-6.505117290661133,-7.204340108646299,0.6992228179851665
2022-03-25 04:00:00+00:00,560.09,564.05,544.59,558.26,1746906.0,33047.0,555.013841,577.5223333333334,40.123021298038964,-6.786380865687761,-7.120748260054592,0.33436739436683105
2022-03-28 04:00:00+00:00,557.47,565.31,554.33,565.25,1888880.0,46911.0,560.720031,576.2063333333334,44.65969427861972,-6.371799554204927,-6.970958518884659,0.5991589646797326
2022-03-29 04:00:00+00:00,565.0,574.21,564.42,572.33,1074488.0,29330.0,571.686394,575.0193333333333,48.88417862902434,-5.409585711257364,-6.658683957359201,1.2490982461018367
2022-03-30 04:00:00+00:00,571.36,573.13,564.04,570.12,881593.0,27363.0,569.026548,573.7083333333334,47.66113971801672,-4.770363062665865,-6.281019778420534,1.5106567157546689
2022-03-31 04:00:00+00:00,571.76,571.76,545.46,545.52,1923610.0,39497.0,550.843082,571.5769999999999,36.66478751998796,-6.177577647813223,-6.2603313522990724,0.08275370448584951
2022-04-01 04:00:00+00:00,549.11,561.96,545.01,561.68,1151476.0,27863.0,555.116255,570.372,45.551850796862404,-5.920579643038991,-6.192381010447057,0.2718013674080657
2022-04-04 04:00:00+00:00,559.38,574.65,557.12,562.0,865439.0,24321.0,561.43381,569.2109999999999,45.714290379532834,-5.626229871286682,-6.079150782614982,0.4529209113282997
2022-04-05 04:00:00+00:00,557.35,568.94,554.04,556.79,983542.0,25587.0,559.188834,567.9306666666666,43.441864989178036,-5.747109909129904,-6.012742607917967,0.26563269878806306
2022-04-06 04:00:00+00:00,556.79,568.0,553.405,561.26,1159800.0,32381.0,560.985208,567.6193333333333,45.92548290170173,-5.419741164885863,-5.8941423193115465,0.4744011544256832
2022-04-07 04:00:00+00:00,561.26,561.26,542.82,552.48,1104781.0,29157.0,551.296405,566.4823333333334,42.02211664692146,-5.801891109824169,-5.8756920774140715,0.07380096758990273
2022-04-08 04:00:00+00:00,551.96,559.34,543.2,557.6,1183703.0,25442.0,556.21121,565.0303333333334,44.95993306465683,-5.626744871701021,-5.825902636271461,0.19915776457044032
2022-04-11 04:00:00+00:00,560.38,572.08,557.03,559.9,1024331.0,27578.0,564.22783,563.6343333333333,46.2768735073717,-5.24192380340844,-5.709106869698857,0.46718306629041706
2022-04-12 04:00:00+00:00,564.99,570.02,548.555,549.12,1812741.0,32510.0,554.306638,562.1136666666666,41.29021186741204,-5.740631811972321,-5.7154118581535505,-0.025219953818770513
2022-04-13 04:00:00+00:00,549.96,563.51,547.06,562.4,1092647.0,25539.0,557.910845,561.8273333333333,48.6334895582182,-5.006563934784822,-5.5736422734798055,0.5670783386949836
2022-04-14 04:00:00+00:00,564.54,567.07,553.12,555.32,1021119.0,22080.0,557.690579,561.6106666666667,45.37500273748784,-4.939170994711617,-5.446748017726168,0.5075770230145507
2022-04-18 04:00:00+00:00,552.75,556.92,533.25,533.48,1438997.0,32370.0,539.731673,561.0623333333333,37.114161907709594,-6.572305631466634,-5.67185954047426,-0.9004460909923733
2022-04-19 04:00:00+00:00,535.62,560.839,535.62,557.75,1203948.0,30504.0,555.515716,561.1326666666666,48.364334697130744,-5.840860624576976,-5.7056597572948045,-0.13520086728217162
2022-04-20 04:00:00+00:00,555.69,555.69,535.17,535.96,1535523.0,38624.0,540.980539,560.617,41.23226373100762,-6.939462278728229,-5.952420261581489,-0.9870420171467398
2022-04-21 04:00:00+00:00,537.42,541.754,517.81,519.03,1569854.0,38828.0,522.834129,559.3263333333333,36.70347525883464,-9.071649189772756,-6.576266047219743,-2.4953831425530133
2022-04-22 04:00:00+00:00,517.72,518.565,505.15,511.37,1736286.0,41603.0,510.11248,557.6343333333334,34.83895758563071,-11.249839513927213,-7.510980740561237,-3.738858773365976
2022-04-25 04:00:00+00:00,513.46,517.66,496.76,506.97,1371447.0,36796.0,503.798742,555.8903333333333,33.77751714452141,-13.179192736396544,-8.6446231397283,-4.534569596668245
2022-04-26 04:00:00+00:00,503.08,503.08,486.35,486.95,1343354.0,34658.0,490.75748,553.2506666666667,29.389935672842924,-16.137641070395034,-10.143226725861647,-5.9944143445333875
2022-04-27 04:00:00+00:00,485.5,492.25,479.45,482.01,1483045.0,38896.0,483.66672,550.3456666666666,28.40930463776448,-18.66568302927817,-11.847717986544952,-6.817965042733219
2022-04-28 04:00:00+00:00,481.19,481.69,449.585,461.49,3198486.0,72327.0,460.021947,546.6583333333333,24.719659686854882,-22.070551424080918,-13.892284674052146,-8.178266750028772
2022-04-29 04:00:00+00:00,449.89,457.7,415.01,428.49,4811909.0,89070.0,429.021932,541.6863333333333,20.180485490193803,-27.119145734264407,-16.5376568860946,-10.581488848169808
2022-05-02 04:00:00+00:00,431.4801,435.93,419.83,432.54,1647329.0,46344.0,428.05853,536.8603333333334,22.071761817172074,-30.44247009997224,-19.31861952887013,-11.12385057110211
2022-05-03 04:00:00+00:00,424.15,431.24,410.33,425.62,2128442.0,50944.0,422.519368,532.1886666666667,21.14964744402228,-33.251314316980086,-22.105158486492122,-11.146155830487963
2022-05-04 04:00:00+00:00,426.51,450.78,422.435,448.34,1957085.0,39815.0,438.699867,527.978,31.298173882401613,-33.26062173125143,-24.336251135443984,-8.92437059580745
2022-05-05 04:00:00+00:00,444.79,462.93,444.79,456.2,2202008.0,48915.0,456.444548,524.5183333333333,34.441761201531406,-32.261866893643514,-25.921374287083893,-6.340492606559621
2022-05-06 04:00:00+00:00,454.21,471.285,452.385,459.77,2639316.0,44411.0,462.250206,521.2,35.87692652067204,-30.826923737185496,-26.902484177104213,-3.9244395600812823
2022-05-09 04:00:00+00:00,456.23,478.03,455.98,463.67,2216665.0,50353.0,468.528771,518.047,37.486929061882,-29.04026543811233,-27.330040429305836,-1.7102250088064928
2022-05-10 04:00:00+00:00,472.94,481.79,462.195,468.23,1957910.0,44366.0,470.555478,514.813,39.40272926276067,-26.94575804780584,-27.253183953005838,0.3074259051999988
2022-05-11 04:00:00+00:00,465.94,476.65,447.35,448.35,1661690.0,37050.0,457.487368,510.6803333333334,34.44640706800118,-26.5835570092716,-27.119258564258992,0.5357015549873907
2022-05-12 04:00:00+00:00,449.33,466.77,443.18,465.26,1638010.0,38445.0,459.595101,507.185,41.21937943505885,-24.647888879260222,-26.62498462725924,1.9770957479990194
2022-05-13 04:00:00+00:00,459.46,475.87,458.6924,471.39,1437972.0,37545.0,469.810031,504.714,43.498384142313974,-22.3614493029919,-25.772277562405776,3.4108282594138757
2022-05-16 04:00:00+00:00,469.37,472.58,456.0,463.34,1138200.0,25682.0,463.509122,501.436,41.237277084522376,-20.95741317568212,-24.809304685061047,3.8518915093789268
2022-05-17 04:00:00+00:00,468.99,474.14,457.495,472.13,1164184.0,32153.0,467.921463,498.4403333333333,44.62229251200456,-18.917357370232196,-23.63091522209528,4.713557851863083
2022-05-18 04:00:00+00:00,469.98,480.83,463.32,469.5,1373247.0,35610.0,473.227177,495.53066666666666,43.80913445350696,-17.31324119934999,-22.367380417546222,5.054139218196234
2022-05-19 04:00:00+00:00,469.15,479.4,465.88,474.57,1120741.0,30560.0,473.119058,492.64099999999996,45.85745831957038,-15.454708687127663,-20.984846071462513,5.53013738433485
2022-05-20 04:00:00+00:00,480.32,485.7,468.79,479.03,1273669.0,28382.0,476.889192,490.1926666666667,47.66479239707922,-13.466687958895022,-19.481214448949018,6.014526490053996
2022-05-23 04:00:00+00:00,482.65,484.0,468.86,473.67,888391.0,25464.0,474.211873,487.39500000000004,45.69081002679445,-12.18323367940917,-18.021618295041048,5.8383846156318775
2022-05-24 04:00:00+00:00,471.64,479.6,468.01,479.02,933037.0,25789.0,475.769866,484.699,48.00541741761761,-10.612057435602253,-16.53970612315329,5.927648687551038
2022-05-25 04:00:00+00:00,482.14,489.98,476.85,487.61,869991.0,25369.0,485.509021,482.64866666666666,51.57408358459055,-8.574901604293586,-14.946745219381352,6.371843615087766
2022-05-26 04:00:00+00:00,489.12,508.859,489.12,502.84,1140901.0,30121.0,503.919774,480.6633333333333,57.185015987087084,-5.666190891965812,-13.090634353898244,7.424443461932432
2022-05-27 04:00:00+00:00,503.19,515.66,503.19,509.94,1061276.0,26806.0,510.327671,479.15066666666667,59.53865898687098,-2.7563327453617603,-11.023774032190948,8.267441286829188
2022-05-31 04:00:00+00:00,507.86,513.28,501.16,506.93,1247672.0,27083.0,508.260022,478.26566666666673,58.08094831742437,-0.6852321148844567,-8.95606564872965,8.270833533845193
2022-06-01 04:00:00+00:00,508.33,514.21,492.04,495.38,1076009.0,31218.0,497.500416,476.18666666666667,52.74452981681856,0.02386646585858898,-7.1600792258120025,7.1839456916705915
2022-06-02 04:00:00+00:00,496.68,499.1,490.84,498.22,884116.0,26770.0,495.506429,474.9286666666667,53.86693466543289,0.8057087560035825,-5.566921629448886,6.372630385452468
2022-06-03 04:00:00+00:00,496.79,496.79,489.865,491.08,705279.0,21956.0,493.026268,473.99700000000007,50.61218854659293,0.8395087410914925,-4.28563555534081,5.125144296432302
2022-06-06 04:00:00+00:00,493.16,498.06,483.69,484.72,1199146.0,31664.0,488.780958,473.1086666666667,47.83935525001589,0.3490727323588203,-3.358693897800884,3.7077666301597043
2022-06-07 04:00:00+00:00,480.08,484.5,470.17,482.55,1261289.0,28195.0,479.288803,472.29466666666667,46.89532588648889,-0.21225545376921673,-2.7294062089945506,2.517150755225334
2022-06-08 04:00:00+00:00,485.64,493.11,481.32,487.95,878041.0,23992.0,488.28838,472.32800000000003,49.562622956111284,-0.2188543978436428,-2.227295846764369,2.0084414489207263
2022-06-09 04:00:00+00:00,489.51,492.64,482.04,482.26,971560.0,25676.0,485.626202,472.33633333333336,46.89009100916702,-0.6754335774137417,-1.9169233928942437,1.241489815480502
2022-06-10 04:00:00+00:00,474.35,481.02,470.01,474.19,923993.0,24876.0,476.018112,472.7596666666667,43.32209753941056,-1.6692157428612973,-1.8673818628876546,0.19816612002635736
2022-06-13 04:00:00+00:00,467.23,468.98,452.23,454.46,1238501.0,32209.0,459.097539,473.62533333333334,36.091334218042476,-4.002700735814756,-2.294445637473075,-1.7082550983416809
2022-06-14 04:00:00+00:00,456.92,463.12,447.935,451.97,1101549.0,26458.0,452.963116,474.27299999999997,35.29077617354655,-5.983947374330228,-3.032345984844506,-2.951601389485722
2022-06-15 04:00:00+00:00,457.65,460.23,429.91,449.0,2815537.0,48949.0,444.982638,475.0523333333333,34.313107444448036,-7.7049360811519705,-3.9668640041059993,-3.738072077045971
2022-06-16 04:00:00+00:00,439.98,440.79,407.75,415.35,2879640.0,55120.0,415.679268,473.9526666666667,25.644668325542597,-11.649814001526181,-5.503454003590036,-6.146359997936145
2022-06-17 04:00:00+00:00,415.02,443.32,415.02,441.96,3562909.0,49558.0,436.238612,473.478,38.809351168981486,-12.485033865049843,-6.899769975881998,-5.5852638891678446
2022-06-21 04:00:00+00:00,444.02,447.926,435.7195,437.47,1726816.0,34950.0,439.965323,472.7346666666666,37.59967661525517,-13.355305451969627,-8.190877071099525,-5.164428380870103
2022-06-22 04:00:00+00:00,435.52,453.3,434.035,448.24,1235630.0,29107.0,447.518413,472.2203333333334,42.24955449907218,-13.025799653095135,-9.157861587498648,-3.867938065596487
2022-06-23 04:00:00+00:00,446.16,456.58,446.16,455.13,818320.0,23903.0,452.923025,471.78366666666665,45.06959725149928,-12.069568048243582,-9.740202879647635,-2.329365168595947
2022-06-24 04:00:00+00:00,454.77,465.22,454.315,463.09,775076.0,24051.0,461.656698,472.275,48.21572793590585,-10.547853052439791,-9.901732914206066,-0.6461201382337247
2022-06-27 04:00:00+00:00,463.12,467.77,458.7,464.36,709977.0,19746.0,464.498384,472.245,48.720370859190105,-9.134112208975978,-9.74820877316005,0.6140965641840719
2022-06-28 04:00:00+00:00,468.41,474.5,456.53,457.03,816759.0,22580.0,461.590419,471.7663333333333,45.93782894443797,-8.507117391914846,-9.499990496911009,0.9928731049961623
2022-06-29 04:00:00+00:00,454.53,464.67,454.09,463.84,817151.0,24138.0,460.33393,471.783,48.86008935868196,-7.3756870663892755,-9.075129810806663,1.6994427444173876
2022-06-30 04:00:00+00:00,460.01,471.57,457.44,468.53,1211141.0,26128.0,467.956438,471.66299999999995,50.83126307183164,-6.031054337656826,-8.466314716176697,2.435260378519871
2022-07-01 04:00:00+00:00,465.45,483.2,463.72,480.92,887774.0,24609.0,478.155761,472.04366666666664,55.69026663757563,-3.9204611246880177,-7.557143997878962,3.636682873190944
2022-07-05 04:00:00+00:00,473.53,481.75,467.39,481.22,713289.0,19861.0,475.74854,472.2653333333334,55.80415366363767,-2.1982532099724494,-6.48536584029766,4.28711263032521
2022-07-06 04:00:00+00:00,480.08,484.31,468.36,471.64,1014268.0,26586.0,473.153498,472.019,51.2721947721368,-1.588110220266799,-5.505914716291488,3.917804496024689
2022-07-07 04:00:00+00:00,471.0,473.274,457.85,465.4,1213576.0,32732.0,463.701694,471.7433333333333,48.508795187061956,-1.5897576189844358,-4.722683296830078,3.132925677845642
2022-07-08 04:00:00+00:00,465.8,469.19,460.35,463.55,859801.0,25221.0,464.840121,471.22766666666666,47.68817108419627,-1.7205097676208538,-4.122248590988233,2.4017388233673795
2022-07-11 04:00:00+00:00,462.47,462.55,450.68,453.39,950983.0,25394.0,453.626181,470.08700000000005,43.35079110337573,-2.6138282912805835,-3.8205645310467036,1.20673623976612
2022-07-12 04:00:00+00:00,455.99,476.45,453.625,468.1,1207082.0,31301.0,470.408637,468.92900000000003,50.38667672125356,-2.110487211056295,-3.4785490670486223,1.3680618559923272
2022-07-13 04:00:00+00:00,457.95,470.675,457.95,465.64,708718.0,20512.0,465.824918,467.45233333333334,49.28427368782133,-1.8883198438030036,-3.1605032223994987,1.272183378596495
2022-07-14 04:00:00+00:00,460.65,469.58,456.93,468.75,1704958.0,22338.0,467.097301,466.17966666666666,50.751272175525344,-1.444646609131155,-2.81733189974583,1.3726852906146751
2022-07-15 04:00:00+00:00,474.58,480.42,473.11,476.6,859883.0,21352.0,475.769938,465.5536666666667,54.34135131064986,-0.45436533855757943,-2.34473858750818,1.8903732489506004
2022-07-18 04:00:00+00:00,475.09,482.9,472.97,474.01,1054736.0,17840.0,477.06375,464.74666666666667,52.969368742958686,0.1200643217329116,-1.8517780056599618,1.9718423273928734
2022-07-19 04:00:00+00:00,479.27,485.02,472.7,482.95,771482.0,20086.0,481.044721,464.4756666666666,57.00455041290189,1.2819101886643693,-1.2250403667950958,2.506950555459465
2022-07-20 04:00:00+00:00,486.33,486.94,478.96,483.2,560255.0,17806.0,483.470204,464.425,57.11535844492775,2.1975226463609374,-0.5405277641638891,2.7380504105248265
2022-07-21 04:00:00+00:00,480.55,496.37,469.72,492.74,1820798.0,30833.0,488.997892,464.7646666666667,61.22234549567122,3.650865481919652,0.2977508850528191,3.353114596866833
2022-07-22 04:00:00+00:00,491.76,493.28,480.55,485.7,1202148.0,23609.0,485.63253,464.6896666666667,56.89237830026509,4.186323652435249,1.075465438529305,3.110858213905944
2022-07-25 04:00:00+00:00,489.77,489.9399,472.34,478.98,811136.0,19178.0,479.292788,464.58033333333333,53.03643810978641,4.022066393979571,1.6647856296193582,2.357280764360213
2022-07-26 04:00:00+00:00,479.02,482.69,474.18,479.01,774051.0,19843.0,479.041351,464.741,53.051736030388874,3.8499324576512777,2.1018149952257423,1.7481174624255353
2022-07-27 04:00:00+00:00,478.27,482.84,466.68,475.94,1337028.0,32690.0,474.838212,465.457,51.21326969084793,3.426295527962111,2.3667111017730162,1.0595844261890948
2022-07-28 04:00:00+00:00,443.58,452.3,430.16,435.58,3177460.0,63338.0,437.186039,464.91066666666666,34.35680960924927,-0.16426098991928484,1.8605166834345561,-2.024777673353841
2022-07-29 04:00:00+00:00,434.005,444.07,425.0,432.1,2282941.0,45050.0,434.14053,464.3473333333333,33.3379017675081,-3.2531099883742627,0.8377913490727924,-4.090901337447055
2022-08-01 04:00:00+00:00,424.55,434.3,421.16,426.56,1378997.0,34642.0,426.857337,464.72100000000006,31.72489046015349,-6.0780132209144995,-0.545369564924666,-5.532643655989833
2022-08-02 04:00:00+00:00,428.67,442.78,425.4,437.65,1496182.0,36824.0,438.222215,464.57733333333334,38.17369086106443,-7.337319021669202,-1.9037594562735736,-5.433559565395629
2022-08-03 04:00:00+00:00,438.0,461.83,434.67,452.18,2188579.0,36652.0,453.397922,465.0676666666667,45.44436818424831,-7.081250130275748,-2.939257591074009,-4.141992539201739
2022-08-04 04:00:00+00:00,451.75,469.99,450.37,459.45,1115392.0,25319.0,460.221182,465.4413333333333,48.695330420086634,-6.219985327841755,-3.595403138427558,-2.624582189414197
2022-08-05 04:00:00+00:00,455.25,464.78,450.65,462.98,828895.0,24641.0,461.004383,465.7029999999999,50.2456747098129,-5.192726746700146,-3.914867860082076,-1.2778588866180698
2022-08-08 04:00:00+00:00,469.01,478.89,462.68,464.05,891292.0,23010.0,469.319418,465.735,50.73167088192952,-4.243362026470095,-3.98056669335968,-0.2627953331104149
2022-08-09 04:00:00+00:00,461.02,461.06,449.62,452.5,1030379.0,24872.0,452.406219,465.3396666666667,45.55852685455038,-4.372567877840083,-4.05896693025576,-0.3136009475843231
2022-08-10 04:00:00+00:00,460.47,467.1,454.92,462.69,1115170.0,24092.0,462.035004,465.52833333333336,50.36715765207487,-3.611090207228642,-3.969391585650337,0.35830137842169485
2022-08-11 04:00:00+00:00,466.23,473.84,461.49,466.19,922260.0,23523.0,467.233132,465.6066666666666,51.93743740758323,-2.694136588291144,-3.7143405861784986,1.0202039978873545
2022-08-12 04:00:00+00:00,472.81,479.1,469.03,478.12,821530.0,20373.0,476.413984,465.9263333333334,56.93841572277408,-0.9933423103396422,-3.1701409310107276,2.1767986206710854
2022-08-15 04:00:00+00:00,470.0,483.53,468.77,480.92,883385.0,23439.0,479.408044,465.9263333333334,58.04189995994369,0.5738707827601388,-2.421338588256554,2.995209371016693
2022-08-16 04:00:00+00:00,480.0,484.27,475.62,482.83,1041000.0,26686.0,480.736461,465.97999999999996,58.8171688350904,1.9475691231344285,-1.5475570459783576,3.495126169112786
2022-08-17 04:00:00+00:00,479.34,479.34,463.55,465.28,943845.0,25031.0,468.454048,465.76800000000003,49.725490760406934,1.6016339866968679,-0.9177188394433127,2.5193528261401807
2022-08-18 04:00:00+00:00,465.0,467.9249,456.2701,458.07,744564.0,21540.0,459.26547,465.5236666666667,46.542519960121766,0.7371932503234007,-0.5867364214899701,1.3239296718133708
2022-08-19 04:00:00+00:00,452.58,457.98,449.82,454.46,837424.0,24992.0,453.136412,465.22066666666666,44.989692433007406,-0.23645340353431266,-0.5166798178988385,0.2802264143645259
2022-08-22 04:00:00+00:00,452.83,457.31,437.41,438.51,902202.0,25328.0,442.091681,464.7246666666667,38.82608344245168,-2.2689520251773843,-0.8671342593545477,-1.4018177658228366
2022-08-23 04:00:00+00:00,437.64,440.25,428.9,432.06,1091062.0,27524.0,432.039032,463.5233333333333,36.64002614255524,-4.350038386576614,-1.563715084798961,-2.786323301777653
2022-08-24 04:00:00+00:00,434.04,438.65,428.84,429.18,1248445.0,29920.0,432.624452,462.308,35.67417683026888,-6.1606896567716944,-2.483109999193508,-3.6775796575781863
2022-08-25 04:00:00+00:00,428.67,438.9,426.21,438.54,938735.0,23126.0,434.586034,461.30100000000004,41.107684385595356,-6.762417123086664,-3.338971423972139,-3.4234456991145246
2022-08-26 04:00:00+00:00,437.88,446.01,425.35,425.77,1188760.0,27289.0,430.452389,459.6066666666666,36.56920679847415,-8.175480897286889,-4.306273318635089,-3.8692075786517997
2022-08-29 04:00:00+00:00,423.39,429.68,417.52,418.3,940804.0,25535.0,422.415783,457.74966666666666,34.191185557741775,-9.78531170730372,-5.402080996368816,-4.383230710934904
2022-08-30 04:00:00+00:00,422.21,422.23,409.25,409.51,1453834.0,33703.0,412.675443,455.3016666666667,31.588165301626375,-11.636258219911724,-6.648916441077397,-4.9873417788343275
2022-08-31 04:00:00+00:00,414.53,420.34,411.28,412.63,1420266.0,32257.0,414.836093,452.9493333333333,33.52274604861259,-12.704934168879163,-7.86011998663775,-4.844814182241413
2022-09-01 04:00:00+00:00,412.52,420.46,410.26,420.33,2047787.0,33563.0,418.27828,450.53566666666666,38.16979377893377,-12.783185306458961,-8.844733050601992,-3.9384522558569692
2022-09-02 04:00:00+00:00,420.33,422.02,405.35,407.14,853667.0,28029.0,411.569202,447.917,33.80980402123001,-13.751009584546182,-9.82598835739083,-3.9250212271553515
2022-09-06 04:00:00+00:00,406.33,410.4,394.68,397.0,1056315.0,33222.0,398.870306,445.1843333333333,30.888723925852034,-15.161458696044178,-10.8930824251215,-4.268376270922678
2022-09-07 04:00:00+00:00,398.33,405.48,397.1,402.55,1210851.0,31286.0,402.592542,442.6356666666667,34.23774015662822,-15.650996219912543,-11.844665184079709,-3.8063310358328337
2022-09-08 04:00:00+00:00,398.85,402.79,391.81,395.91,1239216.0,31798.0,396.269143,439.968,32.22572688028947,-16.385864693371616,-12.752905085938092,-3.6329596074335235
2022-09-09 04:00:00+00:00,400.35,408.09,399.5458,405.91,1101109.0,27490.0,405.778467,438.979,38.12325244570192,-15.97716204786667,-13.397756478323808,-2.579405569542862
2022-09-12 04:00:00+00:00,409.99,413.7,405.07,406.45,980189.0,26428.0,407.506098,438.124,38.43479597108454,-15.43180057862071,-13.80456529838319,-1.6272352802375192
2022-09-13 04:00:00+00:00,395.99,401.845,386.27,386.89,1294346.0,35434.0,391.295397,436.8016666666666,32.125256880017446,-16.38900397931269,-14.32145303456909,-2.0675509447435996
2022-09-14 04:00:00+00:00,387.8,388.355,377.92,385.11,1591845.0,35218.0,383.747882,435.05033333333336,31.616601000165588,-17.094174689492206,-14.875997365553715,-2.218177323938491
2022-09-15 04:00:00+00:00,384.06,387.6841,373.93,376.0,2226246.0,37410.0,378.275317,432.511,29.07891052700697,-18.178577101291125,-15.5365133127012,-2.642063788589926
2022-09-16 04:00:00+00:00,375.46,381.44,371.61,377.58,2456057.0,32199.0,377.096688,429.78200000000004,30.126424515272205,-18.694976972628865,-16.168206044686734,-2.526770927942131
2022-09-19 04:00:00+00:00,374.77,377.545,365.58,372.13,1913022.0,30616.0,370.258968,426.7536666666667,28.559462185112594,-19.32127343054151,-16.79881952185769,-2.5224539086838185
2022-09-20 04:00:00+00:00,367.04,371.52,361.3,362.94,1632024.0,35311.0,365.240045,423.3833333333333,26.09474177891775,-20.324881499498304,-17.504031917385817,-2.820849582112487
2022-09-21 04:00:00+00:00,365.21,365.375,352.79,353.03,1206298.0,28615.0,358.66633,420.06766666666664,23.717718809843646,-21.670102846977272,-18.33724610330411,-3.3328567436731618
2022-09-22 04:00:00+00:00,352.03,352.93,331.54,333.96,2101189.0,46155.0,336.556378,415.77666666666664,19.951411722204327,-23.99835201839835,-19.46946728632296,-4.52888473207539
2022-09-23 04:00:00+00:00,330.98,334.14,318.53,321.66,1917213.0,49232.0,323.877979,410.959,17.969361892690884,-26.530189950213753,-20.88161181910112,-5.648578131112632
2022-09-26 04:00:00+00:00,321.44,324.735,305.37,306.2,2063003.0,44472.0,308.834706,405.22833333333335,15.839413435708025,-29.444761663741872,-22.594241788029272,-6.8505198757126
2022-09-27 04:00:00+00:00,312.13,315.82,305.31,306.89,1789736.0,35269.0,308.570729,399.4273333333333,16.316176102315453,-31.337662445979163,-24.34292591961925,-6.994736526359912
2022-09-28 04:00:00+00:00,311.78,324.71,309.2,321.08,1981267.0,42399.0,319.435021,394.03566666666666,25.644899946552954,-31.3316141990598,-25.740663575507362,-5.5909506235524375
2022-09-29 04:00:00+00:00,319.18,320.49,310.44,312.59,1520221.0,34333.0,312.878692,388.946,23.926331573509415,-31.647085068863134,-26.921947874178517,-4.725137194684617
2022-09-30 04:00:00+00:00,315.25,315.8045,302.94,303.35,2251973.0,42665.0,308.409886,383.78866666666664,22.183911392861518,-32.27069233074474,-27.991696765491763,-4.278995565252973
2022-10-03 04:00:00+00:00,307.99,321.15,304.17,320.27,2115331.0,41429.0,315.878786,379.31566666666663,31.95584822535922,-31.04177275152665,-28.601711962698744,-2.440060788827907
2022-10-04 04:00:00+00:00,323.51,330.6,321.0,328.54,2318168.0,41189.0,327.376944,375.65,36.17469713403831,-29.065476525626195,-28.694464875284233,-0.3710116503419627
2022-10-05 04:00:00+00:00,324.42,332.02,319.63,329.28,1838724.0,29089.0,326.909993,372.22400000000005,36.553767556272774,-27.12683445091068,-28.380938790409523,1.254104339498845
2022-10-06 04:00:00+00:00,327.37,330.475,321.24,323.95,1310801.0,27743.0,324.36398,368.71633333333335,34.943941058843976,-25.72400280318874,-27.84955159296537,2.12554878977663
2022-10-07 04:00:00+00:00,321.26,323.45,311.36,312.53,1117011.0,29343.0,314.402536,364.51599999999996,31.720562020248252,-25.242764300806186,-27.328194134533533,2.0854298337273462
2022-10-10 04:00:00+00:00,314.46,320.61,311.84,318.3,1216918.0,31110.0,317.904058,360.9336666666667,34.98384809204519,-24.117773858189594,-26.686110079264747,2.5683362210751532
2022-10-11 04:00:00+00:00,318.18,320.51,307.415,308.44,1292903.0,30315.0,311.561713,357.27166666666665,32.15565920154981,-23.74807737057614,-26.098503537527026,2.3504261669508857
2022-10-12 04:00:00+00:00,307.31,310.53,302.77,306.31,1145746.0,27564.0,306.423775,353.83166666666665,31.5620596802993,-23.357710294861022,-25.550344888993827,2.192634594132805
2022-10-13 04:00:00+00:00,299.2,326.76,297.66,325.94,1992295.0,45233.0,320.085007,350.942,42.159346636094405,-21.219756485741016,-24.684227208343266,3.4644707226022504
2022-10-14 04:00:00+00:00,328.95,331.95,321.75,323.31,1741121.0,40437.0,324.660048,347.70799999999997,41.23801569663402,-19.512701433174186,-23.649922053309453,4.137220620135267
2022-10-17 04:00:00+00:00,328.28,335.86,324.82,331.69,1498869.0,33587.0,331.243783,345.19300000000004,45.33710487615312,-17.284408142038615,-22.37681927105529,5.092411129016675
2022-10-18 04:00:00+00:00,337.66,343.82,326.855,328.87,1017686.0,28345.0,331.141,342.92199999999997,44.21923334574025,-15.566578262749658,-21.014771069394165,5.4481928066445064
2022-10-19 04:00:00+00:00,329.14,330.94,320.44,324.65,1442017.0,30212.0,324.750513,340.32533333333333,42.529282046004,-14.379941425554591,-19.68780514062625,5.307863715071658
2022-10-20 04:00:00+00:00,325.66,331.7,323.1306,328.12,1282358.0,29924.0,327.815632,338.06566666666663,44.41057684743682,-13.009557106663237,-18.35215553383365,5.342598427170412
2022-10-21 04:00:00+00:00,327.28,330.76,322.67,330.4,1887055.0,29193.0,328.97685,335.54866666666663,45.669060287197624,-11.605756775831992,-17.002875782233318,5.397119006401326
2022-10-24 04:00:00+00:00,330.85,338.755,330.85,337.07,2125910.0,34580.0,336.525305,333.236,49.28613685579558,-9.841574103233938,-15.570615446433441,5.729041343199503
2022-10-25 04:00:00+00:00,338.88,348.34,337.83,346.71,1405504.0,34045.0,344.89657,331.89666666666665,54.04774047817039,-7.57822216198781,-13.972136789544315,6.393914627556505
2022-10-26 04:00:00+00:00,350.8,354.52,344.25,344.87,1179415.0,31081.0,347.285682,330.55533333333335,53.02438236598127,-5.86535984719967,-12.350781401075388,6.485421553875717
2022-10-27 04:00:00+00:00,354.05,367.87,353.505,355.26,2018499.0,51115.0,359.435482,329.8639999999999,57.87475336521968,-3.6277000866425624,-10.606165138188823,6.9784650515462605
2022-10-28 04:00:00+00:00,353.0,376.955,337.13,368.24,2344437.0,50691.0,367.208497,329.55266666666665,63.012796902626405,-0.79776494561753,-8.644485099674565,7.846720154057035
2022-10-31 04:00:00+00:00,363.39,371.815,357.5,367.62,1577507.0,40375.0,366.818495,329.40233333333333,62.619908299457876,1.3790533551356816,-6.639777408712517,8.018830763848198
2022-11-01 04:00:00+00:00,374.13,379.67,356.0,357.0,2530400.0,40666.0,360.231147,329.2043333333333,56.16054784137243,2.221642583872324,-4.867493410195549,7.089135994067873
2022-11-02 04:00:00+00:00,354.11,358.52,346.06,347.245,1416379.0,38807.0,350.30866,329.0115,50.960599143051624,2.0782963376247494,-3.4783354606314894,5.556631798256239
2022-11-03 04:00:00+00:00,344.07,345.72,335.2498,344.25,1190512.0,35958.0,341.364146,329.35450000000003,49.446827409415036,1.7033863573723238,-2.4419910970307273,4.145377454403051
2022-11-04 04:00:00+00:00,350.47,352.81,342.38,348.82,1221964.0,33917.0,347.609781,330.25983333333335,51.799603166885134,1.7548000610791519,-1.6026328654087516,3.3574329264879035
2022-11-07 05:00:00+00:00,349.33,354.26,343.665,353.28,1085209.0,34356.0,350.303738,331.82916666666665,54.04734323781145,2.130867207161998,-0.8559328508946018,2.9868000580566
2022-11-08 05:00:00+00:00,353.09,359.65,348.41,354.66,941192.0,28821.0,354.059022,333.42150000000004,54.75047769950099,2.5113087921880037,-0.18248452227808065,2.6937933144660846
2022-11-09 05:00:00+00:00,352.08,354.2,348.01,349.88,1197751.0,26171.0,350.807902,334.3815,51.79421832468183,2.399446116157833,0.3339016054091021,2.065544510748731
2022-11-10 05:00:00+00:00,366.65,374.34,362.8,373.16,1539262.0,40426.0,371.157317,336.40049999999997,62.43317188270814,4.14155432022352,1.0954321483719855,3.0461221718515343
2022-11-11 05:00:00+00:00,377.56,398.07,371.95,394.4,1589392.0,45985.0,390.609334,339.43549999999993,69.12776358279447,7.153615684431998,2.3070688555839878,4.84654682884801
2022-11-14 05:00:00+00:00,392.56,395.81,387.4,387.81,1040082.0,29688.0,390.455697,341.68683333333337,65.2429621681336,8.90627213007184,3.6269095104815587,5.279362619590282
2022-11-15 05:00:00+00:00,396.98,403.49,388.24,392.09,886053.0,29477.0,394.845118,343.8051666666667,66.55745631666133,10.519364534717624,5.005400515328772,5.513964019388852
2022-11-16 05:00:00+00:00,393.04,394.945,385.4,388.91,798533.0,27429.0,388.372478,345.7928333333333,64.60251659392875,11.40962935847466,6.286246283957951,5.12338307451671
2022-11-17 05:00:00+00:00,386.1,388.0,380.11,384.29,1120562.0,31661.0,383.392599,347.8041666666667,61.764123902634346,11.60855901402823,7.350708829972007,4.257850184056224
2022-11-18 05:00:00+00:00,385.51,388.58,370.35,374.38,1115640.0,31032.0,375.182775,349.86583333333334,56.073057612940396,10.841583000413152,8.048883664060236,2.792699336352916
2022-11-21 05:00:00+00:00,376.6,376.6,364.3,369.0,1377166.0,36154.0,368.241964,351.5558333333334,53.20678382928549,9.687951274641648,8.37669718617652,1.3112540884651285
2022-11-22 05:00:00+00:00,371.78,387.52,369.35,385.55,1445679.0,38535.0,382.963323,354.1261666666667,59.98328173540852,9.993932671548407,8.700144283250898,1.293788388297509
2022-11-23 05:00:00+00:00,384.93,393.87,384.45,390.23,1125492.0,30627.0,390.52319,356.9235,61.67354220112145,10.493104048936289,9.058736236387977,1.4343678125483112
2022-11-25 05:00:00+00:00,393.06,394.4,387.76,390.11,444857.0,16066.0,391.536292,359.0625,61.601692513389224,10.755040552030152,9.397997099516413,1.3570434525137394
2022-11-28 05:00:00+00:00,385.03,388.62,382.16,384.47,805468.0,25222.0,384.988098,361.10116666666664,58.17149775179322,10.387782364402426,9.595954152493615,0.7918282119088111
2022-11-29 05:00:00+00:00,382.93,387.03,382.93,385.28,670476.0,20738.0,385.083817,362.8875,58.52865939113905,10.046280566524274,9.686019435299748,0.36026113122452585
2022-11-30 05:00:00+00:00,384.0,393.67,372.57,391.29,2351802.0,38828.0,388.719738,364.96816666666666,61.177467471526114,10.14366484947999,9.777548518135797,0.36611633134419286
2022-12-01 05:00:00+00:00,389.3,395.77,384.3383,389.16,1354988.0,34504.0,389.563338,367.1185,59.721594029572955,9.934451226730346,9.808929059854707,0.12552216687563877
2022-12-02 05:00:00+00:00,381.2,393.3,378.41,392.69,939924.0,28966.0,389.283157,369.2708333333333,61.362634967542746,9.938919741935251,9.834927196270817,0.10399254566443439
2022-12-05 05:00:00+00:00,389.91,394.97,386.42,387.79,1509061.0,27161.0,388.568526,371.1838333333334,57.839894177992065,9.438273481860051,9.755596453388664,-0.317322971528613
2022-12-06 05:00:00+00:00,385.73,385.73,366.94,371.17,1265224.0,35899.0,371.401195,372.3205,47.81346046161683,7.6126586230334965,9.32700888731763,-1.7143502642841337
2022-12-07 05:00:00+00:00,370.56,377.98,368.05,374.89,836389.0,27769.0,374.475076,373.25983333333335,49.90659042094707,6.392331783519467,8.740073466557998,-2.3477416830385316
2022-12-08 05:00:00+00:00,375.0,379.8,371.04,374.31,821970.0,27205.0,375.137989,374.24116666666663,49.5727412012439,5.317120364714754,8.05548284618935,-2.7383624814745957
2022-12-09 05:00:00+00:00,371.12,383.5199,369.73,380.57,1104868.0,34324.0,379.559994,375.08483333333334,53.21079529061061,4.91349751106759,7.427085779164998,-2.5135882680974087
2022-12-12 05:00:00+00:00,382.02,385.75,374.53,384.4,1369958.0,39226.0,381.276281,375.6235,55.33399116939366,4.846801571474373,6.911028937626874,-2.064227366152501
2022-12-13 05:00:00+00:00,401.17,402.9,383.9801,392.68,1591818.0,46021.0,391.221762,376.45883333333336,59.60195734332652,5.3998255325170135,6.608788256604902,-1.2089627240878889
2022-12-14 05:00:00+00:00,343.07,350.81,326.64,328.34,5707100.0,125749.0,337.744648,375.5035,33.119340245843944,0.639034327835077,5.414837470850937,-4.77580314301586
2022-12-15 05:00:00+00:00,325.0,333.8,312.77,313.43,3139200.0,81186.0,320.324168,374.3763333333333,29.813412631309177,-4.287614443101802,3.4743470880603895,-7.761961531162191
2022-12-16 05:00:00+00:00,309.0,313.99,303.5501,304.96,3710842.0,61906.0,305.495416,373.06666666666666,28.097594494915015,-8.774332261435916,1.0246112181611287,-9.798943479597044
2022-12-19 05:00:00+00:00,304.66,311.33,302.21,306.16,1543803.0,34578.0,306.619036,371.6446666666667,28.72347096545218,-12.093848133219694,-1.599080652115036,-10.494767481104658
2022-12-20 05:00:00+00:00,305.75,311.67,302.44,309.29,1461475.0,32260.0,307.968765,370.1783333333333,30.424643720142882,-14.307100190791402,-4.1406845598503095,-10.166415630941092
2022-12-21 05:00:00+00:00,311.01,322.4,309.67,321.34,2002372.0,45348.0,319.829524,369.06766666666664,36.689419925195836,-14.916832142555108,-6.29591407639127,-8.620918066163838
2022-12-22 05:00:00+00:00,317.6,324.48,315.69,323.88,1671678.0,38670.0,320.676935,368.201,37.9575689220161,-15.021928889463425,-8.041117039005702,-6.980811850457723
2022-12-23 05:00:00+00:00,327.56,333.95,324.74,333.92,1377201.0,31877.0,331.714316,366.89300000000003,42.83207998689832,-14.132167891862025,-9.259327209576966,-4.872840682285059
2022-12-27 05:00:00+00:00,336.85,339.51,331.63,332.79,1373814.0,27361.0,334.833719,364.83933333333334,42.42803973371951,-13.364153800956558,-10.080292527852885,-3.283861273103673
2022-12-28 05:00:00+00:00,332.0,335.89,330.0,332.34,1052986.0,25014.0,332.838507,362.9903333333333,42.257087890368645,-12.646032746247556,-10.59344057153182,-2.052592174715736
2022-12-29 05:00:00+00:00,336.58,342.105,333.8,338.94,1289728.0,31310.0,339.312118,361.21866666666665,45.71202815883926,-11.412792230492755,-10.757310903324008,-0.6554813271687472
2022-12-30 05:00:00+00:00,336.3,339.87,334.98,339.1,1201013.0,25591.0,337.997005,359.55833333333334,45.796697920245784,-10.303754308115117,-10.666599584282231,0.36284527616711415
2023-01-03 05:00:00+00:00,342.06,345.53,337.18,341.58,1522032.0,31059.0,341.341873,358.1346666666667,47.17202212934896,-9.119593493624222,-10.35719836615063,1.2376048725264077
2023-01-04 05:00:00+00:00,347.01,355.9257,345.21,354.0,1642891.0,33613.0,352.743384,357.45533333333333,53.531128210652,-7.0971359495800925,-9.705185882836524,2.6080499332564315
2023-01-05 05:00:00+00:00,362.4,365.88,355.37,361.43,1489468.0,38224.0,360.555179,357.20300000000003,56.87545358581598,-4.839003845846605,-8.73194947543854,3.892945629591935
2023-01-06 05:00:00+00:00,367.07,370.29,360.79,367.73,1086004.0,27795.0,367.008305,356.60900000000004,59.53474020143321,-2.5121025811454274,-7.487980096579918,4.97587751543449
2023-01-09 05:00:00+00:00,365.0,369.08,363.54,367.06,731394.0,20191.0,366.347262,355.8366666666667,59.11722376708007,-0.713851133517494,-6.133154303967434,5.41930317044994
