timestamp,open,high,low,close,volume,trade_count,vwap,30sma,rsi,macd,signal,histogram
2022-01-03 05:00:00+00:00,205.0,205.575,193.51,198.33,5318904.0,104303.0,196.89168,,,,,
2022-01-04 05:00:00+00:00,195.89,197.445,183.32,189.19,6503074.0,134890.0,187.752853,,,,,
2022-01-05 05:00:00+00:00,185.0,191.36,178.99,179.29,4992082.0,96689.0,183.593074,,,,,
2022-01-06 05:00:00+00:00,180.25,192.17,176.25,187.49,6364487.0,115367.0,186.768252,,,,,
2022-01-07 05:00:00+00:00,185.0,193.27,184.81,188.99,3529128.0,70991.0,188.54951,,,,,
2022-01-10 05:00:00+00:00,182.61,193.18,174.87,192.5,7042828.0,133807.0,182.995643,,,,,
2022-01-11 05:00:00+00:00,189.61,198.5,188.74,196.11,3663060.0,67658.0,195.512281,,,,,
2022-01-12 05:00:00+00:00,196.61,200.68,185.7,187.97,5999397.0,94992.0,189.691876,,,,,
2022-01-13 05:00:00+00:00,188.15,188.49,173.53,174.9,7560906.0,136247.0,178.522238,,,,,
2022-01-14 05:00:00+00:00,173.87,181.4999,172.17,176.7,4671499.0,87926.0,176.36756,,,,,
2022-01-18 05:00:00+00:00,172.73,183.88,170.05,172.85,4745163.0,80198.0,176.896231,,,,,
2022-01-19 05:00:00+00:00,171.71,181.8872,171.52,175.71,4432318.0,73053.0,178.169781,,,,,
2022-01-20 05:00:00+00:00,177.33,182.5,173.335,173.89,3167006.0,61322.0,178.062211,,,,,
2022-01-21 05:00:00+00:00,171.88,173.25,163.11,164.73,6330193.0,120177.0,166.977999,,,,,
2022-01-24 05:00:00+00:00,157.175,168.22,150.02,167.27,8637077.0,136185.0,158.489072,,30.366624525916578,,,
2022-01-25 05:00:00+00:00,167.0,168.95,157.5,158.59,5274040.0,76973.0,160.428059,,27.157294185176823,,,
2022-01-26 05:00:00+00:00,162.26,171.24,159.27,160.94,4966566.0,79255.0,165.445102,,29.334785368367363,,,
2022-01-27 05:00:00+00:00,164.16,167.77,158.36,159.81,3878065.0,63181.0,162.646783,,28.887610670371544,,,
2022-01-28 05:00:00+00:00,160.6,169.17,156.12,168.9,4511336.0,68530.0,164.797041,,37.18308180592238,,,
2022-01-31 05:00:00+00:00,170.7,180.88,170.24,180.64,4935512.0,76956.0,178.167773,,45.95231778510288,,,
2022-02-01 05:00:00+00:00,182.01,182.9137,176.24,182.15,3000872.0,57070.0,180.639073,,46.9775875457696,,,
2022-02-02 05:00:00+00:00,183.0,185.0,174.08,177.04,3523930.0,54064.0,177.877729,,43.93986287976816,,,
2022-02-03 05:00:00+00:00,171.9733,175.8,169.52,170.63,3211877.0,50587.0,171.832136,,40.409921325797,,,
2022-02-04 05:00:00+00:00,170.89,178.64,169.0,177.21,2078305.0,43193.0,175.899807,,45.27044725162419,,,
2022-02-07 05:00:00+00:00,176.8,183.19,176.36,178.84,1982722.0,43859.0,180.351157,,46.435991510576265,,,
2022-02-08 05:00:00+00:00,175.98,184.12,175.83,178.9,3817986.0,53647.0,179.819521,,46.481173129155145,-2.1016982326233915,,
2022-02-09 05:00:00+00:00,182.1,187.0,181.01,186.9,2533214.0,48183.0,185.086857,,52.263025817947785,-1.0425239702298654,,
2022-02-10 05:00:00+00:00,182.22,193.48,182.22,187.88,3381795.0,61982.0,189.23264,,52.93382133025135,-0.12262933194170955,,
2022-02-11 05:00:00+00:00,188.49,191.25,178.61,181.86,3090146.0,57204.0,183.36953,,48.43167269969715,0.119255405542674,,
2022-02-14 05:00:00+00:00,180.0633,186.62,179.91,180.6,2561781.0,39822.0,182.210941,178.56033333333335,47.52065310268059,0.20689438328065535,,
2022-02-15 05:00:00+00:00,185.103,189.5,182.41,189.3,2413257.0,39955.0,187.127223,178.25933333333333,53.96032695286422,0.9672167232943707,,
2022-02-16 05:00:00+00:00,186.2361,186.6123,180.34,183.28,2696419.0,53127.0,182.943752,178.06233333333333,49.43956143046317,1.0716605313017453,,
2022-02-17 05:00:00+00:00,181.86,181.88,168.96,169.85,3584516.0,70013.0,172.447473,177.74766666666665,41.155719343764375,0.06993803864313008,,
2022-02-18 05:00:00+00:00,169.06,170.98,164.12,164.93,3273393.0,59998.0,166.003433,176.99566666666666,38.603832582612995,-1.108162923281924,-0.21556104177936833,-0.8926018815025556
2022-02-22 05:00:00+00:00,161.5,170.88,161.5,166.71,3174244.0,54990.0,166.962393,176.25300000000001,40.052086971828416,-1.8765535581430584,-0.5477595450521063,-1.3287940130909521
2022-02-23 05:00:00+00:00,170.615,171.6,161.636,161.83,3659350.0,68707.0,165.639644,175.23066666666668,37.444290459112985,-2.846471536360241,-1.0075019433137333,-1.8389695930465075
2022-02-24 05:00:00+00:00,153.5,184.33,153.5,182.99,9575214.0,153944.0,175.013229,174.79333333333335,52.02925912190122,-1.885963154207218,-1.1831941854924302,-0.7027689687147878
2022-02-25 05:00:00+00:00,182.51,183.7,174.26,181.75,5286506.0,97842.0,179.36547,174.58599999999998,51.27480425898201,-1.210853018284439,-1.188725952050832,-0.02212706623360705
2022-02-28 05:00:00+00:00,187.35,197.25,186.73,195.21,8106722.0,133564.0,193.434255,175.26299999999998,58.33706210567928,0.4056105129175762,-0.8698586590571503,1.2754691719747266
2022-03-01 05:00:00+00:00,201.4162,205.68,195.8535,197.64,6527749.0,115947.0,200.737511,175.96099999999998,59.47893234527122,1.861294356304711,-0.32362805598477806,2.184922412289489
2022-03-02 05:00:00+00:00,198.6,203.37,190.27,201.75,4162652.0,81561.0,197.824242,176.92433333333335,61.40561935959246,3.3084393121629603,0.40278541764476966,2.9056538945181907
2022-03-03 05:00:00+00:00,200.0,204.8,189.08,191.02,5036890.0,96020.0,193.639193,177.43466666666666,54.16476610280127,3.54858491219818,1.031945316555452,2.516639595642728
2022-03-04 05:00:00+00:00,193.76,193.86,177.28,179.03,4641435.0,92453.0,181.267368,177.60600000000002,47.433850366226714,2.7398262237677216,1.373521497997906,1.3663047257698155
2022-03-07 05:00:00+00:00,180.99,182.46,165.59,167.4,4993881.0,91555.0,171.351724,177.69500000000002,41.98398076550216,1.1472109980883545,1.3282593980159958,-0.18104839992764132
2022-03-08 05:00:00+00:00,165.0,165.01,155.36,156.77,6398238.0,112967.0,159.161954,177.345,37.71830242899944,-0.9616153012113102,0.8702844581705347,-1.831899759381845
2022-03-09 05:00:00+00:00,161.31,171.08,157.6701,169.79,9057915.0,145457.0,171.535307,177.71833333333333,45.07879605599394,-1.5642385807057906,0.3833798503952697,-1.9476184311010603
2022-03-10 05:00:00+00:00,187.9,198.67,182.55,191.02,23997061.0,289418.0,191.836188,178.721,54.51753882277137,-0.324991992495427,0.24170548181713036,-0.5666974743125573
2022-03-11 05:00:00+00:00,191.12,197.0,189.5,190.54,7888321.0,117099.0,193.157987,179.74533333333332,54.29035744496786,0.6113407132818907,0.31563252811008247,0.2957081851718082
2022-03-14 04:00:00+00:00,188.01,191.92,178.0,183.12,5706466.0,100536.0,183.53977,180.21933333333334,50.768451482369876,0.7460590358905392,0.40171782966617386,0.34434120622436537
2022-03-15 04:00:00+00:00,183.5,189.04,178.16,188.64,4998139.0,76076.0,185.859194,180.486,53.20073364852631,1.283447362311648,0.5780637361952687,0.7053836261163793
2022-03-16 04:00:00+00:00,191.59,197.82,181.28,189.66,7584258.0,112224.0,188.814201,180.73633333333333,53.656357449231585,1.7712194429856254,0.81669487755334,0.9545245654322854
2022-03-17 04:00:00+00:00,189.28,205.11,186.52,204.13,6434969.0,103611.0,200.04937,181.63933333333335,59.65688974420083,3.287494213394183,1.3108547447215086,1.9766394686726743
2022-03-18 04:00:00+00:00,201.6,209.6746,200.75,208.06,6541978.0,88935.0,207.154841,182.88700000000003,61.128979390146114,4.751498729088695,1.9989835415949462,2.752515187493749
2022-03-21 04:00:00+00:00,203.0,205.49,195.5,204.13,6221228.0,103576.0,201.125316,183.78433333333334,58.81767359995491,5.5308584068654625,2.70535851464905,2.8254998922164125
2022-03-22 04:00:00+00:00,204.2,219.75,204.12,217.06,6336803.0,115107.0,215.565569,185.05833333333334,63.68298918436696,7.109891107039658,3.5862650331271717,3.5236260739124865
2022-03-23 04:00:00+00:00,213.245,223.98,210.565,219.48,4581073.0,83108.0,218.915043,186.411,64.52766762378525,8.459049021910715,4.560821830883881,3.8982271910268347
2022-03-24 04:00:00+00:00,220.0,223.49,215.2,223.4,3012857.0,61744.0,220.26209,187.62766666666667,65.91076865965988,9.732388709950328,5.5951352066971705,4.137253503253158
2022-03-25 04:00:00+00:00,225.0,225.75,216.7,221.95,2795398.0,57015.0,219.964432,188.76333333333332,64.90269215734244,10.503439591349434,6.576796083627624,3.92664350772181
2022-03-28 04:00:00+00:00,220.15,225.75,216.91,222.12,5179813.0,102049.0,220.938442,190.10533333333333,64.97033761966591,11.001403221034252,7.461717511108949,3.539685709925303
2022-03-29 04:00:00+00:00,224.45,225.44,213.55,223.01,4306483.0,80545.0,220.234257,191.51899999999998,65.34689639255592,11.337170700462082,8.236808148979577,3.1003625514825046
2022-03-30 04:00:00+00:00,220.74,231.5,218.38,224.96,4551594.0,90558.0,227.119465,192.70766666666668,66.20411180568347,11.62659341852708,8.914765202889079,2.7118282156380005
2022-03-31 04:00:00+00:00,225.05,232.35,223.03,227.08,4140559.0,67488.0,228.80329,194.16766666666666,67.15536942543926,11.889969127341232,9.50980598777951,2.3801631395617218
2022-04-01 04:00:00+00:00,225.3,232.86,224.53,227.85,3902761.0,67985.0,228.026108,196.10100000000003,67.51303974980016,12.022243894903966,10.012293569204402,2.0099503256995632
2022-04-04 04:00:00+00:00,228.0,230.07,225.6,229.03,3003410.0,59756.0,228.358147,198.23766666666668,68.08658511014792,12.083003397753373,10.426435534914196,1.656567862839177
2022-04-05 04:00:00+00:00,229.99,230.37,217.885,219.96,3555334.0,68306.0,221.34224,200.01266666666666,59.405128540859636,11.26937618890031,10.59502366571142,0.6743525231888903
2022-04-06 04:00:00+00:00,212.535,215.59,207.2001,211.22,4353974.0,80785.0,211.781132,201.65900000000002,52.46327747987802,9.806285057304308,10.437275944029999,-0.6309908867256908
2022-04-07 04:00:00+00:00,210.78,221.5,210.28,217.03,3521536.0,62297.0,217.062106,202.79366666666667,56.13304243705886,9.011711833890871,10.152163122002175,-1.1404512881113043
2022-04-08 04:00:00+00:00,221.5,227.7,215.2,218.21,6722139.0,107030.0,220.629052,204.00900000000001,56.86143460983946,8.380616438522594,9.797853785306259,-1.417237346783665
2022-04-11 04:00:00+00:00,213.77,219.99,208.44,216.6,3151246.0,62340.0,215.576354,204.722,55.507164325789454,7.662229830316392,9.370728994308287,-1.7084991639918954
2022-04-12 04:00:00+00:00,227.35,236.1794,222.33,223.51,8688622.0,131364.0,228.336898,205.58433333333332,59.91939911802753,7.563297532373497,9.009242701921329,-1.4459451695478318
2022-04-13 04:00:00+00:00,224.11,242.0,223.75,239.86,8102158.0,132255.0,236.317184,206.85466666666667,68.00444620847738,8.703868552134793,8.948167871964023,-0.2442993198292296
2022-04-14 04:00:00+00:00,238.02,239.55,235.06,235.22,4345591.0,80911.0,236.7673,208.328,64.05542767417408,9.128146490100079,8.984163595591234,0.14398289450884505
2022-04-18 04:00:00+00:00,234.0,234.5,222.16,224.99,3593818.0,76027.0,226.586065,209.85999999999999,56.2937692102915,8.540465142464882,8.895423904965964,-0.3549587625010826
2022-04-19 04:00:00+00:00,224.99,230.76,222.3,228.66,2705887.0,55579.0,227.957916,211.90200000000002,58.24832301971493,8.275467332865048,8.771432590545782,-0.49596525768073363
2022-04-20 04:00:00+00:00,229.32,232.0,217.5,222.49,3408778.0,69694.0,222.400261,214.09266666666664,53.885384940682506,7.481346914143074,8.51341545526524,-1.0320685411221664
2022-04-21 04:00:00+00:00,223.81,227.2,207.82,209.85,3161752.0,69918.0,214.875782,215.428,46.24361448563901,5.765596193900592,7.963851602992311,-2.1982554090917192
2022-04-22 04:00:00+00:00,209.0,214.165,203.68,205.62,2804030.0,54308.0,207.127848,215.91466666666668,43.99505273954012,4.018206356743065,7.174722553742462,-3.156516196999397
2022-04-25 04:00:00+00:00,202.84,216.5,202.11,214.58,3005079.0,58591.0,212.236407,216.716,49.586824376855304,3.3181350443633164,6.403405051866633,-3.0852700075033166
2022-04-26 04:00:00+00:00,211.74,212.85,201.07,201.4,3325385.0,65018.0,204.86356,217.32533333333333,42.81492756408171,1.6804366082326112,5.458811363139828,-3.778374754907217
2022-04-27 04:00:00+00:00,200.09,206.96,198.14,201.06,2584727.0,51302.0,202.994788,217.73933333333335,42.65310358967713,0.3510667610278233,4.437262442717428,-4.086195681689604
2022-04-28 04:00:00+00:00,202.81,209.97,198.57,207.06,2580942.0,51236.0,204.901364,218.31933333333333,46.49626617099828,-0.2158306037169666,3.506643833430549,-3.7224744371475156
2022-04-29 04:00:00+00:00,206.61,212.19,197.8,198.76,2924654.0,50345.0,203.697307,218.14033333333333,42.27560759739956,-1.3196296147994246,2.5413891437845546,-3.8610187585839792
2022-05-02 04:00:00+00:00,198.5,204.5,196.57,203.65,2263360.0,45398.0,201.265837,217.9933333333333,45.4191401785741,-1.7793054255928666,1.6772502299090706,-3.456555655501937
2022-05-03 04:00:00+00:00,203.65,207.83,195.11,199.4,3321068.0,58019.0,199.606118,217.8356666666667,43.21635819176034,-2.4582046457233844,0.8501592547825798,-3.308363900505964
2022-05-04 04:00:00+00:00,200.36,200.7,181.39,200.39,6165279.0,99327.0,190.247213,217.28,43.89890881012711,-2.8831176569854904,0.10350387242896575,-2.9866215294144562
2022-05-05 04:00:00+00:00,199.02,199.04,177.1726,180.98,4959868.0,103994.0,182.682414,215.9966666666667,35.012769608876326,-4.731546738094124,-0.8635062496756523,-3.868040488418472
2022-05-06 04:00:00+00:00,178.665,178.89,160.74,164.81,8255828.0,139632.0,167.263986,214.04366666666664,29.631526841332487,-7.415739929981612,-2.1739529857368445,-5.241786944244767
2022-05-09 04:00:00+00:00,159.01,160.6,142.06,143.69,8902295.0,159870.0,148.924111,211.435,24.36433378197121,-11.119016762030412,-3.9629657409955583,-7.156051021034854
2022-05-10 04:00:00+00:00,150.67,154.27,139.71,151.88,7344126.0,111400.0,148.180204,209.09366666666668,29.591036834320747,-13.240398704381704,-5.818452333672788,-7.421946370708916
2022-05-11 04:00:00+00:00,148.324,152.745,136.82,137.4,6436404.0,101531.0,143.413823,206.23999999999998,26.15032973765311,-15.906662064293613,-7.836094279796953,-8.07056778449666
2022-05-12 04:00:00+00:00,134.2,145.0,130.0,139.81,5963812.0,92404.0,138.384702,203.40166666666667,27.658016415879118,-17.62209162474545,-9.793293748786652,-7.828797875958799
2022-05-13 04:00:00+00:00,143.06,157.7579,143.06,156.29,6224086.0,90288.0,153.483445,201.042,37.11276311809549,-17.45062371199694,-11.32475974142871,-6.125863970568229
2022-05-16 04:00:00+00:00,154.0,157.68,144.82,146.32,3897546.0,72854.0,148.872479,198.32433333333333,34.20059908672529,-17.912742883353587,-12.642356369813687,-5.270386513539901
2022-05-17 04:00:00+00:00,151.33,154.87,140.8,147.18,5017919.0,72709.0,146.560109,195.596,34.67675400811332,-18.002064252554902,-13.714297946361931,-4.287766306192971
2022-05-18 04:00:00+00:00,144.18,148.42,136.36,138.5,5818615.0,86470.0,139.74413,192.88066666666666,32.148109736357355,-18.55931530531882,-14.68330141815331,-3.8760138871655094
2022-05-19 04:00:00+00:00,138.6,148.79,136.68,142.64,4551019.0,73280.0,143.587431,190.59466666666665,34.59777705773972,-18.45414943149777,-15.437471020822201,-3.016678410675567
2022-05-20 04:00:00+00:00,151.78,156.7052,142.05,148.74,7924702.0,116949.0,149.415542,188.31833333333333,38.14149196875785,-17.674841132276157,-15.884945043112992,-1.7898960891631646
2022-05-23 04:00:00+00:00,147.76,153.97,144.87,149.27,4377714.0,63024.0,148.649859,186.02033333333333,38.45352471294708,-16.820570058729004,-16.072070046236195,-0.7485000124928085
2022-05-24 04:00:00+00:00,146.69,148.3799,137.05,139.87,4233079.0,72371.0,140.274759,183.46266666666668,35.074233736097625,-16.709439501861823,-16.19954393736132,-0.5098955645005034
2022-05-25 04:00:00+00:00,138.825,148.82,137.7,146.64,4486486.0,67815.0,144.972919,180.90033333333335,39.21723785300058,-15.891893458711053,-16.138013841631267,0.2461203829202141
2022-05-26 04:00:00+00:00,145.7,160.25,145.26,155.84,5492744.0,88102.0,154.830482,178.09966666666665,44.40869192406803,-14.336358599163162,-15.777682793137647,1.4413241939744843
2022-05-27 04:00:00+00:00,158.89,167.36,158.67,166.82,4504307.0,78577.0,164.311787,175.81966666666668,49.90763606041048,-12.078359964484179,-15.037818227406955,2.9594582629227766
2022-05-31 04:00:00+00:00,167.57,170.56,158.17,160.01,5147929.0,83414.0,162.645163,173.65366666666668,46.81461200255424,-10.714875450539296,-14.173229672033424,3.458354221494128
2022-06-01 04:00:00+00:00,163.01,168.0,158.35,161.45,4953739.0,73868.0,162.231896,171.41333333333333,47.554766505133024,-9.409639715106266,-13.220511680647993,3.810871965541727
2022-06-02 04:00:00+00:00,161.0,176.56,160.99,174.02,8498089.0,122235.0,171.696895,169.7976666666667,53.6221090863024,-7.277051720506506,-12.031819688619697,4.754767968113191
2022-06-03 04:00:00+00:00,165.864,170.8199,160.69,162.1,8943896.0,127777.0,164.040138,168.206,47.956277985109146,-6.474174497153371,-10.920290650326432,4.446116153173062
2022-06-06 04:00:00+00:00,167.48,171.35,162.71,168.97,6795877.0,92235.0,168.152306,166.98433333333332,51.159347434499004,-5.223325681168404,-9.780897656494826,4.557571975326422
2022-06-07 04:00:00+00:00,166.1,181.89,165.8419,176.68,5779550.0,83402.0,176.750649,165.721,54.54079144966807,-3.5687481110243766,-8.538467747400738,4.969719636376361
2022-06-08 04:00:00+00:00,176.0,180.47,175.05,178.84,2883378.0,49803.0,178.892883,164.969,55.47093163718002,-2.0594494664838976,-7.242664091217369,5.183214624733472
2022-06-09 04:00:00+00:00,176.54,179.58,173.41,173.55,2907820.0,48259.0,175.571216,164.052,52.63070913169698,-1.2754753208583907,-6.049226337145575,4.773751016287184
2022-06-10 04:00:00+00:00,168.125,170.5,165.08,169.32,4188334.0,67607.0,167.90611,162.794,50.40813177706823,-0.9841511290337337,-5.036211295523207,4.052060166489473
2022-06-13 04:00:00+00:00,158.71,160.88,150.63,154.5,5437962.0,99152.0,154.802927,161.31866666666667,43.48022595227603,-1.9269125043388442,-4.414351537286334,2.4874390329474894
2022-06-14 04:00:00+00:00,156.0,162.25,153.54,159.26,3281655.0,59507.0,158.670942,159.839,46.04515443180673,-2.263868994912997,-3.9842550288116665,1.7203860338986696
2022-06-15 04:00:00+00:00,161.33,167.5,159.27,164.35,3575317.0,58822.0,163.440416,158.67066666666668,48.724802136055075,-2.096027282457868,-3.606609479540907,1.510582197083039
2022-06-16 04:00:00+00:00,157.04,161.45,153.76,157.21,3773522.0,61676.0,156.852516,157.23133333333334,45.32429699079588,-2.5102136640676065,-3.3873303164462474,0.8771166523786409
2022-06-17 04:00:00+00:00,158.5,165.51,157.93,163.9,4364459.0,57436.0,162.858263,156.66199999999998,48.92133850113497,-2.272437026706939,-3.164351658498386,0.891914631791447
2022-06-21 04:00:00+00:00,165.0,170.85,163.08,164.64,4519419.0,73547.0,166.927365,156.65633333333335,49.31852148587236,-2.0012167321741288,-2.9317246732335347,0.9305079410594059
2022-06-22 04:00:00+00:00,162.61,171.67,161.8968,165.71,2983577.0,48148.0,167.983662,157.39033333333333,49.924852944570425,-1.6805601853786243,-2.681491775662553,1.0009315902839289
2022-06-23 04:00:00+00:00,168.59,176.5999,166.65,174.9,4337890.0,61381.0,173.60543,158.15766666666664,54.91392391961485,-0.6770764500217012,-2.280608710534383,1.6035322605126816
2022-06-24 04:00:00+00:00,177.99,188.68,177.29,185.04,5479769.0,79125.0,183.823666,159.74566666666666,59.686521820548414,0.925733615571545,-1.6393402453131976,2.5650738608847425
2022-06-27 04:00:00+00:00,185.02,185.64,177.33,181.93,2860087.0,51154.0,182.0948,161.14966666666666,57.67015006567086,1.9228556485512058,-0.926901066540317,2.849756715091523
2022-06-28 04:00:00+00:00,181.44,183.93,171.71,174.19,3110091.0,55498.0,175.864228,161.74633333333333,52.88200295793228,2.064727832241232,-0.32857528678400727,2.393303119025239
2022-06-29 04:00:00+00:00,174.375,177.86,171.72,175.94,2234673.0,40939.0,175.075244,162.73366666666666,53.81567167254253,2.291952730206475,0.1955303166140892,2.0964224135923857
2022-06-30 04:00:00+00:00,173.62,174.8,163.55,168.56,4203481.0,62581.0,168.376873,163.4463333333333,49.372490542995116,1.8551408670144838,0.5274524266941681,1.3276884403203155
2022-07-01 04:00:00+00:00,168.24,179.63,167.47,179.25,3708833.0,55938.0,175.868965,164.80466666666663,55.14897550822562,2.3445316765704547,0.8908682766694256,1.453663399901029
2022-07-05 04:00:00+00:00,179.2,188.97,175.72,187.02,6392256.0,86140.0,184.466831,166.28400000000002,58.826245762714684,3.3210682746377245,1.3769082762630855,1.944159998374639
2022-07-06 04:00:00+00:00,188.29,190.7,183.0699,185.92,3207243.0,54678.0,185.891635,167.52333333333334,58.09999661147123,3.960564831247268,1.893639587259922,2.0669252439873462
2022-07-07 04:00:00+00:00,185.32,192.82,185.32,190.2,3485305.0,59500.0,190.62391,168.88766666666666,60.16090973484442,4.757884756439978,2.4664886210959334,2.2913961353440446
2022-07-08 04:00:00+00:00,185.0,194.85,184.1,190.38,3143184.0,52061.0,190.278463,170.57133333333334,60.24946248464724,5.34270367496481,3.041731631869709,2.3009720430951006
2022-07-11 04:00:00+00:00,188.0,188.3759,181.0501,185.37,2383337.0,40424.0,185.240399,171.86233333333334,56.486034335786904,5.34035150372398,3.5014556062405635,1.8388958974834164
2022-07-12 04:00:00+00:00,186.9,190.21,172.9,174.39,4124419.0,70754.0,176.739876,172.48066666666668,49.22839435783388,4.4017524920256506,3.681514983397581,0.7202375086280695
2022-07-13 04:00:00+00:00,169.98,178.74,168.338,174.97,2949191.0,51322.0,174.816827,172.75233333333333,49.596797060082174,3.6624882806719654,3.677709642852458,-0.015221362180492637
2022-07-14 04:00:00+00:00,172.34,174.67,167.65,172.75,2970522.0,47036.0,171.595951,173.177,48.15645358461477,2.86446089820771,3.5150598939235085,-0.6505989957157983
2022-07-15 04:00:00+00:00,174.07,179.22,171.13,177.9,2928316.0,47266.0,176.229357,173.72533333333334,51.663387543833586,2.617408551283205,3.335529625395448,-0.718121074112243
2022-07-18 04:00:00+00:00,183.52,183.52,176.71,177.25,2690451.0,45614.0,180.106191,173.833,51.19270104543824,2.342169150686715,3.1368575304537014,-0.7946883797669866
2022-07-19 04:00:00+00:00,180.35,180.71,174.5,180.55,2559049.0,41493.0,179.112282,174.448,53.50853470756015,2.3630822225762245,2.9821024688782063,-0.6190202463019818
2022-07-20 04:00:00+00:00,182.995,187.54,181.03,184.3,3081680.0,51996.0,185.415087,174.95899999999997,56.05997216614771,2.6516826951668406,2.9160185141359336,-0.264335818969093
2022-07-21 04:00:00+00:00,183.55,189.24,181.61,189.0,2506924.0,40702.0,186.985926,175.36966666666663,59.090297703199965,3.2225043452573345,2.977315680360214,0.24518866489712066
2022-07-22 04:00:00+00:00,190.0,193.92,181.0,183.53,2797691.0,50614.0,185.573574,175.526,54.38903556538644,3.1966523121913895,3.0211830067264493,0.1754693054649401
2022-07-25 04:00:00+00:00,182.8,184.075,178.43,182.62,1698833.0,29800.0,182.084947,175.82833333333335,53.62466903211315,3.067376191559191,3.030421643692998,0.03695454786619301
2022-07-26 04:00:00+00:00,182.17,182.61,168.1,169.17,3533736.0,61564.0,171.44557,175.82333333333332,43.821931087233295,1.8582011546928356,2.7959775458929657,-0.93777639120013
2022-07-27 04:00:00+00:00,175.3,178.705,171.5,176.96,2790843.0,49131.0,175.617645,176.572,49.57177798724763,1.511090215214125,2.539000079757198,-1.0279098645430729
2022-07-28 04:00:00+00:00,176.79,182.55,174.75,182.09,2748074.0,38844.0,180.337547,177.33300000000003,52.98445758555659,1.631147567870812,2.357429577379921,-0.7262820095091089
2022-07-29 04:00:00+00:00,182.91,184.0,178.06,183.6,2634820.0,45734.0,181.505504,177.97466666666665,53.9718496857593,1.827076860489342,2.2513590340018053,-0.42428217351246333
2022-08-01 04:00:00+00:00,180.78,187.65,178.99,183.3,2421573.0,39004.0,183.728391,178.84433333333334,53.73041626190217,1.9358297038743615,2.1882531679763164,-0.25242346410195493
2022-08-02 04:00:00+00:00,180.52,189.64,179.52,188.14,2771333.0,48781.0,186.623417,179.65233333333336,57.06720024570157,2.3850710517814377,2.2276167447373405,0.15745430704409724
2022-08-03 04:00:00+00:00,191.07,197.14,190.8,195.32,3123904.0,56001.0,194.314886,180.675,61.502553270707665,3.2826240046798034,2.4386181967258334,0.8440058079539701
2022-08-04 04:00:00+00:00,191.31,192.0,182.45,189.24,5036334.0,86614.0,186.597859,181.45933333333332,56.20720208795728,3.4634119420824447,2.6435769457971556,0.8198349962852891
2022-08-05 04:00:00+00:00,186.0,192.61,184.82,191.17,2750441.0,45064.0,189.772487,182.00166666666667,57.45931785474974,3.7195459449810073,2.858770745633926,0.8607751993470814
2022-08-08 04:00:00+00:00,193.69,197.48,188.91,189.52,3188842.0,53468.0,192.548705,182.151,55.985550068700526,3.7462088139758123,3.0362583593023036,0.7099504546735087
2022-08-09 04:00:00+00:00,188.16,190.0,184.82,186.78,1820347.0,36015.0,186.55727,182.31266666666667,53.530171124619365,3.505831189239842,3.130172925289812,0.3756582639500303
2022-08-10 04:00:00+00:00,193.34,201.74,193.33,200.8,3901272.0,65758.0,199.130359,183.1996666666667,62.57476797132117,4.395953207589287,3.383328981749707,1.0126242258395797
2022-08-11 04:00:00+00:00,204.0,205.73,196.0733,198.06,2913326.0,52567.0,200.767748,183.93699999999998,60.11231019951355,4.824670421879119,3.6715972697755896,1.1530731521035298
2022-08-12 04:00:00+00:00,203.0,203.0,199.03,200.87,1765140.0,33663.0,200.91747,185.014,61.77370259576075,5.329737522284205,4.003225320277313,1.3265122020068922
2022-08-15 04:00:00+00:00,199.26,202.9,196.21,201.82,2438022.0,41854.0,199.971806,185.76633333333336,62.3447353342346,5.74049109072368,4.350678474366586,1.3898126163570934
2022-08-16 04:00:00+00:00,200.0,201.07,195.78,200.41,2926175.0,52284.0,199.173571,186.21266666666668,60.89084723641395,5.88440923020508,4.6574246255342855,1.2269846046707942
2022-08-17 04:00:00+00:00,196.4,198.51,194.27,196.89,2235072.0,41231.0,196.406247,186.57833333333332,57.29846595615029,5.649309091847698,4.855801518796968,0.7935075730507304
2022-08-18 04:00:00+00:00,195.33,197.25,193.81,195.76,1642559.0,32456.0,195.671212,186.76366666666667,56.153150817603695,5.310591785820179,4.94675957220161,0.36383221361856943
2022-08-19 04:00:00+00:00,192.74,193.5,188.55,190.52,2235601.0,48569.0,190.310464,186.76833333333335,51.05665265813842,4.566689716586978,4.870745601078684,-0.3040558844917056
2022-08-22 04:00:00+00:00,186.36,188.65,184.0001,185.88,2470509.0,47823.0,186.036672,186.78533333333334,46.989676954192056,3.5616759618705203,4.608931673237052,-1.0472557113665317
2022-08-23 04:00:00+00:00,191.46,193.8886,190.09,192.36,3410158.0,59669.0,192.154307,187.38433333333333,52.660949175904555,3.250606200062805,4.337266578602203,-1.0866603785393982
2022-08-24 04:00:00+00:00,196.2,199.4099,194.59,194.62,3223078.0,65555.0,196.457851,188.03933333333333,54.489672971647956,3.1501315296999337,4.09983956882175,-0.9497080391218162
2022-08-25 04:00:00+00:00,199.295,203.67,197.54,202.94,3042317.0,54391.0,201.573817,189.0456666666667,60.53403981016918,3.699216827510213,4.019715020559443,-0.32049819304922966
2022-08-26 04:00:00+00:00,202.64,202.7,194.52,194.56,3583644.0,66149.0,196.959267,189.601,52.91155206789434,3.4187655157944903,3.8995251196064524,-0.48075960381196214
2022-08-29 04:00:00+00:00,191.005,197.1896,190.69,192.05,2707018.0,50077.0,193.222406,190.09433333333334,50.84631026977899,2.9598504936149936,3.711590194408161,-0.7517397007931672
2022-08-30 04:00:00+00:00,196.32,198.14,189.12,193.295,7286125.0,116260.0,193.205785,190.51916666666665,51.85022081966379,2.6658874364246117,3.502449642811451,-0.8365622063868394
2022-08-31 04:00:00+00:00,197.21,197.94,178.385,182.61,15736172.0,196015.0,184.681375,190.46283333333335,43.61676428632207,1.5528293439087975,3.1125255830309206,-1.5596962391221232
2022-09-01 04:00:00+00:00,178.45,180.0,169.08,172.97,6886347.0,118771.0,172.098127,189.9285,37.78688142845197,-0.1059236270811823,2.4688357410085002,-2.5747593680896825
2022-09-02 04:00:00+00:00,174.28,177.13,170.91,172.45,4348969.0,70566.0,173.405616,189.55916666666664,37.49574312793234,-1.44579078524049,1.6859104357587023,-3.1317012209991923
2022-09-06 04:00:00+00:00,172.45,172.69,168.62,171.15,2963320.0,56165.0,171.084944,189.17683333333335,36.733754821380494,-2.5827717121716773,0.8321740061726264,-3.4149457183443035
2022-09-07 04:00:00+00:00,170.69,173.09,166.8,171.96,3204036.0,54342.0,170.345635,189.2698333333333,37.584858854148074,-3.379520054215533,-0.010164805905005458,-3.3693552483105274
2022-09-08 04:00:00+00:00,170.17,179.88,169.16,179.875,3192733.0,53492.0,176.826515,189.367,45.3250169129079,-3.3338440252844634,-0.6749006497808971,-2.6589433755035663
2022-09-09 04:00:00+00:00,183.74,191.52,183.71,190.86,4179072.0,70045.0,188.979381,189.65933333333334,53.874415753540625,-2.383769141930685,-1.016674348210855,-1.3670947937198301
2022-09-12 04:00:00+00:00,191.28,195.29,191.25,195.1,3042912.0,54925.0,193.836634,190.04266666666666,56.68949513313015,-1.274009399793897,-1.0681413585274633,-0.20586804126643377
2022-09-13 04:00:00+00:00,186.63,189.8,183.0,184.7,3898740.0,62757.0,185.38226,190.08933333333334,48.81919108390381,-1.2196505203443166,-1.098443190890834,-0.12120732945348256
2022-09-14 04:00:00+00:00,184.7,185.49,181.5,184.11,2701281.0,47232.0,183.688399,189.95499999999998,48.408595044967015,-1.2102280305152817,-1.1208001588157237,-0.08942787169955801
2022-09-15 04:00:00+00:00,181.82,185.14,177.88,178.86,2775129.0,44883.0,180.268648,189.40633333333332,44.79803081224029,-1.6078573842900425,-1.2182116039105875,-0.3896457803794551
2022-09-16 04:00:00+00:00,174.15,175.2,169.385,171.01,4946341.0,63961.0,171.494555,188.79866666666666,39.99462516011942,-2.5272780189079924,-1.4800248869100685,-1.047253131997924
2022-09-19 04:00:00+00:00,170.22,175.85,170.0,175.39,2240489.0,38516.0,173.469117,188.27266666666668,43.62668544517416,-2.869419222453047,-1.7579037540186642,-1.1115154684343826
2022-09-20 04:00:00+00:00,173.8,175.951,172.62,173.87,2156635.0,39529.0,174.325754,187.751,42.66162514251577,-3.226032197054394,-2.05152944262581,-1.174502754428584
2022-09-21 04:00:00+00:00,173.67,176.85,169.24,169.25,3380016.0,50664.0,172.184326,187.16666666666666,39.78115924139788,-3.8372129355933,-2.408666141219308,-1.4285467943739918
2022-09-22 04:00:00+00:00,167.04,169.125,159.67,161.28,3575793.0,64617.0,161.894368,185.8493333333333,35.3472935012764,-4.908112797005913,-2.908555472376629,-1.9995573246292837
2022-09-23 04:00:00+00:00,159.08,161.65,157.06,160.39,2980498.0,56022.0,159.513145,184.59366666666668,34.879778882424645,-5.762201146579827,-3.479284607217269,-2.2829165393625575
2022-09-26 04:00:00+00:00,159.99,165.8,159.135,159.35,2749921.0,52099.0,161.494442,183.20966666666666,34.30873206712717,-6.448655538450197,-4.073158793463855,-2.375496744986342
2022-09-27 04:00:00+00:00,163.95,165.12,160.16,162.58,2162944.0,41732.0,162.711505,181.90166666666664,37.71914095415306,-6.6553231612722925,-4.589591667025543,-2.0657314942467497
2022-09-28 04:00:00+00:00,164.11,167.9,162.57,167.25,2462156.0,42533.0,166.069393,180.7963333333333,42.37707314861788,-6.3688624878562905,-4.945445831191693,-1.4234166566645978
2022-09-29 04:00:00+00:00,163.48,166.24,160.89,165.7,2097621.0,39780.0,164.43147,179.7566666666667,41.273727067148904,-6.195494581472161,-5.195455581247787,-1.0000390002243744
2022-09-30 04:00:00+00:00,166.15,171.605,164.6,164.81,2596135.0,42754.0,167.741308,178.725,40.61975219688046,-6.060058249331064,-5.368376114864442,-0.691682134466622
2022-10-03 04:00:00+00:00,166.63,170.69,163.89,169.31,2562171.0,46321.0,168.268468,178.018,45.33599354919012,-5.525912311051513,-5.399883354101857,-0.1260289569496562
2022-10-04 04:00:00+00:00,174.58,178.6897,173.0,175.07,2810287.0,55414.0,175.9487,177.65766666666664,50.730221321567186,-4.584961364410248,-5.236898956163536,0.6519375917532884
2022-10-05 04:00:00+00:00,171.01,178.34,170.35,176.7,2126114.0,41777.0,174.986852,177.13566666666665,52.16865621076684,-3.665470322290588,-4.922613229388946,1.2571429070983582
2022-10-06 04:00:00+00:00,178.42,181.84,176.63,178.39,2655941.0,41107.0,178.652167,176.59466666666668,53.67864807255728,-2.7684848012875705,-4.491787543768671,1.723302742481101
2022-10-07 04:00:00+00:00,174.44,175.22,170.33,171.88,2591845.0,49165.0,172.583238,175.5593333333333,47.462876487276894,-2.5534849224243885,-4.104127019499815,1.5506420970754267
2022-10-10 04:00:00+00:00,171.74,172.46,160.29,161.08,3502746.0,63309.0,163.180338,174.44333333333333,39.32688514812478,-3.2174766421478296,-3.926796944029418,0.7093203018815886
2022-10-11 04:00:00+00:00,158.72,160.5,151.75,155.79,3426210.0,63200.0,156.066065,173.23466666666667,36.065755556426964,-4.123025976493551,-3.9660427505222446,-0.15698322597130643
2022-10-12 04:00:00+00:00,154.32,155.78,149.5,152.99,3068064.0,54030.0,152.861292,171.89116666666666,34.43794887385913,-5.0088777230437245,-4.174609745026541,-0.8342679780171833
2022-10-13 04:00:00+00:00,145.452,155.4255,142.36,152.6,3562998.0,61921.0,150.08995,170.89083333333335,34.20636623810249,-5.676950997713561,-4.475077995563945,-1.2018730021496165
2022-10-14 04:00:00+00:00,155.75,156.54,145.825,145.98,4005875.0,62249.0,148.29704,169.99116666666666,30.461793653923067,-6.663766799831393,-4.912815756417435,-1.7509510434139584
2022-10-17 04:00:00+00:00,149.35,154.04,148.0,151.61,3247838.0,57520.0,151.715295,169.2965,36.79842315096091,-6.911855912033872,-5.312623787540722,-1.5992321244931498
2022-10-18 04:00:00+00:00,157.26,161.5,154.7965,156.88,3710752.0,54704.0,157.843041,168.82083333333333,42.115624274478094,-6.60706127444854,-5.571511284922286,-1.0355499895262543
2022-10-19 04:00:00+00:00,155.41,157.01,151.41,152.54,2032815.0,38673.0,153.604314,168.1735,39.19140581841699,-6.6391787376002185,-5.785044775457872,-0.8541339621423463
2022-10-20 04:00:00+00:00,152.1,158.449,152.1,153.88,2092842.0,38434.0,154.776156,167.307,40.563610027030364,-6.481787248757826,-5.924393270117863,-0.5573939786399622
2022-10-21 04:00:00+00:00,152.685,157.05,148.5887,156.32,2693576.0,45970.0,153.291125,166.15566666666666,43.0822784748781,-6.089964432727356,-5.957507502639762,-0.13245693008759396
2022-10-24 04:00:00+00:00,158.11,158.7,154.22,157.97,2054947.0,34193.0,157.049035,164.918,44.786182598808125,-5.581955509253589,-5.8823971039625285,0.30044159470893916
2022-10-25 04:00:00+00:00,159.22,164.67,159.21,162.11,2125106.0,40018.0,162.147551,164.165,48.9182244560653,-4.790074381070383,-5.6639325593841,0.8738581783137169
2022-10-26 04:00:00+00:00,158.05,167.3589,156.79,161.77,2360617.0,44194.0,163.225378,163.42033333333333,48.59657276505571,-4.142189458635471,-5.3595839392343745,1.2173944805989034
2022-10-27 04:00:00+00:00,164.75,168.13,162.05,164.73,2285783.0,40265.0,164.656455,162.94933333333336,51.581436641747146,-3.3512575170282446,-4.957918654793149,1.6066611377649043
2022-10-28 04:00:00+00:00,162.55,164.98,158.86,163.65,1870762.0,39710.0,162.597323,162.704,50.43078228253395,-2.779544371700297,-4.5222437981745784,1.7426994264742817
2022-10-31 04:00:00+00:00,161.62,164.81,159.6,161.2,2188130.0,39785.0,161.80361,162.23099999999997,47.82445759018278,-2.495386843347063,-4.116872407209076,1.621485563862013
2022-11-01 04:00:00+00:00,165.0,168.48,159.54,160.53,2910791.0,41120.0,161.678795,161.78633333333335,47.10746291529527,-2.297766137733049,-3.753051153313871,1.455285015580822
2022-11-02 04:00:00+00:00,161.0,161.17,147.94,147.99,4405672.0,86086.0,151.999317,161.07766666666666,36.17569935355987,-3.1170916118219623,-3.6258592450154894,0.5087676331935271
2022-11-03 04:00:00+00:00,146.14,146.14,139.67,141.53,4000289.0,80721.0,143.051413,160.41933333333333,32.04957380373291,-4.23881850335232,-3.7484510966828557,-0.4903674066694643
2022-11-04 04:00:00+00:00,140.96,141.17,126.42,127.56,8274241.0,151524.0,130.158361,159.325,25.323057300688106,-6.1837746889860625,-4.235515815143497,-1.9482588738425655
2022-11-07 05:00:00+00:00,129.83,129.9,122.9,124.68,5413935.0,93566.0,124.981614,158.16933333333333,24.19563717828659,-7.866873983269102,-4.961787448768618,-2.9050865345004837
2022-11-08 05:00:00+00:00,126.0,129.8299,120.5,127.0,4574653.0,77016.0,126.517024,156.98333333333332,27.01457793363859,-8.91081931088948,-5.75159382119279,-3.1592254896966896
2022-11-09 05:00:00+00:00,124.55,124.62,120.5,122.36,3718435.0,62733.0,122.354392,155.48700000000002,25.011293661595346,-9.9973198460805,-6.6007390261703325,-3.3965808199101684
2022-11-10 05:00:00+00:00,132.49,136.095,130.68,135.76,5228947.0,91355.0,134.26342,154.489,39.0647853509165,-9.665691264294765,-7.213729473795219,-2.4519617904995457
2022-11-11 05:00:00+00:00,136.75,144.8269,135.34,143.12,4620244.0,77192.0,142.076756,153.76600000000002,45.14554683974685,-8.708595466436464,-7.512702672323469,-1.1958927941129947
2022-11-14 05:00:00+00:00,141.55,144.13,138.29,142.01,3043897.0,54502.0,141.561425,152.85599999999997,44.42551460639416,-7.948037841716314,-7.599769706202038,-0.3482681355142754
2022-11-15 05:00:00+00:00,148.99,151.425,146.03,148.3,3964942.0,70993.0,148.940382,151.96366666666665,49.354838248743974,-6.75981704922367,-7.4317791748063655,0.6719621255826951
2022-11-16 05:00:00+00:00,146.705,147.63,142.0925,143.65,2539460.0,49279.0,144.321996,150.86200000000002,46.09950722341977,-6.122780051695571,-7.169979350184207,1.0471992984886356
2022-11-17 05:00:00+00:00,139.62,141.37,137.87,139.23,3927440.0,64560.0,139.577558,149.55666666666667,43.18382284619486,-5.906494312302385,-6.917282342607843,1.0107880303054575
2022-11-18 05:00:00+00:00,146.505,146.72,137.2,138.99,5404889.0,79917.0,139.771819,148.46033333333332,43.024698833692895,-5.6888744958285145,-6.671600773251978,0.9827262774234633
2022-11-21 05:00:00+00:00,137.11,137.51,134.38,135.56,2887237.0,53526.0,135.728092,147.60966666666667,40.71559740982409,-5.727162394650065,-6.482713097531596,0.7555507028815303
2022-11-22 05:00:00+00:00,135.82,136.31,132.48,135.8,3851240.0,53865.0,135.287079,146.94333333333333,40.95438657321221,-5.672747929115388,-6.320720063848355,0.6479721347329663
2022-11-23 05:00:00+00:00,135.58,141.62,133.84,140.89,2578140.0,50965.0,139.643123,146.54,45.92869008806268,-5.15942892701139,-6.088461836480962,0.929032909469572
2022-11-25 05:00:00+00:00,139.85,141.37,138.52,140.05,1022545.0,19817.0,140.182136,146.12166666666664,45.25117235859216,-4.765467555824387,-5.823862980349648,1.0583954245252611
2022-11-28 05:00:00+00:00,139.68,141.0,136.6606,139.45,3387409.0,57969.0,138.711933,145.904,44.74345412460398,-4.450364287164206,-5.549163241712559,1.0987989545483536
2022-11-29 05:00:00+00:00,140.0,140.32,136.25,138.0,10554596.0,148054.0,126.435237,145.4503333333333,43.473980259172826,-4.268441620411494,-5.293018917452346,1.0245772970408522
2022-11-30 05:00:00+00:00,112.29,117.81,108.89,117.65,38637174.0,449783.0,113.080157,144.14266666666668,30.42648526826234,-5.700628230557783,-5.374540780073434,-0.32608745048434873
2022-12-01 05:00:00+00:00,118.64,124.919,118.57,124.07,14443003.0,194718.0,122.159164,143.19366666666664,36.864159542180026,-6.245610580609082,-5.548754740180565,-0.6968558404285172
2022-12-02 05:00:00+00:00,121.75,125.55,120.73,124.0,8852630.0,134589.0,122.829799,142.19766666666666,36.82414982518309,-6.60700005052837,-5.760403802250126,-0.8465962482782441
2022-12-05 05:00:00+00:00,122.46,124.41,116.692,118.33,5787765.0,89514.0,119.606432,140.93133333333333,33.63937478959171,-7.267154193051681,-6.061753880410437,-1.2054003126412436
2022-12-06 05:00:00+00:00,118.34,118.8,112.99,113.83,4740900.0,79001.0,114.414423,139.46,31.323920147982662,-8.06052676405369,-6.461508457139089,-1.5990183069146022
2022-12-07 05:00:00+00:00,114.33,114.9899,110.3318,113.2,4654890.0,68727.0,112.736191,137.82966666666664,31.00218875635811,-8.640513516103084,-6.897309468931888,-1.7432040471711963
2022-12-08 05:00:00+00:00,113.53,116.3699,111.75,114.24,4292646.0,62563.0,114.812085,136.24533333333332,32.239478861950545,-8.913488737610692,-7.300545322667649,-1.612943414943043
2022-12-09 05:00:00+00:00,113.76,116.9999,112.95,115.08,3014617.0,55305.0,115.247642,134.59033333333335,33.28016983618582,-8.958771446910276,-7.632190547516174,-1.3265808993941022
2022-12-12 05:00:00+00:00,114.76,118.58,114.4,118.54,3034616.0,50421.0,117.41952,133.08666666666667,37.535743583897776,-8.616143695542036,-7.828981177121347,-0.787162518420689
2022-12-13 05:00:00+00:00,124.23,125.52,118.43,120.99,4442671.0,72144.0,121.394894,131.74633333333333,40.432978705316415,-8.054071882412586,-7.873999318179595,-0.180072564232991
2022-12-14 05:00:00+00:00,121.0,123.8,118.8,120.57,3918923.0,58622.0,120.936045,130.41433333333333,40.08969529845869,-7.555422206799335,-7.810283895903543,0.25486168910420837
2022-12-15 05:00:00+00:00,118.9,121.09,114.67,114.99,3244304.0,58390.0,116.268428,129.31433333333334,35.747295045206144,-7.523768789076129,-7.752980874538061,0.22921208546193128
2022-12-16 05:00:00+00:00,114.002,114.915,110.76,111.5,5033594.0,70815.0,111.964555,128.31333333333333,33.316583274938566,-7.691632706369063,-7.740711240904262,0.04907853453519895
2022-12-19 05:00:00+00:00,110.82,111.285,107.58,108.09,4213994.0,68035.0,108.664406,127.66433333333335,31.09198132897025,-8.007518878534526,-7.794072768430315,-0.21344611010421133
2022-12-20 05:00:00+00:00,107.0505,110.4815,106.027,109.83,3453829.0,55517.0,109.170254,127.16933333333333,33.530866895168984,-8.024950849564064,-7.840248384657065,-0.18470246490699882
2022-12-21 05:00:00+00:00,108.84,109.12,104.35,107.35,6792674.0,99007.0,107.408781,126.51433333333333,31.803126099965695,-8.14499070322465,-7.901196848370583,-0.2437938548540668
2022-12-22 05:00:00+00:00,104.75,105.67,101.8713,103.97,4380729.0,72895.0,103.641445,125.90133333333333,29.567026425027237,-8.415848244374956,-8.004127127571458,-0.41172111680349843
2022-12-23 05:00:00+00:00,103.0,103.28,100.95,101.99,3325218.0,51618.0,101.873407,124.77566666666667,28.3112465675907,-8.690100184086745,-8.141321738874517,-0.5487784452122284
2022-12-27 05:00:00+00:00,101.07,102.32,99.31,100.66,3101923.0,55339.0,101.090801,123.36033333333333,27.467341444047065,-8.912034322788713,-8.295464255657357,-0.6165700671313559
2022-12-28 05:00:00+00:00,99.6,101.68,98.7,99.96,3532035.0,53813.0,100.29791,121.95866666666666,27.010982986846585,-9.040193157124577,-8.444410035950801,-0.5957831211737759
2022-12-29 05:00:00+00:00,101.43,105.51,100.47,104.57,3142797.0,53319.0,104.128579,120.501,34.70506069568248,-8.669831068275201,-8.489494242415681,-0.18033682585951993
2022-12-30 05:00:00+00:00,103.5,106.187,102.99,105.29,3147574.0,54782.0,104.493817,119.22233333333334,35.842588810518905,-8.223423949452737,-8.436280183823094,0.2128562343703564
2023-01-03 05:00:00+00:00,107.5,108.46,101.717,103.28,3444523.0,57864.0,103.901387,118.02400000000002,34.05873455395256,-7.940302429583838,-8.337084632975243,0.396782203391405
2023-01-04 05:00:00+00:00,104.77,106.89,102.54,104.365,3036862.0,55513.0,104.724362,116.86983333333333,35.91290207291601,-7.54144309145768,-8.177956324671731,0.6365132332140515
2023-01-05 05:00:00+00:00,98.0,98.01,94.515,94.89,9984806.0,156758.0,95.91395,115.51416666666665,28.402236906186644,-7.89884454345048,-8.12213396842748,0.22328942497700055
2023-01-06 05:00:00+00:00,94.385,95.96,92.26,94.72,6772282.0,97265.0,94.453489,114.14483333333334,28.287927120538157,-8.102405857194697,-8.118188346180924,0.01578248898622725
2023-01-09 05:00:00+00:00,97.04,99.8,95.8001,96.57,6431685.0,97710.0,97.681954,112.66749999999999,31.518017537190175,-8.021977759903763,-8.098946228925492,0.07696846902172894
