timestamp,open,high,low,close,volume,trade_count,vwap,30sma,rsi,macd,signal,histogram
2022-01-03 05:00:00+00:00,79.35,79.73,77.68,78.84,1576530.0,21552.0,78.500381,,,,,
2022-01-04 05:00:00+00:00,78.63,79.02,77.05,77.38,1475074.0,23150.0,77.636405,,,,,
2022-01-05 05:00:00+00:00,78.67,78.67,74.68,74.75,2056880.0,24685.0,75.525983,,,,,
2022-01-06 05:00:00+00:00,74.315,74.83,73.13,73.65,1885203.0,24599.0,73.89154,,,,,
2022-01-07 05:00:00+00:00,73.65,73.94,71.66,71.88,2968200.0,28824.0,72.19288,,,,,
2022-01-10 05:00:00+00:00,71.23,71.53,69.58,71.51,3379280.0,32996.0,70.448422,,,,,
2022-01-11 05:00:00+00:00,71.95,75.58,71.85,75.29,2082373.0,27411.0,74.572277,,,,,
2022-01-12 05:00:00+00:00,75.26,76.34,74.695,74.81,1554572.0,19820.0,75.092688,,,,,
2022-01-13 05:00:00+00:00,74.97,75.67,73.705,74.02,2332993.0,23681.0,74.496799,,,,,
2022-01-14 05:00:00+00:00,73.65,74.8,73.08,74.53,2051006.0,22863.0,74.125692,,,,,
2022-01-18 05:00:00+00:00,73.805,74.24,72.765,73.15,1899242.0,22036.0,73.44132,,,,,
2022-01-19 05:00:00+00:00,73.29,73.98,72.77,73.15,1439267.0,17503.0,73.325974,,,,,
2022-01-20 05:00:00+00:00,73.33,74.52,72.08,72.3,1815515.0,17510.0,73.117955,,,,,
2022-01-21 05:00:00+00:00,71.86,72.82,70.765,70.92,1346952.0,19629.0,71.567867,,,,,
2022-01-24 05:00:00+00:00,70.45,70.45,66.3498,69.65,3190450.0,36483.0,68.397768,,24.141812042768734,,,
2022-01-25 05:00:00+00:00,68.42,69.23,66.61,67.04,2744711.0,35182.0,67.356202,,20.84470192487389,,,
2022-01-26 05:00:00+00:00,67.94,68.8,65.51,65.98,2336261.0,27816.0,67.350284,,19.669769473481466,,,
2022-01-27 05:00:00+00:00,66.59,67.34,65.5,65.82,2014451.0,22809.0,66.149329,,19.49118069843435,,,
2022-01-28 05:00:00+00:00,66.2,67.51,64.78,67.37,1504850.0,20303.0,66.496787,,26.4572992609353,,,
2022-01-31 05:00:00+00:00,67.79,70.23,67.71,70.16,1813234.0,22043.0,69.643658,,37.02067221862504,,,
2022-02-01 05:00:00+00:00,70.43,71.09,67.5,70.51,1613310.0,20113.0,70.247568,,38.21951674433691,,,
2022-02-02 05:00:00+00:00,70.71,71.21,69.475,71.0,2097089.0,18605.0,70.846839,,39.94313166478302,,,
2022-02-03 05:00:00+00:00,69.75,69.95,68.15,68.22,1779185.0,20852.0,68.94575,,34.12601332291905,,,
2022-02-04 05:00:00+00:00,67.94,68.96,67.21,68.55,1796555.0,22797.0,68.334503,,35.33000216163849,,,
2022-02-07 05:00:00+00:00,68.45,70.33,68.42,69.4,1600260.0,21977.0,69.518274,,38.45049196954868,,,
2022-02-08 05:00:00+00:00,69.0,69.79,68.225,69.05,1704873.0,19976.0,69.03802,,37.645000344172345,-1.9666166455683793,,
2022-02-09 05:00:00+00:00,70.635,71.19,70.01,71.04,1206158.0,15718.0,70.766803,,44.73402779736072,-1.70054062426901,,
2022-02-10 05:00:00+00:00,69.655,71.5,69.41,69.84,1237931.0,18257.0,70.435002,,41.65841953168277,-1.5684236204103144,,
2022-02-11 05:00:00+00:00,69.84,70.11,65.77,65.99,3368165.0,37012.0,67.024022,,33.661977276202535,-1.754161880972191,,
2022-02-14 05:00:00+00:00,67.08,67.17,65.15,65.99,2257550.0,22339.0,66.06642,71.05966666666667,33.661977276202535,-1.8796928614013382,,
2022-02-15 05:00:00+00:00,67.33,67.79,65.83,67.69,2442656.0,23840.0,67.090553,70.688,39.5993359839533,-1.8210098077614703,,
2022-02-16 05:00:00+00:00,67.41,67.59,66.38,67.32,2507009.0,21715.0,67.130988,70.35266666666666,38.78568213169667,-1.7837964773283943,,
2022-02-17 05:00:00+00:00,66.62,67.08,65.57,65.65,1331643.0,15477.0,65.834904,70.04933333333334,35.26375941553542,-1.8675319423471706,,
2022-02-18 05:00:00+00:00,65.95,65.97,64.55,64.95,1532323.0,25371.0,65.053417,69.75933333333333,33.87522444670003,-1.967694691950527,-1.8121631724454217,-0.15553151950510524
2022-02-22 05:00:00+00:00,64.92,65.13,62.69,62.94,3137842.0,34660.0,63.039686,69.46133333333334,30.19823432530869,-2.1840877898796407,-1.8865480959322656,-0.2975396939473751
2022-02-23 05:00:00+00:00,49.42,59.31,49.0,53.5,16502624.0,128578.0,55.672054,68.861,19.495332391744398,-3.0817850855234923,-2.125595493850511,-0.9561895916729815
2022-02-24 05:00:00+00:00,51.64,60.74,51.44,60.6,8329892.0,92365.0,58.661261,68.37133333333333,37.45131631181546,-3.183607353215706,-2.33719786572355,-0.8464094874921559
2022-02-25 05:00:00+00:00,60.31,62.09,58.44,61.7,4312968.0,52532.0,61.070832,67.93433333333334,39.69549245722003,-3.139352920744173,-2.4976288767276746,-0.6417240440164984
2022-02-28 05:00:00+00:00,61.26,61.43,59.04,61.01,4600174.0,44388.0,60.534568,67.50066666666666,38.756157323915836,-3.1239472779730875,-2.6228925569767574,-0.5010547209963301
2022-03-01 05:00:00+00:00,61.11,61.17,59.65,59.83,2275790.0,30726.0,60.346183,67.01066666666667,37.13766170589028,-3.1704078452837976,-2.7323956146381656,-0.438012230645632
2022-03-02 05:00:00+00:00,60.12,60.94,59.35,59.72,2350383.0,27185.0,59.925475,66.563,36.98261455501002,-3.179453499498365,-2.8218071916102057,-0.3576463078881593
2022-03-03 05:00:00+00:00,60.09,60.18,58.36,58.59,2063735.0,25821.0,58.947134,66.07766666666666,35.34990861992918,-3.2404499123502504,-2.9055357357582148,-0.3349141765920356
2022-03-04 05:00:00+00:00,58.09,58.79,57.335,57.92,1907704.0,20311.0,57.923739,65.59833333333333,34.38072420146749,-3.3047582140165304,-2.985380231409878,-0.3193779826066523
2022-03-07 05:00:00+00:00,57.51,57.85,53.25,53.27,4029955.0,40667.0,54.597432,65.01,28.5336535081576,-3.688421319720696,-3.1259884490720418,-0.5624328706486543
2022-03-08 05:00:00+00:00,53.71,55.69,53.3,54.31,4010476.0,42856.0,54.731006,64.49866666666667,31.3459092595199,-3.8640158176972363,-3.273593922797081,-0.5904218949001554
2022-03-09 05:00:00+00:00,55.99,58.135,55.69,57.02,3630419.0,32618.0,57.118691,64.16466666666666,38.17323170258827,-3.741373150098262,-3.3671497682573173,-0.37422338184094484
2022-03-10 05:00:00+00:00,55.72,56.3,55.11,56.08,2367668.0,28043.0,55.910677,63.834666666666664,36.80598863985154,-3.677634613944093,-3.429246737394673,-0.2483878765494203
2022-03-11 05:00:00+00:00,56.72,56.72,55.08,55.43,1386966.0,16173.0,55.714257,63.48833333333333,35.849799691233216,-3.637638500274086,-3.4709250899705557,-0.16671341030353037
2022-03-14 04:00:00+00:00,55.76,56.745,55.62,55.95,2830892.0,31803.0,56.036904,63.10766666666667,37.25417990631525,-3.523366462495318,-3.4814133644755083,-0.04195309801980951
2022-03-15 04:00:00+00:00,55.95,58.22,55.95,57.84,3244499.0,25218.0,57.710271,62.697,42.20650124305732,-3.242915533039074,-3.4337137981882218,0.19079826514914755
2022-03-16 04:00:00+00:00,58.79,60.775,58.24,59.53,3723448.0,32954.0,59.56875,62.331,46.28874471180843,-2.8514179041712,-3.317254619384818,0.465836715213618
2022-03-17 04:00:00+00:00,58.645,62.57,58.645,62.55,2540351.0,28112.0,61.698393,62.04933333333334,52.71617583290126,-2.2712825208226235,-3.108060199672379,0.8367776788497556
2022-03-18 04:00:00+00:00,61.77,65.59,61.77,65.21,5637224.0,31691.0,64.779476,61.949,57.53621142096705,-1.578683203146987,-2.802184800367301,1.2235015972203138
2022-03-21 04:00:00+00:00,64.54,65.19,63.24,64.53,2470261.0,30534.0,64.350539,61.815000000000005,55.965592881662005,-1.072302732567536,-2.456208386807348,1.383905654239812
2022-03-22 04:00:00+00:00,64.65,67.01,64.3,66.99,2564746.0,24997.0,66.430736,61.73466666666666,60.19850913015429,-0.4671066062438314,-2.058388030694645,1.5912814244508136
2022-03-23 04:00:00+00:00,66.52,67.26,65.48,66.82,4290987.0,35361.0,66.744814,61.660333333333334,59.77091090440814,-0.001188198369199256,-1.646948064229556,1.6457598658603567
2022-03-24 04:00:00+00:00,67.02,67.45,66.23,67.44,2883109.0,25816.0,66.910616,61.540333333333336,60.862772686860325,0.41331982145701573,-1.2348944870922418,1.6482143085492575
2022-03-25 04:00:00+00:00,67.7,67.95,66.3,67.56,2228498.0,19014.0,67.22808,61.464333333333336,61.08293439820337,0.7429392692244718,-0.8393277358288991,1.582267005053371
2022-03-28 04:00:00+00:00,67.63,68.46,66.62,68.39,3281433.0,40075.0,67.670442,61.54433333333334,62.64805043664569,1.0589324061451393,-0.4596757074340915,1.5186081135792309
2022-03-29 04:00:00+00:00,69.33,70.18,68.46,69.59,1652828.0,24002.0,69.347519,61.66433333333334,64.84910438534192,1.39016426662549,-0.0897077126221752,1.4798719792476653
2022-03-30 04:00:00+00:00,68.95,69.28,67.64,67.99,2169256.0,21899.0,68.313511,61.67433333333334,59.79004568933202,1.506198752567343,0.22947358041572846,1.2767251721516146
2022-03-31 04:00:00+00:00,68.41,68.41,66.46,66.61,2330787.0,23641.0,67.211768,61.650666666666666,55.75027653583522,1.4698588341164793,0.4775506311558787,0.9923082029606006
2022-04-01 04:00:00+00:00,66.7,67.48,65.45,66.0,2085790.0,24641.0,65.957162,61.66233333333333,54.01302929507122,1.3759758913516436,0.6572356831950317,0.7187402081566119
2022-04-04 04:00:00+00:00,66.79,67.975,66.46,67.64,1761331.0,18113.0,67.53851,61.751999999999995,57.818716510671614,1.417566453101685,0.8093018371763623,0.6082646159253227
2022-04-05 04:00:00+00:00,67.9,68.39,66.85,66.98,1373965.0,19119.0,67.30596,61.88666666666666,55.816790952721995,1.3813474749502745,0.9237109647311448,0.45763651021912977
2022-04-06 04:00:00+00:00,65.62,65.82,63.83,65.49,1486557.0,25701.0,64.923709,62.28633333333333,51.48297808472474,1.218368532239623,0.9826424782328405,0.23572605400678248
2022-04-07 04:00:00+00:00,65.37,66.38,63.53,64.56,2087674.0,25216.0,64.467848,62.41833333333333,48.929358636945985,1.0026059015433617,0.9866351628949448,0.015970738648416916
2022-04-08 04:00:00+00:00,64.15,64.685,63.15,63.53,1955354.0,22563.0,63.74124,62.47933333333333,46.19636108427966,0.7399701549688729,0.9373021613097305,-0.19733200634085768
2022-04-11 04:00:00+00:00,63.3,64.24,62.25,63.63,2003433.0,24050.0,63.436475,62.56666666666667,46.508753081777755,0.5337459073111575,0.856590910510016,-0.32284500319885856
2022-04-12 04:00:00+00:00,64.68,64.68,62.08,62.29,1980908.0,22920.0,62.88472,62.64866666666667,42.91317762975465,0.259197041968946,0.7371121368018021,-0.4779150948328561
2022-04-13 04:00:00+00:00,62.55,63.7,61.81,63.5,1218416.0,15674.0,63.301403,62.77466666666667,46.90484085428535,0.1376650586726953,0.6172227211759808,-0.47955766250328546
2022-04-14 04:00:00+00:00,63.83,64.21,61.74,61.82,1266227.0,17704.0,62.458224,62.882333333333335,42.46508937500848,-0.09313823375225638,0.4751505301903334,-0.5682887639425898
2022-04-18 04:00:00+00:00,61.81,61.81,60.27,61.07,1883847.0,17463.0,60.991188,62.98733333333333,40.61674546774172,-0.332734679569505,0.3135734882383657,-0.6463081678078707
2022-04-19 04:00:00+00:00,61.32,63.68,61.07,63.33,1848816.0,17665.0,63.166304,63.32266666666667,47.96639325698952,-0.336375944189065,0.18358360175287958,-0.5199595459419446
2022-04-20 04:00:00+00:00,63.62,63.85,62.76,63.33,1561993.0,18047.0,63.355971,63.623333333333335,47.96639325698952,-0.3353954427463961,0.07978779285302444,-0.41518323559942055
2022-04-21 04:00:00+00:00,63.62,64.48,61.36,62.0,2228692.0,21909.0,62.043517,63.78933333333334,44.230162945424055,-0.43690193941956323,-0.023550153601493096,-0.41335178581807014
2022-04-22 04:00:00+00:00,62.27,62.63,60.93,61.2,1984442.0,23390.0,61.489021,63.96,42.10564720812879,-0.575268545765546,-0.13389383203430366,-0.4413747137312423
2022-04-25 04:00:00+00:00,61.39,62.66,60.785,62.65,2184548.0,25562.0,61.98704,64.20066666666666,47.068363342610695,-0.5614501485065304,-0.21940509532874902,-0.3420450531777814
2022-04-26 04:00:00+00:00,62.27,62.62,59.89,59.99,2661404.0,27175.0,60.648696,64.33533333333334,40.25178147223568,-0.756419208790696,-0.32680791802113845,-0.42961129076955756
2022-04-27 04:00:00+00:00,62.89,65.85,61.995,63.72,3136288.0,40144.0,63.808923,64.53133333333332,50.97382259993861,-0.6030027265769746,-0.3820468797323057,-0.2209558468446689
2022-04-28 04:00:00+00:00,64.55,65.76,63.13,65.46,2346390.0,27952.0,64.975869,64.729,55.02814610229189,-0.3371293832291684,-0.3730633804316783,0.03593399720250989
2022-04-29 04:00:00+00:00,65.09,65.93,63.57,63.62,2325096.0,29582.0,64.653797,64.76466666666667,50.2918261728952,-0.271762753731835,-0.3528032550917097,0.08104050135987467
2022-05-02 04:00:00+00:00,63.72,64.57,62.81,64.42,1860828.0,26999.0,63.760812,64.73833333333333,52.21749632129326,-0.15363490721703243,-0.31296958551677423,0.1593346782997418
2022-05-03 04:00:00+00:00,63.73,64.22,63.14,63.36,1655022.0,22518.0,63.612855,64.69933333333333,49.482204355464575,-0.14389217952348332,-0.27915410431811605,0.13526192479463273
2022-05-04 04:00:00+00:00,63.3,64.66,61.215,64.6,2262447.0,28018.0,63.10242,64.61966666666666,52.609570923334665,-0.03570181247555837,-0.23046364594960453,0.19476183347404616
2022-05-05 04:00:00+00:00,63.9,64.32,60.13,61.0,1617941.0,22021.0,61.378444,64.42566666666667,44.07811897258219,-0.23770990880581166,-0.23191289852084598,-0.005797010284965681
2022-05-06 04:00:00+00:00,61.08,61.08,58.375,59.11,1503513.0,23823.0,59.444665,64.148,40.37619445275854,-0.5440386462861468,-0.2943380480739062,-0.24970059821224067
2022-05-09 04:00:00+00:00,58.61,58.94,56.88,58.06,2165452.0,30476.0,57.978271,63.83133333333333,38.44444719082352,-0.861600607032436,-0.4077905598656122,-0.4538100471668238
2022-05-10 04:00:00+00:00,60.0,60.0,55.73,56.97,3809855.0,38759.0,56.945364,63.45066666666666,36.49257526868413,-1.1875354696452476,-0.5637395418215393,-0.6237959278237083
2022-05-11 04:00:00+00:00,57.06,57.37,54.02,54.19,2898988.0,34490.0,55.227479,62.93733333333333,32.02646282439851,-1.651130755514032,-0.7812177845600379,-0.8699129709539941
2022-05-12 04:00:00+00:00,53.8,56.4,53.505,55.58,1925745.0,25846.0,55.286525,62.52366666666667,36.228922759709434,-1.8846469395364238,-1.0019036155553152,-0.8827433239811087
2022-05-13 04:00:00+00:00,56.41,58.67,56.41,58.19,1594268.0,21593.0,57.685411,62.243,43.31552751671277,-1.8379186285621003,-1.1691066181566723,-0.668812010405428
2022-05-16 04:00:00+00:00,57.81,58.18,56.03,56.98,2298147.0,23702.0,56.999266,61.94233333333333,41.03866290590474,-1.8768874033991665,-1.3106627752051712,-0.5662246281939953
2022-05-17 04:00:00+00:00,58.11,58.12,56.43,58.08,2395559.0,27532.0,57.329999,61.623666666666665,43.9244174699203,-1.7982801768082766,-1.4081862555257922,-0.3900939212824843
2022-05-18 04:00:00+00:00,56.91,58.04,55.11,55.39,2128452.0,24497.0,55.991971,61.23733333333333,38.909211481476426,-1.9307869915668903,-1.512706402734012,-0.41808058883287824
2022-05-19 04:00:00+00:00,55.39,57.69,55.12,56.81,1547100.0,22022.0,56.927901,60.94799999999999,42.6328441477601,-1.8993232482402576,-1.5900297718352612,-0.3092934764049964
2022-05-20 04:00:00+00:00,57.85,57.96,55.4,57.16,1531921.0,22229.0,56.484349,60.70133333333333,43.54621789946142,-1.8251072299844608,-1.6370452634651012,-0.1880619665193597
2022-05-23 04:00:00+00:00,57.5,57.92,55.68,57.83,1748872.0,20525.0,57.312227,60.51133333333333,45.340306319630166,-1.6927145406959028,-1.6481791189112616,-0.044535421784641205
2022-05-24 04:00:00+00:00,57.19,57.74,55.61,57.45,1542642.0,22077.0,57.043525,60.30533333333333,44.47697105430971,-1.6000112708465153,-1.6385455492983123,0.03853427845179702
2022-05-25 04:00:00+00:00,57.5,59.39,57.27,58.9,1722002.0,24528.0,58.545676,60.19233333333333,48.506175193590565,-1.3934772415246641,-1.589531887743583,0.19605464621891877
2022-05-26 04:00:00+00:00,59.03,59.82,58.45,59.37,1871951.0,25221.0,59.266199,60.05466666666666,49.7783638467018,-1.1782898710699428,-1.507283484408855,0.3289936133389122
2022-05-27 04:00:00+00:00,59.72,61.54,59.67,61.5,1719374.0,20951.0,60.992928,60.044,55.182323889672915,-0.8263534426957904,-1.3710974760662422,0.5447440333704519
2022-05-31 04:00:00+00:00,60.96,61.81,60.42,60.94,2063629.0,24572.0,61.146432,60.03966666666667,53.55084774055494,-0.5858750051639561,-1.214052981885785,0.628177976721829
2022-06-01 04:00:00+00:00,61.24,62.13,60.09,61.23,1706808.0,23774.0,61.077413,59.96966666666666,54.30429145339366,-0.36765543154027824,-1.0447734718166837,0.6771180402764054
2022-06-02 04:00:00+00:00,61.18,64.0,61.07,63.99,1778896.0,31122.0,63.356028,59.99166666666667,60.818348095763525,0.027675065532861254,-0.8302837643467748,0.857958829879636
2022-06-03 04:00:00+00:00,62.92,63.63,62.14,62.52,1207242.0,18964.0,62.512039,60.009,56.221389170667436,0.2198265938319608,-0.6202616927110276,0.8400882865429884
2022-06-06 04:00:00+00:00,62.32,62.81,60.885,61.13,1789838.0,25104.0,61.561645,60.00666666666667,52.20332973110165,0.2569843257605129,-0.44481248901671955,0.7017968147772324
2022-06-07 04:00:00+00:00,60.78,62.05,60.64,61.96,1038164.0,14142.0,61.666135,59.983666666666664,54.30345927710381,0.3493787388012919,-0.2859742434531173,0.6353529822544092
2022-06-08 04:00:00+00:00,61.42,62.275,60.68,61.25,2015398.0,17840.0,61.415821,60.025666666666666,52.190903440386926,0.36114782322011507,-0.15654983011847085,0.517697653338586
2022-06-09 04:00:00+00:00,61.16,61.44,59.67,59.69,1017477.0,17687.0,60.463002,59.891333333333336,47.791606628365685,0.24180852670244235,-0.07687815875428822,0.31868668545673057
2022-06-10 04:00:00+00:00,58.77,59.125,57.9004,58.59,1608808.0,20205.0,58.660742,59.66233333333333,44.916542487813274,0.05780413738856538,-0.0499416995257175,0.10774583691428288
2022-06-13 04:00:00+00:00,56.87,57.94,55.58,55.82,1793725.0,27141.0,56.14932,59.40233333333333,38.616536102442964,-0.3079862432691911,-0.10155060827441223,-0.20643563499477888
2022-06-14 04:00:00+00:00,55.93,56.33,54.61,55.17,2191734.0,35047.0,55.277817,59.094,37.29463400513083,-0.6429161854566701,-0.2098237237108638,-0.4330924617458063
2022-06-15 04:00:00+00:00,56.08,57.34,55.07,56.35,3153329.0,37854.0,56.188326,58.86033333333333,41.227876249623876,-0.8038679500143076,-0.3286325689715526,-0.475235381042755
2022-06-16 04:00:00+00:00,55.16,55.255,54.02,55.16,1828841.0,27342.0,54.875808,58.54566666666666,38.59842451364106,-1.0157376464624335,-0.4660535844697288,-0.5496840619927047
2022-06-17 04:00:00+00:00,55.41,56.92,55.04,56.06,2618077.0,22791.0,55.997662,58.381,41.63050288803533,-1.09836219329258,-0.592515306234299,-0.505846887058281
2022-06-21 04:00:00+00:00,57.04,57.18,55.97,56.07,2409300.0,23890.0,56.327721,58.27966666666667,41.6649721902175,-1.149781855985239,-0.7039686161844871,-0.44581323980075194
2022-06-22 04:00:00+00:00,55.72,58.28,55.5,57.82,2044060.0,23925.0,57.497497,58.27166666666666,47.50708528259481,-1.037363849764553,-0.7706476629005004,-0.26671618686405263
2022-06-23 04:00:00+00:00,58.26,59.435,57.64,59.38,1777921.0,24662.0,59.012035,58.352,52.111196152235664,-0.8130208095658418,-0.7791222922335688,-0.033898517332273004
2022-06-24 04:00:00+00:00,60.0,62.92,59.595,62.88,5128942.0,31216.0,62.422541,58.641666666666666,60.48519755794475,-0.34878599676553534,-0.6930550331399622,0.34426903637442685
2022-06-27 04:00:00+00:00,62.85,62.85,61.43,61.68,1336359.0,22238.0,62.010797,58.845,56.81682142802853,-0.07682098962266082,-0.5698082244365019,0.4929872348138411
2022-06-28 04:00:00+00:00,61.5,62.0725,60.155,60.34,1527173.0,24335.0,60.828517,58.916666666666664,52.95460402921174,0.030237873405205562,-0.44979900486816043,0.480036878273366
2022-06-29 04:00:00+00:00,60.44,60.77,58.82,60.21,1567768.0,26663.0,60.108517,59.02433333333333,52.58117053411586,0.10340093847369758,-0.3391590161997889,0.44255995467348647
2022-06-30 04:00:00+00:00,59.35,60.62,58.08,60.41,2222707.0,25103.0,60.078257,59.102,53.12880016930944,0.17549848588093653,-0.23622751578364384,0.4117260016645804
2022-07-01 04:00:00+00:00,60.31,61.53,60.11,61.32,1031594.0,17598.0,60.979193,59.29966666666667,55.639137992156044,0.3025777781700185,-0.12846645699291137,0.4310442351629299
2022-07-05 04:00:00+00:00,60.91,61.96,60.0,61.87,1146317.0,17121.0,61.521987,59.46833333333334,57.1334810039422,0.4425677903261942,-0.014259607529090251,0.4568273978552845
2022-07-06 04:00:00+00:00,62.0,62.1888,61.18,62.07,1325780.0,21899.0,61.819842,59.632,57.691602672735534,0.5631574831513859,0.10122381060700499,0.46193367254438095
2022-07-07 04:00:00+00:00,61.85,62.66,61.44,61.68,2738713.0,34069.0,61.724025,59.76033333333334,56.15618148254148,0.6201077270098523,0.20500059388757447,0.4151071331222778
2022-07-08 04:00:00+00:00,61.01,61.87,60.6283,61.8,1557515.0,19136.0,61.487926,59.90533333333334,56.539457278200544,0.6672327587848983,0.2974470268670393,0.369785731917859
2022-07-11 04:00:00+00:00,61.54,62.005,60.73,61.46,1459330.0,23177.0,61.53094,59.99066666666667,55.07051571126567,0.6694277807307571,0.37184317763978286,0.2975846030909743
2022-07-12 04:00:00+00:00,61.17,61.805,59.42,59.7,1447755.0,19860.0,60.323785,60.00166666666667,48.103483102627145,0.5231198602526561,0.40209851416235753,0.12102134609029858
2022-07-13 04:00:00+00:00,58.63,60.12,57.92,59.3,1128440.0,20352.0,59.360666,59.928333333333335,46.658730050245666,0.37062083582961947,0.39580297849581,-0.02518214266619051
2022-07-14 04:00:00+00:00,58.98,59.25,57.54,57.94,2024432.0,29289.0,58.052724,59.82833333333333,42.035965982648825,0.13842791543174826,0.3443279658829977,-0.20590005045124943
2022-07-15 04:00:00+00:00,58.93,59.96,58.37,59.91,1192935.0,22242.0,59.614499,59.78433333333333,49.79531152630049,0.1120838562546993,0.29787914395733806,-0.18579528770263876
2022-07-18 04:00:00+00:00,60.17,60.7699,58.89,59.08,744280.0,14681.0,59.619526,59.620666666666665,46.94400951967957,0.023955788737019645,0.24309447291327438,-0.21913868417625473
2022-07-19 04:00:00+00:00,59.88,61.2,59.26,61.13,959031.0,17513.0,60.670778,59.574333333333335,53.95665781941015,0.11816934508371446,0.2181094473473624,-0.09994010226364794
2022-07-20 04:00:00+00:00,61.56,62.855,61.39,62.3,1967105.0,25283.0,62.218916,59.61333333333333,57.41612705920321,0.28397005908657746,0.23128156969520544,0.05268848939137202
2022-07-21 04:00:00+00:00,62.55,62.79,61.665,62.59,1702435.0,21607.0,62.4719,59.63433333333334,58.25338772889426,0.4337686804952412,0.2717789918552126,0.1619896886400286
2022-07-22 04:00:00+00:00,62.5,62.93,61.44,61.81,1070834.0,17191.0,61.919441,59.653000000000006,55.1145895018353,0.48396681771860983,0.3142165570278921,0.16975026069071775
2022-07-25 04:00:00+00:00,61.8,62.15,60.55,61.59,1787826.0,20107.0,61.512989,59.71633333333333,54.227083656924094,0.5002306936888417,0.351419384360082,0.14881130932875963
2022-07-26 04:00:00+00:00,61.53,61.53,60.27,60.7,1517994.0,20813.0,60.689937,59.78666666666667,50.67219218052183,0.43627526097391467,0.3683905596828486,0.06788470129106605
2022-07-27 04:00:00+00:00,64.0,69.685,63.82,69.68,5589879.0,48980.0,67.716773,60.248666666666665,71.19257757344148,1.0975492067274644,0.5142222890917718,0.5833269176356926
2022-07-28 04:00:00+00:00,69.85,71.26,69.34,70.92,2838651.0,40576.0,70.505028,60.77366666666667,72.87084074539689,1.702051025118692,0.7517880362971558,0.9502629888215361
2022-07-29 04:00:00+00:00,70.39,72.74,70.39,72.59,2411955.0,29907.0,72.035634,61.315000000000005,74.98454193809172,2.289486341235822,1.059327697284889,1.2301586439509329
2022-08-01 04:00:00+00:00,71.92,72.255,70.88,71.16,1193579.0,22131.0,71.335356,61.84833333333333,69.95822047360728,2.609562599262226,1.3693746776803566,1.2401879215818694
2022-08-02 04:00:00+00:00,70.59,71.82,70.15,70.99,1908135.0,24952.0,71.083005,62.346,69.36296454186464,2.8170347376104132,1.658906689666368,1.1581280479440452
2022-08-03 04:00:00+00:00,71.31,73.08,71.26,72.52,1211427.0,21151.0,72.512792,62.89433333333333,71.6970853614884,3.069532455830654,1.9410318428992253,1.1285006129314286
2022-08-04 04:00:00+00:00,72.69,72.97,71.3401,72.87,1133503.0,19333.0,72.503364,63.396,72.21851221069008,3.260298104512273,2.204885095221835,1.0554130092904384
2022-08-05 04:00:00+00:00,71.66,72.93,71.52,72.87,1072554.0,17637.0,72.518261,63.845666666666666,72.21851221069008,3.372603976219949,2.4384288714214577,0.9341751047984914
2022-08-08 04:00:00+00:00,72.95,73.86,72.5,72.87,1137394.0,25925.0,72.972525,64.17866666666667,72.21851221069008,3.4221586736978082,2.6351748318767276,0.7869838418210806
2022-08-09 04:00:00+00:00,72.38,73.43,71.67,72.89,867090.0,17088.0,72.397263,64.55233333333334,72.25499290288313,3.4235800614802088,2.792855877797424,0.6307241836827848
2022-08-10 04:00:00+00:00,74.41,74.815,73.83,74.73,1489400.0,24489.0,74.513117,65.032,75.44908714365367,3.532459153771484,2.9407765329922357,0.591682620779248
2022-08-11 04:00:00+00:00,74.7,75.96,73.69,73.86,1672226.0,25550.0,74.596283,65.48700000000001,71.27114215682067,3.5081056317344803,3.054242352740685,0.4538632789937953
2022-08-12 04:00:00+00:00,74.04,75.18,73.82,75.06,967377.0,14625.0,74.665352,65.97533333333334,73.45459938179089,3.5447733209449837,3.1523485463815453,0.3924247745634384
2022-08-15 04:00:00+00:00,74.55,75.66,74.55,75.39,944371.0,15394.0,75.135165,66.44433333333333,74.03894006628491,3.559430076640453,3.233764852433327,0.32566522420712607
2022-08-16 04:00:00+00:00,74.7,75.59,74.7,75.13,985903.0,15752.0,75.190205,66.88633333333333,72.68142589702266,3.5096092433347366,3.2889337306136093,0.2206755127211273
2022-08-17 04:00:00+00:00,74.38,74.82,73.49,73.5,952247.0,14229.0,73.865051,67.26733333333333,64.67531386074339,3.3005517899660504,3.291257342484098,0.009294447481952517
2022-08-18 04:00:00+00:00,73.67,73.735,73.18,73.5,839869.0,11857.0,73.476488,67.66133333333333,64.67531386074339,3.0991472120849863,3.252835316404276,-0.15368810431928948
2022-08-19 04:00:00+00:00,72.57,72.8,71.57,71.74,1311454.0,17020.0,71.897134,67.99266666666666,56.835395489004796,2.765634825288302,3.1553952181810816,-0.38976039289277953
2022-08-22 04:00:00+00:00,71.04,71.69,70.625,71.57,1184027.0,15543.0,71.318141,68.32966666666667,56.12766016766801,2.459257487196467,3.016167671984159,-0.5569101847876916
2022-08-23 04:00:00+00:00,71.07,72.23,71.07,71.44,2639989.0,23411.0,71.58633,68.721,55.55791969137237,2.180822165475547,2.8490985706824365,-0.6682764052068895
2022-08-24 04:00:00+00:00,71.4,71.82,70.92,71.05,934947.0,15524.0,71.295727,69.11266666666667,53.79375968238824,1.9067110482813803,2.6606210662022254,-0.7539100179208451
2022-08-25 04:00:00+00:00,71.62,72.67,70.91,72.5,877268.0,16623.0,72.285426,69.598,59.00574383493005,1.7858922408126574,2.485675301124312,-0.6997830603116544
2022-08-26 04:00:00+00:00,72.11,72.445,70.15,70.32,745674.0,12803.0,70.630174,69.945,49.89360171658543,1.4969784487409896,2.2879359306476474,-0.7909574819066578
2022-08-29 04:00:00+00:00,69.99,70.5,69.56,69.89,809814.0,13371.0,70.02045,70.30533333333334,48.3088913060626,1.2192599113772502,2.0742007267935683,-0.8549408154163181
2022-08-30 04:00:00+00:00,70.07,70.75,69.08,69.71,933058.0,14482.0,69.645135,70.59133333333332,47.62695067897126,0.9734204885267275,1.8540446791402,-0.8806241906134726
2022-08-31 04:00:00+00:00,70.11,70.71,69.58,69.64,1563620.0,19376.0,69.882619,70.836,47.34703802779596,0.764134097535262,1.6360625628192125,-0.8719284652839505
2022-09-01 04:00:00+00:00,69.04,70.03,67.52,69.99,1484543.0,22960.0,69.000505,71.08266666666667,48.96220109420577,0.6193754254190509,1.4327251353391803,-0.8133497099201294
2022-09-02 04:00:00+00:00,70.67,72.61,69.7,70.89,2893380.0,39480.0,71.354425,71.38533333333334,52.958295721648895,0.5706969737562559,1.2603195030225955,-0.6896225292663396
2022-09-06 04:00:00+00:00,75.0,76.92,74.69,76.2,9178853.0,110598.0,75.991656,71.87233333333333,68.58620611075764,0.9496446600745259,1.1981845344329816,-0.2485398743584557
2022-09-07 04:00:00+00:00,75.68,78.35,75.42,78.07,4327015.0,57566.0,77.435176,72.45133333333334,72.10127606996906,1.3848926233144851,1.2355261522092824,0.14936647110520274
2022-09-08 04:00:00+00:00,77.24,79.255,77.04,78.56,3207093.0,46760.0,78.505908,72.74733333333333,72.95523303223005,1.7492049292909257,1.3382619076256113,0.4109430216653145
2022-09-09 04:00:00+00:00,78.41,79.14,77.83,78.42,3404782.0,44259.0,78.586058,72.99733333333332,72.27453640623625,2.003532748169434,1.471316075734376,0.5322166724350579
2022-09-12 04:00:00+00:00,78.32,79.145,77.31,78.44,4335859.0,50440.0,78.167549,73.19233333333334,72.3142774852108,2.1815555948899856,1.613363979565498,0.5681916153244877
2022-09-13 04:00:00+00:00,76.78,78.15,76.3,76.64,3382671.0,44498.0,77.229774,73.375,63.493313975703906,2.1525814081908123,1.721207465290561,0.43137394290025144
2022-09-14 04:00:00+00:00,74.67,75.57,72.81,73.97,4362135.0,61296.0,74.372579,73.47433333333333,53.13885112380374,1.8923585393160494,1.7554376800956586,0.13692085922039077
2022-09-15 04:00:00+00:00,73.28,74.88,71.855,72.49,4371546.0,55663.0,72.856086,73.47333333333334,48.42471825471967,1.548852205704037,1.7141205852173345,-0.16526837951329743
2022-09-16 04:00:00+00:00,71.07,72.13,69.92,70.45,54008461.0,76666.0,70.493628,73.39266666666667,42.78985239177778,1.0993375317264764,1.591163974519163,-0.4918264427926866
2022-09-19 04:00:00+00:00,69.91,72.2,69.75,72.07,3900246.0,42969.0,71.464863,73.366,47.96780593354144,0.8638563765392178,1.445702454923174,-0.5818460783839563
2022-09-20 04:00:00+00:00,71.54,71.54,70.191,70.78,2617081.0,35529.0,70.766853,73.29633333333332,44.51294339035917,0.5666120939675352,1.2698843827320465,-0.7032722887645113
2022-09-21 04:00:00+00:00,71.26,73.0,69.65,69.65,1969143.0,29740.0,70.67248,73.18833333333333,41.68095177711975,0.237128828773578,1.063333271940353,-0.826204443166775
2022-09-22 04:00:00+00:00,69.31,70.54,68.16,70.1,4023050.0,52347.0,69.572072,73.034,43.229924866946014,0.012181782496000437,0.8531029740514825,-0.8409211915554821
2022-09-23 04:00:00+00:00,69.94,69.94,68.18,69.57,3030869.0,42071.0,69.009033,72.891,41.821037461947384,-0.20647680683825342,0.6411870178735354,-0.8476638247117888
2022-09-26 04:00:00+00:00,69.54,71.55,69.39,69.59,2841648.0,38588.0,69.978321,72.70866666666666,41.89798979187243,-0.3738420627914252,0.4381812017405433,-0.8120232645319685
2022-09-27 04:00:00+00:00,69.62,70.65,69.17,70.01,2253441.0,32787.0,69.81393,72.52933333333334,43.58551552128281,-0.46720410591382233,0.2571041402096702,-0.7243082461234925
2022-09-28 04:00:00+00:00,70.56,72.32,70.46,72.23,2643239.0,35477.0,71.725497,72.43266666666666,51.589198612039944,-0.35793272538676035,0.1340967670903841,-0.49202949247714445
2022-09-29 04:00:00+00:00,71.47,71.97,69.93,70.69,2546511.0,37831.0,70.678132,72.339,46.645402670778935,-0.39109124234833814,0.029059165202639653,-0.42015040755097777
2022-09-30 04:00:00+00:00,70.83,71.89,69.59,69.65,2439647.0,31206.0,70.373118,72.21066666666667,43.60628087827549,-0.4955762201119711,-0.07586791186028251,-0.4197083082516886
2022-10-03 04:00:00+00:00,70.16,72.44,69.605,71.99,2257273.0,31772.0,71.672748,72.219,51.295397729063346,-0.38512341100813785,-0.13771901168985357,-0.24740439931828428
2022-10-04 04:00:00+00:00,73.33,74.48,73.01,73.77,2893325.0,35502.0,73.767356,72.29233333333333,56.18888900829317,-0.15220313708339006,-0.14061583676856088,-0.011587300314829185
2022-10-05 04:00:00+00:00,73.56,74.97,72.55,74.4,2068906.0,28166.0,74.123098,72.391,57.80479879108914,0.08227517595831557,-0.09603763422318559,0.17831281018150116
2022-10-06 04:00:00+00:00,73.82,75.82,73.72,75.21,2035130.0,31859.0,74.990784,72.52966666666666,59.854986406981375,0.3296610317492963,-0.01089790102868922,0.3405589327779855
2022-10-07 04:00:00+00:00,74.15,74.675,73.15,73.47,1779445.0,26996.0,73.592662,72.56199999999998,53.80690699981843,0.38092161925790435,0.0674660030286295,0.31345561622927487
2022-10-10 04:00:00+00:00,73.5,73.52,71.815,72.71,1434576.0,23126.0,72.679018,72.64166666666667,51.36551336288317,0.3561152804768142,0.12519585851826642,0.23091942195854775
2022-10-11 04:00:00+00:00,72.2,73.84,71.36,72.37,2073279.0,29551.0,72.67337,72.72433333333332,50.26668457232833,0.3054993138480171,0.16125654958421656,0.14424276426380053
2022-10-12 04:00:00+00:00,72.42,72.545,71.43,71.45,2333746.0,28884.0,71.751394,72.78233333333334,47.31704081782248,0.18897114268473558,0.16679946820432037,0.02217167448041521
2022-10-13 04:00:00+00:00,69.3,72.27,68.86,71.67,3064607.0,41473.0,70.829303,72.85,48.101310192508265,0.11307048273990006,0.15605367111143634,-0.04298318837153628
2022-10-14 04:00:00+00:00,72.7,72.8,70.16,70.3,1809314.0,26137.0,70.853736,72.86033333333333,43.7350712086524,-0.056972148074322604,0.11344850727428456,-0.17042065534860718
2022-10-17 04:00:00+00:00,71.21,72.47,71.07,72.08,1470538.0,21303.0,72.06485,72.9,50.07588617671272,-0.047552874232764,0.08124823097287484,-0.12880110520563884
2022-10-18 04:00:00+00:00,73.8,74.4,72.62,73.35,1689149.0,29760.0,73.379281,72.805,54.0543895845931,0.06167935312721795,0.07733445540374348,-0.01565510227652553
2022-10-19 04:00:00+00:00,72.73,72.86,71.62,72.29,1449405.0,23397.0,72.299952,72.61233333333332,50.44127097640828,0.06199885486935841,0.07426733529686647,-0.012268480427508055
2022-10-20 04:00:00+00:00,72.16,72.68,70.5,70.57,1694206.0,30130.0,71.210175,72.34599999999999,45.16572402433395,-0.07566534011751003,0.04428080021399117,-0.1199461403315012
2022-10-21 04:00:00+00:00,70.45,72.307,69.42,71.8,2316166.0,39047.0,71.277401,72.12533333333334,49.253167493819745,-0.08453996194349145,0.018516647782494646,-0.1030566097259861
2022-10-24 04:00:00+00:00,72.78,72.78,70.86,71.39,2697158.0,41440.0,71.419248,71.89033333333333,47.9695698864476,-0.1232361475684769,-0.009833911287699663,-0.11340223628077722
2022-10-25 04:00:00+00:00,71.65,74.64,71.5,74.5,2888848.0,43135.0,73.739419,71.81899999999999,57.10211506167192,0.09594189671472009,0.011321250312784288,0.0846206464019358
2022-10-26 04:00:00+00:00,78.77,81.53,77.75,80.04,5830184.0,63558.0,80.157106,72.02133333333333,67.9080915229766,0.7085065536691815,0.15075831098406373,0.5577482426851177
2022-10-27 04:00:00+00:00,80.52,82.07,80.16,81.62,3646436.0,45599.0,81.289715,72.32566666666666,70.21267107354731,1.3064018654862792,0.38188702188450685,0.9245148436017724
2022-10-28 04:00:00+00:00,82.0,83.375,81.7457,82.88,2203896.0,35305.0,82.947802,72.74,71.94302576136563,1.8604634133146476,0.6776023001705351,1.1828611131441125
2022-10-31 04:00:00+00:00,80.925,83.441,80.925,82.72,3112371.0,44141.0,82.462263,73.095,71.37601669774011,2.2605918235697686,0.9942002048503819,1.2663916187193869
2022-11-01 04:00:00+00:00,83.7,83.7,81.0,81.19,2414699.0,29958.0,81.857567,73.44200000000001,66.01782045418813,2.426269731050894,1.2806141100904842,1.1456556209604098
2022-11-02 04:00:00+00:00,80.99,82.405,78.98,79.18,2638560.0,35744.0,80.3133,73.75966666666666,59.67941290507394,2.3680826815725737,1.4981078243869022,0.8699748571856716
2022-11-03 04:00:00+00:00,78.41,80.9,77.93,79.89,2056401.0,35105.0,80.170365,74.086,61.10015050311862,2.3521460168066852,1.668915462870859,0.6832305539358263
2022-11-04 04:00:00+00:00,80.78,80.78,77.81,79.97,1986619.0,37128.0,79.201153,74.43266666666666,61.265764993051015,2.3192367094623734,1.798979712189162,0.5202569972732114
2022-11-07 05:00:00+00:00,80.49,80.84,79.35,80.35,3313680.0,38304.0,80.242146,74.79133333333334,62.0913597202664,2.297336406449446,1.898651051041219,0.39868535540822725
2022-11-08 05:00:00+00:00,80.89,81.55,79.78,80.17,2677756.0,41998.0,80.679594,75.13000000000001,61.42350786851774,2.2396386031606994,1.9668485614651152,0.2727900416955842
2022-11-09 05:00:00+00:00,79.8,80.15,78.64,79.78,2126791.0,38003.0,79.72692,75.38166666666666,59.91968977598603,2.137799713368537,2.0010387918458,0.136760921522737
2022-11-10 05:00:00+00:00,83.37,85.24,82.97,84.16,3250284.0,55479.0,84.13575,75.83066666666667,69.07648871567787,2.383050728906099,2.07744117925786,0.30560954964823894
2022-11-11 05:00:00+00:00,84.47,85.37,83.19,83.28,2170545.0,39299.0,84.038591,76.285,65.8227557349471,2.4778422569893195,2.157521394804152,0.3203208621851674
2022-11-14 05:00:00+00:00,83.18,83.79,82.14,82.21,2161392.0,34275.0,82.783096,76.62566666666666,61.99873471125702,2.4385154797668918,2.2137202117967,0.22479526797019167
2022-11-15 05:00:00+00:00,83.21,83.93,82.225,82.71,1957338.0,38384.0,83.012102,76.92366666666666,63.07817417117118,2.4198005918602377,2.2549362878094077,0.16486430405082997
2022-11-16 05:00:00+00:00,82.72,83.17,81.93,82.47,2090137.0,33905.0,82.531732,77.19266666666665,62.165376088690216,2.358416556128688,2.2756323414732638,0.08278421465542429
2022-11-17 05:00:00+00:00,81.35,81.835,80.27,80.75,1671657.0,26776.0,80.709122,77.37733333333333,55.91992160538039,2.1462391314828437,2.2497536994751797,-0.10351456799233594
2022-11-18 05:00:00+00:00,82.52,83.21,80.46,80.8,2592242.0,35039.0,80.969399,77.62166666666667,56.05812550654688,1.9595332958602256,2.191709618752189,-0.23217632289196333
2022-11-21 05:00:00+00:00,81.0,81.81,80.38,80.56,1916734.0,28723.0,80.837297,77.88333333333334,55.1640787446442,1.771777632100509,2.107723221421853,-0.3359455893213439
2022-11-22 05:00:00+00:00,80.71,80.91,79.05,79.43,3006663.0,38282.0,79.461915,78.11866666666668,51.036859931609854,1.5143419681052848,1.9890469707585394,-0.47470500265325466
2022-11-23 05:00:00+00:00,79.37,80.51,79.0025,80.02,1839318.0,28078.0,79.983298,78.40433333333334,53.01352130317146,1.3424554283015624,1.859728662267144,-0.5172732339655817
2022-11-25 05:00:00+00:00,80.25,81.005,79.35,79.98,1208348.0,17043.0,79.953952,78.68133333333334,52.85772249790143,1.1892969663094561,1.7256423230756066,-0.5363453567661505
2022-11-28 05:00:00+00:00,79.84,80.17,78.56,78.74,1875949.0,26838.0,79.158448,78.96266666666666,48.13507529591714,0.9568303996055505,1.5718799383815956,-0.6150495387760451
2022-11-29 05:00:00+00:00,78.27,78.58,77.905,78.25,1903341.0,25287.0,78.194933,79.16833333333334,46.37191746888686,0.7247061048990133,1.4024451716850792,-0.6777390667860659
2022-11-30 05:00:00+00:00,78.29,81.32,77.91,81.04,5655522.0,52917.0,80.154763,79.42466666666665,56.20790672367121,0.7571476847739547,1.2733856743028542,-0.5162379895288995
2022-12-01 05:00:00+00:00,81.15,83.07,81.0775,82.95,2589058.0,41018.0,82.315582,79.77999999999999,61.42412133085335,0.9263010857041962,1.2039687565831227,-0.2776676708789265
2022-12-02 05:00:00+00:00,82.75,83.775,81.63,83.46,2211368.0,29690.0,83.093189,80.20966666666666,62.70165057764244,1.088956301980545,1.1809662656626072,-0.09200996368206216
2022-12-05 05:00:00+00:00,82.43,83.21,81.59,81.78,2217905.0,32304.0,82.105049,80.54233333333333,56.10966173300896,1.0699658725448558,1.158766187039057,-0.08880031449420134
2022-12-06 05:00:00+00:00,81.87,81.87,80.3301,80.96,1500368.0,26570.0,81.071878,80.86133333333333,53.171307927989986,0.9774808822742358,1.1225091260860929,-0.14502824381185708
2022-12-07 05:00:00+00:00,81.17,81.496,79.795,80.16,1566240.0,24103.0,80.347463,81.05,50.39834822673126,0.8300640849707435,1.064020117863023,-0.23395603289227962
2022-12-08 05:00:00+00:00,80.4,82.44,80.25,82.39,2088730.0,34010.0,81.926165,81.12833333333333,57.11257152828637,0.8829989123259026,1.0278158767555992,-0.1448169644296966
2022-12-09 05:00:00+00:00,82.93,82.93,80.62,80.7,1806478.0,30637.0,81.263269,81.09766666666665,51.430733077723396,0.7795945871787922,0.9781716188402378,-0.1985770316614457
2022-12-12 05:00:00+00:00,81.01,81.96,80.41,81.94,2466484.0,31428.0,81.566341,81.06633333333335,54.97049462280863,0.7886129126369923,0.9402598775995887,-0.15164696496259644
2022-12-13 05:00:00+00:00,84.122,85.06,81.78,82.0,3172987.0,46986.0,82.628196,81.04233333333333,55.140858558460025,0.7914778352878642,0.9105034691372439,-0.1190256338493797
2022-12-14 05:00:00+00:00,81.93,82.87,80.75,81.26,3043685.0,39415.0,81.767841,81.04466666666666,52.50254738864174,0.7256714033443785,0.8735370559786708,-0.1478656526342923
2022-12-15 05:00:00+00:00,80.14,80.375,77.8,77.88,2933193.0,41111.0,78.496577,81.00133333333333,42.49999126338295,0.3962142683078298,0.7780724984445027,-0.38185823013667286
2022-12-16 05:00:00+00:00,77.88,79.42,76.99,77.98,24207174.0,63768.0,77.956755,80.93766666666667,42.84691838774964,0.14155452697369242,0.6507689041503406,-0.5092143771766482
2022-12-19 05:00:00+00:00,77.12,78.49,77.1,77.16,2282376.0,35001.0,77.530068,80.844,40.679491782958216,-0.12499147580346914,0.49561682815957864,-0.6206083039630478
2022-12-20 05:00:00+00:00,77.16,77.36,76.19,76.7,2379865.0,26526.0,76.721606,80.72233333333334,39.47319073946749,-0.3690945665741481,0.32267454921283334,-0.6917691157869814
2022-12-21 05:00:00+00:00,77.06,78.28,76.06,77.94,1751163.0,29150.0,77.749582,80.648,44.27066428048467,-0.4572198420602831,0.16669567095821006,-0.6239155130184931
2022-12-22 05:00:00+00:00,77.38,77.44,75.605,77.25,1958702.0,23873.0,76.916996,80.56366666666668,42.26323773981325,-0.5760961138279583,0.018137314000976387,-0.5942334278289347
2022-12-23 05:00:00+00:00,77.03,77.62,76.355,76.89,878243.0,14407.0,76.847859,80.32133333333333,41.213216162827095,-0.6913855448273694,-0.12376725776469277,-0.5676182870626766
2022-12-27 05:00:00+00:00,77.01,77.62,76.08,76.75,922615.0,16371.0,76.839915,80.10366666666667,40.78880513472757,-0.7850010757263277,-0.2560140213570198,-0.5289870543693079
2022-12-28 05:00:00+00:00,76.97,77.495,75.91,76.05,1035699.0,18834.0,76.381598,79.89833333333333,38.64587512272356,-0.9052411517784691,-0.3858594474413097,-0.5193817043371594
2022-12-29 05:00:00+00:00,76.7,78.05,76.5,77.67,1169896.0,16796.0,77.655417,79.73033333333333,45.74938990271055,-0.85989943185605,-0.4806674443242578,-0.3792319875317922
2022-12-30 05:00:00+00:00,76.9,77.51,76.27,77.28,1257553.0,18361.0,77.010938,79.55733333333335,44.41616071101547,-0.8456869797019522,-0.5536713513997967,-0.29201562830215544
2023-01-03 05:00:00+00:00,78.29,78.63,76.59,77.65,1276706.0,20654.0,77.411261,79.45400000000001,46.02327886589104,-0.7953987396415982,-0.6020168290481571,-0.19338191059344112
2023-01-04 05:00:00+00:00,78.595,78.8,77.45,78.0,1359286.0,23337.0,78.099399,79.36066666666667,47.567642805339005,-0.7190145203391154,-0.6254163673063489,-0.09359815303276653
2023-01-05 05:00:00+00:00,76.99,77.45,74.65,74.9,1664013.0,25744.0,75.323901,79.172,37.36917377083687,-0.898268883901693,-0.6799868706254177,-0.21828201327627528
2023-01-06 05:00:00+00:00,75.8,77.32,74.1601,77.12,1602612.0,26635.0,76.554909,79.095,46.25569470712359,-0.8513796373036797,-0.7142654239610702,-0.13711421334260954
2023-01-09 05:00:00+00:00,77.46,78.5929,76.72,77.08,1481328.0,25815.0,77.422303,78.997,46.12869389862559,-0.8081315992305633,-0.7330386590149688,-0.07509294021559454
