timestamp,open,high,low,close,volume,trade_count,vwap,30sma,rsi,macd,signal,histogram
2022-01-03 05:00:00+00:00,37.46,37.74,36.845,37.08,8714462.0,57217.0,37.125466,,,,,
2022-01-04 05:00:00+00:00,37.11,38.01,37.08,37.63,8149684.0,54036.0,37.677591,,,,,
2022-01-05 05:00:00+00:00,37.71,37.92,37.4,37.44,7632687.0,57407.0,37.619003,,,,,
2022-01-06 05:00:00+00:00,37.48,37.87,37.265,37.71,9998679.0,66591.0,37.64906,,,,,
2022-01-07 05:00:00+00:00,37.58,37.78,37.33,37.51,9757402.0,62545.0,37.577599,,,,,
2022-01-10 05:00:00+00:00,37.58,37.6,36.29,36.54,16012709.0,104340.0,36.624279,,,,,
2022-01-11 05:00:00+00:00,36.55,36.6,35.472,36.3,15075367.0,91860.0,36.06285,,,,,
2022-01-12 05:00:00+00:00,36.43,36.7399,36.255,36.64,11521094.0,72228.0,36.573755,,,,,
2022-01-13 05:00:00+00:00,36.68,36.98,36.58,36.74,9248369.0,59783.0,36.785071,,,,,
2022-01-14 05:00:00+00:00,36.43,36.74,36.21,36.44,13653242.0,84918.0,36.425561,,,,,
2022-01-18 05:00:00+00:00,36.052,36.09,35.07,35.25,20570746.0,119600.0,35.426069,,,,,
2022-01-19 05:00:00+00:00,35.33,35.56,34.96,35.25,17622457.0,102808.0,35.288688,,,,,
2022-01-20 05:00:00+00:00,34.92,36.115,34.92,35.24,18119226.0,108466.0,35.611347,,,,,
2022-01-21 05:00:00+00:00,35.0481,35.14,33.41,34.1,34274949.0,184319.0,34.070396,,,,,
2022-01-24 05:00:00+00:00,34.445,34.465,33.39,34.36,27990275.0,157216.0,33.991069,,26.388888888888985,,,
2022-01-25 05:00:00+00:00,33.65,34.01,33.15,33.72,19870429.0,124062.0,33.693235,,23.568702290076416,,,
2022-01-26 05:00:00+00:00,33.9537,34.82,33.36,33.65,21293328.0,130842.0,33.963554,,23.275705846109318,,,
2022-01-27 05:00:00+00:00,33.9,34.15,33.39,33.56,15918951.0,96665.0,33.719951,,22.881841378951307,,,
2022-01-28 05:00:00+00:00,33.54,34.46,33.21,34.43,14985077.0,91359.0,33.967675,,34.432211582326985,,,
2022-01-31 05:00:00+00:00,33.8893,34.365,33.8893,34.22,14320822.0,80024.0,34.183759,,33.14188059588625,,,
2022-02-01 05:00:00+00:00,34.24,34.77,34.22,34.72,12240412.0,81093.0,34.5758,,39.00299394258492,,,
2022-02-02 05:00:00+00:00,34.72,35.28,34.62,35.21,10065205.0,62566.0,35.08695,,44.16853422336022,,,
2022-02-03 05:00:00+00:00,34.87,35.29,34.54,34.61,13045622.0,72377.0,34.874878,,39.7315986079488,,,
2022-02-04 05:00:00+00:00,34.08,34.55,33.95,34.3,13577125.0,75387.0,34.267171,,37.62839663856927,,,
2022-02-07 05:00:00+00:00,34.42,34.525,33.5,33.65,12254948.0,75572.0,33.797923,,33.61085119625936,,,
2022-02-08 05:00:00+00:00,33.78,34.505,33.66,34.11,13541195.0,74075.0,34.084402,,38.60655038009579,-0.9064623222413459,,
2022-02-09 05:00:00+00:00,34.21,34.82,34.18,34.74,10695891.0,61015.0,34.676764,,44.7396524455864,-0.8196868345767783,,
2022-02-10 05:00:00+00:00,34.01,34.66,33.805,33.99,10284974.0,69428.0,34.159383,,39.660183886665386,-0.802188240713356,,
2022-02-11 05:00:00+00:00,33.92,34.19,33.105,33.37,11131955.0,69905.0,33.579435,,36.019534350218976,-0.8287954593022562,,
2022-02-14 05:00:00+00:00,33.42,34.04,33.37,33.92,12988968.0,80404.0,33.803658,35.214333333333336,41.17798992916845,-0.7963219643584907,,
2022-02-15 05:00:00+00:00,34.25,34.97,34.25,34.55,17760799.0,91498.0,34.626405,35.129999999999995,46.4990296483963,-0.7115484630280875,,
2022-02-16 05:00:00+00:00,34.6777,35.265,34.47,35.17,10408146.0,67042.0,34.92356,35.048,51.17955101514887,-0.5875629738031023,,
2022-02-17 05:00:00+00:00,35.0,35.415,34.89,35.1,14349420.0,77671.0,35.139432,34.97,50.64087847397915,-0.48931151673163953,,
2022-02-18 05:00:00+00:00,35.05,35.395,34.61,34.66,13286107.0,103075.0,34.862575,34.86833333333333,47.272823086058786,-0.44185739490377784,-0.7093039077398705,0.26744651283609266
2022-02-22 05:00:00+00:00,34.84,35.1,34.07,34.24,19630227.0,115012.0,34.509955,34.75933333333333,44.247654736348174,-0.433147101222076,-0.6540725464363116,0.22092544521423563
2022-02-23 05:00:00+00:00,34.37,34.52,33.34,33.4,13018059.0,89403.0,33.641068,34.65466666666667,38.88765852347821,-0.4883951947623686,-0.620937076101523,0.13254188133915445
2022-02-24 05:00:00+00:00,33.17,33.65,32.72,33.6,13506002.0,102967.0,33.237174,34.56466666666667,40.72866093799176,-0.5101605649747043,-0.5987817738761594,0.08862120890145508
2022-02-25 05:00:00+00:00,33.67,34.5,33.56,34.31,10347069.0,77679.0,34.214901,34.486999999999995,46.84994064438995,-0.46476123320403673,-0.5719776657417349,0.10721643253769819
2022-02-28 05:00:00+00:00,33.7,34.08,33.465,33.91,16964180.0,97060.0,33.820161,34.39266666666666,44.08746211571706,-0.45580436377455413,-0.5487430053482988,0.09293864157374465
2022-03-01 05:00:00+00:00,33.77,34.255,33.17,33.34,15918545.0,93664.0,33.508239,34.28933333333334,40.429124747120454,-0.4890626072269555,-0.5368069257240302,0.04774431849707472
2022-03-02 05:00:00+00:00,33.5,34.75,33.36,34.61,14061411.0,88997.0,34.31026,34.268,50.320552052308685,-0.4082357312169904,-0.5110926868226222,0.1028569556056318
2022-03-03 05:00:00+00:00,34.7,35.9,34.7,35.29,19996928.0,116615.0,35.454677,34.26933333333333,54.66147652933835,-0.2860125579189585,-0.4660766610418895,0.18006410312293097
2022-03-04 05:00:00+00:00,35.04,37.48,34.92,37.43,28835234.0,173328.0,36.839079,34.342333333333336,65.02031216887582,-0.016282008378695423,-0.37611773050925074,0.3598357221305553
2022-03-07 05:00:00+00:00,37.21,38.63,36.96,37.01,24520503.0,156175.0,37.635906,34.43933333333334,62.02507597390015,0.1617266216984774,-0.2685488600677051,0.4302754817661825
2022-03-08 05:00:00+00:00,36.72,37.28,34.94,34.99,26131422.0,166974.0,35.712989,34.46033333333333,50.07679753215649,0.1382094330501289,-0.18719720144413832,0.3254066344942672
2022-03-09 05:00:00+00:00,35.68,35.73,34.265,34.61,20402788.0,131694.0,34.660531,34.49,48.19590042338872,0.08789585866124838,-0.132178589423061,0.22007444808430937
2022-03-10 05:00:00+00:00,34.28,35.14,33.88,34.89,23556071.0,127584.0,34.831586,34.531333333333336,49.69522889027083,0.06981091167666875,-0.09178068920311505,0.1615916008797838
2022-03-11 05:00:00+00:00,35.32,35.59,34.63,34.69,21166762.0,107210.0,34.988199,34.568999999999996,48.61294489615465,0.038891811769353524,-0.06564618900862133,0.10453800077797486
2022-03-14 04:00:00+00:00,34.79,35.02,34.02,34.23,13363747.0,86317.0,34.36959,34.56233333333333,46.124811479712676,-0.022470922480181343,-0.057011135702933334,0.03454021322275199
2022-03-15 04:00:00+00:00,34.63,34.8,33.985,34.36,23907510.0,107060.0,34.374001,34.567,46.95116857203568,-0.059920689513518255,-0.05759304646505033,-0.0023276430484679284
2022-03-16 04:00:00+00:00,34.65,35.62,34.45,35.61,22483280.0,132054.0,35.101022,34.59666666666667,54.22204390620616,0.011136281494707134,-0.04384718087309884,0.05498346236780598
2022-03-17 04:00:00+00:00,36.05,36.325,35.335,36.3,16986048.0,98847.0,35.959119,34.633,57.67088971228933,0.12172352337870507,-0.01073304002273806,0.13245656340144313
2022-03-18 04:00:00+00:00,36.26,36.35,35.92,36.31,22538678.0,90584.0,36.222052,34.68966666666667,57.72060406006867,0.20777650749433008,0.032968869480675574,0.1748076380136545
2022-03-21 04:00:00+00:00,36.08,37.09,36.08,36.86,14855705.0,90464.0,36.751847,34.775,60.4704706373167,0.3167037570721618,0.08971584699897282,0.22698791007318897
2022-03-22 04:00:00+00:00,36.9,37.05,36.49,36.78,20193910.0,90638.0,36.738069,34.879333333333335,59.8606025428549,0.39205469327049514,0.1501836162532773,0.24187107701721783
2022-03-23 04:00:00+00:00,36.81,36.93,36.335,36.39,19048124.0,79155.0,36.495171,34.955333333333336,56.85046796700077,0.4155113561806303,0.20324916423874792,0.21226219194188237
2022-03-24 04:00:00+00:00,36.57,37.04,36.345,36.68,11150052.0,68103.0,36.708235,35.019999999999996,58.52076474470369,0.45228781451557154,0.25305689429411266,0.19923092022145888
2022-03-25 04:00:00+00:00,36.72,36.94,36.45,36.92,8532164.0,62051.0,36.740112,35.117666666666665,59.90406305596446,0.49509230107980784,0.3014639756512517,0.19362832542855613
2022-03-28 04:00:00+00:00,36.885,37.56,36.62,37.53,30376497.0,178087.0,37.356935,35.25633333333334,63.25797368955942,0.5716474708827874,0.35550067469755886,0.21614679618522858
2022-03-29 04:00:00+00:00,37.72,37.845,37.16,37.68,15244711.0,88639.0,37.568227,35.38166666666667,64.05421588624844,0.6370779033964311,0.4118161204373333,0.22526178295909782
2022-03-30 04:00:00+00:00,37.75,37.99,37.42,37.8,8796946.0,65328.0,37.732345,35.49,64.71304225525046,0.6906535652986179,0.4675836094095902,0.22306995588902767
2022-03-31 04:00:00+00:00,37.83,38.055,37.44,37.45,16052886.0,85022.0,37.663351,35.566,61.190329093142005,0.6968378751615987,0.5134344625599919,0.18340341260160675
2022-04-01 04:00:00+00:00,37.76,37.775,35.24,35.51,20983022.0,142474.0,35.910329,35.57966666666667,46.18345462007376,0.5389841250524086,0.5185443950584753,0.020439729993933287
2022-04-04 04:00:00+00:00,35.42,35.665,34.84,35.61,11683738.0,89787.0,35.42264,35.61133333333333,46.90628028959372,0.41714447325686166,0.4982644106981526,-0.08111993744129092
2022-04-05 04:00:00+00:00,35.59,36.725,35.22,35.27,14846030.0,102790.0,35.791011,35.64566666666667,44.707596983176145,0.2898097663143986,0.45657348182140184,-0.16676371550700325
2022-04-06 04:00:00+00:00,34.96,35.275,34.455,34.66,12805467.0,101258.0,34.824341,35.687666666666665,40.99484032827153,0.13808246296842697,0.39287527805080685,-0.2547928150823799
2022-04-07 04:00:00+00:00,34.48,34.89,33.86,34.75,11914912.0,98818.0,34.455331,35.726,41.763279379349285,0.024813692962688094,0.3192629610331831,-0.294449268070495
2022-04-08 04:00:00+00:00,34.48,34.68,33.91,34.33,11147728.0,82513.0,34.381474,35.72666666666667,39.19777745743175,-0.09771669599295052,0.2358670296279564,-0.3335837256209069
2022-04-11 04:00:00+00:00,34.115,34.835,34.04,34.24,11072610.0,79777.0,34.382529,35.73766666666666,38.64987437969374,-0.19978219507793682,0.14873718468677774,-0.3485193797647146
2022-04-12 04:00:00+00:00,34.37,34.89,34.19,34.41,13700365.0,89483.0,34.496962,35.77333333333333,40.34605676590525,-0.26391006820630736,0.06620773410816072,-0.3301178023144681
2022-04-13 04:00:00+00:00,34.43,35.0,34.43,34.89,8443706.0,63454.0,34.850451,35.782666666666664,44.972172163,-0.2728545834127942,-0.0016047293960302703,-0.27124985401676394
2022-04-14 04:00:00+00:00,34.9,35.19,34.86,35.06,13184522.0,73372.0,35.114062,35.775,46.55302980721009,-0.26319168696873163,-0.053922120910570547,-0.20926956605816108
2022-04-18 04:00:00+00:00,34.7,35.19,34.59,34.75,10187357.0,73531.0,34.756047,35.68566666666666,44.066918699917544,-0.2773510508718857,-0.09860790690283358,-0.17874314396905214
2022-04-19 04:00:00+00:00,34.83,35.32,34.73,35.29,12724964.0,79657.0,35.086779,35.62833333333333,49.16015205769305,-0.2422069507860769,-0.12732771567948226,-0.11487923510659465
2022-04-20 04:00:00+00:00,35.49,35.82,35.2,35.3,13870184.0,97605.0,35.464817,35.63866666666666,49.2523098437709,-0.21111448546771783,-0.1440850696371294,-0.06702941583058844
2022-04-21 04:00:00+00:00,37.4,38.17,36.0,36.3,17355718.0,117514.0,36.625909,35.695,57.54094138955209,-0.10457634898789792,-0.1361833255072831,0.03160697651938518
2022-04-22 04:00:00+00:00,36.05,36.27,34.5,34.52,20928039.0,118103.0,35.060651,35.68266666666667,43.820969484697564,-0.16190884776879244,-0.14132842995958497,-0.02058041780920747
2022-04-25 04:00:00+00:00,34.52,34.7,33.82,34.64,11571128.0,87659.0,34.33468,35.681000000000004,44.77693601134881,-0.1954097075228418,-0.15214468547223636,-0.04326502205060545
2022-04-26 04:00:00+00:00,34.68,34.7,34.09,34.11,10610407.0,89427.0,34.303412,35.677,41.42418198081103,-0.26170913089114833,-0.17405757455601875,-0.08765155633512958
2022-04-27 04:00:00+00:00,34.21,34.92,34.11,34.45,11293812.0,105978.0,34.589657,35.67999999999999,44.305223500785765,-0.28354817619803896,-0.1959556948844228,-0.08759248131361616
2022-04-28 04:00:00+00:00,34.52,35.36,34.41,35.21,12747179.0,87208.0,34.968565,35.666666666666664,50.201365664682825,-0.23680044045616455,-0.20412464399877114,-0.03267579645739341
2022-04-29 04:00:00+00:00,35.05,35.22,34.17,34.34,15891775.0,90946.0,34.506897,35.601333333333336,44.40594527971645,-0.2668778504537741,-0.21667528528977176,-0.050202565164002344
2022-05-02 04:00:00+00:00,34.44,34.635,33.65,34.29,13485312.0,104341.0,34.242046,35.534,44.090913804229274,-0.29139003378006123,-0.23161823498782966,-0.05977179879223157
2022-05-03 04:00:00+00:00,34.35,34.83,34.1,34.53,12022744.0,88581.0,34.546629,35.45633333333333,46.068701301267126,-0.28812875252538817,-0.2429203384953414,-0.04520841403004677
2022-05-04 04:00:00+00:00,34.58,35.545,34.4,35.5,14126387.0,106769.0,35.032195,35.41366666666667,53.26464784553407,-0.20491118171302247,-0.23531850713887764,0.03040732542585517
2022-05-05 04:00:00+00:00,35.09,35.31,34.32,34.65,13692550.0,93419.0,34.69643,35.355666666666664,47.307858842569864,-0.205183327866159,-0.22929147128433391,0.02410814341817491
2022-05-06 04:00:00+00:00,34.74,35.035,33.69,34.78,23007946.0,144716.0,34.638313,35.29233333333333,48.26087733362951,-0.19268790587369722,-0.22197075820220658,0.029282852328509357
2022-05-09 04:00:00+00:00,34.48,34.54,33.48,33.62,17189676.0,119331.0,33.901463,35.18233333333333,41.11500646700334,-0.27323778430270096,-0.23222416342230545,-0.04101362088039551
2022-05-10 04:00:00+00:00,34.02,34.07,32.565,32.78,24422905.0,150783.0,32.966643,35.024,36.858936739787595,-0.4002413895185555,-0.26582760864155547,-0.134413780877
2022-05-11 04:00:00+00:00,32.72,33.775,32.72,33.17,16687931.0,107446.0,33.205486,34.873666666666665,39.9661738768732,-0.4640733720720718,-0.3054767613276588,-0.158596610744413
2022-05-12 04:00:00+00:00,33.05,33.38,32.36,33.0,19906181.0,127901.0,32.960498,34.71366666666667,39.063760439299706,-0.5223568527385396,-0.34885277960983496,-0.17350407312870464
2022-05-13 04:00:00+00:00,33.12,33.875,33.12,33.425,9515669.0,87936.0,33.555095,34.5795,42.555835646155465,-0.5281646298676677,-0.3847151496614015,-0.14344948020626613
2022-05-16 04:00:00+00:00,33.18,33.63,32.99,33.26,17607522.0,90695.0,33.338401,34.5045,41.560054846914106,-0.5398583056256143,-0.41574378085424407,-0.12411452477137025
2022-05-17 04:00:00+00:00,33.69,33.99,33.335,33.75,24911837.0,115843.0,33.652884,34.4425,45.62888606444238,-0.5037794669103235,-0.43335091806546,-0.07042854884486349
2022-05-18 04:00:00+00:00,33.69,33.78,32.24,32.32,17378016.0,95484.0,32.668433,34.344166666666666,37.436974431598834,-0.5838455680090533,-0.46344984805417866,-0.12039571995487464
2022-05-19 04:00:00+00:00,31.42,31.775,30.615,30.94,30769766.0,176957.0,31.115384,34.220166666666664,31.55022460135133,-0.7500073786361554,-0.520761354170574,-0.2292460244655814
2022-05-20 04:00:00+00:00,31.11,31.28,30.295,30.94,21455263.0,135514.0,30.709855,34.09316666666667,31.55022460135133,-0.8716440407669523,-0.5909378914898498,-0.2807061492771026
2022-05-23 04:00:00+00:00,31.15,31.36,30.83,31.23,17222450.0,110567.0,31.183429,33.98983333333334,34.07662705886662,-0.9338762513735048,-0.6595255634665809,-0.27435068790692396
2022-05-24 04:00:00+00:00,30.98,31.1051,30.58,30.91,18502609.0,109293.0,30.869022,33.87883333333333,32.64482963102925,-0.9975182824598505,-0.7271241072652348,-0.2703941751946157
2022-05-25 04:00:00+00:00,30.9,31.25,30.74,31.15,22069944.0,116418.0,31.056991,33.77016666666667,34.855621548518286,-1.0168672437672797,-0.7850727345656439,-0.2317945092016358
2022-05-26 04:00:00+00:00,31.38,32.05,31.05,31.58,19679594.0,88741.0,31.749008,33.65983333333334,38.73558065341452,-0.9861364613868631,-0.8252854799298877,-0.1608509814569754
2022-05-27 04:00:00+00:00,31.83,32.145,31.67,32.05,12411711.0,85012.0,31.929555,33.5595,42.74928349033688,-0.9133287377396755,-0.8428941314918452,-0.07043460624783027
2022-05-31 04:00:00+00:00,32.02,32.04,31.53,31.79,31354980.0,94018.0,31.812653,33.46083333333333,41.143459744257136,-0.8666180854492609,-0.8476389222833285,-0.0189791631659324
2022-06-01 04:00:00+00:00,31.99,32.23,31.79,31.99,13538309.0,110103.0,32.018454,33.350833333333334,42.9196797920174,-0.8041910150171816,-0.8389493408300992,0.0347583258129176
2022-06-02 04:00:00+00:00,32.06,32.63,31.78,32.59,13687634.0,93355.0,32.339739,33.2605,47.99063237251049,-0.698253099265358,-0.810810092517151,0.11255699325179302
2022-06-03 04:00:00+00:00,32.39,32.5,32.06,32.11,16295017.0,91958.0,32.259832,33.12083333333333,44.578664941615564,-0.6455866057359785,-0.7777653951609165,0.132178789424938
2022-06-06 04:00:00+00:00,32.28,32.345,31.86,32.14,12538551.0,83265.0,32.091234,33.0415,44.84261198216367,-0.5945734087458803,-0.7411269978779093,0.14655358913202898
2022-06-07 04:00:00+00:00,31.65,32.63,31.4,32.56,11210326.0,72302.0,32.3632,32.972166666666666,48.53783445215922,-0.5143257654203452,-0.6957667513863965,0.1814409859660513
2022-06-08 04:00:00+00:00,32.27,32.42,31.67,31.81,14724236.0,73642.0,31.87109,32.8955,42.9981692377017,-0.5054214777388566,-0.6576976966568886,0.152276218918032
2022-06-09 04:00:00+00:00,31.65,31.96,31.16,31.17,11091869.0,74785.0,31.465023,32.78616666666667,38.91647887548788,-0.543739526105341,-0.6349060625465791,0.09116653644123807
2022-06-10 04:00:00+00:00,30.75,30.84,30.12,30.3,13002552.0,88122.0,30.376073,32.6225,34.16820061625741,-0.6369660366362879,-0.6353180573645208,-0.001647979271767075
2022-06-13 04:00:00+00:00,29.85,30.01,29.35,29.46,15489693.0,104796.0,29.645534,32.45983333333333,30.32142427028272,-0.7697564248114013,-0.662205730853897,-0.10755069395750427
2022-06-14 04:00:00+00:00,29.82,30.15,29.11,29.34,14826092.0,114150.0,29.464426,32.29483333333334,29.805182364563066,-0.8745949748082928,-0.7046835796447761,-0.16991139516351672
2022-06-15 04:00:00+00:00,29.68,29.97,28.98,29.42,14872609.0,117753.0,29.454469,32.1245,30.652850188694757,-0.9403847792240043,-0.7518238195606218,-0.1885609596633825
2022-06-16 04:00:00+00:00,28.93,29.38,28.76,29.05,16510949.0,107700.0,29.043754,31.909499999999998,28.91376175382564,-1.0107285316383177,-0.803604761976161,-0.20712376966215662
2022-06-17 04:00:00+00:00,28.91,29.16,28.665,28.93,28771502.0,108713.0,28.941266,31.718833333333333,28.351940964478757,-1.0638955338815705,-0.8556629163572429,-0.20823261752432765
2022-06-21 04:00:00+00:00,29.29,29.39,28.96,28.99,17002001.0,95850.0,29.097012,31.52583333333333,29.09381811548262,-1.0886401022045575,-0.9022583535267059,-0.18638174867785162
2022-06-22 04:00:00+00:00,28.74,29.16,28.5,28.83,17116729.0,90558.0,28.914268,31.36616666666667,28.25367001471143,-1.108384250010836,-0.9434835328235319,-0.16490071718730415
2022-06-23 04:00:00+00:00,29.05,29.055,28.44,28.71,18385485.0,99388.0,28.71528,31.230500000000003,27.609704174104436,-1.1207948017107867,-0.9789457866009829,-0.14184901510980386
2022-06-24 04:00:00+00:00,28.83,29.685,28.82,29.57,24107563.0,89031.0,29.527501,31.1105,38.43890031517096,-1.0491415894904002,-0.9929849471788663,-0.05615664231153383
2022-06-27 04:00:00+00:00,29.59,29.64,29.055,29.32,16577506.0,87043.0,29.264968,30.987833333333334,36.71926600878189,-1.0009900233406341,-0.99458596241122,-0.006404060929414146
2022-06-28 04:00:00+00:00,29.82,30.14,29.08,29.14,13075347.0,78167.0,29.395858,30.845000000000002,35.48824120901463,-0.9662161179715483,-0.9889119935232857,0.022695875551737466
2022-06-29 04:00:00+00:00,29.29,29.29,28.7,29.12,17200898.0,77366.0,29.072216,30.707,35.346446266449206,-0.929556036922019,-0.9770408022030325,0.04748476528101342
2022-06-30 04:00:00+00:00,28.94,29.24,28.575,29.06,16627404.0,97409.0,28.978013,30.550666666666665,34.89598478407267,-0.8950268447957797,-0.960638010721582,0.0656111659258023
2022-07-01 04:00:00+00:00,29.09,29.535,28.825,29.34,13824137.0,76343.0,29.226755,30.45133333333333,38.814757327485005,-0.8354381404826796,-0.9355980366738015,0.10015989619112187
2022-07-05 04:00:00+00:00,28.99,28.99,28.095,28.51,23077641.0,114290.0,28.412903,30.370333333333335,32.55853852518912,-0.8454419973258922,-0.9175668288042196,0.07212483147832738
2022-07-06 04:00:00+00:00,28.7,29.06,28.58,28.89,13716392.0,89110.0,28.822904,30.302,37.52356407812823,-0.8133317199543271,-0.8967198070342411,0.08338808707991407
2022-07-07 04:00:00+00:00,28.955,29.35,28.82,29.24,13955317.0,83775.0,29.143864,30.235666666666663,41.77534218142017,-0.7509851297634498,-0.867572871580083,0.11658774181663323
2022-07-08 04:00:00+00:00,29.22,29.34,28.585,28.99,9779745.0,65042.0,28.968191,30.171666666666667,39.697219961850855,-0.7135228710126071,-0.8367628714665879,0.12324000045398076
2022-07-11 04:00:00+00:00,28.75,29.17,28.69,28.85,11881922.0,74196.0,28.910464,30.095000000000002,38.54098372585822,-0.6872088748857337,-0.8068520721504171,0.11964319726468342
2022-07-12 04:00:00+00:00,28.57,28.635,28.145,28.42,14559222.0,82529.0,28.446007,29.989666666666665,35.1541904657921,-0.6930630502862094,-0.7840942677775756,0.09103121749136622
2022-07-13 04:00:00+00:00,28.06,28.5,27.955,28.23,22263630.0,108258.0,28.292968,29.862333333333332,33.74320652712723,-0.7049081956821794,-0.7682570533584965,0.06334885767631704
2022-07-14 04:00:00+00:00,27.85,28.285,27.595,28.18,12467247.0,80927.0,28.070938,29.742,33.36369912453421,-0.7101440424091408,-0.7566344511686254,0.046490408759484625
2022-07-15 04:00:00+00:00,28.73,28.94,28.57,28.86,15870802.0,77976.0,28.784449,29.637666666666668,42.7879157963413,-0.6519083776805878,-0.7356892364710179,0.08378085879043007
2022-07-18 04:00:00+00:00,28.88,29.295,28.8,28.83,13425188.0,63674.0,28.98066,29.512333333333334,42.50232507330888,-0.6012461517231138,-0.7088006195214371,0.10755446779832334
2022-07-19 04:00:00+00:00,29.18,29.77,29.09,29.72,19615552.0,92838.0,29.582115,29.432666666666666,52.608309015482845,-0.4837045655544543,-0.6637814087280406,0.1800768431735863
2022-07-20 04:00:00+00:00,29.5,29.83,29.385,29.73,14328448.0,83960.0,29.670759,29.352333333333334,52.708886908515346,-0.38530355570089725,-0.608085838122612,0.22278228242171472
2022-07-21 04:00:00+00:00,30.27,31.25,30.07,30.99,26968661.0,144071.0,30.8167,29.3,63.28259916194195,-0.20330500318656064,-0.5271296711354018,0.3238246679488411
2022-07-22 04:00:00+00:00,30.83,31.63,30.81,30.89,20976538.0,115322.0,31.16414,29.269333333333336,62.09594187998732,-0.06637388650796439,-0.4349785142099143,0.3686046277019499
2022-07-25 04:00:00+00:00,30.95,31.42,30.82,31.35,10859045.0,67572.0,31.240773,29.275333333333332,65.31768964265117,0.07835988167621721,-0.33231083503268805,0.41067071670890526
2022-07-26 04:00:00+00:00,31.26,31.5,31.12,31.16,12999710.0,72878.0,31.279478,29.304,62.938111419196964,0.1757055988384515,-0.23070754825846013,0.4064131470969116
2022-07-27 04:00:00+00:00,31.15,31.895,31.11,31.83,16178295.0,92950.0,31.538742,29.383,67.44241122610626,0.3034185613007345,-0.12388232634662122,0.42730088764735574
2022-07-28 04:00:00+00:00,31.82,31.93,31.49,31.71,13342605.0,72180.0,31.739346,29.462,65.89765195509455,0.3904481636708894,-0.021016228343119087,0.41146439201400853
2022-07-29 04:00:00+00:00,31.86,32.37,31.685,32.33,11524951.0,56951.0,32.140132,29.559,69.7525399186888,0.5036428873093755,0.08391559478737982,0.41972729252199564
2022-08-01 04:00:00+00:00,31.95,32.69,31.9,32.6,11740102.0,73451.0,32.452255,29.67733333333333,71.27532748506077,0.6081271535525303,0.18875790654040994,0.4193692470121204
2022-08-02 04:00:00+00:00,32.65,32.65,32.14,32.15,12985845.0,67075.0,32.267749,29.78466666666667,65.36852400911832,0.6471603860387276,0.28043840244007345,0.36672198359865416
2022-08-03 04:00:00+00:00,32.21,32.6,32.115,32.5,9168233.0,54035.0,32.437132,29.901666666666667,67.61643045352184,0.6982871592283288,0.36400815379772455,0.3342790054306043
2022-08-04 04:00:00+00:00,32.75,33.07,32.55,32.83,10669346.0,67418.0,32.861832,30.035,69.61879351962692,0.7567108458101721,0.4425486922002141,0.31416215360995803
2022-08-05 04:00:00+00:00,32.54,33.15,32.54,33.11,11473995.0,60858.0,32.931211,30.181666666666665,71.24352831498047,0.816197086342271,0.5172783710286255,0.29891871531364544
2022-08-08 04:00:00+00:00,33.4,33.43,32.79,32.82,14688840.0,78458.0,32.979384,30.290000000000003,67.23314798688756,0.8303678208179335,0.579896260986487,0.2504715598314464
2022-08-09 04:00:00+00:00,32.96,33.0,32.64,32.67,14102084.0,61667.0,32.750794,30.401666666666664,65.18909094531321,0.8200415549989444,0.6279253197889786,0.1921162352099658
2022-08-10 04:00:00+00:00,33.21,34.18,33.16,34.06,16833184.0,94042.0,33.924979,30.56566666666667,73.29226042276133,0.9134891637732565,0.6850380885858343,0.22845107518742225
2022-08-11 04:00:00+00:00,34.14,34.71,34.11,34.16,14382263.0,83532.0,34.389442,30.733666666666668,73.76539423209807,0.9842701773283586,0.7448845063343391,0.23938567099401953
2022-08-12 04:00:00+00:00,34.25,34.38,34.11,34.35,11868014.0,60043.0,34.256345,30.910000000000004,74.68308409340607,1.043665328377763,0.8046406707430239,0.23902465763473912
2022-08-15 04:00:00+00:00,34.3,34.37,33.91,34.14,13192751.0,73564.0,34.145494,31.07,71.69785324545686,1.0615542321529077,0.8560233830250007,0.20553084912790698
2022-08-16 04:00:00+00:00,34.0,34.525,33.98,34.44,12763169.0,70108.0,34.341138,31.267666666666667,73.3374747286951,1.0874038948581912,0.9022994853916388,0.18510440946655238
2022-08-17 04:00:00+00:00,34.2,34.67,33.93,34.48,12155705.0,73834.0,34.301612,31.454,73.55743850374726,1.0984552956117994,0.9415306474356709,0.1569246481761285
2022-08-18 04:00:00+00:00,34.61,34.7,34.225,34.35,13585879.0,62521.0,34.371358,31.624333333333333,71.49309471220324,1.0842254210385676,0.9700696021562504,0.11415581888231718
2022-08-19 04:00:00+00:00,34.09,34.19,33.78,33.83,12433855.0,64934.0,33.936651,31.785666666666664,63.78228197629277,1.0192393321730648,0.9799035481596133,0.0393357840134515
2022-08-22 04:00:00+00:00,33.41,33.657,33.38,33.56,20808137.0,61455.0,33.571943,31.942666666666664,60.15443614129238,0.9351705807009694,0.9709569546678847,-0.03578637396691531
2022-08-23 04:00:00+00:00,33.55,33.85,33.405,33.63,12986496.0,73514.0,33.613504,32.11633333333334,60.7773170598124,0.8642315807647023,0.9496118798872483,-0.08538029912254597
2022-08-24 04:00:00+00:00,33.53,33.9,33.48,33.62,13376144.0,52404.0,33.659604,32.296,60.63149944104108,0.79800607846974,0.9192907196037466,-0.12128464113400661
2022-08-25 04:00:00+00:00,33.9,34.03,33.665,33.98,6782785.0,44883.0,33.864323,32.489333333333335,63.981756924027984,0.7657438635267368,0.8885813483883447,-0.12283748486160784
2022-08-26 04:00:00+00:00,33.92,34.075,32.58,32.63,13515234.0,68707.0,32.96059,32.615,47.61706353640476,0.6240484659101142,0.8356747718926987,-0.21162630598258447
2022-08-29 04:00:00+00:00,32.51,33.045,32.37,32.72,9410780.0,64980.0,32.778239,32.74466666666667,48.56162959723273,0.513101376997831,0.7711600929137252,-0.25805871591589424
2022-08-30 04:00:00+00:00,32.54,32.62,31.53,31.67,15545990.0,80186.0,31.832123,32.809666666666665,39.59188379194053,0.33656902668766264,0.6842418796685127,-0.34767285298085004
2022-08-31 04:00:00+00:00,31.9,31.9,31.39,31.65,13649835.0,70734.0,31.660288,32.873666666666665,39.442440631289074,0.19282921916046547,0.5859593475669033,-0.3931301284064378
2022-09-01 04:00:00+00:00,31.51,31.72,31.215,31.61,10492982.0,69427.0,31.493254,32.894333333333336,39.124363938498625,0.07482419367151039,0.48373231678782475,-0.40890812311631436
2022-09-02 04:00:00+00:00,31.95,31.97,31.055,31.24,10920596.0,72547.0,31.438607,32.906,36.21509350307034,-0.04799825300696625,0.3773862028288666,-0.42538445583583284
2022-09-06 04:00:00+00:00,31.24,31.77,31.155,31.49,16147311.0,77841.0,31.463048,32.91066666666667,39.489199031198694,-0.12373665706552117,0.277161630849989,-0.4008982879155102
2022-09-07 04:00:00+00:00,31.49,32.11,31.395,31.89,11448966.0,58896.0,31.759167,32.934999999999995,44.40625702732149,-0.14975692626165227,0.19177791942766076,-0.341534845689313
2022-09-08 04:00:00+00:00,31.74,32.235,31.63,32.21,15369576.0,59853.0,31.935794,32.94766666666667,48.04361485355324,-0.14290947989096736,0.12484043956393515,-0.2677499194549025
2022-09-09 04:00:00+00:00,32.345,32.75,32.29,32.63,13841319.0,58603.0,32.531947,32.97833333333333,52.44176300396256,-0.10241179991517413,0.0793899916681133,-0.1818017915832874
2022-09-12 04:00:00+00:00,32.75,32.92,32.48,32.84,13870899.0,71175.0,32.776455,32.99533333333333,54.515022205673624,-0.05276362557613368,0.052959268219263896,-0.10572289379539757
2022-09-13 04:00:00+00:00,32.29,32.34,31.43,31.56,14117088.0,76051.0,31.790318,32.96066666666667,42.386003132577564,-0.11537245051761857,0.019292924471887404,-0.13466537498950598
2022-09-14 04:00:00+00:00,31.18,31.33,30.42,31.23,23031979.0,114197.0,30.939585,32.93,39.92002648265016,-0.18943494925504467,-0.022452650273499016,-0.16698229898154565
2022-09-15 04:00:00+00:00,31.3,31.46,30.04,30.17,34693609.0,142363.0,30.497201,32.852333333333334,33.231979514841555,-0.3298607251974133,-0.08393426525828188,-0.2459264599391314
2022-09-16 04:00:00+00:00,29.4,29.8,28.9,29.49,48460675.0,154854.0,29.331595,32.741,29.784607827172394,-0.49036683768562384,-0.16522077974375027,-0.32514605794187357
2022-09-19 04:00:00+00:00,29.32,29.915,29.26,29.88,19382408.0,85963.0,29.724735,32.63333333333333,34.012591939633936,-0.5794201527383755,-0.24806065434267532,-0.3313594983957002
2022-09-20 04:00:00+00:00,29.47,29.66,29.07,29.47,17563124.0,81243.0,29.466333,32.52166666666667,31.841873167311917,-0.6752947425633167,-0.33350747198680364,-0.34178727057651304
2022-09-21 04:00:00+00:00,29.71,30.0,29.135,29.14,12779728.0,78377.0,29.630216,32.404,30.172731393573002,-0.769039281684698,-0.4206138339263825,-0.3484254477583155
2022-09-22 04:00:00+00:00,28.98,29.05,28.51,28.57,17154499.0,94204.0,28.692572,32.221,27.49203794989961,-0.8791919629714187,-0.5123294597353898,-0.36686250323602887
2022-09-23 04:00:00+00:00,28.54,28.59,27.48,27.68,23944254.0,119309.0,27.734603,32.005,23.91872977960567,-1.0264717906123408,-0.61515792591078,-0.41131386470156084
2022-09-26 04:00:00+00:00,27.56,27.79,27.23,27.43,17252064.0,90796.0,27.477824,31.77433333333333,23.013856780906906,-1.1501073046830115,-0.7221478016652263,-0.4279595030177852
2022-09-27 04:00:00+00:00,27.45,27.7437,26.9,27.22,18481505.0,104941.0,27.205586,31.543666666666663,22.252323562252215,-1.250618236736294,-0.8278418886794399,-0.42277634805685405
2022-09-28 04:00:00+00:00,26.91,27.77,26.855,27.63,18301679.0,99319.0,27.441459,31.316666666666666,27.30969860641008,-1.282407505590161,-0.9187550120615842,-0.36365249352857676
2022-09-29 04:00:00+00:00,27.36,27.4,26.78,27.19,15427263.0,85935.0,27.056442,31.073666666666668,25.40016304732518,-1.3277990124632453,-1.0005638121419165,-0.3272352003213288
2022-09-30 04:00:00+00:00,27.16,27.26,26.61,26.64,24132407.0,91029.0,26.871555,30.816666666666666,23.215044240461012,-1.3921051900707795,-1.0788720877276892,-0.3132331023430903
2022-10-03 04:00:00+00:00,27.03,27.63,26.91,27.42,16035040.0,91305.0,27.386193,30.603,32.13206508310475,-1.3644008541214596,-1.1359778410064432,-0.22842301311501645
2022-10-04 04:00:00+00:00,27.78,28.2,27.78,28.12,15531485.0,88973.0,28.04162,30.421666666666667,38.980628677747085,-1.2713059942851395,-1.1630434716621825,-0.10826252262295699
2022-10-05 04:00:00+00:00,27.77,28.06,27.42,27.82,16028683.0,86160.0,27.775435,30.228,37.24593942090452,-1.207812232370241,-1.1719972238037941,-0.035815008566446815
2022-10-06 04:00:00+00:00,27.79,27.885,27.33,27.36,15161832.0,79774.0,27.55159,30.019333333333336,34.69630815393512,-1.1809973222389623,-1.1737972434908277,-0.007200078748134553
2022-10-07 04:00:00+00:00,27.09,27.24,26.63,26.77,14487830.0,79285.0,26.881516,29.779,31.6990537598642,-1.193595357637662,-1.1777568663201947,-0.015838491317467174
2022-10-10 04:00:00+00:00,26.93,27.24,26.57,26.59,16063082.0,74648.0,26.776002,29.57766666666667,30.824196342217974,-1.2042223613530254,-1.183049965326761,-0.021172396026264417
2022-10-11 04:00:00+00:00,26.48,26.82,26.345,26.51,18060512.0,96867.0,26.531087,29.37066666666667,30.422326361280113,-1.2052067960433739,-1.1874813314700836,-0.017725464573290273
2022-10-12 04:00:00+00:00,26.57,27.18,26.5,26.65,13756274.0,80671.0,26.801717,29.203333333333333,32.09089674794198,-1.1810754352333213,-1.1862001522227312,0.005124716989409972
2022-10-13 04:00:00+00:00,26.16,27.76,25.8,27.5,18550301.0,109922.0,27.147383,29.065,41.29580269258797,-1.0809032814905954,-1.1651407780763041,0.08423749658570867
2022-10-14 04:00:00+00:00,27.85,27.9,27.19,27.31,15479655.0,94142.0,27.401455,28.921666666666667,39.99091812996707,-1.005259533897398,-1.1331645292405228,0.12790499534312483
2022-10-17 04:00:00+00:00,27.86,28.26,27.83,28.15,17761672.0,109009.0,28.12673,28.818666666666665,47.83835496889604,-0.8675299933739851,-1.0800376220672154,0.21250762869323037
2022-10-18 04:00:00+00:00,28.68,28.93,28.12,28.41,16408665.0,101349.0,28.417158,28.716,50.01712226984559,-0.7289951112730293,-1.0098291199083782,0.2808340086353489
2022-10-19 04:00:00+00:00,28.02,28.24,27.7001,27.92,15446531.0,99983.0,27.954637,28.583666666666666,46.10829858081258,-0.6512370684728737,-0.9381107096212773,0.28687364114840364
2022-10-20 04:00:00+00:00,27.32,27.845,26.79,27.08,20922912.0,134801.0,27.21844,28.412666666666667,40.29472157684823,-0.6499025669232026,-0.8804690810816624,0.23056651415845986
2022-10-21 04:00:00+00:00,27.74,28.48,26.96,27.54,29374741.0,131689.0,27.498617,28.243,44.42701618819462,-0.6047555635219126,-0.8253263775697125,0.22057081404779988
2022-10-24 04:00:00+00:00,27.75,28.54,27.74,28.16,21071108.0,130626.0,28.236003,28.087,49.500265286524865,-0.5130334889081141,-0.7628677998373928,0.24983431092927877
2022-10-25 04:00:00+00:00,28.23,28.83,28.17,28.76,19664216.0,87527.0,28.597727,27.993666666666666,53.887449399761415,-0.3874616812886664,-0.6877865761276476,0.30032489483898117
2022-10-26 04:00:00+00:00,29.085,29.37,28.665,28.77,21056890.0,112337.0,28.915444,27.91166666666667,53.95924084112569,-0.28386597239834543,-0.6070024553817872,0.3231364829834418
2022-10-27 04:00:00+00:00,28.93,29.34,28.765,28.81,14100597.0,86744.0,28.983895,27.866333333333333,54.265957800965815,-0.1962754201635022,-0.5248570483381302,0.328581628174628
2022-10-28 04:00:00+00:00,29.0262,29.36,28.86,29.22,14166983.0,76089.0,29.163816,27.857333333333333,57.39871383103333,-0.0927070339947349,-0.43842704546945116,0.34572001147471626
2022-10-31 04:00:00+00:00,29.27,29.36,28.96,29.06,15534973.0,83863.0,29.155095,27.83,55.79257097504732,-0.02327075384547328,-0.3553957871446556,0.3321250332991823
2022-11-01 04:00:00+00:00,29.33,29.44,28.9,29.07,16785183.0,84174.0,29.063705,27.816666666666666,55.875675520738454,0.03219380471985289,-0.2778778687717539,0.3100716734916068
2022-11-02 04:00:00+00:00,29.085,29.74,28.52,28.53,15026375.0,91620.0,29.042529,27.796333333333333,50.36920794617296,0.03220513915456635,-0.21586126718648987,0.24806640634105623
2022-11-03 04:00:00+00:00,28.25,29.23,28.125,29.0,19382034.0,92876.0,28.919849,27.810666666666666,54.56602303351706,0.06933988676974323,-0.15882103639524325,0.22816092316498648
2022-11-04 04:00:00+00:00,29.21,29.77,29.21,29.63,13866236.0,88799.0,29.526056,27.875666666666667,59.508654316312686,0.147900274368304,-0.09747677424253381,0.2453770486108378
2022-11-07 05:00:00+00:00,29.81,30.02,29.665,29.96,9927455.0,59129.0,29.873185,27.96,61.849819875747464,0.23408974870486077,-0.0311634696530549,0.26525321835791565
2022-11-08 05:00:00+00:00,29.97,30.12,29.45,29.98,14558389.0,97930.0,29.880996,28.052000000000003,61.99324704381592,0.30054486678957204,0.03517819763547049,0.26536666915410156
2022-11-09 05:00:00+00:00,29.73,29.91,29.36,29.43,10546609.0,64765.0,29.577806,28.112000000000002,55.78241840745657,0.305311185895377,0.08920479528745179,0.2161063906079252
2022-11-10 05:00:00+00:00,30.505,31.3,30.24,31.22,18324589.0,108638.0,30.884788,28.246333333333332,67.27386895683175,0.4483581745293215,0.16103547113582573,0.28732270339349575
2022-11-11 05:00:00+00:00,31.77,32.06,31.35,31.94,14690845.0,98428.0,31.807283,28.423,70.58525012919118,0.6127584285926204,0.2513800626271847,0.3613783659654357
2022-11-14 05:00:00+00:00,31.67,32.41,31.54,31.8,12305076.0,81400.0,32.005044,28.569000000000003,69.12070456067056,0.7234109532451463,0.345786240750777,0.37762471249436924
2022-11-15 05:00:00+00:00,32.15,32.52,30.89,31.31,16845261.0,111124.0,31.531824,28.675333333333334,64.10712448420246,0.7627722081353525,0.4291834342276921,0.3335887739076604
2022-11-16 05:00:00+00:00,31.235,31.43,31.04,31.24,10016308.0,64730.0,31.235077,28.78933333333333,63.39964593691719,0.7793341917885321,0.49921358573986013,0.280120606048672
2022-11-17 05:00:00+00:00,30.85,30.95,30.465,30.95,12225383.0,63530.0,30.817362,28.909,60.42452343057261,0.7602949004422968,0.5514298486803475,0.20886505176194925
2022-11-18 05:00:00+00:00,31.13,31.24,30.515,30.88,15351505.0,76168.0,30.841281,29.046,59.696323999777434,0.7311297018041643,0.5873698193051109,0.14375988249905336
2022-11-21 05:00:00+00:00,30.75,31.34,30.42,31.29,19909428.0,69002.0,31.035018,29.202666666666666,62.543624787345024,0.7326540652437572,0.6164266684928402,0.11622739675091698
2022-11-22 05:00:00+00:00,31.52,32.2,31.5,31.92,15708210.0,98823.0,31.922481,29.382999999999996,66.46411066110167,0.7757554432634528,0.6482924234469627,0.1274630198164901
2022-11-23 05:00:00+00:00,31.92,32.19,31.81,32.07,9668038.0,64871.0,32.056561,29.563666666666666,67.34062182334561,0.8126496232701825,0.6811638634116066,0.1314857598585759
2022-11-25 05:00:00+00:00,32.28,32.335,31.985,32.02,5838389.0,29361.0,32.131677,29.714333333333332,66.71468215821653,0.8283057515002987,0.7105922410293452,0.11771351047095358
2022-11-28 05:00:00+00:00,31.91,32.04,31.57,31.7,16913442.0,75139.0,31.785852,29.860666666666667,62.69794586166833,0.8056055015210397,0.7295948931276841,0.0760106083933556
2022-11-29 05:00:00+00:00,31.88,32.21,31.51,32.17,13413672.0,79408.0,32.01186,29.994666666666667,65.94142381845975,0.8161325934002974,0.7469024331822067,0.0692301602180907
2022-11-30 05:00:00+00:00,32.28,32.735,31.705,32.69,24143782.0,97842.0,32.331157,30.137333333333334,69.13871624829517,0.8565611401045565,0.7688341745666767,0.08772696553787984
2022-12-01 05:00:00+00:00,32.87,32.995,32.385,32.68,11298046.0,80577.0,32.60593,30.296,69.00455873681167,0.8776768260967316,0.7906027048726877,0.0870741212240439
2022-12-02 05:00:00+00:00,32.11,32.33,31.74,32.05,11178543.0,67016.0,32.034757,30.461666666666662,60.97697587345684,0.8339620293544527,0.7992745697690407,0.034687459585412084
2022-12-05 05:00:00+00:00,31.81,31.83,31.28,31.35,18867488.0,71050.0,31.433479,30.588666666666665,53.52598764016471,0.7343682480964944,0.7862933054345314,-0.051925057338036984
2022-12-06 05:00:00+00:00,31.39,31.46,30.73,31.16,14309781.0,79558.0,31.076204,30.68866666666667,51.68007405004268,0.6328133682152242,0.75559731799067,-0.12278394977544582
2022-12-07 05:00:00+00:00,31.16,31.41,30.86,30.91,14573085.0,65323.0,31.00012,30.760333333333335,49.27227423328798,0.5260930108357051,0.7096964565596771,-0.18360344572397191
2022-12-08 05:00:00+00:00,31.03,31.64,31.02,31.52,11740216.0,59386.0,31.418508,30.851999999999997,54.805261121217136,0.48514580193909396,0.6647863256355605,-0.17964052369646655
2022-12-09 05:00:00+00:00,31.54,31.64,31.33,31.42,10533175.0,59125.0,31.475242,30.939,53.76986146947941,0.4395587203028448,0.6197408045690175,-0.18018208426617266
2022-12-12 05:00:00+00:00,31.5,32.25,31.405,32.22,14105983.0,72278.0,31.90609,31.038999999999998,60.24119464753022,0.46265079343338655,0.5883228023418914,-0.12567200890850483
2022-12-13 05:00:00+00:00,33.25,33.3,32.37,32.74,15470523.0,89998.0,32.72625,31.16166666666667,63.78935222710808,0.5169519812885568,0.5740486381312245,-0.05709665684266774
2022-12-14 05:00:00+00:00,32.71,33.14,32.43,32.67,11621968.0,80693.0,32.81174,31.281666666666663,62.974620717171504,0.5480204107330522,0.5688429926515901,-0.02082258191853792
2022-12-15 05:00:00+00:00,32.27,32.27,31.445,31.77,14795056.0,81455.0,31.750437,31.389666666666667,53.51134782748297,0.49432165419261054,0.5539387249597942,-0.0596170707671837
2022-12-16 05:00:00+00:00,31.44,31.76,31.07,31.65,33881201.0,88773.0,31.540667,31.478,52.38109960059305,0.4370440340632875,0.530559786780493,-0.09351575271720547
2022-12-19 05:00:00+00:00,31.63,31.79,30.875,31.18,10633211.0,57038.0,31.202276,31.529666666666667,48.09620585150709,0.34969496947121215,0.4943868233186368,-0.14469185384742467
2022-12-20 05:00:00+00:00,31.08,31.21,30.535,30.73,17911210.0,95087.0,30.724771,31.555333333333333,44.35503365079609,0.24137652889940497,0.4437847644347905,-0.2024082355353855
2022-12-21 05:00:00+00:00,31.08,31.25,30.9025,31.22,11474617.0,55806.0,31.029485,31.596666666666668,49.006402521591376,0.19284924322178654,0.3935976601921897,-0.2007484169704032
2022-12-22 05:00:00+00:00,30.95,31.025,30.52,30.97,8421295.0,53347.0,30.847691,31.648000000000003,46.85444209341188,0.13268855793907264,0.34141583974156636,-0.20872728180249372
2022-12-23 05:00:00+00:00,31.04,31.32,30.86,31.25,6855073.0,41816.0,31.178942,31.649,49.52767895486885,0.10637817992054721,0.29440830777736254,-0.18803012785681533
2022-12-27 05:00:00+00:00,31.31,31.36,31.045,31.24,10152270.0,38764.0,31.245952,31.625666666666667,49.4320464100922,0.08375462814055012,0.25227757185000005,-0.16852294370944992
2022-12-28 05:00:00+00:00,31.24,31.39,30.84,30.84,7626980.0,45397.0,31.042415,31.593666666666664,45.63617373773819,0.03316632257912744,0.20845532199582553,-0.1752889994166981
2022-12-29 05:00:00+00:00,31.06,31.36,30.98,31.24,5542879.0,37482.0,31.233733,31.591333333333335,49.78849518662664,0.02506247836343789,0.17177675326934802,-0.14671427490591013
2022-12-30 05:00:00+00:00,31.02,31.12,30.725,30.98,7325494.0,50065.0,30.92182,31.582666666666668,47.261598989645925,-0.0023130403623952134,0.13695879454299936,-0.13927183490539458
2023-01-03 05:00:00+00:00,31.08,31.17,30.55,30.88,8314450.0,57041.0,30.83289,31.580333333333332,46.28853111161819,-0.031711944887053534,0.10322464665698879,-0.1349365915440423
2023-01-04 05:00:00+00:00,31.01,31.49,30.9,31.28,9537769.0,66286.0,31.218529,31.593666666666664,50.66417338295605,-0.022475053048687244,0.07808470671585359,-0.10055975976454083
2023-01-05 05:00:00+00:00,31.11,31.28,30.8,30.91,11630937.0,71565.0,31.000177,31.581000000000003,46.861270337252726,-0.04449771553374404,0.053568222265934065,-0.09806593779967811
2023-01-06 05:00:00+00:00,31.11,32.36,31.1,32.2,10799358.0,69310.0,32.016598,31.590333333333334,58.54463023134572,0.041661141100856725,0.0511868060329186,-0.009525664932061875
2023-01-09 05:00:00+00:00,32.19,32.63,32.055,32.175,8774072.0,71963.0,32.408614,31.593833333333336,58.277212414721774,0.1066954459729672,0.06228853402092833,0.04440691195203888
