timestamp,open,high,low,close,volume,trade_count,vwap,30sma,rsi,macd,signal,histogram
2022-01-03 05:00:00+00:00,178.75,180.28,162.0,163.83,4505828.0,72939.0,165.884244,,,,,
2022-01-04 05:00:00+00:00,163.44,163.44,148.86,157.76,6372096.0,92295.0,155.224421,,,,,
2022-01-05 05:00:00+00:00,152.45,154.5,144.73,145.44,6953284.0,88293.0,149.483002,,,,,
2022-01-06 05:00:00+00:00,145.6885,151.34,142.58,143.89,5935907.0,65708.0,146.409282,,,,,
2022-01-07 05:00:00+00:00,144.0,148.59,140.59,143.79,2552217.0,36555.0,143.98399,,,,,
2022-01-10 05:00:00+00:00,139.78,146.52,134.17,146.33,4953356.0,67833.0,140.467014,,,,,
2022-01-11 05:00:00+00:00,144.8,150.12,143.5,148.6,2866760.0,45332.0,147.781172,,,,,
2022-01-12 05:00:00+00:00,150.38,153.6,144.36,146.33,2303095.0,36724.0,147.695295,,,,,
2022-01-13 05:00:00+00:00,145.75,147.81,134.94,135.13,4059361.0,55231.0,138.495423,,,,,
2022-01-14 05:00:00+00:00,135.34,139.725,132.65,138.28,4271464.0,59457.0,136.337349,,,,,
2022-01-18 05:00:00+00:00,132.96,139.85,131.21,131.87,4627716.0,56375.0,134.007295,,,,,
2022-01-19 05:00:00+00:00,133.205,137.37,130.63,130.91,3819902.0,52136.0,133.732934,,,,,
2022-01-20 05:00:00+00:00,132.88,139.69,129.35,130.01,3169324.0,46364.0,134.438493,,,,,
2022-01-21 05:00:00+00:00,128.26,134.48,125.36,125.55,4056286.0,64198.0,129.405483,,,,,
2022-01-24 05:00:00+00:00,121.745,137.5,119.19,136.07,7259831.0,99499.0,128.11385,,28.55377008652657,,,
2022-01-25 05:00:00+00:00,134.19,134.19,124.9,125.14,4927700.0,70043.0,128.416742,,24.15977795209075,,,
2022-01-26 05:00:00+00:00,132.54,139.49,126.07,128.04,6782748.0,82118.0,132.206771,,27.354034800160633,,,
2022-01-27 05:00:00+00:00,131.28,135.13,127.385,128.15,3198062.0,48496.0,130.746591,,27.478806058406562,,,
2022-01-28 05:00:00+00:00,130.31,137.53,122.69,136.96,4937287.0,63619.0,132.049983,,36.83590536311772,,,
2022-01-31 05:00:00+00:00,136.96,147.7386,136.96,146.11,4818171.0,72278.0,144.491938,,44.80174422099804,,,
2022-02-01 05:00:00+00:00,147.89,149.95,141.92,147.78,4084142.0,55813.0,146.882858,,46.13690211995997,,,
2022-02-02 05:00:00+00:00,146.27,147.0,139.36,142.2,4026347.0,53342.0,142.828149,,42.44276231370805,,,
2022-02-03 05:00:00+00:00,138.11,141.88,135.11,138.02,3358052.0,38419.0,139.340143,,39.86756018927301,,,
2022-02-04 05:00:00+00:00,141.86,153.94,139.18,150.26,5636348.0,76680.0,149.171933,,49.525220582608256,,,
2022-02-07 05:00:00+00:00,150.75,161.85,150.55,152.62,5263113.0,69689.0,154.710198,,51.15416371268517,,,
2022-02-08 05:00:00+00:00,149.25,154.64,148.19,151.73,3803691.0,50333.0,151.445184,,50.492374062765094,2.6308625157341226,,
2022-02-09 05:00:00+00:00,152.9207,156.2,148.49,155.5,5392669.0,79890.0,153.528973,,53.25132702343666,3.368082439896881,,
2022-02-10 05:00:00+00:00,170.365,184.7,167.1,174.6,15689309.0,198735.0,177.259435,,64.15124005733423,5.430940415353206,,
2022-02-11 05:00:00+00:00,176.42,181.47,164.9192,167.4,6249740.0,86285.0,172.323798,,58.604141684806685,6.410889650649693,,
2022-02-14 05:00:00+00:00,164.39,170.0,160.4,164.35,5971956.0,79946.0,165.084205,144.42166666666665,56.380120902999415,6.862292730717911,,
2022-02-15 05:00:00+00:00,169.2,169.82,162.54,168.99,5040575.0,68933.0,166.663844,144.59366666666668,58.933421112221126,7.50789579651817,,
2022-02-16 05:00:00+00:00,165.81,175.89,164.4327,173.92,3963005.0,62257.0,171.881924,145.13233333333335,61.51130989253733,8.321426451529561,,
2022-02-17 05:00:00+00:00,170.34,172.62,162.64,165.81,5025183.0,67447.0,167.00512,145.81133333333335,55.35537437347834,8.217025381221902,,
2022-02-18 05:00:00+00:00,167.47,167.89,156.97,159.02,4308660.0,66394.0,160.854249,146.3156666666667,50.773823057447856,7.499935934328761,6.249927923994467,1.2500080103342937
2022-02-22 05:00:00+00:00,160.9,165.16,157.1,158.94,3536128.0,52491.0,160.224169,146.82066666666665,50.720558087957336,6.846262596343195,6.369194858464213,0.4770677378789818
2022-02-23 05:00:00+00:00,156.445,158.94,148.5,149.45,4749871.0,72806.0,152.749076,146.92466666666667,44.72641853641122,5.499068242122689,6.195169535195909,-0.6961012930732196
2022-02-24 05:00:00+00:00,143.75,160.54,142.63,159.85,6006393.0,84540.0,154.375716,147.29966666666667,51.49203934119807,5.210536275230567,5.998242883202841,-0.7877066079722743
2022-02-25 05:00:00+00:00,159.44,161.65,154.87,161.41,2936535.0,48295.0,159.475404,147.80233333333334,52.43257577761794,5.04954358008456,5.808503022579185,-0.7589594424946249
2022-02-28 05:00:00+00:00,162.1,166.0,159.23,161.11,4579559.0,54656.0,161.967495,148.66833333333332,52.22287274731045,4.841933422006235,5.615189102464595,-0.7732556804583597
2022-03-01 05:00:00+00:00,160.24,166.99,158.19,159.97,3501994.0,56586.0,161.66171,149.39133333333334,51.38189994201643,4.5331569913522,5.398782680242116,-0.8656256888899154
2022-03-02 05:00:00+00:00,159.0,165.02,153.62,164.48,3268915.0,51052.0,160.409572,150.47833333333335,54.503354014294956,4.599350306465368,5.238896205486766,-0.6395458990213978
2022-03-03 05:00:00+00:00,159.58,160.69,145.94,148.46,5270945.0,80200.0,151.46857,151.06333333333336,43.756681848289915,3.3208481994290935,4.855286604275232,-1.5344384048461386
2022-03-04 05:00:00+00:00,149.0,151.19,140.6,142.19,3637338.0,60039.0,143.325079,151.46933333333334,40.39920302472201,1.7811573953473498,4.240460762489656,-2.459303367142306
2022-03-07 05:00:00+00:00,144.44,144.89,128.96,130.11,6600622.0,95888.0,133.008109,151.62133333333333,34.85082502073442,-0.4090978773132292,3.310549034529079,-3.7196469118423083
2022-03-08 05:00:00+00:00,129.99,132.16,121.15,127.13,6396290.0,92434.0,126.615494,151.32333333333332,33.62401632753752,-2.3581685567218074,2.176805516278902,-4.5349740730007095
2022-03-09 05:00:00+00:00,133.09,143.615,131.72,142.83,6134857.0,83920.0,139.454643,151.91299999999998,44.67398916228499,-2.605922866153378,1.2202598397924462,-3.826182705945824
2022-03-10 05:00:00+00:00,139.63,142.53,135.95,140.16,3031584.0,50255.0,139.160612,152.31699999999998,43.352213327961444,-2.9833266941564034,0.3795425330026764,-3.36286922715908
2022-03-11 05:00:00+00:00,142.43,142.46,126.28,127.02,4268867.0,66596.0,130.076691,152.27933333333334,37.475677910857954,-4.293220557188334,-0.5550100850355258,-3.7382104721528084
2022-03-14 04:00:00+00:00,127.0,127.0,113.89,118.64,6234436.0,99858.0,119.146003,151.66866666666667,34.28389344813826,-5.939055115892103,-1.6318190912068413,-4.3072360246852615
2022-03-15 04:00:00+00:00,120.355,121.86,115.54,120.94,3412348.0,55800.0,119.587955,150.82966666666667,35.89760828881879,-6.977369312986042,-2.7009291355626814,-4.2764401774233605
2022-03-16 04:00:00+00:00,123.96,135.5,122.7301,132.24,5598857.0,76283.0,129.572877,150.31166666666664,43.268417305452566,-6.809924660418773,-3.5227282405338998,-3.287196419884873
2022-03-17 04:00:00+00:00,131.29,139.0,130.25,137.74,2989277.0,49604.0,135.838054,150.163,46.49332870924062,-6.162383412277222,-4.050659274882564,-2.111724137394658
2022-03-18 04:00:00+00:00,136.44,147.945,135.76,145.77,4197475.0,63179.0,144.035435,150.42133333333334,50.883280770562344,-4.94425413339394,-4.229378246584839,-0.714875886809101
2022-03-21 04:00:00+00:00,142.89,145.47,134.6324,140.14,3708381.0,56824.0,138.723269,150.084,47.91502644745655,-4.382651374913991,-4.26003287225067,-0.12261850266332086
2022-03-22 04:00:00+00:00,142.19,151.9216,140.49,148.65,4583702.0,67806.0,148.598544,149.95166666666668,52.431992367418005,-3.2138440698380464,-4.050795111768145,0.8369510419300985
2022-03-23 04:00:00+00:00,145.31,152.6237,142.02,146.44,2902174.0,47142.0,147.607264,149.77533333333335,51.190424417355494,-2.4377831434129007,-3.7281927180970964,1.2904095746841957
2022-03-24 04:00:00+00:00,147.94,152.47,143.75,152.21,2743110.0,45285.0,149.951511,149.66566666666668,54.23729522892978,-1.3416922962887554,-3.250892633735428,1.9092003374466726
2022-03-25 04:00:00+00:00,152.0,153.1955,142.03,146.84,2747670.0,48149.0,146.309631,148.74033333333333,51.04373846627497,-0.8960177887551595,-2.7799176647393744,1.883899875984215
2022-03-28 04:00:00+00:00,146.36,151.3237,143.51,149.35,4568402.0,83636.0,147.604274,148.13866666666667,52.45297560005132,-0.3364036556304768,-2.2912148629175952,1.9548112072871184
2022-03-29 04:00:00+00:00,153.96,157.355,148.83,155.41,6690475.0,59214.0,154.615599,147.84066666666666,55.763807688599606,0.5892929290755262,-1.715113304518971,2.3044062335944973
2022-03-30 04:00:00+00:00,153.0,158.24,148.54,149.66,3240411.0,45518.0,152.706357,147.1963333333333,52.05960625336715,0.849148738414101,-1.2022608959323566,2.0514096343464576
2022-03-31 04:00:00+00:00,150.73,156.16,148.01,151.47,3871738.0,45149.0,152.720482,146.44799999999998,53.11537317765374,1.1874500279139966,-0.724318711163086,1.9117687390770826
2022-04-01 04:00:00+00:00,150.98,156.42,149.89,153.5,3280570.0,49053.0,153.087225,146.03766666666667,54.330154604321876,1.600906023642807,-0.25927376420190734,1.8601797878447144
2022-04-04 04:00:00+00:00,154.03,159.0,153.27,156.56,2673482.0,46241.0,156.355694,145.95566666666667,56.173531860990806,2.1506974046423863,0.22272046956695143,1.927976935075435
2022-04-05 04:00:00+00:00,156.85,157.37,143.91,146.9,4430652.0,59185.0,147.323813,145.55433333333335,49.39537858801877,1.786337974888312,0.5354439706312235,1.2508940042570884
2022-04-06 04:00:00+00:00,142.43,143.38,134.05,137.08,3839091.0,62720.0,137.562994,145.142,43.6316873450705,0.6971522339141814,0.5677856232878151,0.12936661062636623
2022-04-07 04:00:00+00:00,136.11,140.75,132.86,137.24,2171747.0,37799.0,136.809277,144.38833333333332,43.74686131240414,-0.15137963988510705,0.4239525706532307,-0.5753322105383378
2022-04-08 04:00:00+00:00,134.79,137.28,132.1326,134.29,2369073.0,36820.0,134.611269,143.48433333333332,42.04124410670582,-1.0497863257405697,0.1292047913744706,-1.1789911171150402
2022-04-11 04:00:00+00:00,131.63,137.87,130.685,135.13,2439081.0,38729.0,135.186573,142.61833333333334,42.72599744323198,-1.6746942838809957,-0.2315750236766227,-1.443119260204373
2022-04-12 04:00:00+00:00,140.0,145.19,134.8,135.5,2981942.0,46627.0,138.774944,141.80266666666665,43.04518990917964,-2.1156940313256882,-0.6083988252064358,-1.5072952061192524
2022-04-13 04:00:00+00:00,134.95,144.42,134.75,142.87,2846432.0,41670.0,142.139105,141.08233333333334,49.12700048274035,-1.8491759527558713,-0.8565542507163231,-0.9926217020395482
2022-04-14 04:00:00+00:00,142.67,142.855,135.35,136.04,2303091.0,40005.0,137.156933,140.66833333333335,44.39569254069975,-2.164135566950364,-1.1180705139631313,-1.0460650529872326
2022-04-18 04:00:00+00:00,135.0,135.585,127.06,131.11,2208204.0,39554.0,130.596867,140.299,41.303551717567146,-2.7795126371375147,-1.4503589385980082,-1.3291536985395065
2022-04-19 04:00:00+00:00,131.43,138.8,129.92,137.28,2995088.0,38318.0,136.503828,140.538,46.340717226936924,-2.737776579453538,-1.7078424667691143,-1.0299341126844235
2022-04-20 04:00:00+00:00,138.58,138.58,130.2,131.62,2114412.0,39302.0,132.456654,140.68766666666667,42.719023926971104,-3.12538762737114,-1.9913514988895196,-1.1340361284816203
2022-04-21 04:00:00+00:00,133.65,137.44,121.2101,121.82,3125983.0,45323.0,125.461588,139.98733333333334,37.285482158301456,-4.175220925570187,-2.428125384225653,-1.747095541344534
2022-04-22 04:00:00+00:00,123.41,125.39,117.945,118.4,4411059.0,58458.0,119.679633,139.262,35.58447191943503,-5.2229795389675076,-2.9870962151740246,-2.235883323793483
2022-04-25 04:00:00+00:00,118.49,124.6,117.86,121.68,9105360.0,90173.0,121.75381,139.084,38.483109766215165,-5.722699483492818,-3.5342168688377837,-2.188482614655034
2022-04-26 04:00:00+00:00,121.61,124.79,118.2,119.35,5950149.0,69764.0,120.225229,139.1076666666667,37.2024274123655,-6.234870955887402,-4.074347686247708,-2.160523269639694
2022-04-27 04:00:00+00:00,122.61,127.43,119.61,120.44,4163029.0,56912.0,122.177479,139.091,38.23792338962179,-6.478140674078162,-4.555106283813799,-1.9230343902643634
2022-04-28 04:00:00+00:00,124.09,130.7,121.0,128.47,3864880.0,53152.0,126.564589,138.96533333333335,45.38300352104974,-5.954341841617037,-4.834953395374447,-1.1193884462425903
2022-04-29 04:00:00+00:00,126.51,130.66,120.36,120.78,3882491.0,57806.0,124.520554,138.4,40.545479518151446,-6.089549686935328,-5.085872653686623,-1.0036770332487048
2022-05-02 04:00:00+00:00,119.94,123.34,116.18,120.2,4267282.0,62945.0,118.821125,137.5476666666667,40.19745106565563,-6.172352988117083,-5.303168720572716,-0.8691842675443677
2022-05-03 04:00:00+00:00,119.07,121.17,112.8,114.89,5400736.0,80898.0,115.286034,136.70600000000002,37.060985766571925,-6.590476907981781,-5.56063035805453,-1.0298465499272513
2022-05-04 04:00:00+00:00,116.07,119.33,104.77,119.0,6655526.0,110153.0,112.439147,135.71766666666667,40.904498951170176,-6.515098475875988,-5.7515239816188215,-0.7635744942571661
2022-05-05 04:00:00+00:00,118.0,124.43,106.86,111.87,11100914.0,143266.0,112.957883,134.56533333333334,36.71567293322683,-6.950570092022431,-5.9913332036995435,-0.9592368883228879
2022-05-06 04:00:00+00:00,109.75,118.6,101.3701,110.0,8243398.0,120433.0,111.054763,133.15833333333333,35.68356240057389,-7.361716570860565,-6.265409877131749,-1.0963066937288168
2022-05-09 04:00:00+00:00,105.1,108.06,96.08,97.53,8785853.0,142802.0,99.698208,131.51466666666667,29.689891898708325,-8.594703509313675,-6.731268603568134,-1.8634349057455406
2022-05-10 04:00:00+00:00,101.35,104.51,92.39,98.31,7261164.0,107750.0,98.229806,129.81333333333333,30.47651917183387,-9.400551355573938,-7.265125153969295,-2.135426201604643
2022-05-11 04:00:00+00:00,96.13,104.74,94.18,97.87,7449724.0,96309.0,99.708143,127.89533333333334,30.270779710305064,-9.959884553007754,-7.804077033776988,-2.155807519230766
2022-05-12 04:00:00+00:00,95.5,105.62,92.61,98.83,7087976.0,104463.0,99.357171,126.201,31.359548361910782,-10.208024413641027,-8.284866509749797,-1.92315790389123
2022-05-13 04:00:00+00:00,103.15,109.73,101.61,108.76,5912905.0,92473.0,106.839457,124.77733333333335,41.52952828090042,-9.493968470676862,-8.52668690193521,-0.9672815687416509
2022-05-16 04:00:00+00:00,106.83,108.93,96.095,97.209,5905328.0,93234.0,99.694008,122.90096666666666,35.028064815897764,-9.747776851879564,-8.770904891924081,-0.9768719599554831
2022-05-17 04:00:00+00:00,100.38,102.0,87.56,95.04,9276788.0,126967.0,93.176375,120.8503,33.95318645915101,-10.00856943713093,-9.018437800965451,-0.9901316361654793
2022-05-18 04:00:00+00:00,94.13,95.05,84.69,88.42,8182134.0,104721.0,88.985823,118.90096666666666,30.84237228308892,-10.626927508913269,-9.340135742555015,-1.2867917663582542
2022-05-19 04:00:00+00:00,89.83,100.61,88.9,96.525,8066639.0,118275.0,96.262365,117.54913333333334,38.29628888141684,-10.343738790122629,-9.540856352068538,-0.8028824380540911
2022-05-20 04:00:00+00:00,98.52,100.9299,90.18,94.79,6032671.0,82766.0,94.853162,116.13413333333332,37.367807494478626,-10.142394480071587,-9.661163977669148,-0.4812305024024397
2022-05-23 04:00:00+00:00,94.53,95.958,90.16,93.93,4152640.0,56863.0,93.170171,114.7888,36.89037362955374,-9.937667234532213,-9.716464629041761,-0.22120260549045234
2022-05-24 04:00:00+00:00,91.93,92.66,84.14,85.81,4966668.0,74434.0,86.22867,113.1448,32.64881661006662,-10.311767914129192,-9.835525286059248,-0.47624262806994366
2022-05-25 04:00:00+00:00,84.69,90.38,83.85,88.73,5773078.0,72142.0,87.977694,111.5858,35.51992314587534,-10.254419239578354,-9.91930407676307,-0.33511516281528486
2022-05-26 04:00:00+00:00,83.21,91.605,82.15,89.63,6681825.0,84337.0,87.83448,109.81113333333333,36.41956961884757,-10.020833591544758,-9.939609979719407,-0.08122361182535087
2022-05-27 04:00:00+00:00,91.02,98.185,90.63,98.07,6525334.0,89514.0,95.87303,108.54546666666667,44.27200504311723,-9.050351005859795,-9.761758184947485,0.7114071790876899
2022-05-31 04:00:00+00:00,98.16,99.39,93.64,95.39,5502206.0,74612.0,96.148355,107.3548,42.47800657125238,-8.400652672279165,-9.489537082413822,1.088884410134657
2022-06-01 04:00:00+00:00,96.84,103.88,95.53,97.5,6644581.0,75918.0,98.718816,106.0288,44.38868834429488,-7.627576739447861,-9.11714501382063,1.48956827437277
2022-06-02 04:00:00+00:00,97.39,116.62,96.2,110.08,15375006.0,166074.0,110.433991,105.3108,54.16424859945803,-5.931433752307115,-8.480002761517929,2.548569009210814
2022-06-03 04:00:00+00:00,106.82,110.95,103.78,105.49,5413632.0,78397.0,106.03227,104.76646666666667,50.66478522730899,-4.901105956087932,-7.764223400431929,2.863117444343997
2022-06-06 04:00:00+00:00,108.38,109.41,102.38,103.16,3941165.0,54051.0,104.194357,104.25846666666666,48.93636878630623,-4.22388496524853,-7.056155713395249,2.832270748146719
2022-06-07 04:00:00+00:00,101.58,110.4,101.17,108.06,4361316.0,56555.0,107.489251,103.80446666666667,52.598697332540254,-3.2542800867817903,-6.2957805880725575,3.041500501290767
2022-06-08 04:00:00+00:00,106.56,111.82,106.56,107.35,3660598.0,49275.0,108.884959,103.40446666666666,52.01654842032035,-2.514170508646515,-5.53945857218735,3.0252880635408346
2022-06-09 04:00:00+00:00,107.33,110.92,102.9997,103.64,5841523.0,66041.0,105.571351,102.84446666666668,48.96681947026163,-2.2016154772454115,-4.871889953198963,2.6702744759535513
2022-06-10 04:00:00+00:00,100.895,100.98,93.81,96.2,5001525.0,72033.0,96.433526,101.7688,43.463461846645814,-2.5251508175750814,-4.402542126074186,1.8773913084991047
2022-06-13 04:00:00+00:00,90.63,94.11,85.74,86.14,6653661.0,84781.0,87.844302,100.61413333333333,37.35073825705548,-3.5523633968353607,-4.232506380226422,0.680142983391061
2022-06-14 04:00:00+00:00,87.45,89.86,84.7001,87.11,4413032.0,66018.0,86.723243,99.51113333333333,38.25249273989455,-4.239297886035459,-4.233864681388229,-0.00543320464722985
2022-06-15 04:00:00+00:00,86.13,91.3,84.0,89.35,8399121.0,101398.0,88.537581,98.65979999999999,40.38641483814094,-4.550493877448233,-4.29719052060023,-0.25330335684800254
2022-06-16 04:00:00+00:00,85.48,87.79,81.12,81.99,6014365.0,74892.0,83.109091,97.42613333333334,35.98587752424764,-5.329573427672514,-4.5036671020146875,-0.8259063256578267
2022-06-17 04:00:00+00:00,82.31,87.22,81.92,85.63,5898348.0,64200.0,85.248104,96.55146666666666,39.4970732736174,-5.588857138786437,-4.720705109369038,-0.8681520294173994
2022-06-21 04:00:00+00:00,88.0,93.14,87.15,90.31,4346477.0,56587.0,91.012439,95.89513333333335,43.76772405582734,-5.3549756345163075,-4.847559214398492,-0.5074164201178153
2022-06-22 04:00:00+00:00,88.5,95.15,87.93,91.09,3652093.0,46073.0,92.306964,95.68046666666666,44.47123222646911,-5.0484875541392285,-4.88774488234664,-0.1607426717925886
2022-06-23 04:00:00+00:00,92.54,102.21,91.3,100.6,7329861.0,92195.0,98.87747,95.75679999999998,52.30587140848642,-3.9921964649077495,-4.708635198858862,0.7164387339511125
2022-06-24 04:00:00+00:00,102.54,107.81,102.25,107.52,5650519.0,76746.0,106.116092,96.07846666666666,57.05411294125448,-2.567100067761629,-4.280328172639416,1.7132281048777864
2022-06-27 04:00:00+00:00,106.16,107.91,102.04,105.2,4210543.0,59026.0,105.418494,96.2908,55.07447915776472,-1.6063880749233732,-3.7455401530962074,2.139152078172834
2022-06-28 04:00:00+00:00,104.8,106.97,96.13,97.32,4463279.0,63205.0,99.260642,95.90946666666666,48.87180211984803,-1.4639910654355788,-3.2892303355640817,1.825239270128503
2022-06-29 04:00:00+00:00,97.1,100.95,95.125,98.37,3120164.0,49804.0,98.113688,95.94816666666667,49.684959046194436,-1.251982114236469,-2.8817806912985593,1.6297985770620902
2022-06-30 04:00:00+00:00,97.08,97.59,90.46,95.24,4412435.0,62139.0,94.659574,95.95483333333333,47.271430991205385,-1.3212972423370388,-2.569684001506255,1.2483867591692164
2022-07-01 04:00:00+00:00,95.25,101.2,95.09,101.05,3820905.0,59732.0,99.59632,96.37583333333333,51.9384705357411,-0.8970706647253905,-2.2351613341500824,1.338090669424692
2022-07-05 04:00:00+00:00,100.92,110.0799,98.06,108.38,6545327.0,98241.0,106.794253,96.771,57.09773979126866,0.030252957787737955,-1.7820784757625185,1.8123314335502565
2022-07-06 04:00:00+00:00,108.85,112.58,105.9,108.03,4086380.0,67027.0,108.240792,97.21233333333333,56.78429030538314,0.728523568499881,-1.2799580669100385,2.0084816354099195
2022-07-07 04:00:00+00:00,107.53,110.82,106.89,107.7,4422696.0,65721.0,108.485443,97.67133333333335,56.46952031392895,1.2409746330920086,-0.7757715269096291,2.0167461600016376
2022-07-08 04:00:00+00:00,105.3,111.41,103.22,108.29,3961672.0,54010.0,108.063475,98.42066666666668,56.92921623460081,1.6753909984209656,-0.2855390218435102,1.9609300202644757
2022-07-11 04:00:00+00:00,106.41,107.08,101.07,104.01,3153016.0,39712.0,104.007383,98.93,52.59050285473603,1.6552284242664825,0.10261446737848837,1.5526139568879942
2022-07-12 04:00:00+00:00,104.69,107.2549,95.57,97.32,6087309.0,75807.0,98.286635,99.18633333333334,46.610803148240535,1.0868933200227673,0.2994702379073442,0.7874230821154231
2022-07-13 04:00:00+00:00,95.26,101.14,92.13,97.34,4852536.0,58404.0,97.617168,99.16199999999999,46.63034002102221,0.630825721882843,0.36574133470244397,0.26508438718039906
2022-07-14 04:00:00+00:00,96.3,96.49,91.56,93.78,3220214.0,44134.0,93.753554,99.10833333333333,43.573788848862456,-0.01766969799183471,0.28905912816358825,-0.30672882615542296
2022-07-15 04:00:00+00:00,94.65,96.78,92.216,93.6,4460736.0,57583.0,93.697608,98.97833333333332,43.418818617346886,-0.5399077654378885,0.1232657494432929,-0.6631735148811815
2022-07-18 04:00:00+00:00,95.37,96.77,90.8,91.04,4985210.0,64552.0,93.158946,98.34366666666666,41.17587705126581,-1.1471323736598578,-0.13081387517733722,-1.0163184984825206
2022-07-19 04:00:00+00:00,92.85,93.4,87.8,92.96,4746758.0,60354.0,91.469921,97.92599999999999,43.53194979782407,-1.4566430225670075,-0.3959797046552713,-1.0606633179117362
2022-07-20 04:00:00+00:00,96.23,102.467,95.23,100.88,5223263.0,69566.0,100.315583,97.85,52.06150304106244,-1.0507423284336568,-0.5269322294109484,-0.5238100990227084
2022-07-21 04:00:00+00:00,100.37,102.1,98.5489,101.23,3835874.0,51159.0,100.805625,97.62233333333333,52.40365938939703,-0.6928344646148332,-0.5601126764517255,-0.13272178816310776
2022-07-22 04:00:00+00:00,100.9,106.21,93.57,93.79,4729714.0,64296.0,96.983656,97.17033333333333,45.04386893075155,-0.9980310446472203,-0.6476963500908245,-0.35033469455639576
2022-07-25 04:00:00+00:00,94.0,94.01,89.465,90.49,3534163.0,51754.0,90.951035,96.732,42.21204703396752,-1.4890194643917027,-0.8159609729510002,-0.6730584914407025
2022-07-26 04:00:00+00:00,89.35,89.35,84.46,85.72,5900299.0,77964.0,85.833909,96.38266666666667,38.449278001937046,-2.2372409389562904,-1.1002169661520584,-1.137023972804232
2022-07-27 04:00:00+00:00,90.19,95.02,87.78,94.06,6811337.0,84851.0,92.2565,96.64666666666668,47.29538429923306,-2.1326595764190728,-1.3067054882054614,-0.8259540882136114
2022-07-28 04:00:00+00:00,93.1,96.3,91.41,95.72,4152513.0,57763.0,94.806742,96.93366666666667,48.87051691671534,-1.8939971462099123,-1.4241638198063518,-0.46983332640356057
2022-07-29 04:00:00+00:00,98.5,102.3,96.87,102.01,6691883.0,86867.0,99.974699,97.35566666666666,54.42817854626878,-1.1836605168869596,-1.3760631592224735,0.19240264233551385
2022-08-01 04:00:00+00:00,99.8,105.53,97.625,103.45,4757251.0,68180.0,103.348862,98.07099999999998,55.61757931653401,-0.49876816608535535,-1.2006041605950497,0.7018359945096944
2022-08-02 04:00:00+00:00,101.1,108.79,100.89,106.37,3649915.0,51900.0,106.247399,98.76233333333334,58.01075685221611,0.2764468456946503,-0.9051939593371098,1.1816408050317602
2022-08-03 04:00:00+00:00,107.18,113.08,106.55,112.42,5515585.0,79113.0,111.12698,99.49933333333334,62.52015817497755,1.363279725628331,-0.4514992223440217,1.8147789479723528
2022-08-04 04:00:00+00:00,103.26,111.54,102.1,110.49,13692877.0,158388.0,107.732276,100.146,60.29555399539425,2.0452909024922974,0.0478588026232421,1.9974320998690553
2022-08-05 04:00:00+00:00,106.2,115.53,105.69,113.29,6395330.0,95624.0,112.497213,100.569,62.38658673240645,2.7796838085538838,0.5942238038093705,2.185460004744513
2022-08-08 04:00:00+00:00,113.29,119.23,112.31,112.98,5438024.0,69357.0,115.194895,100.751,61.997288231700054,3.298656212920605,1.1351102856316175,2.1635459272889874
2022-08-09 04:00:00+00:00,111.08,112.01,107.49,109.76,4853967.0,71257.0,109.204962,100.903,57.95209294814708,3.410800903374067,1.5902484091801075,1.8205524941939597
2022-08-10 04:00:00+00:00,116.46,118.77,116.05,117.76,5254007.0,76940.0,117.45259,101.58433333333333,64.20164227926607,4.097970664802006,2.091792860304487,2.0061778044975185
2022-08-11 04:00:00+00:00,119.5,120.75,113.84,114.78,4499982.0,59897.0,116.368988,102.13133333333333,60.58912480330507,4.351930213900232,2.5438203310236362,1.8081098828765958
2022-08-12 04:00:00+00:00,116.0,116.15,113.38,115.72,3429071.0,55616.0,115.078398,102.81400000000001,61.32830997149736,4.576292479274628,2.9503147606738347,1.6259777186007929
2022-08-15 04:00:00+00:00,115.25,117.9,113.67,116.2,2191042.0,35088.0,116.115825,103.319,61.723105231806436,4.73821399796654,3.307894608132376,1.4303193898341635
2022-08-16 04:00:00+00:00,114.51,114.88,109.57,113.54,4006899.0,49905.0,112.738293,103.491,58.178511490666615,4.59888511377396,3.566092709260693,1.032792404513267
2022-08-17 04:00:00+00:00,111.09,112.21,108.29,110.02,2909096.0,45982.0,109.901726,103.55733333333335,53.77738275880477,4.156517639107136,3.6841776952299816,0.4723399438771545
2022-08-18 04:00:00+00:00,109.29,110.82,108.6,109.45,2150493.0,38469.0,109.609483,103.61566666666666,53.07717623679135,3.7170956274552793,3.6907612816750417,0.026334345780237634
2022-08-19 04:00:00+00:00,107.36,107.36,102.98,105.73,4244505.0,62206.0,104.995389,103.53033333333333,48.627192222741016,3.0337069217171404,3.5593504096834616,-0.5256434879663212
2022-08-22 04:00:00+00:00,102.35,103.89,100.28,101.85,3979631.0,60584.0,101.665941,103.45833333333333,44.44197978282977,2.1542005919027503,3.2783204461273194,-1.1241198542245692
2022-08-23 04:00:00+00:00,102.55,104.8,101.12,102.99,2748795.0,47162.0,103.196011,103.64733333333334,45.914881962171286,1.5315195575250584,2.9289602684068674,-1.397440710881809
2022-08-24 04:00:00+00:00,102.62,106.34,102.21,105.3,2678894.0,40814.0,105.18371,103.91266666666667,48.872702321874726,1.2104843362032227,2.585265081966139,-1.3747807457629162
2022-08-25 04:00:00+00:00,109.75,111.7799,107.37,110.38,3789400.0,57600.0,109.703146,104.466,54.735299791980616,1.3504084866068666,2.3382937628942844,-0.9878852762874177
2022-08-26 04:00:00+00:00,109.83,113.0499,106.42,106.73,3712379.0,56505.0,108.536042,104.90366666666667,50.27463112307395,1.1534783083008193,2.1013306719755915,-0.9478523636747722
2022-08-29 04:00:00+00:00,104.39,108.0,104.26,105.29,2415710.0,40133.0,105.788724,105.37866666666667,48.59213992527195,0.8711714357442162,1.8552988247293167,-0.9841273889851005
2022-08-30 04:00:00+00:00,106.22,108.21,102.45,104.61,2425510.0,39565.0,104.241564,105.76700000000001,47.77898751354663,0.5858179437327067,1.6014026485299948,-1.0155847047972881
2022-08-31 04:00:00+00:00,106.585,109.78,103.07,104.95,3851217.0,51913.0,105.377587,105.90266666666666,48.24533550916633,0.38269691217116986,1.3576615012582298,-0.97496458908706
2022-09-01 04:00:00+00:00,101.88,101.88,93.2,97.14,7602012.0,114266.0,96.680486,105.76633333333332,39.51577909786979,-0.4038246585641758,1.0053642692937488,-1.4091889278579246
2022-09-02 04:00:00+00:00,99.19,100.6,95.5,96.94,3771489.0,68820.0,97.510536,105.87133333333333,39.31957444651021,-1.0313976879600801,0.598011877842983,-1.6294095658030632
2022-09-06 04:00:00+00:00,96.63,96.63,92.15,92.33,3672872.0,61810.0,93.576442,105.93266666666666,35.00511959456347,-1.8790814267977964,0.10259321691482715,-1.9816746437126236
2022-09-07 04:00:00+00:00,92.09,96.06,91.155,95.62,2758971.0,46190.0,93.851493,106.26266666666668,40.06002822479722,-2.2593569324193936,-0.36979681295201705,-1.8895601194673766
2022-09-08 04:00:00+00:00,94.35,99.42,93.6,97.89,3679466.0,58033.0,97.736598,106.39033333333333,43.33468730719786,-2.3504633036907876,-0.7659301110997712,-1.5845331925910164
2022-09-09 04:00:00+00:00,100.0,101.29,99.28,100.54,4774848.0,61310.0,100.470238,106.55099999999999,46.97653959028225,-2.183661021311508,-1.0494762931421187,-1.1341847281693893
2022-09-12 04:00:00+00:00,102.07,104.95,101.62,104.39,4014278.0,52708.0,103.845258,106.63033333333333,51.82117176326294,-1.720967939432441,-1.183774622400183,-0.537193317032258
2022-09-13 04:00:00+00:00,97.0,99.1373,95.84,96.63,5017087.0,71078.0,97.311726,106.403,43.2446564366342,-1.957878283379813,-1.3385953545961091,-0.6192829287837038
2022-09-14 04:00:00+00:00,98.34,100.13,96.04,97.03,3540455.0,49201.0,97.299539,106.09166666666667,43.76133635813806,-2.08927096557926,-1.4887304767927394,-0.6005404887865207
2022-09-15 04:00:00+00:00,95.26,100.81,94.5904,95.36,5113522.0,56666.0,96.75845,105.52299999999998,42.04055979857341,-2.301623967694738,-1.6513091749731392,-0.6503147927215986
2022-09-16 04:00:00+00:00,91.76,92.11,89.52,91.25,6116039.0,59588.0,90.969003,104.88166666666666,38.07268925805244,-2.7696313172986606,-1.8749736034382436,-0.894657713860417
2022-09-19 04:00:00+00:00,90.35,93.94,90.15,93.8,3480389.0,45870.0,92.503738,104.232,41.7463192897073,-2.9013221887285425,-2.0802433204963036,-0.821078868232239
2022-09-20 04:00:00+00:00,92.97,95.0,91.87,93.57,2996870.0,40120.0,93.580335,103.58500000000001,41.50714833779073,-2.9897828750199835,-2.2621512314010395,-0.7276316436189441
2022-09-21 04:00:00+00:00,95.5,99.42,93.5901,94.51,4185140.0,59189.0,95.831989,103.07666666666665,42.94582233040672,-2.950032325817901,-2.399727450284412,-0.550304875533489
2022-09-22 04:00:00+00:00,93.92,95.36,89.36,89.44,5834894.0,75215.0,90.598538,102.13266666666667,37.57735196886732,-3.2897145755790262,-2.577724875343335,-0.7119897002356912
2022-09-23 04:00:00+00:00,88.15,89.95,86.09,87.28,5433082.0,74478.0,87.242298,101.216,35.539061530340064,-3.6906654598582094,-2.80031299224631,-0.8903524676118995
2022-09-26 04:00:00+00:00,87.15,90.07,86.26,86.41,2728483.0,46500.0,87.344395,100.239,34.722110188560606,-4.032143611816451,-3.0466791161603384,-0.9854644956561129
2022-09-27 04:00:00+00:00,88.14,89.585,86.69,87.74,2875937.0,48596.0,88.099739,99.29033333333332,37.10246096108497,-4.147636253814312,-3.2668705436911334,-0.8807657101231787
2022-09-28 04:00:00+00:00,88.11,90.38,86.94,89.76,3096884.0,44832.0,88.847461,98.49766666666666,40.6427062786825,-4.029715830834718,-3.4194396011198505,-0.6102762297148674
2022-09-29 04:00:00+00:00,87.5,89.12,85.84,87.45,3243854.0,50093.0,87.362982,97.74533333333332,38.00806916573559,-4.075678851795587,-3.550687451254998,-0.5249914005405887
2022-09-30 04:00:00+00:00,87.86,91.4599,86.8,88.78,4005369.0,60944.0,89.419393,97.05633333333334,40.40349814744489,-3.9591464169154023,-3.6323792443870793,-0.326767172528323
2022-10-03 04:00:00+00:00,89.61,91.72,86.55,90.94,3244362.0,47833.0,90.094883,96.56333333333333,44.17621497816443,-3.650419906203993,-3.635987376750462,-0.014432529453531018
2022-10-04 04:00:00+00:00,94.99,96.87,94.56,95.35,4950385.0,63009.0,95.716944,96.34666666666666,50.99687964021363,-3.0151450626984087,-3.5118189139400515,0.49667385124164287
2022-10-05 04:00:00+00:00,92.87,96.15,90.67,95.11,3490610.0,40461.0,94.04272,96.084,50.63429490146218,-2.502207278610598,-3.309896586874161,0.807689308263563
2022-10-06 04:00:00+00:00,94.75,97.314,93.1,93.66,2374923.0,33524.0,94.381247,95.696,48.39550969227569,-2.187487279355352,-3.0854147253703994,0.8979274460150473
2022-10-07 04:00:00+00:00,90.82,90.9,87.325,88.06,3011019.0,48870.0,88.905778,94.952,40.87817525746217,-2.3627067981228294,-2.9408731399208854,0.578166341798056
2022-10-10 04:00:00+00:00,87.61,88.39,81.8667,84.02,4515720.0,68833.0,83.629697,94.195,36.47621070614607,-2.7953408165517857,-2.9117666752470655,0.11642585869527977
2022-10-11 04:00:00+00:00,84.83,85.37,80.43,82.72,3821970.0,57898.0,82.382928,93.44266666666667,35.1640104720654,-3.206147061001218,-2.970642752397896,-0.23550430860332172
2022-10-12 04:00:00+00:00,82.63,83.6,80.26,82.35,3261000.0,44897.0,81.786521,92.70066666666666,34.78050694887199,-3.520982186299193,-3.0807106391781556,-0.44027154712103744
2022-10-13 04:00:00+00:00,77.34,82.27,75.59,80.9,5397330.0,78362.0,79.436989,91.89900000000002,33.25007323183071,-3.843192245307023,-3.2332069604039293,-0.6099852849030936
2022-10-14 04:00:00+00:00,82.62,83.33,75.535,75.69,4199616.0,58635.0,77.383399,91.18399999999998,28.41235800476126,-4.4674514967199315,-3.48005586766713,-0.9873956290528016
2022-10-17 04:00:00+00:00,79.36,81.99,78.53,80.79,4400955.0,56785.0,80.858512,90.64566666666668,37.93222740063965,-4.498794767807297,-3.6838036476951634,-0.8149911201121336
2022-10-18 04:00:00+00:00,84.825,85.148,81.13,81.78,3665846.0,48865.0,82.960339,90.294,39.61103234665181,-4.393108786262559,-3.8256646754086425,-0.5674441108539163
2022-10-19 04:00:00+00:00,80.243,80.8499,78.06,79.0,2828326.0,43686.0,79.203423,89.74,36.61601436475715,-4.482008843043602,-3.9569335089356343,-0.5250753341079673
2022-10-20 04:00:00+00:00,81.725,86.22,80.62,82.34,5595444.0,72799.0,83.318359,89.22166666666666,42.26426934054711,-4.234144114390077,-4.012375630026523,-0.22176848436355368
2022-10-21 04:00:00+00:00,80.9,82.3,77.65,82.15,4779912.0,60100.0,80.556088,88.60866666666668,42.034794280112585,-4.0068524424889915,-4.011270992519017,0.004418550030025337
2022-10-24 04:00:00+00:00,82.98,82.98,79.37,82.43,2961280.0,41613.0,81.616142,87.87666666666668,42.530007671804185,-3.760776603335856,-3.961172114682385,0.200395511346529
2022-10-25 04:00:00+00:00,82.98,89.04,82.98,88.75,5505839.0,71938.0,87.116671,87.614,52.41240829891478,-3.0209647452718684,-3.773130640800282,0.7521658955284134
2022-10-26 04:00:00+00:00,81.585,86.69,80.49,81.5,5829059.0,77335.0,83.124324,87.09633333333333,43.22903097340838,-2.9852606998340434,-3.615556652607034,0.6302959527729906
2022-10-27 04:00:00+00:00,83.0,84.64,81.38,82.16,4096056.0,52076.0,82.229001,86.65633333333334,44.18774372842229,-2.870617807256423,-3.466568883536912,0.5959510762804894
2022-10-28 04:00:00+00:00,78.45,81.4,75.95,81.13,7751190.0,97437.0,79.204708,86.319,42.96822743041239,-2.8302495260944056,-3.339305012048411,0.5090554859540055
2022-10-31 04:00:00+00:00,80.88,82.5,79.75,80.51,4077168.0,62956.0,80.876485,85.876,42.21301128808967,-2.815827088989181,-3.234609427436565,0.4187823384473841
2022-11-01 04:00:00+00:00,83.24,84.05,79.505,80.8,3507760.0,55305.0,81.442362,85.45033333333332,42.720138340403494,-2.749304358049315,-3.1375484135591156,0.38824405550980057
2022-11-02 04:00:00+00:00,79.12,79.24,74.38,74.48,8621051.0,118038.0,76.076699,84.78266666666667,35.424069411409974,-3.1700138496713777,-3.1440415007815683,-0.02597234888980937
2022-11-03 04:00:00+00:00,78.8,79.03,74.8,75.01,10611759.0,126794.0,76.260311,84.30166666666668,36.4049654045887,-3.421224832000078,-3.1994781670252705,-0.22174666497480766
2022-11-04 04:00:00+00:00,75.3,75.59,68.7,70.38,8624229.0,119544.0,70.888488,83.73833333333332,31.853059785772388,-3.948398965368739,-3.3492623266939647,-0.5991366386747741
2022-11-07 05:00:00+00:00,71.1,71.39,68.68,69.48,4581750.0,72873.0,69.574166,83.17399999999999,31.040587127121768,-4.388226004727429,-3.5570550623006576,-0.831170942426771
2022-11-08 05:00:00+00:00,70.2,72.72,67.85,70.49,3789140.0,52095.0,70.708601,82.599,33.10277970010277,-4.602241764854881,-3.766092402811503,-0.8361493620433782
2022-11-09 05:00:00+00:00,69.6,69.6257,66.447,67.22,3879678.0,54430.0,67.580926,81.84766666666665,29.977152987974137,-4.978325431452106,-4.008539008539623,-0.9697864229124828
2022-11-10 05:00:00+00:00,76.09,78.69,74.54,76.52,10425570.0,127296.0,76.591382,81.48333333333333,45.68487785828352,-4.4743644815615795,-4.101704103144015,-0.3726603784175646
2022-11-11 05:00:00+00:00,77.01,83.69,76.06,82.35,5972917.0,85965.0,81.54229,81.269,52.82857175149784,-3.5634621478119044,-3.994055712077593,0.4305935642656884
2022-11-14 05:00:00+00:00,81.3,81.76,77.53,78.12,4776045.0,66343.0,78.860568,80.84166666666667,47.905419982708636,-3.1466188703976314,-3.8245683437416007,0.6779494733439693
2022-11-15 05:00:00+00:00,82.435,86.88,82.28,86.1,7183255.0,94144.0,85.344053,80.53333333333333,56.19841473971253,-2.1475921559517133,-3.4891731061836238,1.3415809502319105
2022-11-16 05:00:00+00:00,84.5,84.665,81.4,82.44,4891033.0,61748.0,82.649381,80.111,52.101718395345685,-1.6323707454205731,-3.1178126340310137,1.4854418886104406
2022-11-17 05:00:00+00:00,78.892,81.2,77.5,79.0,3313872.0,48413.0,79.557592,79.62233333333333,48.521527266376445,-1.484520685939799,-2.791154244412771,1.306633558472972
2022-11-18 05:00:00+00:00,80.22,80.818,74.55,76.52,4517418.0,61866.0,76.320425,79.23766666666667,46.06402477045943,-1.5496008879313479,-2.5428435731164867,0.9932426851851388
2022-11-21 05:00:00+00:00,75.12,75.865,73.32,73.35,2739566.0,41906.0,74.025931,78.882,43.06179518078124,-1.8358078736747956,-2.4014364332281484,0.5656285595533528
2022-11-22 05:00:00+00:00,73.35,73.36,70.47,72.33,5026113.0,61433.0,71.541819,78.53566666666666,42.11075119927428,-2.1204907499846115,-2.345247296579441,0.22475654659482958
2022-11-23 05:00:00+00:00,72.59,75.98,71.4,75.31,3471337.0,46966.0,74.77623,78.30099999999999,45.87199323408262,-2.0816469550708234,-2.292527228277718,0.2108802732068944
2022-11-25 05:00:00+00:00,74.67,75.05,72.66,74.84,3334587.0,26711.0,74.449141,78.09899999999999,45.371289572294074,-2.0649841874879797,-2.2470186201197704,0.18203443263179064
2022-11-28 05:00:00+00:00,74.36,75.25,73.185,73.47,2363186.0,35162.0,73.855731,78.025,43.86818159007576,-2.1376844785557125,-2.225151791806959,0.08746731325124646
2022-11-29 05:00:00+00:00,73.98,74.14,71.82,72.06,2599854.0,42191.0,72.472598,77.734,42.31443277558233,-2.282760951858833,-2.236673623817334,-0.04608732804149929
2022-11-30 05:00:00+00:00,71.26,75.9,70.07,75.78,6048328.0,65071.0,73.637463,77.534,47.588727480281115,-2.073658348870012,-2.20407056882787,0.1304122199578579
2022-12-01 05:00:00+00:00,75.205,78.94,74.93,77.97,4252546.0,56213.0,77.088263,77.49966666666667,50.460404168159094,-1.711499234290514,-2.105556301920399,0.3940570676298849
2022-12-02 05:00:00+00:00,75.47,76.37,72.67,74.71,5147740.0,70481.0,74.641215,77.24533333333333,46.38607051799548,-1.668309053531189,-2.018106852242557,0.34979779871136785
2022-12-05 05:00:00+00:00,74.23,75.3206,69.53,70.26,4528533.0,64008.0,70.974048,76.84899999999999,41.46444245164915,-1.970444278821958,-2.0085743375584375,0.038130058736479455
2022-12-06 05:00:00+00:00,70.43,70.5,67.33,68.58,4096298.0,58960.0,68.557773,76.38733333333333,39.749737410437724,-2.318721799732714,-2.070603829993293,-0.2481179697394209
2022-12-07 05:00:00+00:00,71.34,71.34,68.22,68.28,4613320.0,64258.0,68.973623,75.705,39.43611694371521,-2.5890962471729466,-2.174302313429224,-0.41479393374372275
2022-12-08 05:00:00+00:00,69.935,75.24,68.59,74.02,6946153.0,83283.0,73.563523,75.45566666666667,47.90525764935842,-2.3135309709831375,-2.2021480449400066,-0.11138292604313094
2022-12-09 05:00:00+00:00,74.3,76.705,73.235,74.56,4638367.0,69282.0,75.246016,75.20233333333334,48.63299791793887,-2.0281903019343304,-2.167356496338871,0.1391661944045408
2022-12-12 05:00:00+00:00,74.86,78.479,74.36,76.99,4703942.0,68399.0,77.326941,75.06433333333332,51.88997913969056,-1.5876733640535434,-2.051419869881806,0.4637465058282624
2022-12-13 05:00:00+00:00,83.14,85.44,79.0,79.71,6787024.0,88996.0,81.67386,75.03766666666665,55.30605158282461,-1.0074658102830654,-1.842629057962058,0.8351632476789925
2022-12-14 05:00:00+00:00,82.71,83.6,79.05,80.48,5175660.0,68308.0,81.094531,75.027,56.25304265353427,-0.4799816492346025,-1.5700995762165668,1.0901179269819643
2022-12-15 05:00:00+00:00,78.5,81.54,77.8866,78.305,3834879.0,57542.0,79.201094,75.15450000000001,52.84684795224735,-0.2347449800458037,-1.3030286569824143,1.0682836769366106
2022-12-16 05:00:00+00:00,77.91,78.905,75.95,77.83,4453131.0,46211.0,77.683694,75.24849999999999,52.104819802358655,-0.07782456994011966,-1.0579878395739553,0.9801632696338356
2022-12-19 05:00:00+00:00,77.75,78.42,75.81,76.05,3053324.0,43737.0,76.92184,75.4375,49.31064816820307,-0.09598864099758941,-0.8655879998586822,0.7695993588610928
2022-12-20 05:00:00+00:00,75.005,76.8,74.38,75.98,3021015.0,39858.0,75.894763,75.65416666666667,49.198912095721376,-0.11470990873779385,-0.7154123816345046,0.6007024728967107
2022-12-21 05:00:00+00:00,75.67,77.98,73.55,77.17,2546793.0,43482.0,76.763889,75.87683333333332,51.222427337404596,-0.03314155829221477,-0.5789582169660467,0.5458166586738319
2022-12-22 05:00:00+00:00,75.23,75.92,71.9,72.95,3366406.0,55160.0,73.03142,76.06783333333334,44.459317622818546,-0.3054952260822432,-0.524265618789286,0.2187703927070428
2022-12-23 05:00:00+00:00,72.29,72.775,70.86,72.42,2125262.0,35671.0,71.921017,75.93116666666667,43.67929005700737,-0.5576755045378974,-0.5309475959390083,-0.026727908598889072
2022-12-27 05:00:00+00:00,71.7,72.2,69.88,70.57,2213766.0,41081.0,70.866806,75.53849999999998,40.9767904526484,-0.8964757169514286,-0.6040532201414924,-0.29242249680993615
2022-12-28 05:00:00+00:00,70.36,71.7,69.3,69.84,2160889.0,32964.0,69.990317,75.2625,39.927023684121146,-1.2099348495608666,-0.7252295460253673,-0.48470530353549934
2022-12-29 05:00:00+00:00,70.48,74.18,70.03,73.94,3279410.0,49089.0,73.12771,74.85716666666667,47.98665773785815,-1.1146685306701443,-0.8031173429543227,-0.3115511877158216
2022-12-30 05:00:00+00:00,72.21,73.82,72.175,73.5,2186118.0,35723.0,73.095975,74.55916666666667,47.25395495721488,-1.062426616659792,-0.8549791976954166,-0.20744741896437535
2023-01-03 05:00:00+00:00,75.195,76.6,70.45,72.09,3550552.0,52397.0,72.480581,74.32883333333332,44.88860933823122,-1.1218675487980079,-0.908356867915935,-0.21351068088207292
2023-01-04 05:00:00+00:00,72.12,72.6,67.82,68.96,5186517.0,78497.0,69.490582,74.07683333333333,40.09111483121084,-1.4053398739912382,-1.0077534691309955,-0.39758640486024266
2023-01-05 05:00:00+00:00,67.8,68.01,63.39,63.5,7971060.0,101972.0,64.690463,73.74849999999999,33.38767775829167,-2.046973862401984,-1.2155975477851932,-0.8313763146167907
2023-01-06 05:00:00+00:00,63.16,64.665,61.34,64.14,5094654.0,69488.0,63.595009,73.47550000000001,34.76458550908686,-2.475297085659392,-1.4675374553600329,-1.007759630299359
2023-01-09 05:00:00+00:00,65.8,67.83,64.89,66.96,2786016.0,41948.0,66.800072,73.19716666666666,40.591671430352456,-2.557712179827888,-1.685572400253604,-0.872139779574284
