timestamp,open,high,low,close,volume,trade_count,vwap,30sma,rsi,macd,signal,histogram
2022-01-03 05:00:00+00:00,140.52,141.8,139.89,141.17,1398414.0,25022.0,140.851132,,,,,
2022-01-04 05:00:00+00:00,141.08,142.16,139.85,140.51,1830711.0,23028.0,140.699662,,,,,
2022-01-05 05:00:00+00:00,140.84,143.36,139.82,140.4,1873771.0,28711.0,141.534852,,,,,
2022-01-06 05:00:00+00:00,139.182,144.46,138.64,142.82,1765548.0,29269.0,142.683753,,,,,
2022-01-07 05:00:00+00:00,142.57,143.87,140.5675,140.96,1711462.0,20971.0,141.629993,,,,,
2022-01-10 05:00:00+00:00,140.23,140.61,134.57,135.74,3135686.0,32815.0,135.78998,,,,,
2022-01-11 05:00:00+00:00,135.56,137.29,134.675,137.11,2094109.0,23978.0,136.811524,,,,,
2022-01-12 05:00:00+00:00,137.94,139.05,136.08,136.9,3244829.0,23076.0,136.936887,,,,,
2022-01-13 05:00:00+00:00,137.69,137.78,133.77,134.13,5565127.0,29007.0,135.68603,,,,,
2022-01-14 05:00:00+00:00,132.36,132.75,127.5,130.81,3480550.0,41138.0,130.04789,,,,,
2022-01-18 05:00:00+00:00,129.72,129.77,127.73,129.04,3737527.0,29142.0,128.971453,,,,,
2022-01-19 05:00:00+00:00,129.57,133.06,129.095,131.32,4707991.0,27979.0,131.515178,,,,,
2022-01-20 05:00:00+00:00,132.13,133.24,127.73,127.97,3008416.0,27660.0,129.688379,,,,,
2022-01-21 05:00:00+00:00,127.59,128.86,125.79,126.23,3458675.0,33178.0,126.562818,,,,,
2022-01-24 05:00:00+00:00,123.62,132.76,123.62,132.15,5531768.0,42983.0,131.155016,,36.33333333333336,,,
2022-01-25 05:00:00+00:00,130.481,132.75,128.665,131.35,2420056.0,33280.0,131.177106,,35.40890504316219,,,
2022-01-26 05:00:00+00:00,131.57,131.84,126.82,127.6,2100401.0,32225.0,128.88934,,31.37868557978196,,,
2022-01-27 05:00:00+00:00,129.28,130.84,127.69,128.3,1556911.0,24424.0,128.896741,,32.91366211092172,,,
2022-01-28 05:00:00+00:00,127.85,128.69,125.77,128.49,1547313.0,23675.0,127.559823,,33.34946149703444,,,
2022-01-31 05:00:00+00:00,128.21,131.32,128.0,131.22,2034562.0,30336.0,130.349591,,39.437151788373775,,,
2022-02-01 05:00:00+00:00,130.91,134.4,130.42,134.24,1666584.0,30374.0,133.147116,,45.38043101993809,,,
2022-02-02 05:00:00+00:00,133.9,134.6556,132.07,133.73,2006108.0,24241.0,133.586233,,44.58472282430533,,,
2022-02-03 05:00:00+00:00,132.85,133.84,131.25,131.84,1949562.0,24902.0,132.053362,,41.668821997231774,,,
2022-02-04 05:00:00+00:00,131.14,133.83,129.31,133.49,1691502.0,27827.0,132.238692,,45.047750311790885,,,
2022-02-07 05:00:00+00:00,134.13,137.1,133.8,135.72,1753723.0,28375.0,135.454766,,49.32057897154447,,,
2022-02-08 05:00:00+00:00,136.08,140.18,135.94,139.36,2570390.0,28580.0,139.213644,,55.414599062432586,-0.15429104000932625,,
2022-02-09 05:00:00+00:00,140.21,142.38,140.05,141.6,1392846.0,23747.0,141.557822,,58.705366357420104,0.48000926901687535,,
2022-02-10 05:00:00+00:00,138.73,140.74,137.12,137.93,2243734.0,23032.0,138.343252,,51.9411321419556,0.6787344767266745,,
2022-02-11 05:00:00+00:00,137.76,139.64,137.01,137.43,1109128.0,21000.0,138.008599,,51.07763630306837,0.7868099588158088,,
2022-02-14 05:00:00+00:00,137.64,138.07,135.01,136.96,1589240.0,23267.0,136.678007,134.55066666666667,50.23227144269441,0.8250251090700829,,
2022-02-15 05:00:00+00:00,138.59,139.17,137.01,137.79,2033323.0,26358.0,137.972865,134.438,51.750954147712264,0.9117745845220497,,
2022-02-16 05:00:00+00:00,137.37,138.3043,133.495,136.76,1707000.0,24708.0,135.695925,134.31300000000002,49.72316942554203,0.8871848620468654,,
2022-02-17 05:00:00+00:00,135.5,137.24,134.825,135.75,1421189.0,22543.0,135.881785,134.15800000000002,47.747462099059334,0.7772392405970834,,
2022-02-18 05:00:00+00:00,135.3,143.65,134.94,142.84,3833665.0,49142.0,141.908404,134.15866666666665,59.81753571910378,1.2478261270327664,0.7155902875354312,0.5322358394973352
2022-02-22 05:00:00+00:00,142.32,142.84,139.22,139.79,4006667.0,40699.0,140.303577,134.11966666666666,54.0350282730916,1.3589944725076464,0.8442711245298743,0.5147233479777721
2022-02-23 05:00:00+00:00,139.48,141.25,135.9812,136.2,2019363.0,33785.0,137.685076,134.13500000000002,48.136526378433175,1.144223296198703,0.9042615588636401,0.23996173733506299
2022-02-24 05:00:00+00:00,133.24,136.44,130.595,136.09,2745593.0,46191.0,134.072111,134.101,47.963758711044676,0.9541407700740194,0.914237401105716,0.03990336896830338
2022-02-25 05:00:00+00:00,136.54,140.91,135.48,140.69,2022688.0,31760.0,139.773418,134.22733333333332,55.204340832929866,1.161293881855869,0.9636486972557466,0.19764518460012226
2022-02-28 05:00:00+00:00,140.7,146.22,139.7,142.08,3192026.0,42801.0,142.149612,134.49233333333333,57.14483519948361,1.4212424009800202,1.0551674380006015,0.36607496297941866
2022-03-01 05:00:00+00:00,141.72,144.35,138.49,139.71,3248193.0,53188.0,141.360862,134.78900000000002,52.93434889260533,1.4196494470063215,1.1280638398017455,0.29158560720457594
2022-03-02 05:00:00+00:00,133.25,141.12,131.8793,139.92,4618771.0,69950.0,137.555068,135.15166666666667,53.26295238988143,1.4189752016194461,1.1862461121652856,0.2327290894541605
2022-03-03 05:00:00+00:00,142.0,148.78,140.65,146.48,3185740.0,44976.0,146.485156,135.657,62.15241505932136,1.9255811324232468,1.3341131162168778,0.591468016206369
2022-03-04 05:00:00+00:00,145.29,147.16,141.62,143.47,2345463.0,36332.0,143.473081,136.17366666666666,56.81282449712059,2.060436706330222,1.4793778342395467,0.5810588720906753
2022-03-07 05:00:00+00:00,143.45,147.87,140.69,140.86,4190428.0,47841.0,142.9381,136.66133333333335,52.59351988228174,1.9344068943618424,1.570383646264006,0.3640232480978365
2022-03-08 05:00:00+00:00,143.54,151.28,143.35,146.8,3953272.0,59855.0,147.736806,137.1496666666667,59.893758916320394,2.2874672195220853,1.713800360915622,0.5736668586064633
2022-03-09 05:00:00+00:00,153.045,153.045,147.33,147.75,6082639.0,41286.0,148.254615,137.69633333333334,60.93000887501585,2.6137969076729917,1.893799670267096,0.7199972374058956
2022-03-10 05:00:00+00:00,145.25,148.86,143.3292,148.75,2493055.0,28338.0,147.486458,138.40133333333333,62.0417901785211,2.9194535361938563,2.0989304434524483,0.820523092741408
2022-03-11 05:00:00+00:00,148.63,149.8191,146.38,147.02,1634956.0,25774.0,147.377302,139.02533333333335,58.918184550021344,2.9876522789245143,2.2766748105468615,0.7109774683776529
2022-03-14 04:00:00+00:00,147.08,151.4499,146.7,151.08,2497454.0,39207.0,150.240561,139.77833333333334,63.55551749343688,3.330911666774199,2.487522181792329,0.8433894849818699
2022-03-15 04:00:00+00:00,150.86,152.46,149.47,151.06,3275731.0,34376.0,151.005651,140.43966666666668,63.51748099216377,3.5602925356960213,2.7020762525730673,0.8582162831229541
2022-03-16 04:00:00+00:00,151.74,153.37,149.1243,152.08,1623928.0,31243.0,151.806125,141.03433333333334,64.67850510148334,3.780801278746509,2.9178212578077556,0.8629800209387533
2022-03-17 04:00:00+00:00,151.45,155.29,150.17,155.13,1546211.0,28816.0,153.825668,141.74766666666667,67.96179306054572,4.153783327817422,3.165013671809689,0.988769656007733
2022-03-18 04:00:00+00:00,154.06,157.8,152.8,157.17,2636307.0,29822.0,156.080266,142.592,69.97230608078729,4.561404211530345,3.44429177975382,1.1171124317765249
2022-03-21 04:00:00+00:00,157.17,157.215,153.86,154.96,2870093.0,31107.0,155.090763,143.30766666666665,65.1989269964586,4.652487192085715,3.685930862220199,0.966556329865516
2022-03-22 04:00:00+00:00,155.59,157.47,155.01,156.7,1820996.0,23428.0,156.458419,144.007,67.10181544268988,4.809632123380226,3.9106711144522044,0.8989610089280213
2022-03-23 04:00:00+00:00,156.5,157.0,152.85,155.15,1231307.0,22297.0,154.679974,144.53333333333333,63.757413124828155,4.754294025410076,4.079395696643779,0.6748983287662966
2022-03-24 04:00:00+00:00,154.89,157.07,154.05,156.85,1751542.0,18322.0,156.35433,145.04166666666666,65.77235784145768,4.792370512465823,4.221990659808188,0.5703798526576342
2022-03-25 04:00:00+00:00,156.96,158.0,155.73,156.41,1614017.0,19233.0,156.506352,145.65766666666664,64.76867295672989,4.732488893920134,4.324090306630578,0.4083985872895566
2022-03-28 04:00:00+00:00,156.41,158.85,155.55,158.76,3189678.0,39614.0,157.969414,146.36866666666666,67.61146533234717,4.819105986012033,4.423093442506869,0.39601254350516424
2022-03-29 04:00:00+00:00,158.76,159.89,155.99,158.61,1625707.0,26466.0,158.097118,147.09033333333335,67.23852239993928,4.820083981400103,4.502491550285516,0.317592431114587
2022-03-30 04:00:00+00:00,158.6,160.62,157.4,160.32,1876362.0,26982.0,160.055587,147.84133333333332,69.31639067403103,4.9023307415315,4.582459388534713,0.3198713529967874
2022-03-31 04:00:00+00:00,160.32,162.13,159.65,160.15,2919486.0,36301.0,160.643769,148.621,68.84888280746883,4.897340815805052,4.645435673988781,0.25190514181627055
2022-04-01 04:00:00+00:00,161.195,161.6,159.17,159.43,1524431.0,28794.0,159.866796,149.41033333333334,66.7941302038277,4.780185280654081,4.672385595321842,0.10779968533223894
2022-04-04 04:00:00+00:00,159.36,159.5,156.18,156.77,1910247.0,29568.0,157.055714,149.87466666666666,59.704792584776335,4.421727977836042,4.622254071824682,-0.20052609398863996
2022-04-05 04:00:00+00:00,156.17,158.67,155.02,155.74,1773721.0,30952.0,156.500684,150.40633333333335,57.17428092170903,4.008330057077359,4.499469268875218,-0.4911392117978588
2022-04-06 04:00:00+00:00,155.0,156.53,154.0,156.06,1842582.0,37228.0,155.363043,151.06833333333333,57.77308661898601,3.6642908877413163,4.332433592648438,-0.6681427049071216
2022-04-07 04:00:00+00:00,155.81,159.29,155.81,158.61,2239533.0,33536.0,158.142302,151.81900000000002,62.297165299831605,3.556405032703168,4.177227880659384,-0.6208228479562159
2022-04-08 04:00:00+00:00,158.51,163.9,158.02,162.93,2106966.0,35585.0,162.23407,152.56033333333332,68.4617835919585,3.7759656302350777,4.096975430574523,-0.3210098003394455
2022-04-11 04:00:00+00:00,162.97,166.14,162.75,165.5,1906678.0,37934.0,165.110463,153.34099999999998,71.45224503261903,4.109969339067931,4.099574212273205,0.010395126794725762
2022-04-12 04:00:00+00:00,166.472,169.0719,166.19,167.18,1857718.0,30520.0,167.389001,154.25666666666666,73.23861151860186,4.458832993121405,4.171425968442845,0.2874070246785596
2022-04-13 04:00:00+00:00,167.5,171.53,166.78,171.07,3749012.0,30817.0,170.452635,155.295,76.85072221538744,4.99165969651807,4.33547271405789,0.6561869824601798
2022-04-14 04:00:00+00:00,170.97,174.3,170.61,173.05,2295889.0,30630.0,172.733921,156.18066666666667,78.44546737058639,5.510180222580743,4.570414215762462,0.9397660068182816
2022-04-18 04:00:00+00:00,172.72,174.35,171.65,172.03,2192787.0,28051.0,172.398083,157.13266666666667,75.55776382434883,5.77226690000785,4.810784752611539,0.9614821473963104
2022-04-19 04:00:00+00:00,171.68,173.615,170.4,171.87,2010897.0,33478.0,171.784881,158.16633333333337,75.0908077580925,5.899061112806777,5.028440024650587,0.8706210881561898
2022-04-20 04:00:00+00:00,172.26,177.15,172.26,174.08,2716404.0,41300.0,174.890325,159.07566666666668,77.18790722141719,6.107471836648614,5.244246387050193,0.8632254495984206
2022-04-21 04:00:00+00:00,175.12,177.19,172.65,173.06,2671328.0,35789.0,173.988704,159.91933333333333,74.08764960327431,6.119788251776555,5.419354759995466,0.700433491781089
2022-04-22 04:00:00+00:00,172.16,172.7,167.12,167.49,2069794.0,34453.0,168.503391,160.54399999999998,59.93154672519401,5.615366203779587,5.45855704875229,0.15680915502729675
2022-04-25 04:00:00+00:00,166.39,169.9,164.476,169.85,1612186.0,29857.0,167.979736,161.30499999999998,63.14475370694675,5.3444330755338,5.435732254108593,-0.09129917857479253
2022-04-26 04:00:00+00:00,168.64,170.15,167.85,168.24,1998243.0,28751.0,168.739697,161.87699999999998,59.63149311642728,4.942825261944819,5.337150855675838,-0.3943255937310193
2022-04-27 04:00:00+00:00,168.71,169.91,165.91,166.09,1718372.0,27535.0,167.561114,162.37800000000001,55.21358853046391,4.40033680101962,5.149788044744595,-0.749451243724975
2022-04-28 04:00:00+00:00,166.9,167.6,164.68,167.11,1203663.0,24424.0,166.52311,162.87900000000002,56.84700882790682,4.006531462106494,4.921136728216975,-0.9146052661104811
2022-04-29 04:00:00+00:00,165.89,166.94,162.05,162.45,1574517.0,25213.0,163.604085,163.12300000000002,48.198256862463175,3.2805981457260316,4.593029011718786,-1.3124308659927548
2022-05-02 04:00:00+00:00,163.0,164.28,160.15,163.38,1430956.0,31479.0,162.275634,163.33,49.83846278853687,2.748649272257296,4.224153063826488,-1.4755037915691922
2022-05-03 04:00:00+00:00,163.77,166.81,163.1,164.9,1266374.0,21591.0,164.895733,163.66133333333335,52.48645532602116,2.421810134670608,3.8636844779953123,-1.4418743433247045
2022-05-04 04:00:00+00:00,165.67,166.78,161.915,165.81,1990529.0,32418.0,164.945912,163.96500000000003,54.05036084658509,2.210733201978229,3.533094222791896,-1.3223610208136671
2022-05-05 04:00:00+00:00,165.67,165.67,159.84,161.44,1689027.0,30296.0,161.445278,164.17466666666667,46.188092909743574,1.671562007396119,3.160787779712741,-1.489225772316622
2022-05-06 04:00:00+00:00,160.98,164.89,157.87,164.39,1923588.0,34585.0,162.99589,164.42600000000002,51.33440952686021,1.4654129289355353,2.8217128095573,-1.3562998806217648
2022-05-09 04:00:00+00:00,163.29,164.66,161.29,161.53,1685890.0,35816.0,163.012023,164.5966666666667,46.674021863402615,1.0590521075896788,2.469180669163776,-1.4101285615740973
2022-05-10 04:00:00+00:00,163.13,164.85,157.4,157.89,2795853.0,49360.0,158.975964,164.5676666666667,41.508961779889646,0.4382389044544084,2.062992316221903,-1.6247534117674944
2022-05-11 04:00:00+00:00,157.72,161.64,155.11,156.07,2803814.0,45197.0,157.960101,164.483,39.17464440154358,-0.19833256699860158,1.6107273395778021,-1.8090599065764037
2022-05-12 04:00:00+00:00,157.13,162.23,156.78,159.19,2819048.0,45837.0,159.497633,164.4453333333333,44.89564323145651,-0.44592181025097943,1.1993975096120457,-1.6453193198630252
2022-05-13 04:00:00+00:00,159.78,161.16,159.19,159.4,1808179.0,33213.0,159.983295,164.42033333333336,45.268783131269764,-0.6180681198048319,0.8359043837286702,-1.453972503533502
2022-05-16 04:00:00+00:00,160.24,162.54,158.715,161.41,1643487.0,30104.0,160.702994,164.48633333333333,48.83970416564191,-0.5855551928763134,0.5516124684076734,-1.137167661283987
2022-05-17 04:00:00+00:00,158.68,159.47,155.05,156.35,2954023.0,47302.0,157.014482,164.47233333333332,41.49922699452565,-0.9570558319736051,0.2498788083314177,-1.2069346403050227
2022-05-18 04:00:00+00:00,144.77,144.77,128.02,133.81,8644373.0,132535.0,132.229044,163.74133333333333,24.11334318068407,-3.0352736451469866,-0.40715168236426325,-2.6281219627827235
2022-05-19 04:00:00+00:00,132.505,138.56,125.74,135.57,5201793.0,85560.0,133.261494,163.05833333333334,26.695776996896782,-4.488518101107388,-1.2234249661128882,-3.2650931349945003
2022-05-20 04:00:00+00:00,135.43,136.19,124.7601,127.88,4897187.0,73026.0,127.755854,162.034,23.011099330042853,-6.18939602983869,-2.216619178858049,-3.972776850980641
2022-05-23 04:00:00+00:00,128.5,130.61,126.91,129.99,2604314.0,39753.0,129.467956,160.936,26.028027263093207,-7.283139181638518,-3.229923179414143,-4.053216002224374
2022-05-24 04:00:00+00:00,128.2,130.72,126.272,130.2,2451572.0,34554.0,129.152186,159.75933333333336,26.337416560744202,-8.040309580551366,-4.192000459641587,-3.8483091209097786
2022-05-25 04:00:00+00:00,129.8,135.32,129.22,133.59,3831399.0,58053.0,133.684443,158.63966666666664,31.330481073493814,-8.271479442029488,-5.007896256119167,-3.2635831859103206
2022-05-26 04:00:00+00:00,159.81,163.6999,155.64,162.8,8882090.0,113471.0,159.636363,158.364,57.84507928014886,-6.028191106241366,-5.2119552261436075,-0.816235880097758
2022-05-27 04:00:00+00:00,161.8,166.35,159.04,165.0,4338792.0,61628.0,163.320977,158.09566666666666,59.125204476571355,-4.0264331097550325,-4.974850802865893,0.9484176931108603
2022-05-31 04:00:00+00:00,165.25,165.7,159.38,160.33,4226994.0,51685.0,161.020427,157.70566666666667,55.287182060414224,-2.784754530060553,-4.536831548304825,1.7520770182442718
2022-06-01 04:00:00+00:00,160.41,162.55,159.0,161.01,1988598.0,33395.0,161.027534,157.34366666666665,55.73773435627079,-1.7259493234046772,-3.974655103324795,2.248705779920118
2022-06-02 04:00:00+00:00,161.3,161.67,158.355,159.1,1961151.0,33659.0,159.391379,156.84433333333334,54.08907158680538,-1.0290968187779015,-3.385543446415417,2.3564466276375153
2022-06-03 04:00:00+00:00,158.13,162.0,158.13,159.88,1380290.0,28226.0,160.019387,156.40500000000003,54.67863619965278,-0.40917993545176046,-2.7902707442226857,2.3810908087709253
2022-06-06 04:00:00+00:00,161.0,161.58,158.38,161.45,1186811.0,24239.0,160.721432,156.2036666666667,55.906030943340674,0.20641511485163733,-2.1909335724078214,2.3973486872594587
2022-06-07 04:00:00+00:00,158.11,162.51,156.11,161.94,1944718.0,32162.0,160.573617,155.94,56.30377737803975,0.7254549392790466,-1.607655870070448,2.3331108093494946
2022-06-08 04:00:00+00:00,161.11,163.3614,160.085,161.26,940606.0,21589.0,161.524361,155.70733333333334,55.55483827514667,1.0695977653771251,-1.0722051429809334,2.1418029083580583
2022-06-09 04:00:00+00:00,160.74,162.98,159.76,159.85,1602704.0,27836.0,160.711041,155.49933333333334,53.95228061434562,1.2145575548798888,-0.614852603408769,1.829410158288658
2022-06-10 04:00:00+00:00,157.76,158.76,155.62,156.0,1439124.0,32264.0,156.74554,155.129,49.73367766068608,1.0071664206740252,-0.2904487985922102,1.2976152192662354
2022-06-13 04:00:00+00:00,153.18,156.93,151.65,155.01,2691084.0,40616.0,155.164727,154.88099999999997,48.67961809038742,0.7542284503340966,-0.08151334880694883,0.8357417991410454
2022-06-14 04:00:00+00:00,156.23,159.5199,154.7021,156.02,1753871.0,28673.0,156.338212,154.63566666666665,49.84744507282546,0.6280322804058187,0.060395777035604684,0.567636503370214
2022-06-15 04:00:00+00:00,155.53,157.025,152.675,154.54,1608936.0,28967.0,154.804766,154.29033333333334,48.11948147352855,0.40394089621239004,0.12910480087096177,0.2748360953414283
2022-06-16 04:00:00+00:00,152.4,153.25,150.13,151.17,2667134.0,34301.0,151.306158,153.80233333333334,44.34954746871178,-0.04506450047719568,0.09427094060133029,-0.13933544107852597
2022-06-17 04:00:00+00:00,151.04,152.97,147.77,150.09,4161961.0,41608.0,150.254904,153.424,43.18194881614972,-0.4824896460262664,-0.021081176724189063,-0.46140846930207735
2022-06-21 04:00:00+00:00,152.26,156.49,150.0,156.38,2769962.0,31644.0,155.729938,153.15699999999998,51.234422868747345,-0.31793681537638463,-0.08045230445462818,-0.23748451092175643
2022-06-22 04:00:00+00:00,154.19,155.99,154.19,155.03,2021369.0,29304.0,155.127578,152.94033333333334,49.60934455085186,-0.293082753580876,-0.12297839427987775,-0.17010435930099824
2022-06-23 04:00:00+00:00,156.17,156.2,152.23,155.51,2290628.0,30842.0,154.845865,152.861,50.214005314379065,-0.23197962535272154,-0.1447786404944465,-0.08720098485827504
2022-06-24 04:00:00+00:00,156.29,157.92,154.445,157.21,2748727.0,32541.0,156.699589,152.89899999999997,52.39285027700018,-0.04585062602464518,-0.12499303760048623,0.07914241157584105
2022-06-27 04:00:00+00:00,157.39,159.58,156.08,157.13,1639108.0,24081.0,157.434859,152.83033333333333,52.27690454858468,0.09411768542642562,-0.08117089299510387,0.1752885784215295
2022-06-28 04:00:00+00:00,156.9,160.24,152.745,153.57,1646459.0,32091.0,155.249228,152.636,47.26432913038374,-0.08128170230196474,-0.08119305485647606,-8.864744548868486e-05
2022-06-29 04:00:00+00:00,154.26,156.585,153.2,156.245,1602967.0,27978.0,155.739844,152.46383333333333,51.06150033331104,-0.0043862744275884324,-0.06583169877069853,0.061445424343110094
2022-06-30 04:00:00+00:00,154.63,157.065,152.535,155.85,1910226.0,30094.0,155.685292,152.44716666666667,50.483453860039766,0.024399445695365785,-0.047785469877485665,0.07218491557285145
2022-07-01 04:00:00+00:00,154.0,156.5,152.3001,156.27,1572451.0,30116.0,154.595294,153.19583333333333,51.11712337974144,0.08017857746469303,-0.022192660409049925,0.10237123787374296
2022-07-05 04:00:00+00:00,157.09,165.0699,156.71,164.84,3337006.0,53040.0,162.02638,154.1715,61.846279832176656,0.8066131840935213,0.14356850849146435,0.6630446756020569
2022-07-06 04:00:00+00:00,164.3,166.91,163.59,165.79,1544674.0,35060.0,165.38047,155.43516666666667,62.82046222546355,1.4423484094112666,0.40332448867542486,1.0390239207358418
2022-07-07 04:00:00+00:00,165.84,170.19,165.375,168.79,1774964.0,35051.0,168.553415,156.72850000000003,65.7909434759592,2.1633107835558576,0.7553217476515115,1.407989035904346
2022-07-08 04:00:00+00:00,169.48,169.76,166.39,167.36,1369050.0,20503.0,167.392005,157.96716666666666,63.19896000896309,2.58944015607878,1.1221454293369653,1.4672947267418146
2022-07-11 04:00:00+00:00,166.54,167.555,164.58,166.17,1485324.0,21372.0,166.079042,159.05316666666667,61.04368610561367,2.7988641356214714,1.4574891705938666,1.3413749650276048
2022-07-12 04:00:00+00:00,165.57,168.43,163.1319,164.13,1368296.0,20679.0,164.896599,159.0975,57.42805169669685,2.768311821751837,1.7196537008254609,1.0486581209263761
2022-07-13 04:00:00+00:00,163.82,167.07,162.3698,165.94,1749372.0,29929.0,165.623183,159.12883333333332,59.708351191335375,2.8572145750248694,1.9471658756653425,0.9100486993595269
2022-07-14 04:00:00+00:00,163.83,169.25,163.83,168.76,2488215.0,39006.0,167.527099,159.40983333333332,63.03083745734047,3.119264144398045,2.1815855294118833,0.9376786149861616
2022-07-15 04:00:00+00:00,170.295,171.6993,167.19,167.96,2145900.0,31590.0,168.756312,159.6415,61.48194482690559,3.225208802517784,2.390310184033064,0.8348986184847202
2022-07-18 04:00:00+00:00,168.56,171.2399,168.31,169.5,1718777.0,26331.0,169.947543,159.98816666666664,63.34905043822102,3.3943083631242246,2.591109819851296,0.8031985432729285
2022-07-19 04:00:00+00:00,170.0,171.03,168.12,170.21,1580713.0,28130.0,169.510414,160.33249999999998,64.2104082348855,3.544750373706165,2.78183793062227,0.7629124430838954
2022-07-20 04:00:00+00:00,170.59,173.68,169.881,173.32,2277262.0,32693.0,172.577267,160.72816666666665,67.78216173424235,3.8703131982509547,2.999532984148007,0.8707802141029477
2022-07-21 04:00:00+00:00,172.8,173.9989,164.7953,171.68,3263437.0,39996.0,169.842094,161.05283333333333,64.14663964907326,3.950451443142157,3.1897166759468374,0.7607347671953195
2022-07-22 04:00:00+00:00,172.45,175.68,170.485,172.01,1791863.0,30947.0,172.960039,161.41116666666667,64.55856399166728,3.994543214004011,3.3506819835582724,0.6438612304457387
2022-07-25 04:00:00+00:00,171.31,171.35,167.4,168.42,1927165.0,31682.0,168.598516,161.69683333333333,56.899724828603425,3.697184422354411,3.4199824713175,0.2772019510369108
2022-07-26 04:00:00+00:00,162.68,164.65,157.11,157.82,3233745.0,54575.0,159.259601,161.7575,41.314640255279315,2.576493808698956,3.2512847387937915,-0.6747909300948356
2022-07-27 04:00:00+00:00,157.86,162.0,155.15,161.13,2249082.0,39307.0,159.34651,161.9615,46.26423085940836,1.9331436833712132,2.9876565277092757,-1.0545128443380625
2022-07-28 04:00:00+00:00,160.27,164.925,159.01,163.34,2503134.0,30676.0,162.975714,162.2055,49.336662751874755,1.5833606087312546,2.7067973439136717,-1.123436735182417
2022-07-29 04:00:00+00:00,162.16,165.46,162.16,165.36,2241799.0,23270.0,164.810154,162.56616666666665,52.03612251909524,1.4524096458796691,2.455919804306871,-1.003510158427202
2022-08-01 04:00:00+00:00,166.53,170.8,165.71,166.69,1717296.0,30807.0,167.793167,163.08350000000002,53.782253377749676,1.439357926883332,2.2526074288221634,-0.8132495019388313
2022-08-02 04:00:00+00:00,166.99,166.99,164.2,164.75,892037.0,21032.0,165.357932,163.57216666666667,50.87298050538846,1.257971447021447,2.0536802324620202,-0.7957087854405733
2022-08-03 04:00:00+00:00,166.21,167.63,163.5794,165.09,1097630.0,21998.0,165.129708,163.86249999999998,51.3694770985406,1.1286461827761514,1.8686734225248467,-0.7400272397486953
2022-08-04 04:00:00+00:00,165.35,165.48,161.89,162.16,995807.0,22294.0,163.050363,164.10016666666667,46.96454366556508,0.7807287115551844,1.6510844803309144,-0.87035576877573
2022-08-05 04:00:00+00:00,161.78,165.24,161.0001,164.97,1102876.0,21090.0,164.009759,164.41549999999998,51.27943537240617,0.7234061490708825,1.465548814078908,-0.7421426650080254
2022-08-08 04:00:00+00:00,165.9,169.678,165.805,166.29,1580459.0,24727.0,166.840075,164.71816666666663,53.20541413196301,0.7755505100980713,1.3275491532827406,-0.5519986431846693
2022-08-09 04:00:00+00:00,166.49,169.025,165.555,168.95,1285157.0,24262.0,168.16205,165.1121666666667,56.9026890342754,1.0197599039501313,1.265991303416219,-0.24623139946608763
2022-08-10 04:00:00+00:00,170.14,171.39,165.73,165.97,1713057.0,26063.0,167.205685,165.5255,51.950521205337125,0.9617500569231368,1.2051430541176025,-0.24339299719446572
2022-08-11 04:00:00+00:00,167.31,168.72,164.52,165.37,1581086.0,31649.0,165.879401,165.82966666666664,50.9883481810487,0.8574773841023102,1.1356099201145442,-0.278132536012234
2022-08-12 04:00:00+00:00,165.23,166.79,164.02,166.76,967697.0,22151.0,165.95101,166.19333333333333,53.153024940016024,0.8768936389109854,1.0838666638738323,-0.20697302496284697
2022-08-15 04:00:00+00:00,165.34,167.43,163.57,165.93,1688873.0,25413.0,166.009626,166.51533333333333,51.68508947620268,0.8159018882464579,1.0302737087483576,-0.21437182050189962
2022-08-16 04:00:00+00:00,167.66,169.1565,166.34,168.22,2068312.0,36971.0,167.810775,166.62800000000001,55.34905755012232,0.9414963640705594,1.012518239812798,-0.07102187574223873
2022-08-17 04:00:00+00:00,167.15,169.79,166.2,168.18,1473049.0,29283.0,168.347605,166.70766666666665,55.27021315367224,1.025976407931978,1.0152098734366342,0.010766534495343816
2022-08-18 04:00:00+00:00,168.13,168.8999,166.15,168.05,1157786.0,24948.0,167.904391,166.683,54.996017925901675,1.070102067277162,1.0261883122047397,0.043913755072422234
2022-08-19 04:00:00+00:00,166.51,168.74,166.365,167.68,1689075.0,29418.0,167.480848,166.69366666666667,54.172280261298425,1.0629628879347308,1.0335432273507381,0.0294196605839927
2022-08-22 04:00:00+00:00,168.15,168.49,166.74,167.42,2140757.0,31442.0,167.46997,166.73533333333336,53.56513005037652,1.024515235880898,1.0317376290567701,-0.007222393175872144
2022-08-23 04:00:00+00:00,167.0,168.77,165.33,166.11,2696501.0,37889.0,166.52452,166.80133333333333,50.49437839331889,0.8782156197603115,1.0010332271974784,-0.12281760743716696
2022-08-24 04:00:00+00:00,166.62,166.96,163.775,165.98,2764655.0,46653.0,165.57706,166.80266666666665,50.18690349117215,0.7432148878166913,0.9494695593213212,-0.20625467150462984
2022-08-25 04:00:00+00:00,149.03,153.17,144.31,149.01,12366615.0,166740.0,149.055801,166.14433333333332,27.03989657915311,-0.7247567954760541,0.6146242883618461,-1.3393810838379
2022-08-26 04:00:00+00:00,149.21,149.48,137.85,138.7,7136637.0,118438.0,141.512297,165.16899999999998,20.771751218399913,-2.6890678659136995,-0.04611414249326301,-2.6429537234204363
2022-08-29 04:00:00+00:00,136.06,141.05,134.735,137.4,4639630.0,64337.0,138.478769,164.09900000000002,20.137857190389752,-4.301117076474071,-0.8971147292894247,-3.4040023471846466
2022-08-30 04:00:00+00:00,137.2,139.715,135.13,137.98,3784391.0,63214.0,137.72407,163.02466666666666,21.29192718888821,-5.468835209232509,-1.8114588252780415,-3.6573763839544675
2022-08-31 04:00:00+00:00,137.14,137.83,135.415,135.68,3032565.0,40639.0,136.275843,161.77,20.054317757713363,-6.504866963282723,-2.750140452878978,-3.754726510403745
2022-09-01 04:00:00+00:00,134.86,137.845,134.33,137.38,2823748.0,50327.0,136.83914,160.62666666666667,23.589621691479678,-7.106830679837373,-3.621478498270657,-3.4853521815667157
2022-09-02 04:00:00+00:00,137.38,138.35,135.1,136.58,2890904.0,45287.0,136.540901,159.44566666666665,23.072547290830087,-7.5612828146897755,-4.409439361554481,-3.151843453135294
2022-09-06 04:00:00+00:00,138.4,138.7,135.35,138.31,3464316.0,50285.0,137.488193,158.442,26.808763046480266,-7.693160893965114,-5.066183668036608,-2.6269772259285062
2022-09-07 04:00:00+00:00,138.46,144.0,138.46,143.12,2565459.0,45728.0,142.262195,157.95200000000003,36.10115014897238,-7.325109122525959,-5.517968758934478,-1.807140363591481
2022-09-08 04:00:00+00:00,142.27,144.22,140.64,141.56,2434519.0,41628.0,142.245362,157.29966666666667,34.56826372339074,-7.077716889945123,-5.829918385136607,-1.2477985048085154
2022-09-09 04:00:00+00:00,142.84,144.86,142.01,144.45,2038397.0,37987.0,143.884984,156.67,39.6782615675107,-6.572692013821154,-5.978473110873517,-0.5942189029476372
2022-09-12 04:00:00+00:00,144.23,146.1719,144.22,145.75,2423805.0,37307.0,145.484064,156.01633333333334,41.8771801098239,-5.998411076529493,-5.982460704004712,-0.01595037252478093
2022-09-13 04:00:00+00:00,142.181,144.2,137.77,138.5,2787334.0,48969.0,139.956082,155.07666666666665,34.35555620642019,-6.0584654866111975,-5.997661660526009,-0.06080382608518864
2022-09-14 04:00:00+00:00,138.93,139.44,136.6853,138.01,3386037.0,44442.0,137.844845,154.18533333333332,33.91222003905149,-6.0755626399616744,-6.013241856413142,-0.06232078354853243
2022-09-15 04:00:00+00:00,138.32,139.89,136.52,137.94,1827862.0,34338.0,137.985049,153.28033333333335,33.84502801870207,-6.0253047100800075,-6.015654427146516,-0.00965028293349146
2022-09-16 04:00:00+00:00,138.03,142.3,137.72,141.92,5627695.0,47729.0,141.156151,152.60566666666668,41.002575635189025,-5.599771520456727,-5.932477845808559,0.33270632535183164
2022-09-19 04:00:00+00:00,141.43,144.72,141.25,142.91,2631358.0,34043.0,142.620933,151.87033333333335,42.664317452278326,-5.1235871522851255,-5.770699707103873,0.6471125548187473
2022-09-20 04:00:00+00:00,142.3,143.42,140.6531,142.62,2373153.0,33850.0,142.297652,151.08133333333336,42.28856576496315,-4.715253676910947,-5.559610501065288,0.8443568241543407
2022-09-21 04:00:00+00:00,143.39,145.18,141.315,141.87,2431163.0,41576.0,142.926478,150.17866666666666,41.27609455015127,-4.401428262564707,-5.327974053365172,0.9265457908004651
2022-09-22 04:00:00+00:00,141.95,142.08,138.42,139.33,1822891.0,35102.0,139.615091,149.29066666666668,37.96129069378774,-4.30801600616735,-5.123982443925607,0.8159664377582576
2022-09-23 04:00:00+00:00,138.4,142.02,138.26,141.29,2318503.0,39072.0,140.666392,148.488,41.8425413880681,-4.02938228954639,-4.905062413049764,0.8756801235033738
2022-09-26 04:00:00+00:00,141.95,143.37,138.18,138.23,3354503.0,46280.0,139.867469,147.537,37.86017182123416,-4.009263197726028,-4.725902569985017,0.7166393722589888
2022-09-27 04:00:00+00:00,139.3,140.35,135.73,136.04,2726348.0,44338.0,136.805715,146.54066666666668,35.27273356164562,-4.122511622109215,-4.605224380409856,0.4827127583006412
2022-09-28 04:00:00+00:00,136.94,138.89,135.75,137.97,1641141.0,33626.0,137.795094,145.5323333333333,39.21530468519124,-4.010298716744387,-4.486239247676762,0.475940530932375
2022-09-29 04:00:00+00:00,136.21,137.04,134.57,136.84,2232294.0,36873.0,135.918665,144.48766666666668,37.764908898045434,-3.9668236630625984,-4.382356130753929,0.4155324676913308
2022-09-30 04:00:00+00:00,137.07,137.8,134.3,136.1,2787719.0,40792.0,136.42943,143.4226666666667,36.804901552642136,-3.9465873826787288,-4.295202381138889,0.3486149984601603
2022-10-03 04:00:00+00:00,137.515,142.53,136.38,141.65,2259698.0,41164.0,140.726204,142.55499999999998,47.56987482722575,-3.443022349526899,-4.124766374816492,0.6817440252895928
2022-10-04 04:00:00+00:00,142.47,143.91,140.69,142.15,2525605.0,32023.0,142.124036,141.71266666666665,48.422294152006785,-2.969368578829318,-3.8936868156190574,0.9243182367897393
2022-10-05 04:00:00+00:00,141.81,143.4625,140.35,142.76,1240386.0,25678.0,142.396377,140.9343333333333,49.50099185639407,-2.5157723929114866,-3.618103931077543,1.1023315381660566
2022-10-06 04:00:00+00:00,143.12,144.52,141.42,142.13,1631387.0,26414.0,142.446739,140.13933333333335,48.375712109580896,-2.1819774051649006,-3.3308786258950147,1.1489012207301141
2022-10-07 04:00:00+00:00,142.1,142.87,139.98,141.95,3123778.0,29478.0,141.815786,139.904,48.039693394106195,-1.9099502506037709,-3.0466929508367664,1.1367427002329955
2022-10-10 04:00:00+00:00,142.18,142.31,139.555,141.46,964014.0,22816.0,141.069909,139.996,47.080977720147715,-1.7141460668239006,-2.7801835740341936,1.066037507210293
2022-10-11 04:00:00+00:00,141.91,144.21,141.21,141.69,1513209.0,26770.0,142.321143,140.139,47.60949431771015,-1.522856224069585,-2.528718104041272,1.005861879971687
2022-10-12 04:00:00+00:00,142.06,143.355,138.65,138.71,2197731.0,31504.0,139.580554,140.16333333333333,41.78638749094066,-1.5933515754834957,-2.3416447983297166,0.7482932228462209
2022-10-13 04:00:00+00:00,136.94,142.66,135.41,140.52,1778200.0,36688.0,139.994414,140.32466666666667,46.09867422437638,-1.486037659064408,-2.170523370476655,0.6844857114122469
2022-10-14 04:00:00+00:00,140.73,141.65,135.7,136.08,1769442.0,32836.0,136.784855,140.28133333333332,38.55398388193372,-1.7392129364105529,-2.0842612836634347,0.3450483472528818
2022-10-17 04:00:00+00:00,137.98,138.59,136.77,137.17,3604079.0,38336.0,137.327925,140.301,41.10244753039747,-1.8307979777910361,-2.033568622488955,0.20277064469791872
2022-10-18 04:00:00+00:00,139.4,141.18,138.18,139.78,1723911.0,29099.0,139.529799,140.35,46.79297331854427,-1.673483717017433,-1.9615516413946505,0.2880679243772175
2022-10-19 04:00:00+00:00,139.66,141.59,139.04,139.97,1408455.0,25317.0,140.001482,140.245,47.19295928609815,-1.516004068639063,-1.8724421268435332,0.35643805820447017
2022-10-20 04:00:00+00:00,140.9,140.93,137.0,139.03,1822379.0,31466.0,138.787041,140.16066666666666,45.375534466320495,-1.4503319330874547,-1.7880200880923174,0.3376881550048627
2022-10-21 04:00:00+00:00,139.12,143.74,138.37,143.61,2033405.0,32354.0,142.205986,140.13266666666667,54.5579944040615,-1.0169952806400318,-1.6338151266018603,0.6168198459618286
2022-10-24 04:00:00+00:00,144.75,149.985,144.44,149.0,3177199.0,42656.0,148.661386,140.24099999999999,62.53902368168645,-0.23592530757565555,-1.3542371627966194,1.1183118552209639
2022-10-25 04:00:00+00:00,149.5,155.095,149.03,153.9,2612061.0,46010.0,153.485743,140.75433333333334,68.03525125362776,0.7695958998972969,-0.9294705502578363,1.6990664501551334
2022-10-26 04:00:00+00:00,154.83,156.5338,153.39,153.69,2074261.0,36802.0,154.236609,141.27700000000002,67.57764017016041,1.531874955325975,-0.4372014491410741,1.969076404467049
2022-10-27 04:00:00+00:00,154.08,157.29,153.875,156.21,2922130.0,47531.0,156.018139,141.886,70.17047476321751,2.3126705120826045,0.1127729431036616,2.199897568978943
2022-10-28 04:00:00+00:00,155.91,159.42,155.34,158.55,1766215.0,35321.0,158.158075,142.4403333333333,72.37931655899017,3.084716369802692,0.7071616284434676,2.377554741359224
2022-10-31 04:00:00+00:00,157.76,159.33,157.06,158.5,1955524.0,30395.0,158.506034,142.95999999999998,72.25619554268864,3.65045353616685,1.2958200099881443,2.3546335261787057
2022-11-01 04:00:00+00:00,159.02,159.94,157.2,158.12,1562022.0,29945.0,158.218301,143.47666666666666,71.26402498125591,4.021780905413209,1.8410121890731572,2.1807687163400518
2022-11-02 04:00:00+00:00,158.4,158.4,153.06,153.2,2309112.0,38788.0,154.671436,143.85433333333333,59.812365761848405,3.8743960134505357,2.247688953948633,1.6267070595019026
2022-11-03 04:00:00+00:00,152.305,157.5,151.97,156.0,1467518.0,30244.0,155.474573,144.41,63.415442309437864,3.9381326819874403,2.585777699556395,1.3523549824310455
2022-11-04 04:00:00+00:00,156.44,157.82,154.65,156.4,1165787.0,23405.0,156.172225,144.91366666666667,63.91319783518767,3.975098645291439,2.8636418887034036,1.1114567565880353
2022-11-07 05:00:00+00:00,156.67,161.5406,156.67,160.03,2822373.0,38698.0,159.743753,145.64033333333336,68.1484577170685,4.248332962463621,3.1405801034554472,1.107752859008174
2022-11-08 05:00:00+00:00,161.67,164.12,159.56,161.09,1211500.0,29926.0,161.8106,146.4753333333333,69.28217823236533,4.498549786886684,3.412174040141695,1.0863757467449893
2022-11-09 05:00:00+00:00,160.35,161.305,154.03,154.88,2096095.0,43419.0,155.847665,147.03900000000002,56.57687789760938,4.147938469418847,3.5593269259971256,0.5886115434217212
2022-11-10 05:00:00+00:00,160.0,163.67,157.38,163.12,2973186.0,48016.0,162.309363,147.915,65.59317634194753,4.483294976024752,3.7441205360026513,0.7391744400221003
2022-11-11 05:00:00+00:00,164.06,166.43,161.05,165.61,1732561.0,38296.0,164.340568,148.89866666666666,67.77094443613751,4.893579475775539,3.974012323957229,0.9195671518183097
2022-11-14 05:00:00+00:00,165.94,169.43,164.405,164.5,1849128.0,36194.0,166.335401,149.66033333333334,65.77237657664253,5.070713149645542,4.193352489094892,0.8773606605506501
2022-11-15 05:00:00+00:00,167.76,170.36,166.51,168.84,2293380.0,42911.0,168.885831,150.55,69.55306103304025,5.497918014932367,4.454265594262387,1.0436524206699795
2022-11-16 05:00:00+00:00,163.88,167.96,162.26,166.3,2996067.0,47137.0,165.993149,151.33466666666666,65.02606775824177,5.567347262493996,4.67688192790871,0.8904653345852864
2022-11-17 05:00:00+00:00,165.43,165.43,161.24,163.7,2616187.0,52960.0,163.232579,152.0536666666667,60.672832047852076,5.350890436367166,4.811683629600401,0.5392068067667655
2022-11-18 05:00:00+00:00,164.33,165.76,159.67,163.36,1965523.0,39857.0,162.621904,152.76733333333334,60.10615723943952,5.093200439414574,4.867986991563235,0.22521344785133834
2022-11-21 05:00:00+00:00,164.32,166.15,159.36,165.24,3448973.0,64506.0,164.003721,153.56,62.20801333064346,4.983235906880026,4.891036774626594,0.09219913225343213
2022-11-22 05:00:00+00:00,154.39,156.18,147.1061,152.37,7395539.0,123570.0,151.049035,153.916,44.804869664021275,3.8136256787475133,4.675554555450778,-0.8619288767032645
2022-11-23 05:00:00+00:00,151.6,152.41,149.19,150.14,2751262.0,63274.0,150.462977,154.297,42.58197845263704,2.6759125293132513,4.275626150223273,-1.5997136209100216
2022-11-25 05:00:00+00:00,150.75,151.78,148.5273,151.33,1553183.0,24248.0,150.654378,154.65733333333336,44.1736697885555,1.8489758734395139,3.790296094866521,-1.941320221427007
2022-11-28 05:00:00+00:00,150.87,151.095,147.68,147.8,3805901.0,49149.0,148.767371,155.04800000000003,40.580023338145466,0.8984246373739211,3.211921803368001,-2.3134971659940797
2022-11-29 05:00:00+00:00,147.81,148.03,143.86,146.5,3196787.0,47651.0,146.356209,155.359,39.31165179296143,0.03974860185388707,2.577487163065178,-2.537738561211291
2022-11-30 05:00:00+00:00,146.22,150.82,145.52,150.29,3953089.0,41518.0,149.56906,155.70933333333332,44.73497070734677,-0.3311200710106448,1.9957657162500135,-2.3268857872606583
2022-12-01 05:00:00+00:00,148.58,150.07,146.35,149.72,3059333.0,53919.0,148.752093,156.03433333333336,44.0967270438264,-0.663383332417169,1.4639359065165771,-2.127319238933746
2022-12-02 05:00:00+00:00,149.05,151.24,148.72,151.2,1809348.0,34141.0,150.308067,156.44,46.24138942101241,-0.7980809493890035,1.011532535335461,-1.8096134847244645
2022-12-05 05:00:00+00:00,150.7,150.78,147.82,147.84,2220900.0,33319.0,148.658675,156.58100000000002,42.276066872398566,-1.1625525188183872,0.5767155245046913,-1.7392680433230785
2022-12-06 05:00:00+00:00,147.28,148.98,144.55,145.09,1603939.0,32713.0,145.535396,156.45066666666665,39.305247292698354,-1.6542319248519846,0.13052603463335616,-1.7847579594853407
2022-12-07 05:00:00+00:00,144.44,145.85,143.33,144.99,1969187.0,32265.0,144.751673,156.15366666666668,39.197379764354814,-2.028576394823034,-0.30129445125792187,-1.727281943565112
2022-12-08 05:00:00+00:00,144.84,145.54,142.79,144.5,2305824.0,36103.0,144.27508,155.84733333333332,38.63783639065889,-2.3378368610986513,-0.7086029332260677,-1.6292339278725836
2022-12-09 05:00:00+00:00,143.51,143.87,141.6,142.31,2237724.0,32254.0,142.679984,155.384,36.15377090678492,-2.728193786401789,-1.1125211038612122,-1.615672682540577
2022-12-12 05:00:00+00:00,143.41,144.28,141.11,144.22,1516481.0,33996.0,143.512164,154.90633333333332,39.78953864709818,-2.8505737844438386,-1.4601316399777375,-1.390442144466101
2022-12-13 05:00:00+00:00,147.91,147.91,143.62,144.56,2218190.0,36545.0,144.759845,154.4416666666667,40.439739747114054,-2.8868478708364194,-1.745474886149474,-1.1413729846869454
2022-12-14 05:00:00+00:00,145.07,148.41,144.71,146.5,1797323.0,34384.0,146.642213,154.05433333333335,44.14601288307127,-2.727611353100258,-1.941902179539631,-0.785709173560627
2022-12-15 05:00:00+00:00,145.54,146.705,143.73,145.11,2293110.0,31810.0,145.058158,153.78466666666665,42.123447825954656,-2.682652698428342,-2.090052283317373,-0.5926004151109687
2022-12-16 05:00:00+00:00,143.87,144.69,142.01,142.65,3580814.0,34747.0,142.813821,153.33966666666666,38.74060082307468,-2.8130964567517083,-2.23466111800424,-0.5784353387474681
2022-12-19 05:00:00+00:00,142.89,143.0,139.13,139.42,2179715.0,32706.0,140.104024,152.77366666666666,34.789985111836216,-3.1409017208882517,-2.4159092385810426,-0.7249924823072091
2022-12-20 05:00:00+00:00,139.12,139.87,137.4,139.21,1967279.0,27532.0,139.051097,152.07966666666667,34.543344677491405,-3.3786875919822705,-2.608464909261288,-0.7702226827209824
2022-12-21 05:00:00+00:00,140.66,141.01,137.34,140.18,2066882.0,31032.0,140.046446,151.3826666666667,36.77305951378983,-3.4491045839564265,-2.776592844200316,-0.6725117397561107
2022-12-22 05:00:00+00:00,139.8,140.77,137.77,140.05,1657375.0,24112.0,139.330607,150.88833333333335,36.59315103843891,-3.4753389271389494,-2.9163420607880424,-0.5589968663509071
2022-12-23 05:00:00+00:00,140.15,142.33,139.23,141.91,1023210.0,19954.0,141.678588,150.18133333333336,41.03791750781301,-3.3079118293231033,-2.994656014495055,-0.31325581482804843
2022-12-27 05:00:00+00:00,142.35,142.74,141.475,142.17,1318679.0,24275.0,142.103848,149.4,41.653621218282446,-3.1182990110420405,-3.019384613804452,-0.09891439723758833
2022-12-28 05:00:00+00:00,142.41,143.75,141.45,141.54,1336028.0,22149.0,142.025156,148.63466666666667,40.548708759436295,-2.9844621988726487,-3.0124001308180914,0.027937931945442696
2022-12-29 05:00:00+00:00,142.18,143.95,141.74,142.99,856080.0,20735.0,143.246147,147.773,44.21640803035137,-2.7299238167015005,-2.9559048679947733,0.22598105129327273
2022-12-30 05:00:00+00:00,142.56,142.975,140.36,141.44,1055915.0,23288.0,141.398727,146.94433333333333,41.284389735253804,-2.623035639026625,-2.889331022201144,0.26629538317451873
2023-01-03 05:00:00+00:00,141.62,143.06,139.76,140.26,2140333.0,30895.0,140.567702,146.16299999999998,39.15569611569592,-2.603530250375087,-2.832170867835933,0.22864061746084596
2023-01-04 05:00:00+00:00,140.55,141.77,137.95,140.52,1541889.0,30831.0,140.263753,145.40166666666667,39.89112705770193,-2.537837649575465,-2.7733042241838395,0.2354665746083744
2023-01-05 05:00:00+00:00,140.14,143.25,138.55,142.56,1669745.0,28503.0,141.728569,144.64566666666667,45.46129507336014,-2.294712818184564,-2.677585942983985,0.3828731247994206
2023-01-06 05:00:00+00:00,143.65,146.79,143.65,145.83,1846893.0,34381.0,145.758348,144.42766666666665,52.98256106787826,-1.817225126146866,-2.505513779616561,0.6882886534696953
2023-01-09 05:00:00+00:00,145.83,146.68,144.235,144.505,703494.0,19932.0,145.451955,144.23983333333334,49.97514837562039,-1.5281139699789037,-2.3100338176890296,0.7819198477101259
