timestamp,open,high,low,close,volume,trade_count,vwap,30sma,rsi,macd,signal,histogram
2022-01-03 05:00:00+00:00,66.45,67.1169,65.66,66.8,6683552.0,52589.0,66.624442,,,,,
2022-01-04 05:00:00+00:00,67.17,67.42,64.44,65.14,7524889.0,77210.0,65.322259,,,,,
2022-01-05 05:00:00+00:00,64.87,66.27,64.46,64.49,6771747.0,76098.0,65.280336,,,,,
2022-01-06 05:00:00+00:00,64.135,67.49,64.08,66.81,8203700.0,78624.0,66.559702,,,,,
2022-01-07 05:00:00+00:00,66.73,67.33,66.28,66.32,4996345.0,48483.0,66.573356,,,,,
2022-01-10 05:00:00+00:00,65.72,66.33,63.72,64.57,6663101.0,70355.0,64.532276,,,,,
2022-01-11 05:00:00+00:00,64.58,66.52,64.07,66.43,3811147.0,49897.0,65.974564,,,,,
2022-01-12 05:00:00+00:00,66.87,66.99,63.85,64.32,5421234.0,54599.0,64.765994,,,,,
2022-01-13 05:00:00+00:00,64.74,65.24,63.17,63.28,4405165.0,49682.0,63.891456,,,,,
2022-01-14 05:00:00+00:00,63.17,63.84,62.64,63.45,6202859.0,53849.0,63.382807,,,,,
2022-01-18 05:00:00+00:00,62.8,62.8,61.53,61.61,7149670.0,74371.0,61.942369,,,,,
2022-01-19 05:00:00+00:00,61.96,62.84,61.92,62.29,6700847.0,55114.0,62.408428,,,,,
2022-01-20 05:00:00+00:00,62.85,63.68,60.665,60.71,5337429.0,63099.0,62.171875,,,,,
2022-01-21 05:00:00+00:00,60.92,61.34,59.37,59.54,7712921.0,79598.0,60.148699,,,,,
2022-01-24 05:00:00+00:00,58.965,59.72,56.875,59.66,9119021.0,93554.0,58.649537,,29.529816513761517,,,
2022-01-25 05:00:00+00:00,58.44,58.57,56.92,58.18,7616643.0,77262.0,57.814294,,27.057064338829676,,,
2022-01-26 05:00:00+00:00,58.57,59.49,57.2,57.71,7417021.0,85344.0,58.251647,,26.30378017673874,,,
2022-01-27 05:00:00+00:00,58.04,58.705,56.4,56.7,4920105.0,69622.0,57.215396,,24.71161717157692,,,
2022-01-28 05:00:00+00:00,56.74,57.6,55.9065,57.54,5015474.0,58803.0,56.951405,,28.583401174822754,,,
2022-01-31 05:00:00+00:00,57.73,60.39,57.66,60.07,9042642.0,73190.0,59.486985,,38.793029962092376,,,
2022-02-01 05:00:00+00:00,59.91,60.62,59.565,60.48,4069931.0,47128.0,60.279664,,40.2829305598499,,,
2022-02-02 05:00:00+00:00,60.47,60.59,57.42,58.54,8908735.0,78722.0,58.450046,,35.83765621487096,,,
2022-02-03 05:00:00+00:00,58.0,58.09,56.93,57.19,6274991.0,64811.0,57.445831,,33.100329998167595,,,
2022-02-04 05:00:00+00:00,57.34,60.27,57.25,59.29,10574303.0,87847.0,59.30415,,40.689414348098886,,,
2022-02-07 05:00:00+00:00,59.18,59.73,58.54,58.7,5708748.0,52842.0,59.162947,,39.33918313785476,,,
2022-02-08 05:00:00+00:00,58.44,59.91,58.44,59.73,3766068.0,42563.0,59.494448,,42.901413160829534,-2.092416858681851,,
2022-02-09 05:00:00+00:00,60.37,60.655,59.7,60.61,3381489.0,39855.0,60.4224,,45.82836629981391,-1.8431912100308239,,
2022-02-10 05:00:00+00:00,59.142,60.03,58.48,58.81,3822962.0,45143.0,59.185093,,41.17854826584518,-1.7705136652469022,,
2022-02-11 05:00:00+00:00,59.31,59.94,58.05,58.38,5690856.0,51357.0,58.633155,,40.13102784320848,-1.7276977693022673,,
2022-02-14 05:00:00+00:00,58.53,58.64,57.68,58.18,5497733.0,47936.0,58.190144,61.184333333333335,39.62611182191779,-1.6904181041684154,,
2022-02-15 05:00:00+00:00,58.96,59.99,58.63,59.93,3697194.0,41677.0,59.601521,60.955333333333336,46.02525995844563,-1.5023452257396883,,
2022-02-16 05:00:00+00:00,59.691,59.75,57.255,57.65,5039885.0,54431.0,57.839978,60.70566666666666,40.066738697587475,-1.5197542785292626,,
2022-02-17 05:00:00+00:00,57.48,57.6956,55.53,55.76,5524640.0,60517.0,56.343329,60.41466666666666,35.91585904325139,-1.6668439434951239,,
2022-02-18 05:00:00+00:00,55.36,55.89,54.27,55.46,7002482.0,72552.0,55.214317,60.03633333333333,35.29088379609861,-1.787021385351622,-1.7333558267273286,-0.05366555862429334
2022-02-22 05:00:00+00:00,55.12,56.75,54.89,55.15,6747566.0,69014.0,55.562958,59.664,34.62048257264621,-1.885541929423212,-1.7637930472665053,-0.12174888215670676
2022-02-23 05:00:00+00:00,55.53,55.89,54.47,54.66,11482477.0,110148.0,53.148909,59.333666666666666,33.536048336382535,-1.9803310516511274,-1.8071006481434297,-0.1732304035076977
2022-02-24 05:00:00+00:00,50.225,55.64,49.53,55.47,24110836.0,217674.0,53.253062,58.968333333333334,37.04650465516714,-1.9674127736057443,-1.8391630732358928,-0.1282497003698515
2022-02-25 05:00:00+00:00,55.37,55.57,53.38,54.6,8014230.0,88036.0,54.368059,58.644333333333336,34.91350964481275,-2.0042726666060204,-1.8721849919099185,-0.13208767469610194
2022-02-28 05:00:00+00:00,54.32,54.99,53.41,54.59,8935918.0,68601.0,54.330099,58.35466666666666,34.88864443503961,-2.0111085068016052,-1.899969694888256,-0.11113881191334918
2022-03-01 05:00:00+00:00,54.56,55.05,53.94,54.35,8929193.0,76984.0,54.40236,58.05133333333333,34.258039948902166,-2.0126909057377347,-1.9225139370581519,-0.0901769686795828
2022-03-02 05:00:00+00:00,54.35,55.44,53.68,55.09,8247463.0,77754.0,54.557968,57.833999999999996,37.98030866419796,-1.9319626894542097,-1.9244036875373636,-0.007559001916846109
2022-03-03 05:00:00+00:00,55.64,55.64,53.455,54.42,5933221.0,58053.0,54.203997,57.57166666666667,35.99323606279306,-1.9001447115744767,-1.9195518923447863,0.019407180770309562
2022-03-04 05:00:00+00:00,54.155,56.44,54.09,55.66,8025441.0,74671.0,55.483635,57.40333333333333,42.03738026327486,-1.7546446467219852,-1.8865704432202262,0.131925796498241
2022-03-07 05:00:00+00:00,55.5,56.46,54.735,54.85,9655372.0,90066.0,55.511382,57.247,39.41883125123115,-1.685268303641294,-1.8463100153044398,0.16104171166314574
2022-03-08 05:00:00+00:00,54.91,55.93,53.25,53.31,9086024.0,98368.0,54.263899,57.035333333333334,34.960037908555975,-1.7345572849468311,-1.8239594692329182,0.08940218428608704
2022-03-09 05:00:00+00:00,53.93,53.93,52.6,53.06,9916844.0,72864.0,53.049087,56.86466666666667,34.28210754666901,-1.773349993548642,-1.813837574096063,0.040487580547420965
2022-03-10 05:00:00+00:00,53.02,55.48,51.28,52.36,18692277.0,163460.0,53.092887,56.68633333333334,32.38826615577808,-1.8393744804184564,-1.818944955360542,-0.02042952505791451
2022-03-11 05:00:00+00:00,52.9,52.9,50.0,50.06,8991084.0,85868.0,50.922754,56.465,27.09238930041755,-2.053617317932769,-1.8658794278749873,-0.18773789005778174
2022-03-14 04:00:00+00:00,50.2,53.25,50.01,52.09,8891456.0,90050.0,52.229909,56.28333333333333,36.899398111673726,-2.0361310246128355,-1.899929747222557,-0.13620127739027854
2022-03-15 04:00:00+00:00,52.51,54.56,52.22,53.94,8792445.0,83871.0,53.581405,56.079,44.258169330613796,-1.8516488173153078,-1.8902735612411072,0.0386247439257994
2022-03-16 04:00:00+00:00,53.79,54.9,53.08,54.77,7372495.0,76247.0,54.319962,55.88866666666667,47.23146360962806,-1.61979923818118,-1.8361786966291218,0.2163794584479417
2022-03-17 04:00:00+00:00,54.28,55.86,54.06,55.67,5854796.0,59007.0,55.346804,55.793000000000006,50.325592920961704,-1.3478965851480922,-1.738522274332916,0.3906256891848239
2022-03-18 04:00:00+00:00,55.1,56.67,55.1,56.02,10458073.0,69865.0,56.000439,55.754000000000005,51.51620487077579,-1.0915865682686388,-1.6091351331200607,0.517548564851422
2022-03-21 04:00:00+00:00,55.58,56.245,54.88,55.32,5789029.0,61196.0,55.460734,55.62166666666667,48.98728208914702,-0.9341745998500457,-1.474143026466058,0.5399684266160123
2022-03-22 04:00:00+00:00,54.98,56.26,54.95,55.75,7055510.0,55873.0,55.781291,55.52333333333333,50.591804540823965,-0.7658982758770776,-1.332494076348262,0.5665958004711844
2022-03-23 04:00:00+00:00,55.42,56.06,54.65,55.6,5252786.0,63214.0,55.538327,55.385666666666665,50.00098697455056,-0.6372954775976609,-1.193454356598142,0.556158879000481
2022-03-24 04:00:00+00:00,55.74,57.39,55.5413,57.23,6805609.0,73018.0,56.822018,55.272999999999996,56.01249689552964,-0.39924718290470196,-1.034612921859454,0.635365738954752
2022-03-25 04:00:00+00:00,57.38,58.05,56.95,57.42,6200586.0,63604.0,57.426489,55.22666666666667,56.666524885829936,-0.19303558811215282,-0.8662974551099938,0.673261866997841
2022-03-28 04:00:00+00:00,57.42,58.835,56.93,58.78,13799266.0,135353.0,58.105392,55.24,61.122431778467316,0.07921606693172123,-0.6771947507016509,0.7564108176333721
2022-03-29 04:00:00+00:00,59.38,60.385,59.38,60.21,5341253.0,60930.0,60.012099,55.30766666666667,65.17713356633712,0.40568997254236905,-0.46061780605284697,0.866307778595216
2022-03-30 04:00:00+00:00,59.73,60.34,59.12,59.36,5942950.0,67293.0,59.666131,55.288666666666664,61.098119159669885,0.5890448561684565,-0.2506852736085863,0.8397301297770428
2022-03-31 04:00:00+00:00,59.16,59.16,57.24,57.26,9333652.0,76156.0,57.89674,55.275666666666666,52.37676873126591,0.5584648378564978,-0.08885525131556946,0.6473200891720673
2022-04-01 04:00:00+00:00,57.87,58.33,57.3,57.71,4937950.0,51470.0,57.776081,55.34066666666667,53.895487068038705,0.5640392982917746,0.041723658605899355,0.5223156396858752
2022-04-04 04:00:00+00:00,58.08,58.37,56.49,56.73,6642411.0,66225.0,56.930636,55.383,50.145027431312826,0.48380231660099327,0.13013939020491816,0.3536629263960751
2022-04-05 04:00:00+00:00,56.68,57.73,55.98,56.4,5029640.0,50889.0,56.371506,55.42466666666667,48.91076059858635,0.3891003814688929,0.18193158845771312,0.2071687930111798
2022-04-06 04:00:00+00:00,55.83,56.15,53.48,54.11,5556603.0,64022.0,54.231142,55.406333333333336,41.31169157024253,0.12779145358511812,0.1711035614831941,-0.04331210789807599
2022-04-07 04:00:00+00:00,53.88,54.84,53.5,54.38,4954874.0,51942.0,54.257187,55.370000000000005,42.44705907209899,-0.05685561474074774,0.12551172623840576,-0.1823673409791535
2022-04-08 04:00:00+00:00,54.5,55.44,54.12,55.03,3734285.0,41577.0,54.970171,55.38433333333333,45.19579503634064,-0.14902234217850463,0.07060491255502369,-0.21962725473352832
2022-04-11 04:00:00+00:00,54.363,56.23,54.36,54.89,3568752.0,52641.0,55.282215,55.39433333333333,44.7005978165686,-0.23070257202655853,0.010343415638707242,-0.24104598766526578
2022-04-12 04:00:00+00:00,55.33,55.78,54.12,54.24,3974662.0,52835.0,54.70031,55.39066666666667,42.37892960596257,-0.34391981681319095,-0.060509230851672396,-0.2834105859615186
2022-04-13 04:00:00+00:00,54.09,55.47,53.96,55.12,3768448.0,42315.0,54.997163,55.391666666666666,46.43514280400291,-0.35850404202420805,-0.12010819308617954,-0.2383958489380285
2022-04-14 04:00:00+00:00,55.2,55.47,53.98,54.15,4442861.0,49012.0,54.410836,55.382666666666665,42.85412995034844,-0.4432238305282965,-0.18473132057460295,-0.25849250995369355
2022-04-18 04:00:00+00:00,53.83,54.75,53.67,54.56,4099557.0,46142.0,54.317406,55.346000000000004,44.79214339934154,-0.47184219667220617,-0.2421534957941236,-0.22968870087808257
2022-04-19 04:00:00+00:00,54.16,55.22,54.16,55.17,4681301.0,47586.0,54.996133,55.35666666666666,47.6374146781852,-0.4402259057972415,-0.2817679777947472,-0.1584579280024943
2022-04-20 04:00:00+00:00,55.32,55.36,54.76,54.86,4906577.0,47846.0,54.995319,55.40833333333333,46.330619734718,-0.4351678328234385,-0.3124479488004855,-0.12271988402295303
2022-04-21 04:00:00+00:00,55.23,55.86,54.545,54.77,4388359.0,44421.0,54.911868,55.465333333333334,45.93663091281982,-0.43342526473486487,-0.33664341198736136,-0.0967818527475035
2022-04-22 04:00:00+00:00,54.6,54.83,53.08,53.17,4893932.0,57617.0,53.753598,55.492333333333335,39.50488665421434,-0.5547560132155027,-0.38026593223298966,-0.17449008098251306
2022-04-25 04:00:00+00:00,52.93,53.875,52.71,53.63,5460006.0,63634.0,53.451582,55.61133333333333,42.01840643435409,-0.6067985538973062,-0.42557245656585296,-0.18122609733145323
2022-04-26 04:00:00+00:00,53.59,53.96,52.48,53.1,4924982.0,57420.0,53.281698,55.645,39.958380842864464,-0.6829367432759454,-0.4770453139078715,-0.20589142936807392
2022-04-27 04:00:00+00:00,52.99,53.89,52.0,52.06,4429746.0,56554.0,52.484877,55.58233333333333,36.20718332758504,-0.8177693789056519,-0.5451901269074276,-0.2725792519982243
2022-04-28 04:00:00+00:00,52.47,54.05,52.15,53.77,5967037.0,67941.0,53.318191,55.549,45.29997120428339,-0.7776779181721665,-0.5916876851603754,-0.18599023301179107
2022-04-29 04:00:00+00:00,51.52,53.98,51.52,51.92,8305066.0,94604.0,52.568518,55.424,38.84848631283261,-0.8849831507237411,-0.6503467782730485,-0.23463637245069258
2022-05-02 04:00:00+00:00,51.972,53.22,51.4614,53.15,6100517.0,67729.0,52.384752,55.32833333333333,44.50718513724231,-0.860849265677551,-0.6924472757539492,-0.1684019899236019
2022-05-03 04:00:00+00:00,53.28,54.25,53.02,53.46,8021659.0,72512.0,53.706982,55.266333333333336,45.86679520857896,-0.8074013584114255,-0.7154380922854444,-0.09196326612598105
2022-05-04 04:00:00+00:00,53.48,54.49,52.315,54.42,9418467.0,95336.0,53.101604,55.222,49.95586939195671,-0.6797438657281347,-0.7082992469739825,0.028555381245847777
2022-05-05 04:00:00+00:00,51.21,51.8247,47.29,48.04,19188275.0,199194.0,49.291295,54.970000000000006,32.425735964288776,-1.080926811737207,-0.7828247599266275,-0.2981020518105796
2022-05-06 04:00:00+00:00,48.0,49.64,47.03,48.81,11238938.0,131960.0,48.612173,54.68933333333334,35.37331402983962,-1.3215011789894717,-0.8905600437391963,-0.43094113525027544
2022-05-09 04:00:00+00:00,48.08,50.915,47.67,49.26,12700831.0,112781.0,49.577063,54.41733333333333,37.10010738047578,-1.459028091463594,-1.004253653284076,-0.454774438179518
2022-05-10 04:00:00+00:00,49.97,50.89,48.38,48.59,7539069.0,80853.0,49.236461,54.07766666666667,35.57594277619299,-1.6035972896531376,-1.1241223805578884,-0.47947490909524926
2022-05-11 04:00:00+00:00,48.31,48.95,46.47,46.58,6998863.0,76434.0,47.386481,53.623333333333335,31.40731215625985,-1.85893102282553,-1.2710841090114169,-0.5878469138141131
2022-05-12 04:00:00+00:00,45.98,47.82,45.185,46.16,8852095.0,94329.0,46.386913,53.183333333333344,30.600443882944802,-2.071298693854324,-1.4311270259799984,-0.6401716678743254
2022-05-13 04:00:00+00:00,46.46,46.76,45.72,46.65,6417469.0,76130.0,46.426151,52.82966666666667,32.77046252336417,-2.1749907586905124,-1.5798997725221013,-0.595090986168411
2022-05-16 04:00:00+00:00,46.49,46.49,44.905,45.09,6338429.0,75689.0,45.350545,52.409,29.5974336165513,-2.3558892054004588,-1.735097659097773,-0.6207915463026858
2022-05-17 04:00:00+00:00,45.64,47.12,45.4,46.92,5658795.0,71061.0,46.474305,52.082,37.270586625278824,-2.3247881114506868,-1.8530357495683556,-0.47175236188233116
2022-05-18 04:00:00+00:00,46.1,46.78,44.65,44.94,5802071.0,63429.0,45.402879,51.7,33.07078604521675,-2.4318765636387525,-1.9688039123824352,-0.46307265125631725
2022-05-19 04:00:00+00:00,44.62,45.33,44.02,44.62,7610315.0,78197.0,44.685344,51.38366666666666,32.43466275177393,-2.5135911451121515,-2.0777613589283783,-0.4358297861837732
2022-05-20 04:00:00+00:00,44.96,45.32,43.29,44.31,7366567.0,78655.0,44.144303,51.048,31.796584918468724,-2.5736969722481575,-2.1769484815923343,-0.3967484906558232
2022-05-23 04:00:00+00:00,44.74,45.3462,44.0,45.19,6081019.0,69683.0,44.825106,50.72,35.66570727055529,-2.521259122029953,-2.2458106096798582,-0.2754485123500947
2022-05-24 04:00:00+00:00,44.4,45.63,43.62,44.18,8254142.0,85733.0,44.572409,50.36300000000001,33.32876015109774,-2.532012839129301,-2.303051055569747,-0.2289617835595541
2022-05-25 04:00:00+00:00,43.87,45.13,43.87,44.81,7472026.0,66353.0,44.680992,50.04866666666667,36.13958410627725,-2.461326858633015,-2.3347062161824006,-0.12662064245061444
2022-05-26 04:00:00+00:00,45.68,46.81,45.49,46.47,6278209.0,59573.0,46.50826,49.76033333333333,42.963030429786336,-2.2454751433309923,-2.316860001612119,0.07138485828112673
2022-05-27 04:00:00+00:00,47.22,48.83,47.05,48.82,8673009.0,86225.0,48.290488,49.58266666666667,50.952743994974725,-1.8633067037829036,-2.226149342046276,0.3628426382633725
2022-05-31 04:00:00+00:00,48.44,49.3,47.32,48.67,17384803.0,73231.0,48.608696,49.38633333333333,50.46679734543592,-1.5546185337234775,-2.0918431803817166,0.5372246466582391
2022-06-01 04:00:00+00:00,49.08,49.08,46.805,46.97,7112583.0,77261.0,47.306043,49.11300000000001,45.20482943340816,-1.4306649129222322,-1.9596075268898199,0.5289426139675877
2022-06-02 04:00:00+00:00,46.86,47.78,46.445,47.77,5244191.0,70320.0,47.367118,48.876666666666665,47.95492531356751,-1.2534287152811245,-1.8183717645680808,0.5649430492869563
2022-06-03 04:00:00+00:00,47.32,47.545,46.79,47.09,5314185.0,65887.0,47.180548,48.62066666666667,45.848554588664456,-1.1545293727955652,-1.6856032862135777,0.5310739134180125
2022-06-06 04:00:00+00:00,47.99,48.76,47.465,47.67,5295609.0,61071.0,47.94626,48.43733333333333,47.94864222491699,-1.0176192967992392,-1.55200648833071,0.5343871915314709
2022-06-07 04:00:00+00:00,46.9,47.665,46.68,47.51,5080738.0,53332.0,47.265205,48.233333333333334,47.40250058564097,-0.9115202994026959,-1.4239092505451074,0.5123889511424116
2022-06-08 04:00:00+00:00,47.82,48.14,47.3041,47.68,4376725.0,54928.0,47.672191,48.05266666666667,48.079181808788974,-0.8044453550105004,-1.300016471438186,0.4955711164276857
2022-06-09 04:00:00+00:00,47.2,47.435,46.43,46.69,5116748.0,61967.0,46.954253,47.873666666666665,44.489564586615934,-0.790361619603388,-1.1980855010712266,0.40772388146783856
2022-06-10 04:00:00+00:00,44.35,45.58,44.28,44.28,8692192.0,87131.0,44.650995,47.55733333333333,37.2070292753423,-0.9625710961977845,-1.150982620096538,0.1884115238987536
2022-06-13 04:00:00+00:00,43.01,43.97,42.67,42.92,8011264.0,84350.0,43.168315,47.257333333333335,33.840603154668315,-1.195013608102819,-1.1597888176977944,-0.035224790405024686
2022-06-14 04:00:00+00:00,43.2,43.59,42.21,42.58,5285972.0,62447.0,42.678791,46.905,33.03586522815283,-1.390630805656869,-1.2059572152896094,-0.1846735903672596
2022-06-15 04:00:00+00:00,42.97,44.045,42.58,43.51,8018151.0,82154.0,43.379997,46.57333333333334,37.4195920197074,-1.4538564640749243,-1.2555370650466724,-0.1983193990282519
2022-06-16 04:00:00+00:00,42.29,42.5,40.52,41.08,9948445.0,89786.0,41.107527,46.12866666666666,31.598825641858397,-1.6806702253531753,-1.340563697107973,-0.34010652824520227
2022-06-17 04:00:00+00:00,41.505,42.57,41.43,42.21,21188235.0,78411.0,42.174714,45.934333333333335,36.54219456166024,-1.7490779274902266,-1.422266543184424,-0.3268113843058027
2022-06-21 04:00:00+00:00,42.7,43.47,42.2,42.29,7624480.0,57886.0,42.565604,45.717,36.88993430068318,-1.7763594271418839,-1.4930851199759159,-0.283274307165968
2022-06-22 04:00:00+00:00,41.88,43.655,41.83,43.13,7340203.0,59243.0,43.1267,45.51266666666667,40.57234202332727,-1.7104818621721876,-1.5365644684151702,-0.1739173937570173
2022-06-23 04:00:00+00:00,42.17,43.11,42.05,42.97,5227320.0,62831.0,42.632521,45.32533333333333,40.0924743652183,-1.6521392473136203,-1.5596794241948602,-0.09245982311876011
2022-06-24 04:00:00+00:00,43.35,45.78,43.22,45.72,14445587.0,64802.0,45.44824,45.29666666666667,50.85203093837092,-1.3682282043638736,-1.521389180228663,0.15316097586478938
2022-06-27 04:00:00+00:00,45.865,45.94,44.22,44.38,4699064.0,45113.0,44.571603,45.23733333333333,46.472147793683355,-1.2370930202367134,-1.4645299482302732,0.22743692799355975
2022-06-28 04:00:00+00:00,43.4,44.475,42.6,42.65,5429893.0,56632.0,43.182103,45.104000000000006,41.50220509503449,-1.2582595509605952,-1.4232758687763376,0.16501631781574244
2022-06-29 04:00:00+00:00,42.58,43.0316,42.295,42.67,3509700.0,43410.0,42.626705,45.02333333333333,41.57998883992814,-1.2589084334256242,-1.390402381706195,0.13149394828057082
2022-06-30 04:00:00+00:00,42.31,42.42,41.02,41.67,6489294.0,54724.0,41.729615,44.848333333333336,38.80183491596912,-1.3248423620415224,-1.3772903777732606,0.052448015731738185
2022-07-01 04:00:00+00:00,41.94,43.039,41.76,42.89,4948787.0,50884.0,42.573953,44.78,43.74052866998193,-1.2640801424438237,-1.3546483307073733,0.09056818826354962
2022-07-05 04:00:00+00:00,42.29,43.955,41.89,43.93,6413936.0,50616.0,43.254597,44.757,47.62103836224502,-1.1191059801670633,-1.3075398605993114,0.18843388043224807
2022-07-06 04:00:00+00:00,44.4,44.96,43.555,43.72,6444067.0,52009.0,43.907033,44.73733333333333,46.91732306878454,-1.0095210270423394,-1.247936093887917,0.23841506684557756
2022-07-07 04:00:00+00:00,43.72,44.07,43.19,43.82,6216125.0,56417.0,43.661194,44.69166666666667,47.31656632574714,-0.9041821489298982,-1.1791853048963132,0.275003155966415
2022-07-08 04:00:00+00:00,43.4,43.83,42.75,43.14,3716315.0,40856.0,43.275942,44.657000000000004,44.84650911259446,-0.8655926330420343,-1.1164667705254576,0.25087413748342335
2022-07-11 04:00:00+00:00,43.02,43.16,42.39,42.83,5906397.0,55256.0,42.762975,44.591,43.72586008928744,-0.8502237230667333,-1.0632181610337128,0.21299443796697948
2022-07-12 04:00:00+00:00,43.055,43.95,42.87,43.2,4750648.0,48060.0,43.298655,44.482,45.47709604926097,-0.7989777255297739,-1.010370073932925,0.21139234840315124
2022-07-13 04:00:00+00:00,42.2,43.15,41.94,42.49,4439945.0,51861.0,42.579381,44.270999999999994,42.72919066280921,-0.8063607448323822,-0.9695682081128166,0.16320746328043445
2022-07-14 04:00:00+00:00,42.2,42.36,41.22,42.03,3624764.0,46993.0,41.774146,44.04966666666667,41.000633355816014,-0.8396510221226592,-0.9435847709147852,0.10393374879212602
2022-07-15 04:00:00+00:00,42.99,43.96,42.85,43.61,6407268.0,57397.0,43.516272,43.93766666666667,48.680066118026666,-0.7301245895481188,-0.900892734641452,0.17076814509333327
2022-07-18 04:00:00+00:00,43.98,44.725,43.35,43.59,4544272.0,47894.0,43.920432,43.79833333333333,48.59384361295933,-0.6375882154279182,-0.8482318307987453,0.2106436153708271
2022-07-19 04:00:00+00:00,43.89,45.485,43.89,45.38,4290455.0,49404.0,45.10952,43.74133333333334,56.09002940606655,-0.4150302218530797,-0.7615915090096123,0.34656128715653256
2022-07-20 04:00:00+00:00,45.59,46.47,45.42,46.19,4065930.0,42685.0,46.091957,43.692,59.00336234825576,-0.17131634971492105,-0.6435364771506741,0.47222012743575303
2022-07-21 04:00:00+00:00,46.08,46.67,45.8501,46.65,2964100.0,34641.0,46.418737,43.663333333333334,60.6020304505677,0.05827504697126784,-0.5031741723262857,0.5614492192975535
2022-07-22 04:00:00+00:00,46.59,47.37,46.36,46.68,4896433.0,50273.0,46.666295,43.63,60.70963836216082,0.23988340566305055,-0.35456265672841847,0.594446062391469
2022-07-25 04:00:00+00:00,46.585,47.04,46.14,46.56,4038032.0,43873.0,46.589205,43.62566666666667,60.003657769053326,0.3698627931775462,-0.2096775667472255,0.5795403599247717
2022-07-26 04:00:00+00:00,45.39,45.79,45.245,45.66,3834278.0,44077.0,45.544032,43.67166666666667,54.85171234815779,0.39568866324528784,-0.08860432074872285,0.48429298399401066
2022-07-27 04:00:00+00:00,45.95,47.52,45.83,47.18,4105736.0,45042.0,46.850639,43.81366666666666,60.949907968655275,0.5326668957685001,0.035649922554721755,0.49701697321377836
2022-07-28 04:00:00+00:00,47.37,48.24,46.48,48.21,4914748.0,56024.0,47.739722,44.001333333333335,64.45365938687917,0.7160809879645385,0.1717361356366851,0.5443448523278533
2022-07-29 04:00:00+00:00,49.13,49.725,48.38,48.63,7241062.0,79126.0,48.808962,44.172000000000004,65.80113127682475,0.8851252939532941,0.3144139673000069,0.5707113266532872
2022-08-01 04:00:00+00:00,47.85,49.34,47.65,48.94,4804807.0,61958.0,48.803324,44.434,66.80145585968978,1.0322098608225119,0.45797314600450795,0.5742367148180039
2022-08-02 04:00:00+00:00,48.69,48.84,47.75,48.43,5250724.0,58769.0,48.430277,44.641333333333336,63.51016972255756,1.0950002210667975,0.585378561016966,0.5096216600498316
2022-08-03 04:00:00+00:00,49.0,50.82,49.0,50.48,8749827.0,94315.0,50.532843,44.91433333333334,69.92461709884743,1.2952490762887763,0.727352664071328,0.5678964122174482
2022-08-04 04:00:00+00:00,50.1,50.19,46.66,47.87,10604504.0,119981.0,47.862738,45.072333333333326,56.34432998892391,1.2291734035847455,0.8277168119740116,0.4014565916107339
2022-08-05 04:00:00+00:00,47.33,47.6631,46.69,47.28,5487124.0,67387.0,47.156117,45.216,53.800649486541474,1.1163315129638178,0.8854397521719729,0.23089176079184492
2022-08-08 04:00:00+00:00,47.63,49.0,47.2,47.61,4786588.0,55792.0,47.793164,45.279,55.023695296990184,1.041525683982023,0.916656938533983,0.12486874544804005
2022-08-09 04:00:00+00:00,47.57,48.02,47.02,48.0,6070038.0,66661.0,47.743384,45.39966666666667,56.489696469460924,1.0021590010591694,0.9337573510390204,0.06840165002014909
2022-08-10 04:00:00+00:00,48.86,49.29,48.47,48.5,4848370.0,52054.0,48.774029,45.59466666666666,58.36346197482373,0.9997815828026901,0.9469621973917544,0.05281938541093578
2022-08-11 04:00:00+00:00,48.87,49.52,48.13,48.57,4582022.0,54748.0,48.697172,45.791333333333334,58.63205811068255,0.992109456444453,0.9559916492022942,0.03611780724215885
2022-08-12 04:00:00+00:00,48.95,49.48,48.68,49.44,2883236.0,35150.0,49.261943,46.050333333333334,61.92002683798148,1.0441941499649872,0.9736321493548328,0.07056200061015439
2022-08-15 04:00:00+00:00,49.17,49.24,48.195,48.68,3710100.0,45990.0,48.612357,46.24333333333333,57.61220914973444,1.0124748169686626,0.9814006828775987,0.031074134091063854
2022-08-16 04:00:00+00:00,48.69,50.165,48.5812,49.5,5314636.0,60088.0,49.503561,46.429,60.782445433565634,1.0414984185587883,0.9934202300138367,0.048078188544951606
2022-08-17 04:00:00+00:00,48.89,49.03,48.24,48.57,3830311.0,52989.0,48.588511,46.59066666666667,55.694773800610236,0.9781807455190403,0.9903723331148775,-0.012191587595837161
2022-08-18 04:00:00+00:00,48.39,48.72,47.82,48.54,3534130.0,39314.0,48.454492,46.748000000000005,55.533294324637986,0.9150323607099082,0.9753043386338837,-0.06027197792397543
2022-08-19 04:00:00+00:00,47.85,48.08,46.545,47.07,4377615.0,50547.0,47.014747,46.879,48.164289976578665,0.7378644539710066,0.9278163617013083,-0.18995190773030168
2022-08-22 04:00:00+00:00,46.7,46.7,45.33,45.39,4322513.0,50498.0,45.629093,46.964333333333336,41.40254156494106,0.4566318836887291,0.8335794660987925,-0.37694758241006343
2022-08-23 04:00:00+00:00,45.32,46.36,45.16,45.43,4307267.0,46670.0,45.65867,47.03866666666667,41.612719675982774,0.2342800763885009,0.7137195881567343,-0.4794395117682334
2022-08-24 04:00:00+00:00,45.23,46.26,45.17,45.53,4212160.0,44640.0,45.753037,47.14,42.17116141023817,0.06538016951351722,0.5840517044280908,-0.5186715349145736
2022-08-25 04:00:00+00:00,45.73,46.62,45.56,46.59,3227778.0,39467.0,46.264414,47.292,47.86351557121468,0.016864514047213675,0.47061426635191544,-0.45374975230470177
2022-08-26 04:00:00+00:00,47.03,47.21,44.51,44.53,3998252.0,44970.0,45.150541,47.32266666666666,39.68741392943069,-0.18566899965484396,0.3393576131505636,-0.5250266128054075
2022-08-29 04:00:00+00:00,44.26,44.85,43.9,44.46,4539236.0,47712.0,44.477853,47.35166666666667,39.44086471761788,-0.34781726253076073,0.20192263801429877,-0.5497399005450595
2022-08-30 04:00:00+00:00,44.87,45.0611,44.08,44.45,4274586.0,51779.0,44.445307,47.32066666666666,39.40320569738285,-0.4716904911369042,0.06720001218405819,-0.5388905033209623
2022-08-31 04:00:00+00:00,44.69,44.81,43.905,44.13,7287123.0,52421.0,44.22004,47.252,38.147960482027436,-0.5888938412854472,-0.06401875850984289,-0.5248750827756044
2022-09-01 04:00:00+00:00,43.99,44.8,43.63,44.77,4660490.0,53451.0,44.386087,47.18933333333334,42.11937235381506,-0.6229546558885986,-0.17580593798559402,-0.44714871790300453
2022-09-02 04:00:00+00:00,45.194,45.459,43.825,44.11,4197584.0,50737.0,44.470153,47.10366666666666,39.31583074113483,-0.6951908535874978,-0.27968292110597476,-0.415507932481523
2022-09-06 04:00:00+00:00,44.22,44.29,42.93,43.04,6218351.0,70051.0,43.298929,46.98633333333333,35.222559258785054,-0.8292198876412016,-0.38959031441302017,-0.4396295732281814
2022-09-07 04:00:00+00:00,43.15,44.87,43.09,44.66,4811577.0,54791.0,44.359196,46.952999999999996,44.623004103585686,-0.7955478215847975,-0.47078181584737566,-0.32476600573742187
2022-09-08 04:00:00+00:00,44.36,44.52,43.56,44.25,5942167.0,60545.0,44.193977,46.855333333333334,42.92518911725271,-0.7928070539157162,-0.5351868634610437,-0.25762019045467244
2022-09-09 04:00:00+00:00,44.38,45.155,44.27,45.1,4264810.0,52684.0,44.998179,46.751666666666665,47.39394893069826,-0.7138186227913224,-0.5709132153270995,-0.14290540746422287
2022-09-12 04:00:00+00:00,45.37,45.85,45.11,45.52,4737582.0,53932.0,45.460367,46.647999999999996,49.49804595493066,-0.610294141166321,-0.5787894004949439,-0.031504740671377096
2022-09-13 04:00:00+00:00,44.175,44.39,42.605,42.79,6317159.0,68236.0,43.207892,46.443000000000005,38.67093139151424,-0.7400080756063829,-0.6110331355172317,-0.12897494008915122
2022-09-14 04:00:00+00:00,42.885,42.92,41.875,42.57,7175479.0,67742.0,42.494208,46.24766666666667,37.95050933018705,-0.8507525191066421,-0.6589770122351138,-0.19177550687152822
2022-09-15 04:00:00+00:00,42.49,43.825,42.43,42.66,6811015.0,60847.0,42.837873,45.986999999999995,38.455630084650764,-0.9206434361611855,-0.7113102970203282,-0.20933313914085727
2022-09-16 04:00:00+00:00,41.85,42.135,41.14,42.0,9312936.0,61085.0,41.895861,45.791333333333334,36.13266291877391,-1.0175591867177474,-0.772560074959812,-0.24499911175793532
2022-09-19 04:00:00+00:00,41.765,41.87,41.075,41.35,6713063.0,54409.0,41.375834,45.593666666666664,33.957117937120174,-1.1337460660800929,-0.8447972731838683,-0.28894879289622455
2022-09-20 04:00:00+00:00,41.04,41.04,39.71,39.9,7587895.0,64192.0,40.130751,45.336666666666666,29.666034802898437,-1.3275250049983995,-0.9413428195467746,-0.38618218545162497
2022-09-21 04:00:00+00:00,40.04,40.31,38.8,38.93,6348776.0,71031.0,39.522803,45.03433333333333,27.190642737321426,-1.5415965382819934,-1.0613935632938185,-0.4802029749881749
2022-09-22 04:00:00+00:00,38.855,38.93,38.005,38.3,5489975.0,70197.0,38.392284,44.69433333333333,25.691224478540803,-1.7420047590793146,-1.1975158024509178,-0.5444889566283968
2022-09-23 04:00:00+00:00,38.03,38.22,37.5001,38.19,5161244.0,59981.0,37.976608,44.348333333333336,25.427564083767294,-1.8879427695720352,-1.3356011958751415,-0.5523415736968937
2022-09-26 04:00:00+00:00,38.16,39.105,38.1,38.13,5571660.0,60154.0,38.416043,43.971333333333334,25.275194650690523,-1.985552974150984,-1.4655915515303102,-0.5199614226206739
2022-09-27 04:00:00+00:00,38.52,38.59,37.265,37.57,5297995.0,55207.0,37.693419,43.601,23.839345293063303,-2.084073186010265,-1.5892878784263011,-0.4947853075839639
2022-09-28 04:00:00+00:00,37.6,38.815,37.55,38.61,4451161.0,49746.0,38.416578,43.23799999999999,31.609668341910492,-2.054548301444065,-1.682339963029854,-0.37220833841421097
2022-09-29 04:00:00+00:00,37.96,38.06,37.28,37.69,4211758.0,50353.0,37.656837,42.87533333333333,28.809504952454276,-2.0813929269099205,-1.7621505558058674,-0.31924237110405307
2022-09-30 04:00:00+00:00,37.41,37.96,36.755,36.81,5941079.0,60395.0,37.200508,42.48433333333333,26.400411443311853,-2.1489048935636887,-1.8395014233574318,-0.3094034702062569
2022-10-03 04:00:00+00:00,36.94,37.62,36.18,37.22,8930322.0,83769.0,37.180699,42.156,29.364078056917663,-2.144603387169184,-1.9005218161197823,-0.24408157104940154
2022-10-04 04:00:00+00:00,38.11,39.179,38.09,38.67,8189850.0,75915.0,38.617902,41.932,38.75659746570984,-2.001123820767006,-1.920642217049227,-0.08048160371777913
2022-10-05 04:00:00+00:00,38.25,39.49,38.18,39.12,7290530.0,72009.0,39.019007,41.721666666666664,41.362516981278,-1.8300087893035695,-1.9025155315000957,0.0725067421965262
2022-10-06 04:00:00+00:00,38.95,39.63,38.835,38.89,6471282.0,57006.0,39.082618,41.50033333333333,40.41594332687764,-1.6934370832931407,-1.8606998418587049,0.16726275856556416
2022-10-07 04:00:00+00:00,38.51,38.58,37.42,37.55,6731561.0,54464.0,37.849744,41.199,35.3414420489929,-1.6740326175209432,-1.8233663969911527,0.14933377947020943
2022-10-10 04:00:00+00:00,37.91,38.09,37.29,37.56,5192146.0,57610.0,37.688628,40.96666666666667,35.406621175205345,-1.6389546729128597,-1.7864840521754943,0.14752937926263465
2022-10-11 04:00:00+00:00,37.212,37.8,36.62,36.95,6219499.0,58999.0,37.159896,40.71633333333333,33.207575705774204,-1.6414553753092278,-1.757478316802241,0.11602294149301318
2022-10-12 04:00:00+00:00,36.99,37.245,36.61,37.13,6306499.0,50283.0,36.961925,40.47233333333334,34.50033058753836,-1.610349596556425,-1.728052572753078,0.11770297619665304
2022-10-13 04:00:00+00:00,36.21,38.34,35.92,37.96,7854139.0,81327.0,37.622037,40.266666666666666,40.24365413172878,-1.501416583612695,-1.6827253749250015,0.1813087913123066
2022-10-14 04:00:00+00:00,38.3,38.46,37.01,37.08,5712847.0,54094.0,37.423018,40.01033333333333,36.58120620049267,-1.4691594756526527,-1.6400121950705318,0.17085271941787905
2022-10-17 04:00:00+00:00,38.01,38.45,37.79,37.85,5976091.0,62800.0,37.998264,39.80166666666666,41.59022138025755,-1.3657197531693939,-1.5851537066903043,0.21943395352091044
2022-10-18 04:00:00+00:00,38.99,39.32,38.16,38.5,5326501.0,56562.0,38.61057,39.650333333333336,45.50324381185238,-1.2172616258315827,-1.51157529051856,0.2943136646869773
2022-10-19 04:00:00+00:00,38.28,38.64,37.275,37.81,5097833.0,56301.0,37.853137,39.422000000000004,42.26625662468697,-1.1421190858850778,-1.4376840495918637,0.29556496370678587
2022-10-20 04:00:00+00:00,37.7,38.66,37.48,37.62,5105248.0,56086.0,37.926717,39.201,41.393053499820255,-1.085387818566474,-1.367224803386786,0.28183698482031194
2022-10-21 04:00:00+00:00,37.41,38.45,37.08,38.41,4449415.0,53580.0,38.015551,38.978,46.35559448062018,-0.9655512094870389,-1.2868900846068365,0.32133887511979764
2022-10-24 04:00:00+00:00,38.41,38.815,37.6,38.68,5898778.0,55801.0,38.43716,38.75,47.97692800155927,-0.8391202341742314,-1.1973361145203154,0.358215880346084
2022-10-25 04:00:00+00:00,38.61,39.12,38.14,38.97,6544224.0,49592.0,38.786691,38.62266666666666,49.73420176799675,-0.7073680998502496,-1.0993425115863023,0.39197441173605263
2022-10-26 04:00:00+00:00,38.99,40.56,38.92,39.57,5848478.0,64183.0,39.807035,38.52266666666666,53.25255355116822,-0.5482190703958381,-0.9891178233482094,0.44089875295237135
2022-10-27 04:00:00+00:00,39.7,40.625,39.62,39.85,6130417.0,60775.0,40.015553,38.429,54.84110557446126,-0.3949459667447144,-0.8702834520275105,0.47533748528279607
2022-10-28 04:00:00+00:00,38.8,40.41,38.48,40.32,7732198.0,83290.0,39.558874,38.373000000000005,57.45459485354255,-0.232866515545183,-0.742800064731045,0.509933549185862
2022-10-31 04:00:00+00:00,40.35,40.61,39.4207,39.84,6860139.0,60740.0,39.933369,38.32266666666667,54.016395270733945,-0.14151803935698837,-0.6225436596562336,0.4810256202992452
2022-11-01 04:00:00+00:00,40.52,40.84,39.295,39.81,4960340.0,54219.0,39.78941,38.31966666666667,53.79969928524698,-0.07072914161003752,-0.5121807560469944,0.4414516144369569
2022-11-02 04:00:00+00:00,39.922,40.0,38.01,38.06,8473445.0,91367.0,38.868974,38.29066666666667,42.97048395649535,-0.15406286398368252,-0.44055717763433205,0.28649431365064953
2022-11-03 04:00:00+00:00,39.91,40.93,38.41,38.82,14052689.0,124920.0,39.231564,38.308,47.87734642686631,-0.1569703346298894,-0.38383980903344356,0.22686947440355415
2022-11-04 04:00:00+00:00,39.47,40.78,39.03,40.07,7329816.0,85415.0,39.835235,38.37066666666667,54.77035037370006,-0.057744332034971535,-0.31862071363374916,0.26087638159877763
2022-11-07 05:00:00+00:00,40.37,40.66,39.365,40.58,5258348.0,57764.0,40.175461,38.45233333333333,57.25417300442633,0.06133865383893777,-0.2426288401392118,0.3039674939781496
2022-11-08 05:00:00+00:00,40.58,42.235,40.22,41.6,7932656.0,81530.0,41.610618,38.586666666666666,61.775387643611005,0.23530579486448033,-0.1470419131384734,0.3823477080029537
2022-11-09 05:00:00+00:00,41.345,41.455,40.49,40.57,5208101.0,50829.0,40.806753,38.65200000000001,55.40281270344138,0.28675804729345344,-0.06028192105208803,0.34703996834554146
2022-11-10 05:00:00+00:00,42.49,44.795,42.26,44.66,9200170.0,93310.0,44.132706,38.88433333333333,69.05409454526861,0.6500695493697819,0.08178837303228596,0.568281176337496
2022-11-11 05:00:00+00:00,45.0,46.99,44.74,46.51,7298886.0,83087.0,46.21611,39.20766666666667,73.06961329039233,1.074885460690325,0.2804077905638938,0.7944776701264313
2022-11-14 05:00:00+00:00,46.34,46.885,45.85,45.91,6188147.0,72151.0,46.316154,39.49733333333334,69.90158052822557,1.347605784822484,0.49384738941561185,0.8537583954068722
2022-11-15 05:00:00+00:00,47.07,47.13,46.03,47.02,5459248.0,60082.0,46.838449,39.775666666666666,72.2947392785109,1.6344652321075444,0.7219709579539983,0.912494274153546
2022-11-16 05:00:00+00:00,46.28,46.46,45.31,45.49,5263536.0,56242.0,45.65457,39.98800000000001,64.66279130253815,1.7185349958538723,0.9212837655339732,0.7972512303198991
2022-11-17 05:00:00+00:00,44.66,45.65,44.57,45.47,3622399.0,48548.0,45.251345,40.20733333333333,64.56683765911899,1.7632217338790213,1.089671359202983,0.6735503746760383
2022-11-18 05:00:00+00:00,46.12,46.15,45.245,45.68,3792217.0,39702.0,45.642254,40.47833333333334,65.15157941028394,1.7948911527434035,1.2307153179110673,0.5641758348323362
2022-11-21 05:00:00+00:00,45.36,45.6,44.54,44.73,4096080.0,52490.0,44.828507,40.717333333333336,60.30333490244386,1.7234652996856568,1.3292653142659852,0.3941999854196716
2022-11-22 05:00:00+00:00,44.88,45.16,44.405,45.13,3817045.0,37302.0,44.895877,40.99,61.59908776393854,1.6797730752137952,1.3993668664555472,0.28040620875824795
2022-11-23 05:00:00+00:00,45.35,45.78,45.11,45.23,4981667.0,46132.0,45.373709,41.26,61.93361728968176,1.6343757702832633,1.4463686472210906,0.1880071230621727
2022-11-25 05:00:00+00:00,44.67,45.21,44.56,45.04,2329792.0,23411.0,44.918306,41.495999999999995,60.8489800759465,1.5650260211749227,1.470100122011857,0.09492589916306571
2022-11-28 05:00:00+00:00,45.0,45.39,44.2525,44.33,5878383.0,49160.0,44.556566,41.73766666666666,56.842864785974946,1.436218941147878,1.4633238858390611,-0.027104944691183075
2022-11-29 05:00:00+00:00,44.6,44.66,43.62,43.77,4421407.0,50404.0,43.894007,41.934999999999995,53.832434840533935,1.274262181113592,1.4255115448939675,-0.15124936378037557
2022-11-30 05:00:00+00:00,43.84,45.63,43.525,45.44,8866859.0,69864.0,44.922176,42.166333333333334,60.54340489031816,1.2660708485384333,1.3936234056228607,-0.12755255708442736
2022-12-01 05:00:00+00:00,45.36,46.09,45.05,45.16,4785560.0,49159.0,45.256698,42.41133333333333,58.994981779503846,1.2228887976771148,1.3594764840337117,-0.1365876863565969
2022-12-02 05:00:00+00:00,44.81,45.45,44.38,45.2,4338004.0,41893.0,45.042956,42.664,59.15569107558247,1.17831153506296,1.3232434942395614,-0.1449319591766014
2022-12-05 05:00:00+00:00,44.85,44.92,43.82,43.94,4641211.0,55513.0,44.138143,42.84833333333333,52.21370500396969,1.0294454571166725,1.2644838868149837,-0.23503842969831124
2022-12-06 05:00:00+00:00,43.73,43.82,42.74,43.35,8691525.0,56093.0,43.30441,43.004000000000005,49.29648419841406,0.8540153908383488,1.1823901876196568,-0.328374796781308
2022-12-07 05:00:00+00:00,43.1,43.915,42.96,43.16,5531959.0,52962.0,43.371941,43.14366666666667,48.35945640197024,0.6916811179326672,1.084248373682259,-0.39256725574959184
2022-12-08 05:00:00+00:00,43.5,44.16,43.2575,43.88,3854982.0,49282.0,43.831964,43.28733333333333,52.076904939324116,0.6140496378164428,0.9902086265090958,-0.37615898869265296
2022-12-09 05:00:00+00:00,43.53,44.05,43.31,43.64,4083673.0,46932.0,43.753893,43.41366666666667,50.765060035284314,0.5270842372944244,0.8975837486661616,-0.3704995113717372
2022-12-12 05:00:00+00:00,43.7,43.73,43.09,43.72,4236837.0,44353.0,43.462269,43.527,51.20628959555835,0.4593240603920563,0.8099318110113406,-0.3506077506192843
2022-12-13 05:00:00+00:00,45.36,45.86,43.32,43.72,5647100.0,58624.0,44.183399,43.65633333333333,51.20628959555835,0.40100114047832847,0.7281456769047383,-0.32714453642640984
2022-12-14 05:00:00+00:00,43.61,44.285,42.9,43.75,5634503.0,59140.0,43.733885,43.78766666666666,51.39572723423106,0.3531298939307774,0.6531425203099461,-0.3000126263791687
2022-12-15 05:00:00+00:00,43.055,43.145,42.01,42.29,5168379.0,51280.0,42.353274,43.928666666666665,42.70597567462807,0.19513242277322718,0.5615405008026023,-0.36640807802937514
2022-12-16 05:00:00+00:00,42.04,42.15,40.62,41.0,14487314.0,71637.0,41.086235,44.001333333333335,36.78759050162572,-0.03378448394876443,0.442475503852329,-0.4762599878010934
2022-12-19 05:00:00+00:00,41.08,41.4103,40.635,41.34,7817418.0,57703.0,41.232292,44.04366666666667,39.1799966372543,-0.1856278213070368,0.31685483882045584,-0.5024826601274927
2022-12-20 05:00:00+00:00,41.44,41.47,40.65,40.97,4273276.0,40422.0,40.977065,44.056666666666665,37.51598482600746,-0.33199365175801887,0.1870851407047609,-0.5190787924627798
2022-12-21 05:00:00+00:00,41.27,41.5,41.01,41.28,4049958.0,48164.0,41.317757,44.04600000000001,39.8220626588115,-0.4181549872765089,0.06603711510850693,-0.48419210238501587
2022-12-22 05:00:00+00:00,40.63,40.715,39.48,40.12,3930531.0,47009.0,39.992219,44.03099999999999,34.66629395409413,-0.5734306206624851,-0.06185643204569147,-0.5115741886167936
2022-12-23 05:00:00+00:00,39.86,40.33,39.525,40.17,2421287.0,28652.0,40.09942,43.88133333333334,35.05659653039224,-0.684561893307766,-0.18639752429810638,-0.49816436900965955
2022-12-27 05:00:00+00:00,40.11,40.37,39.7,40.08,3953727.0,35946.0,40.107206,43.667,34.65527664246346,-0.771008766254262,-0.3033197726893375,-0.46768899356492444
2022-12-28 05:00:00+00:00,40.06,40.4,39.76,39.92,3551051.0,32533.0,39.961251,43.467333333333336,33.91202343468862,-0.8427149058419303,-0.4111987993198561,-0.4315161065220742
2022-12-29 05:00:00+00:00,40.27,41.92,40.07,41.82,6385433.0,59017.0,41.495983,43.294,48.13678920347671,-0.7377243894978847,-0.4765039173554618,-0.26122047214242283
2022-12-30 05:00:00+00:00,41.24,41.49,40.98,41.47,4427188.0,48003.0,41.309025,43.16,46.16554790306574,-0.6749799748181005,-0.5161991288479896,-0.15878084597011088
2023-01-03 05:00:00+00:00,42.078,42.6612,41.54,42.15,4492547.0,48812.0,42.076985,43.04933333333334,50.41414933133885,-0.5638841516379998,-0.5257361334059917,-0.038148018232008085
2023-01-04 05:00:00+00:00,42.79,43.34,42.28,43.09,3739875.0,42752.0,42.950701,42.962999999999994,55.62735259506428,-0.3954314793272289,-0.4996752025902392,0.10424372326301029
2023-01-05 05:00:00+00:00,43.01,43.36,42.53,43.1,3738595.0,37179.0,42.996045,42.908666666666676,55.680734770925035,-0.2581488274674868,-0.4513699275656887,0.19322110009820193
2023-01-06 05:00:00+00:00,43.62,45.45,43.06,45.11,5293773.0,62555.0,44.756971,42.908,64.83748891643197,0.01269255307752104,-0.3585574314370468,0.37124998451456787
2023-01-09 05:00:00+00:00,44.76,45.44,43.44,43.52,7096352.0,65594.0,44.248302,42.851,55.133499544867675,0.09790796458055695,-0.26726435223352607,0.365172316814083
