timestamp,open,high,low,close,volume,trade_count,vwap,30sma,rsi,macd,signal,histogram
2022-01-03 05:00:00+00:00,65.09,67.39,64.35,66.73,1768578.0,20259.0,66.314976,,,,,
2022-01-04 05:00:00+00:00,67.32,69.34,63.91,65.71,1988178.0,23965.0,66.076743,,,,,
2022-01-05 05:00:00+00:00,64.63,66.12,62.26,62.55,1879813.0,19360.0,64.215851,,,,,
2022-01-06 05:00:00+00:00,62.14,63.47,60.25,61.51,1155093.0,14514.0,61.720636,,,,,
2022-01-07 05:00:00+00:00,61.11,61.7,58.31,60.01,1175544.0,14270.0,59.687646,,,,,
2022-01-10 05:00:00+00:00,58.78,59.88,56.19,59.76,1607126.0,17108.0,57.827265,,,,,
2022-01-11 05:00:00+00:00,59.76,62.48,58.8,62.14,1118099.0,12363.0,61.170117,,,,,
2022-01-12 05:00:00+00:00,62.9639,64.0972,61.2101,62.05,790519.0,9522.0,62.615736,,,,,
2022-01-13 05:00:00+00:00,63.1,63.37,59.15,59.35,1739156.0,15598.0,60.929491,,,,,
2022-01-14 05:00:00+00:00,59.0,60.2,57.26,59.6,906557.0,11416.0,58.635232,,,,,
2022-01-18 05:00:00+00:00,58.77,59.97,57.53,57.94,1427025.0,14858.0,58.309144,,,,,
2022-01-19 05:00:00+00:00,58.03,58.43,55.73,56.67,3383346.0,26758.0,56.92428,,,,,
2022-01-20 05:00:00+00:00,57.12,57.67,53.51,53.53,2319101.0,16780.0,56.13054,,,,,
2022-01-21 05:00:00+00:00,52.09,52.5,49.46,51.25,4220058.0,45805.0,51.206998,,,,,
2022-01-24 05:00:00+00:00,48.0,50.53,45.67,50.44,3663621.0,34738.0,47.72029,,12.20417633410672,,,
2022-01-25 05:00:00+00:00,48.56,49.11,46.71,46.87,2292729.0,22550.0,47.893968,,10.356526216944843,,,
2022-01-26 05:00:00+00:00,48.8891,51.17,47.23,47.6,2891047.0,27401.0,49.193124,,13.248714138501,,,
2022-01-27 05:00:00+00:00,49.0,49.77,43.92,44.71,5033875.0,35675.0,45.318647,,11.646686896758695,,,
2022-01-28 05:00:00+00:00,44.71,46.58,43.59,46.09,2973075.0,27109.0,45.08923,,16.819015972584907,,,
2022-01-31 05:00:00+00:00,46.34,49.49,45.96,49.34,1913045.0,20407.0,48.634529,,27.57264158034029,,,
2022-02-01 05:00:00+00:00,49.83,50.72,49.4578,50.09,1584741.0,17312.0,49.938742,,29.82720380763098,,,
2022-02-02 05:00:00+00:00,51.88,51.88,49.6,50.35,1591819.0,15823.0,50.499381,,30.63333763804954,,,
2022-02-03 05:00:00+00:00,49.0,50.94,48.65,49.34,1938838.0,20153.0,49.862861,,29.228649782402755,,,
2022-02-04 05:00:00+00:00,49.41,52.3,48.7,52.07,2247049.0,26302.0,51.284082,,37.562690994298244,,,
2022-02-07 05:00:00+00:00,52.7,55.6,52.21,54.49,3345429.0,31923.0,54.37074,,43.87243534458964,,,
2022-02-08 05:00:00+00:00,53.8,56.4693,53.4182,56.05,3656560.0,36931.0,55.472503,,47.55195246200615,-2.9595316771138656,,
2022-02-09 05:00:00+00:00,58.53,58.53,52.62,57.0,6053676.0,58967.0,56.003506,,49.713905358454845,-2.3638202510051727,,
2022-02-10 05:00:00+00:00,56.03,60.99,54.51,57.79,3337415.0,38452.0,58.87577,,51.50413912566642,-1.8071367091706705,,
2022-02-11 05:00:00+00:00,57.68,58.69,53.36,53.48,3017875.0,32798.0,55.616159,,42.59466781059655,-1.6942121483696155,,
2022-02-14 05:00:00+00:00,53.148,55.44,53.03,54.47,1482519.0,19751.0,54.295476,55.29933333333334,44.95029940470749,-1.5074568696979043,,
2022-02-15 05:00:00+00:00,55.37,55.9499,52.31,55.17,2957273.0,28639.0,54.284864,54.914,46.61829576854743,-1.2881191799158245,,
2022-02-16 05:00:00+00:00,54.96,54.96,51.715,52.93,2276161.0,28142.0,52.603789,54.48799999999999,42.21074046180131,-1.280283449403754,,
2022-02-17 05:00:00+00:00,52.03,52.48,48.47,48.95,2510575.0,24908.0,49.944356,54.034666666666666,35.744266864680355,-1.5770470970150612,,
2022-02-18 05:00:00+00:00,49.55,51.23,48.5,49.71,2890551.0,27175.0,49.73969,53.641333333333336,37.70672721156853,-1.7309554010180435,-1.8009514203011012,0.06999601928305776
2022-02-22 05:00:00+00:00,49.71,50.82,47.74,49.33,1516112.0,18886.0,49.233679,53.285333333333334,37.0966588663617,-1.8621262329176176,-1.8131863828244046,-0.048939850093213
2022-02-23 05:00:00+00:00,49.88,50.79,47.66,47.95,1239936.0,16435.0,48.927989,52.891666666666666,34.88901730076334,-2.053760061523633,-1.8613011185642503,-0.1924589429593826
2022-02-24 05:00:00+00:00,45.94,54.81,45.94,54.8,5208326.0,48032.0,52.222535,52.647,50.60311632903808,-1.6340571060266527,-1.8158523160567308,0.18179521003007815
2022-02-25 05:00:00+00:00,54.04,57.04,52.48,57.03,4118219.0,35800.0,55.84122,52.47966666666666,54.45665020476077,-1.1087165328478008,-1.6744251594149449,0.565708626567144
2022-02-28 05:00:00+00:00,55.78,60.88,55.41,60.78,3039100.0,28931.0,59.363057,52.52733333333334,60.09438595420923,-0.3853446702963055,-1.4166090615912172,1.0312643912949118
2022-03-01 05:00:00+00:00,60.5,60.64,57.6,58.22,1749733.0,27175.0,58.524386,52.481333333333325,55.08159457633581,-0.018425465501877625,-1.1369723423733493,1.1185468768714717
2022-03-02 05:00:00+00:00,58.31,59.83,57.65,59.6,884399.0,14832.0,59.320166,52.53666666666667,57.15630027548795,0.37934229284707044,-0.8337094153292655,1.213051708176336
2022-03-03 05:00:00+00:00,62.09,64.99,61.51,62.48,3302350.0,38260.0,62.985974,52.730333333333334,61.18554584538678,0.9164042996122319,-0.4836866723409661,1.400090971953198
2022-03-04 05:00:00+00:00,61.39,62.57,59.755,60.69,1511428.0,20771.0,60.859885,52.969,57.56212471265118,1.1839439995038816,-0.15016053797199652,1.3341045374758782
2022-03-07 05:00:00+00:00,60.39,61.36,55.03,55.79,2150215.0,27938.0,56.823406,53.120333333333335,49.006505585201914,0.9891794452935869,0.07770745868112018,0.9114719866124668
2022-03-08 05:00:00+00:00,55.3,58.19,52.77,56.44,1709763.0,22215.0,55.583479,53.32033333333333,50.06675102112253,0.8771652852109568,0.23759902398708752,0.6395662612238693
2022-03-09 05:00:00+00:00,58.17,59.43,57.32,58.15,1399314.0,15222.0,58.191924,53.696333333333335,52.84449053202359,0.9158189742036456,0.37324301403039917,0.5425759601732464
2022-03-10 05:00:00+00:00,56.94,59.58,54.96,58.88,1303083.0,18017.0,57.54837,54.07233333333333,54.020411685432464,0.9939001382383239,0.4973744388719841,0.4965256993663398
2022-03-11 05:00:00+00:00,59.48,59.72,57.46,58.46,1127319.0,14194.0,58.539008,54.53066666666666,53.19844202275258,1.0102440685989649,0.5999483648173803,0.41029570378158453
2022-03-14 04:00:00+00:00,58.35,59.23,56.57,58.41,1469772.0,15839.0,57.89499,54.94133333333333,53.09486681042138,1.0075477853362287,0.68146824892115,0.3260795364150787
2022-03-15 04:00:00+00:00,58.67,66.39,58.01,65.79,4051387.0,45457.0,64.621949,55.48966666666667,64.18024609900704,1.5826712353687142,0.8617088462106629,0.7209623891580513
2022-03-16 04:00:00+00:00,65.3,70.54,65.26,70.26,3113798.0,32782.0,69.00105,56.162,68.96460074815158,2.3718115881250057,1.1637293945935316,1.208082193531474
2022-03-17 04:00:00+00:00,68.78,76.38,68.5105,71.91,4760319.0,43413.0,73.034922,56.88066666666667,70.52937338110506,3.0946786840095584,1.5499192524767371,1.5447594315328212
2022-03-18 04:00:00+00:00,72.06,77.0,71.76,76.78,3727787.0,35138.0,75.196298,57.79533333333333,74.59996812293133,4.014250583246643,2.0427855186307182,1.9714650646159244
2022-03-21 04:00:00+00:00,76.0,76.0,70.81,72.47,3059997.0,37131.0,73.110321,58.47533333333333,65.92175608081423,4.345148788252928,2.50325817255516,1.8418906156977677
2022-03-22 04:00:00+00:00,73.0,75.41,72.78,73.88,2184302.0,27938.0,74.032277,59.12166666666666,67.26344287297724,4.667360786041314,2.936078695252391,1.7312820907889233
2022-03-23 04:00:00+00:00,72.6,75.43,69.96,70.09,3624435.0,38154.0,72.591492,59.589666666666666,60.381904655141774,4.564280604410662,3.261719077084045,1.302561527326617
2022-03-24 04:00:00+00:00,71.62,77.47,70.62,76.22,3563359.0,42512.0,74.716296,60.230333333333334,66.3741039280522,4.9205080335671525,3.593476868380667,1.3270311651864857
2022-03-25 04:00:00+00:00,76.4,79.49,74.1,78.94,4196881.0,39504.0,77.653035,60.93533333333333,68.64059290204717,5.360509489076449,3.9468833925198235,1.4136260965566256
2022-03-28 04:00:00+00:00,78.7,78.7,71.3,73.9,6510143.0,73664.0,74.272137,61.616,60.50288422531658,5.2421002648848685,4.205926766992833,1.0361734978920358
2022-03-29 04:00:00+00:00,74.77,74.77,69.32,74.63,3798294.0,36151.0,72.152371,62.288,61.22002699098428,5.147824089066546,4.394306231407576,0.7535178576589701
2022-03-30 04:00:00+00:00,74.44,75.48,66.5401,67.02,4527400.0,45341.0,69.44281,62.68299999999999,50.85400987097484,4.408230799305002,4.397091144987062,0.011139654317940284
2022-03-31 04:00:00+00:00,67.32,67.669,62.41,62.42,3844717.0,46435.0,63.901479,62.99933333333333,45.80517873516484,3.4115895517789596,4.1999908263454415,-0.7884012745664819
2022-04-01 04:00:00+00:00,62.8,63.53,59.48,60.74,2949196.0,36235.0,60.757211,63.39233333333333,44.08378334661324,2.4578496621015233,3.851562593496658,-1.3937129313951346
2022-04-04 04:00:00+00:00,61.25,64.0,60.12,62.29,1870351.0,23045.0,62.132474,63.81166666666666,46.09653340966379,1.8062545956921099,3.4425009939357483,-1.6362463982436384
2022-04-05 04:00:00+00:00,61.37,61.98,57.22,58.4,3228324.0,36887.0,58.592684,64.114,42.00955161923686,0.9648481522580568,2.9469704256002105,-1.9821222733421537
2022-04-06 04:00:00+00:00,56.58,58.51,55.39,56.96,2477351.0,31947.0,56.852792,64.41433333333333,40.575400788762764,0.17975936435665574,2.3935282133514995,-2.2137688489948437
2022-04-07 04:00:00+00:00,56.5,57.95,55.705,56.19,2015188.0,26099.0,56.694663,64.46066666666667,39.793111122093876,-0.4988117300317114,1.8150602246748573,-2.3138719547065687
2022-04-08 04:00:00+00:00,55.81,56.45,54.26,54.75,1560705.0,19356.0,55.245839,64.38466666666666,38.305721086339624,-1.1396430805635518,1.2241195636271756,-2.3637626441907273
2022-04-11 04:00:00+00:00,53.6,55.44,51.86,54.04,1709186.0,23999.0,53.946124,64.16,37.56025810636047,-1.6853697161020236,0.6422217076813358,-2.3275914237833595
2022-04-12 04:00:00+00:00,55.22,56.16,52.75,53.29,3003661.0,30277.0,54.083254,63.99566666666667,36.74673701262032,-2.1535558867819944,0.08306618878866973,-2.236622075570664
2022-04-13 04:00:00+00:00,53.56,54.84,52.9355,54.83,1469302.0,16523.0,54.313781,63.836666666666666,39.637748526762685,-2.372977463391294,-0.408142541647323,-1.964834921743971
2022-04-14 04:00:00+00:00,55.0,55.25,50.8158,52.1,2122376.0,25307.0,51.913613,63.49066666666667,36.45669624665861,-2.7356242545992444,-0.8736388842377073,-1.8619853703615372
2022-04-18 04:00:00+00:00,52.0,53.09,51.15,52.65,1285501.0,17177.0,52.400016,63.22266666666667,37.54417185787823,-2.9446993844106117,-1.2878509842722883,-1.6568484001383235
2022-04-19 04:00:00+00:00,52.77,53.46,51.5,52.89,1178063.0,15442.0,52.724058,63.126,38.04245611202557,-3.0558015586570093,-1.6414410991492325,-1.4143604595077768
2022-04-20 04:00:00+00:00,54.26,54.288,52.06,53.19,2139216.0,21123.0,53.233639,63.01766666666666,38.700801330930275,-3.0840918483525357,-1.9299712489898933,-1.1541205993626424
2022-04-21 04:00:00+00:00,53.84,55.0,51.35,52.04,2487422.0,23140.0,53.113462,62.814,37.07451776788887,-3.1628481511242157,-2.176546629416758,-0.9863015217074578
2022-04-22 04:00:00+00:00,51.41,53.225,50.22,50.74,1443418.0,18718.0,51.222214,62.54266666666667,35.27019443937016,-3.292211657271558,-2.399679634987718,-0.8925320222838402
2022-04-25 04:00:00+00:00,50.24,52.77,49.28,52.72,1533974.0,19887.0,51.950464,62.35133333333333,40.05534737509825,-3.1980980320904493,-2.559363314408264,-0.6387347176821851
2022-04-26 04:00:00+00:00,52.74,52.95,49.44,49.5,2159597.0,26888.0,50.51276,62.05433333333333,35.4638647338345,-3.3447828211127657,-2.716447215749165,-0.6283356053636009
2022-04-27 04:00:00+00:00,49.49,52.4399,48.77,51.66,1794239.0,22687.0,51.432302,61.583333333333336,40.39930952527502,-3.249281925661734,-2.8230141577316785,-0.4262677679300553
2022-04-28 04:00:00+00:00,52.57,54.55,51.92,54.06,1394921.0,19701.0,53.430701,61.04333333333333,45.39607935614246,-2.945977441468912,-2.8476068144791253,-0.09837062698978682
2022-04-29 04:00:00+00:00,53.43,55.97,52.27,52.29,1346117.0,17330.0,54.071372,60.389333333333326,42.56203192241848,-2.81596991178543,-2.8412794339403864,0.025309522154956188
2022-05-02 04:00:00+00:00,52.06,53.86,50.0,53.77,1895613.0,21580.0,51.970559,59.62233333333334,45.619121202770444,-2.5639586573406987,-2.785815278620449,0.22185662127975014
2022-05-03 04:00:00+00:00,53.77,54.7,52.3,54.18,1171854.0,16530.0,53.699385,59.01266666666666,46.46912375814333,-2.3045884875353906,-2.689569920403437,0.38498143286804654
2022-05-04 04:00:00+00:00,54.54,56.53,52.54,56.51,1442797.0,17037.0,54.706474,58.43366666666667,51.14280694543958,-1.889246178000917,-2.529505171922933,0.640258993922016
2022-05-05 04:00:00+00:00,55.7,56.33,53.61,54.93,1376370.0,22680.0,54.639739,57.92833333333333,48.077442446869185,-1.668345551693271,-2.357273247877001,0.6889276961837298
2022-05-06 04:00:00+00:00,53.89,57.11,53.14,56.37,1700867.0,23377.0,55.976996,57.266666666666666,50.96225840789933,-1.3613909806352211,-2.158096794428645,0.796705813793424
2022-05-09 04:00:00+00:00,54.75,56.55,50.66,52.29,2494168.0,33994.0,52.624206,56.37833333333334,43.57502188902831,-1.4308551659243776,-2.0126484687277917,0.5817933028034141
2022-05-10 04:00:00+00:00,53.33,55.34,49.03,52.73,3163897.0,41798.0,51.731657,55.67266666666667,44.509203880296454,-1.4338729160406771,-1.8968933581903689,0.46302044214969174
2022-05-11 04:00:00+00:00,51.6,54.2,48.17,49.03,5110864.0,53962.0,50.380455,54.81933333333334,38.70595019311937,-1.715053513242438,-1.860525389200783,0.14547187595834488
2022-05-12 04:00:00+00:00,48.01,50.74,46.19,49.7,3287915.0,31192.0,49.128446,54.24199999999999,40.22577471624235,-1.8623596391043122,-1.860892239181489,-0.001467399922823187
2022-05-13 04:00:00+00:00,50.52,53.24,50.5,52.77,2358148.0,27197.0,52.430601,53.92033333333334,46.74216242517567,-1.711646664903732,-1.8310431243259377,0.11939645942220567
2022-05-16 04:00:00+00:00,51.53,54.35,50.33,53.1,2054814.0,28943.0,52.937251,53.66566666666667,47.405890689674465,-1.5477359681379852,-1.7743816930883474,0.22664572495036217
2022-05-17 04:00:00+00:00,53.74,56.0,53.06,56.0,2861584.0,32461.0,55.009233,53.456,52.95460819360094,-1.1703388584994343,-1.6535731261705648,0.48323426767113054
2022-05-18 04:00:00+00:00,54.2,57.0899,53.04,53.69,1466987.0,19263.0,54.602449,53.299,48.55988222450135,-1.0455936716487244,-1.531977235266197,0.4863835636174725
2022-05-19 04:00:00+00:00,53.0,55.71,52.89,54.23,1701738.0,23364.0,54.687255,53.208,49.61261067831049,-0.8928663181714,-1.4041550518472377,0.5112887336758376
2022-05-20 04:00:00+00:00,55.0,55.12,52.3,55.0,1650614.0,22072.0,53.724514,53.16833333333334,51.14786251837447,-0.7016085190860792,-1.2636457452950058,0.5620372262089266
2022-05-23 04:00:00+00:00,53.77,54.78,52.03,54.54,1426038.0,20744.0,53.889734,53.16133333333334,50.16451688562536,-0.5804622831179671,-1.1270090528595982,0.5465467697416311
2022-05-24 04:00:00+00:00,52.69,55.72,51.4,55.48,3469647.0,39043.0,54.297729,53.20933333333333,52.187422259462075,-0.40394643119858387,-0.9823965285273955,0.5784500973288116
2022-05-25 04:00:00+00:00,54.4,59.34,53.69,58.62,2748420.0,32346.0,57.618771,53.38699999999999,58.27959108102882,-0.010562827202498681,-0.7880297882624162,0.7774669610599175
2022-05-26 04:00:00+00:00,57.53,60.0,56.6,59.49,2247804.0,29386.0,59.391672,53.54233333333333,59.807674942585194,0.3671657836457456,-0.5569906738807839,0.9241564575265295
2022-05-27 04:00:00+00:00,59.71,61.17,59.3,60.1,2698297.0,24392.0,60.006157,53.809,60.889330894282644,0.7075837461776047,-0.3040757898691062,1.0116595360467109
2022-05-31 04:00:00+00:00,58.95,60.41,58.01,59.69,2452791.0,26644.0,59.340199,54.04366666666667,59.72588205268921,0.9335227909398611,-0.05655607370731275,0.9900788646471739
2022-06-01 04:00:00+00:00,59.49,61.88,56.07,58.12,2541530.0,26866.0,58.367872,54.217999999999996,55.36344032713214,0.9746599594465835,0.1496871329234665,0.824972826523117
2022-06-02 04:00:00+00:00,57.11,60.3299,57.08,59.61,1567518.0,19420.0,59.563099,54.432,58.4641524184979,1.1146430976276704,0.3426783258643073,0.7719647717633631
2022-06-03 04:00:00+00:00,57.47,59.8242,57.39,58.76,1211935.0,18330.0,58.705714,54.65599999999999,56.07123246388111,1.1438077432381846,0.5029042093390828,0.6409035338991018
2022-06-06 04:00:00+00:00,59.47,60.69,57.01,57.23,1550379.0,19470.0,58.318378,54.87233333333333,51.94952396136564,1.0315714086796035,0.608637649207187,0.4229337594724165
2022-06-07 04:00:00+00:00,56.08,56.56,54.85,56.51,1635264.0,23945.0,55.858121,54.998666666666665,50.08374696721541,0.8744452615618528,0.6617991716781202,0.21264608988373257
2022-06-08 04:00:00+00:00,55.44,56.9,54.26,54.74,1009912.0,15889.0,55.186829,55.17333333333333,45.735108268911276,0.6001789609817223,0.6494751295388406,-0.04929616855711827
2022-06-09 04:00:00+00:00,54.18,55.765,53.03,53.145,1194728.0,18162.0,54.066126,55.222833333333334,42.18088802200797,0.2512218427382322,0.5698244721787189,-0.3186026294404867
2022-06-10 04:00:00+00:00,51.66,52.06,50.25,51.75,2209471.0,23358.0,51.372524,55.145833333333336,39.303959127531556,-0.13632258714186207,0.4285950603146027,-0.5649176474564648
2022-06-13 04:00:00+00:00,50.0,50.915,48.08,48.51,2335324.0,30520.0,48.827996,55.01983333333333,33.57602319488973,-0.6968622676787746,0.20350359471592724,-0.9003658623947018
2022-06-14 04:00:00+00:00,48.63,49.34,47.17,47.39,1913311.0,22181.0,47.727025,54.80716666666667,31.848180602615898,-1.2174348120575118,-0.08068408663876056,-1.1367507254187512
2022-06-15 04:00:00+00:00,48.0,50.23,47.85,49.46,1576199.0,22986.0,48.935788,54.64983333333334,38.18016408565902,-1.4462886880003083,-0.35380500691107014,-1.0924836810892382
2022-06-16 04:00:00+00:00,47.63,48.08,44.945,45.43,1914898.0,25011.0,45.57201,54.280499999999996,31.955363236248914,-1.9305897168671677,-0.6691619489022897,-1.261427767964878
2022-06-17 04:00:00+00:00,45.53,46.878,44.66,44.86,2846096.0,25024.0,45.190621,53.944833333333335,31.18102178753209,-2.3334969079524015,-1.0020289407123122,-1.3314679672400893
2022-06-21 04:00:00+00:00,45.71,47.45,45.35,45.44,1395230.0,19764.0,46.061489,53.5805,32.96115735452659,-2.576304571532546,-1.316884066876359,-1.259420504656187
2022-06-22 04:00:00+00:00,44.43,45.4,43.8,44.81,2777181.0,28289.0,44.970308,53.33116666666667,31.993105773900112,-2.7874353099895544,-1.610994315498998,-1.1764409944905563
2022-06-23 04:00:00+00:00,45.62,45.68,43.13,43.66,3018675.0,28619.0,43.812224,53.028833333333324,30.246810777814957,-3.0128233778975826,-1.891360127978715,-1.1214632499188677
2022-06-24 04:00:00+00:00,43.79,46.26,43.79,45.89,3103399.0,23957.0,45.504448,52.924166666666665,37.38416262669101,-2.9771835635474915,-2.1085248150924705,-0.868658748455021
2022-06-27 04:00:00+00:00,45.76,46.2671,44.89,45.42,1359606.0,17234.0,45.517137,52.78150000000001,36.53563234778869,-2.952825491751298,-2.2773849504242363,-0.6754405413270619
2022-06-28 04:00:00+00:00,45.61,46.41,43.965,44.37,2287497.0,26813.0,44.810729,52.50149999999999,34.64380542258151,-2.9838517831730726,-2.4186783169740034,-0.5651734661990693
2022-06-29 04:00:00+00:00,43.9,43.91,42.52,43.06,1589167.0,22627.0,43.111937,52.16683333333333,32.39035910426489,-3.078657546729474,-2.5506741629250973,-0.5279833838043766
2022-06-30 04:00:00+00:00,42.46,42.75,39.76,40.34,3134502.0,32649.0,40.799089,51.64483333333333,28.27749093141928,-3.334831207102951,-2.707505571760668,-0.6273256353422831
2022-07-01 04:00:00+00:00,39.48,39.5,37.6,38.81,3541155.0,39011.0,38.465124,51.14883333333333,26.257758295640443,-3.619584573981278,-2.8899213722047903,-0.7296632017764879
2022-07-05 04:00:00+00:00,37.91,40.58,36.81,40.57,2376344.0,27444.0,39.065188,50.69349999999999,32.252268315819364,-3.6610342537408656,-3.044143948512006,-0.6168903052288597
2022-07-06 04:00:00+00:00,40.18,42.48,40.18,41.08,2703470.0,31332.0,41.487772,50.2295,33.92834818868623,-3.611104125304749,-3.1575359838705546,-0.4535681414341943
2022-07-07 04:00:00+00:00,41.87,43.83,41.76,43.34,2169168.0,23714.0,43.264552,49.85616666666667,40.9053820072655,-3.350547994760163,-3.196138386048476,-0.15440960871168663
2022-07-08 04:00:00+00:00,42.37,45.44,41.68,45.27,2591555.0,31214.0,44.169976,49.51583333333333,46.136382207450914,-2.954265579151034,-3.147763824668988,0.19349824551795392
2022-07-11 04:00:00+00:00,44.71,44.71,41.86,42.89,1826482.0,22362.0,42.771741,48.9915,41.28332103774142,-2.7999786087546994,-3.0782067814861307,0.2782281727314313
2022-07-12 04:00:00+00:00,42.35,43.01,40.99,41.48,3120828.0,38433.0,41.623327,48.39116666666667,38.68696790352526,-2.759668548088001,-3.014499134806505,0.25483058671850367
2022-07-13 04:00:00+00:00,40.97,42.4,40.62,41.83,1999324.0,24881.0,41.710065,47.78216666666666,39.70072714090158,-2.6687171495817523,-2.9453427377615546,0.2766255881798023
2022-07-14 04:00:00+00:00,41.98,44.46,41.31,44.42,1917018.0,21429.0,43.301604,47.273166666666675,46.721007234626946,-2.3604365137198045,-2.8283614929532046,0.46792497923340015
2022-07-15 04:00:00+00:00,44.84,46.12,44.42,45.97,3298416.0,26043.0,45.411034,46.86816666666666,50.4397207884835,-1.9683598159508122,-2.6563611575527264,0.6880013416019142
2022-07-18 04:00:00+00:00,46.94,47.091,44.59,45.09,2827880.0,29040.0,45.610556,46.38416666666667,48.375309912513515,-1.7089451972890544,-2.466877965499992,0.7579327682109378
2022-07-19 04:00:00+00:00,45.39,47.675,44.42,46.85,2672658.0,30215.0,46.372345,45.98716666666667,52.55751718195504,-1.3458261063456334,-2.2426675936691205,0.8968414873234871
2022-07-20 04:00:00+00:00,46.59,48.68,46.17,48.52,1607306.0,16811.0,47.71395,45.69683333333333,56.184645434834586,-0.9127746692093837,-1.9766890087771734,1.0639143395677897
2022-07-21 04:00:00+00:00,48.28,49.2,47.3305,48.66,1767563.0,19939.0,48.321396,45.43516666666667,56.484997597207986,-0.5519192735133629,-1.6917350617244113,1.1398157882110485
2022-07-22 04:00:00+00:00,48.39,48.9,47.61,48.16,1492526.0,18691.0,48.159766,45.215833333333336,55.03401474354521,-0.30279417120436847,-1.4139468836204028,1.1111527124160343
2022-07-25 04:00:00+00:00,47.68,47.76,44.6861,46.35,2869376.0,32192.0,45.900315,44.989333333333335,50.024400213911804,-0.248547505051107,-1.1808670079065435,0.9323195028554365
2022-07-26 04:00:00+00:00,46.09,46.2175,45.18,46.13,1365299.0,18267.0,45.812202,44.80200000000001,49.43536715831562,-0.22076396313557467,-0.9888463989523498,0.7680824358167752
2022-07-27 04:00:00+00:00,47.17,47.84,46.52,47.43,1905143.0,22276.0,47.184654,44.766,52.960125042608404,-0.09277669852215098,-0.8096324588663102,0.7168557603441592
2022-07-28 04:00:00+00:00,47.44,48.67,46.01,47.4,1587041.0,18359.0,47.285873,44.766333333333336,52.868536256125125,0.0061623458162571865,-0.6464734979297967,0.6526358437460539
2022-07-29 04:00:00+00:00,47.34,52.0,46.9597,51.48,4236674.0,41121.0,50.687739,44.833666666666666,62.39378838864123,0.409078550402576,-0.4353630882633222,0.8444416386658982
2022-08-01 04:00:00+00:00,51.18,58.28,51.115,54.54,6242336.0,73272.0,55.305043,45.13733333333334,67.67099228247525,0.9641943397462427,-0.15545160266140923,1.119645942407652
2022-08-02 04:00:00+00:00,53.56,54.63,52.08,52.75,2538901.0,34388.0,52.975104,45.400333333333336,62.17464819365408,1.245334125246309,0.12470554292013442,1.1206285823261746
2022-08-03 04:00:00+00:00,52.62,54.54,52.195,54.09,1638340.0,21479.0,53.527889,45.68866666666666,64.49923380588228,1.5583030839686245,0.41142505112983246,1.146878032838792
2022-08-04 04:00:00+00:00,53.4,53.75,51.58,53.63,2531570.0,36369.0,52.541147,45.98266666666667,63.066391910768466,1.7490530877086883,0.6789506584456038,1.0701024292630845
2022-08-05 04:00:00+00:00,52.93,53.6,51.8425,53.09,1601120.0,18134.0,52.876085,46.297000000000004,61.34359705692877,1.8354919443402622,0.9102589156245355,0.9252330287157267
2022-08-08 04:00:00+00:00,53.43,59.575,53.3,59.19,5421322.0,70197.0,57.995804,46.74033333333333,70.98564454942854,2.368907094757141,1.2019885514510567,1.1669185433060842
2022-08-09 04:00:00+00:00,61.9,62.08,54.35,55.67,4049108.0,42376.0,56.655458,47.082,61.45917345929794,2.479031134602188,1.457397068081283,1.021634066520905
2022-08-10 04:00:00+00:00,57.2,58.97,56.81,57.7,3277608.0,35937.0,57.692141,47.52633333333333,64.42436178445402,2.698996907875639,1.7057170360401543,0.9932798718354845
2022-08-11 04:00:00+00:00,57.7,60.49,57.34,58.05,2438951.0,27022.0,58.844157,48.026,64.92541117206463,2.8684971928291887,1.9382730673979611,0.9302241254312276
2022-08-12 04:00:00+00:00,58.42,65.96,58.35,64.95,7076807.0,65386.0,63.987631,48.84633333333333,72.99909712144878,3.5190344851109785,2.254425350940565,1.2646091341704135
2022-08-15 04:00:00+00:00,63.5,64.94,62.18,63.23,2105176.0,21890.0,63.817554,49.660333333333334,68.75074310153863,3.851403765558409,2.573821033864134,1.2775827316942752
2022-08-16 04:00:00+00:00,62.235,64.69,61.6006,63.96,1693290.0,18935.0,63.479288,50.440000000000005,69.56043673558901,4.126150024990913,2.8842868320894897,1.2418631929014237
2022-08-17 04:00:00+00:00,62.07,63.4,60.83,61.47,1719249.0,24195.0,61.846967,51.11966666666667,63.51511664832823,4.095752934517904,3.126580052575173,0.9691728819427312
2022-08-18 04:00:00+00:00,61.34,64.5,61.16,64.15,2081080.0,21705.0,63.622432,51.81333333333334,66.854048964485,4.2390514769163445,3.3490743374434073,0.8899771394729372
2022-08-19 04:00:00+00:00,61.98,62.98,60.55,61.2,1731564.0,22003.0,61.254799,52.34433333333333,60.31123216651359,4.067686500426049,3.4927967700399356,0.5748897303861136
2022-08-22 04:00:00+00:00,59.36,60.49,58.59,59.04,1455609.0,19367.0,59.308558,52.882666666666665,55.990403360240876,3.7147630971880545,3.5371900354695596,0.17757306171849496
2022-08-23 04:00:00+00:00,59.0,61.595,59.0,59.86,987870.0,14766.0,60.344459,53.49533333333333,57.242746787355905,3.4613357801532914,3.522019184406306,-0.06068340425301466
2022-08-24 04:00:00+00:00,59.54,61.335,59.4115,60.4,815956.0,11154.0,60.5273,54.114333333333335,58.088557634648105,3.266413115466193,3.470897970618284,-0.2044848551520908
2022-08-25 04:00:00+00:00,60.64,64.74,60.64,64.5,2802195.0,29282.0,63.676325,54.78366666666667,63.92380138706869,3.403537374010874,3.457425851296802,-0.05388847728592827
2022-08-26 04:00:00+00:00,63.69,64.3,60.1701,60.65,2303520.0,28622.0,61.678812,55.273,56.03442189246755,3.165061652084205,3.398953011454283,-0.233891359370078
2022-08-29 04:00:00+00:00,59.65,61.325,58.91,59.04,1099400.0,15005.0,59.77252,55.73799999999999,53.08393820195905,2.81371957191849,3.2819063235471244,-0.4681867516286342
2022-08-30 04:00:00+00:00,59.51,61.66,58.81,61.11,2187158.0,27526.0,60.484867,56.21333333333334,56.272002453048316,2.6715145852140907,3.1598279758805177,-0.488313390666427
2022-08-31 04:00:00+00:00,60.99,62.335,58.9,59.82,1856776.0,20370.0,60.116072,56.59,53.81766424208823,2.4267498282780053,3.0132123463600156,-0.5864625180820102
2022-09-01 04:00:00+00:00,59.17,59.175,55.8,57.43,2405258.0,28745.0,56.987667,56.882333333333335,49.50921525135486,2.016672029216636,2.8139042829313397,-0.7972322537147036
2022-09-02 04:00:00+00:00,58.1,58.795,56.36,57.88,1311819.0,17757.0,57.754875,57.206333333333326,50.3157336664769,1.7083014227814743,2.592783710901367,-0.8844822881198926
2022-09-06 04:00:00+00:00,58.16,59.98,57.0,58.9,3868097.0,42355.0,58.86857,57.62466666666667,52.1803145350617,1.528600219189471,2.3799470125589877,-0.8513467933695167
2022-09-07 04:00:00+00:00,58.4,60.5757,58.02,59.77,1751149.0,23743.0,59.777484,58.07933333333333,53.77382197121747,1.4397904417975624,2.1919156984067025,-0.7521252566091401
2022-09-08 04:00:00+00:00,59.39,62.18,58.52,60.22,2555436.0,28700.0,60.336477,58.50566666666667,54.61623646733201,1.3896996994899808,2.031472498623358,-0.6417727991333773
2022-09-09 04:00:00+00:00,60.63,62.19,59.87,60.18,1752647.0,18349.0,61.031694,58.931666666666665,54.52112457769852,1.3314268991123512,1.8914633787211568,-0.5600364796088055
2022-09-12 04:00:00+00:00,59.92,61.69,59.26,60.34,1695091.0,24012.0,60.165521,59.227,54.85975163679434,1.2833621478294504,1.7698431325428157,-0.4864809847133653
2022-09-13 04:00:00+00:00,58.25,59.37,56.62,56.88,1776807.0,27639.0,57.749844,59.305,46.75275569957692,0.9550679734872389,1.6068881007317004,-0.6518201272444615
2022-09-14 04:00:00+00:00,57.14,58.88,56.75,58.32,1299802.0,17383.0,57.998339,59.49066666666667,50.060424675302286,0.8018452673959118,1.4458795340645427,-0.644034266668631
2022-09-15 04:00:00+00:00,58.21,59.25,57.36,58.49,982373.0,12813.0,58.35071,59.63733333333334,50.451737825447466,0.6862224034509055,1.2939481079418154,-0.6077257044909099
2022-09-16 04:00:00+00:00,58.39,58.7,56.53,57.61,4071441.0,27094.0,57.661944,59.769999999999996,48.34016455221839,0.5176150610045198,1.1386814985543563,-0.6210664375498365
2022-09-19 04:00:00+00:00,56.26,58.53,56.06,57.91,1433533.0,21112.0,57.247731,59.93066666666667,49.12194320577214,0.403548168079233,0.9916548324593317,-0.5881066643800987
2022-09-20 04:00:00+00:00,57.12,57.98,56.5,56.82,752569.0,12124.0,57.217039,59.85166666666667,46.37586596873112,0.2226291133021121,0.8378496886278878,-0.6152205753257757
2022-09-21 04:00:00+00:00,57.21,59.092,56.26,56.29,1351251.0,16318.0,57.476074,59.87233333333333,45.05690300245837,0.036067128923434666,0.6774931766869973,-0.6414260477635626
2022-09-22 04:00:00+00:00,55.7,56.34,53.66,54.86,1819024.0,22892.0,54.733332,59.77766666666667,41.61765841857828,-0.2245847634407525,0.4970775886614473,-0.7216623521021999
2022-09-23 04:00:00+00:00,53.89,54.48,51.45,53.25,1873081.0,24023.0,52.839686,59.617666666666665,38.0922244738402,-0.554672886934739,0.28672749354221005,-0.8414003804769491
2022-09-26 04:00:00+00:00,52.92,54.2099,52.37,52.8,885130.0,12272.0,52.981544,59.21266666666667,37.1450984381243,-0.8428653154621131,0.06080893174134544,-0.9036742472034585
2022-09-27 04:00:00+00:00,53.48,54.18,52.34,52.88,1161245.0,17568.0,53.063622,58.86766666666667,37.44288855755913,-1.0526700350723175,-0.16188686162138716,-0.8907831734509304
2022-09-28 04:00:00+00:00,52.08,52.71,51.48,52.45,1467740.0,19540.0,52.094098,58.484,36.44345522147102,-1.2393527067319,-0.3773800306434897,-0.8619726760884102
2022-09-29 04:00:00+00:00,51.238,51.5,48.945,50.13,1806051.0,23795.0,49.823144,58.106,31.550268796290453,-1.5565616066733767,-0.613216345849467,-0.9433452608239097
2022-09-30 04:00:00+00:00,49.71,50.89,48.28,48.35,1493071.0,17276.0,49.236254,57.57933333333333,28.399610523510233,-1.9293428062665825,-0.8764416379328902,-1.0529011683336922
2022-10-03 04:00:00+00:00,48.88,49.83,47.44,49.83,2024462.0,23936.0,49.119314,57.20033333333333,34.27647259654185,-2.0813583580131976,-1.1174249819489517,-0.9639333760642459
2022-10-04 04:00:00+00:00,51.24,52.74,51.22,52.07,1265963.0,18795.0,52.186348,56.967999999999996,42.031654751554186,-1.9980502192618204,-1.2935500294115254,-0.7045001898502949
2022-10-05 04:00:00+00:00,50.82,53.11,49.86,53.02,1148412.0,15305.0,51.811679,56.74,44.99597991883345,-1.8342270311316966,-1.4016854297555597,-0.43254160137613695
2022-10-06 04:00:00+00:00,52.94,54.51,52.66,53.53,1555201.0,17015.0,53.670303,56.510999999999996,46.575434673199005,-1.6442888976265309,-1.450206123329754,-0.19408277429677678
2022-10-07 04:00:00+00:00,51.0,52.56,50.18,50.74,1273468.0,16265.0,50.783074,56.05233333333333,39.836216025645776,-1.6993027372150635,-1.500025446106816,-0.19927729110824743
2022-10-10 04:00:00+00:00,50.6,50.79,49.15,49.28,1092363.0,13412.0,49.493693,55.67333333333333,36.83276670432396,-1.8395067113973553,-1.567921699164924,-0.27158501223243126
2022-10-11 04:00:00+00:00,48.05,50.7194,47.47,50.02,2034462.0,21430.0,49.449689,55.37266666666667,39.32956183251315,-1.8693587514387815,-1.6282091096196956,-0.24114964181908594
2022-10-12 04:00:00+00:00,50.09,50.38,49.06,49.92,928037.0,11761.0,49.960587,54.99966666666667,39.104619043325165,-1.8794210762411723,-1.678451502943991,-0.20096957329718124
2022-10-13 04:00:00+00:00,47.44,51.01,46.52,50.49,2393642.0,22895.0,49.512611,54.68866666666667,41.170051398014174,-1.8204166745764851,-1.70684453727049,-0.11357213730599525
2022-10-14 04:00:00+00:00,51.0,51.37,47.88,48.04,1678881.0,17743.0,49.229513,54.37566666666667,35.583417719543135,-1.9488842610263504,-1.755252482021662,-0.19363177900468842
2022-10-17 04:00:00+00:00,49.18,49.96,48.5,49.71,1356523.0,13938.0,49.374934,54.10333333333334,41.4187121136685,-1.894106623503859,-1.7830233103181015,-0.11108331318575759
2022-10-18 04:00:00+00:00,51.59,52.89,50.69,52.38,1666242.0,21262.0,51.950738,53.885999999999996,49.32288528380536,-1.616612957370812,-1.7497412397286436,0.1331282823578317
2022-10-19 04:00:00+00:00,51.815,53.46,51.63,52.64,1090842.0,13230.0,52.510246,53.64833333333333,50.02994184406817,-1.3600397094617804,-1.671800933675271,0.3117612242134906
2022-10-20 04:00:00+00:00,53.08,54.97,52.55,53.28,1213117.0,16656.0,53.693301,53.417,51.81220029034746,-1.0924676239551374,-1.5559342717312445,0.46346664777610713
2022-10-21 04:00:00+00:00,52.74,55.46,52.28,55.28,1267984.0,17078.0,54.308841,53.25366666666666,56.976392037003016,-0.7108374415900514,-1.386914905703006,0.6760774641129546
2022-10-24 04:00:00+00:00,55.25,59.5599,55.25,58.76,3119634.0,34618.0,58.030258,53.201,64.17136901192637,-0.12613188627165073,-1.1347583018167349,1.0086264155450841
2022-10-25 04:00:00+00:00,58.56,61.14,58.39,58.42,2064439.0,22270.0,59.666574,53.25233333333333,63.061752343422334,0.30628565007492625,-0.8465495114384027,1.152835161513329
2022-10-26 04:00:00+00:00,57.45,58.86,55.6518,57.14,1612957.0,19398.0,57.219019,53.213,58.930448385809406,0.5394756212857743,-0.5693444848935674,1.1088201061793417
2022-10-27 04:00:00+00:00,57.17,57.88,55.45,55.67,1264238.0,16706.0,56.477515,53.119,54.51354793390787,0.5987614890858879,-0.3357232900976763,0.9344847791835642
2022-10-28 04:00:00+00:00,54.88,57.96,54.88,57.25,1662227.0,18598.0,57.06429,53.107,58.14476403897706,0.7644269240963908,-0.11569324725886293,0.8801201713552538
2022-10-31 04:00:00+00:00,56.71,56.94,54.88,56.7,1357838.0,19827.0,56.207622,53.06666666666667,56.4552392402477,0.8416357187730412,0.0757725459475179,0.7658631728255233
2022-11-01 04:00:00+00:00,58.09,58.755,56.19,57.01,1292184.0,16603.0,57.155184,53.073,57.209949826276805,0.9172649941604689,0.24407103559010812,0.6731939585703608
2022-11-02 04:00:00+00:00,57.03,58.49,56.06,56.37,1591849.0,21694.0,57.085702,53.07566666666667,55.08720291427564,0.9150114065675936,0.37825910978560523,0.5367522967819884
2022-11-03 04:00:00+00:00,54.32,54.375,51.01,52.69,2483210.0,29318.0,52.99161,53.00333333333333,44.794992677155214,0.609257041284657,0.42445869608541564,0.18479834519924132
2022-11-04 04:00:00+00:00,54.28,54.7834,51.84,54.17,1989822.0,21892.0,53.44013,53.034,48.92776403956135,0.48082547827056743,0.43573205252244607,0.04509342574812136
2022-11-07 05:00:00+00:00,54.68,56.62,53.65,56.27,1921910.0,30984.0,55.683255,53.14966666666667,54.17041662751611,0.5422443337065843,0.45703450875927376,0.08520982494731055
2022-11-08 05:00:00+00:00,61.12,62.98,56.42,61.12,4892658.0,52213.0,60.686785,53.424333333333344,63.49151593688501,0.9710796838777469,0.5598435437829684,0.4112361400947785
2022-11-09 05:00:00+00:00,59.25,61.4699,58.2223,61.0,2736514.0,33672.0,60.614378,53.70933333333334,63.14928924157241,1.2864227111186537,0.7051593772501055,0.5812633338685482
2022-11-10 05:00:00+00:00,62.9,63.6899,60.2042,62.7,4134198.0,52827.0,62.117394,54.12833333333333,65.9494006225791,1.6544387841863895,0.8950152586373623,0.7594235255490271
2022-11-11 05:00:00+00:00,63.25,66.0,62.0101,64.77,3546957.0,46737.0,64.165518,54.675666666666665,69.03478738453111,2.0890446672544343,1.1338211403607767,0.9552235268936575
2022-11-14 05:00:00+00:00,64.1,65.6401,63.3984,65.03,1740222.0,19757.0,64.929663,55.182333333333325,69.4097223602728,2.4264818159002814,1.3923532754686776,1.0341285404316038
2022-11-15 05:00:00+00:00,67.47,67.97,65.6255,66.58,3107473.0,32400.0,66.794567,55.666000000000004,71.61618081321376,2.7868501595299335,1.6712526522809288,1.1155975072490047
2022-11-16 05:00:00+00:00,65.485,65.53,62.91,64.24,1512149.0,19629.0,63.958485,56.04,64.09934956123695,2.850764387051399,1.907154999235023,0.9436093878163758
2022-11-17 05:00:00+00:00,62.615,66.86,61.61,66.64,1673451.0,19676.0,65.364392,56.477,67.82900109723056,3.0598052845448365,2.137685056296986,0.9221202282478504
2022-11-18 05:00:00+00:00,67.67,67.83,66.1392,67.45,1529468.0,18595.0,67.296073,57.034,68.99955736721037,3.2533295742101274,2.3608139598796143,0.8925156143305131
2022-11-21 05:00:00+00:00,66.13,67.39,65.99,66.07,1006054.0,15911.0,66.562862,57.593666666666664,64.68151700369793,3.2577907176890903,2.54020931144151,0.7175814062475805
2022-11-22 05:00:00+00:00,66.19,68.125,65.43,67.32,1698780.0,19376.0,67.180155,58.17033333333334,66.71351792927979,3.323875195141966,2.696942488181601,0.626932706960365
2022-11-23 05:00:00+00:00,67.11,68.47,66.74,67.58,1283507.0,18127.0,67.609758,58.759,67.13704049023451,3.358512604027922,2.8292565113508656,0.5292560926770564
2022-11-25 05:00:00+00:00,67.04,68.0,66.41,67.61,452057.0,6541.0,67.638029,59.32966666666666,67.1889159335579,3.3497696895764335,2.933359146995979,0.4164105425804543
2022-11-28 05:00:00+00:00,66.87,67.28,63.6,63.9,1784309.0,25770.0,65.246589,59.858333333333334,55.51752569903292,3.00879139831585,2.9484455972599535,0.0603458010558966
2022-11-29 05:00:00+00:00,64.1,64.25,62.71,62.87,2061764.0,25495.0,63.402936,60.297,52.77649740405754,2.6251897011935554,2.883794418046674,-0.2586047168531187
2022-11-30 05:00:00+00:00,62.5,64.45,60.45,64.35,2415358.0,29631.0,62.753003,60.696000000000005,56.128290111441174,2.412793047309208,2.7895941438991807,-0.37680109658997285
2022-12-01 05:00:00+00:00,64.32,64.43,61.87,63.66,1617077.0,20423.0,63.37931,61.063333333333325,54.19691950745641,2.1638464603934437,2.664444607198033,-0.5005981468045895
2022-12-02 05:00:00+00:00,61.88,62.69,60.72,62.54,1755186.0,25116.0,61.800727,61.372,51.121923165304864,1.8547988898993992,2.5025154637383062,-0.647716573838907
2022-12-05 05:00:00+00:00,62.44,62.95,61.41,62.14,1340321.0,22709.0,62.147497,61.60066666666667,50.03015973622583,1.5596214612798605,2.313936663246617,-0.7543152019667567
2022-12-06 05:00:00+00:00,61.77,62.24,60.23,60.81,1163332.0,17429.0,61.042229,61.669,46.4760798790343,1.2044867640847272,2.0920466834142393,-0.8875599193295121
2022-12-07 05:00:00+00:00,60.02,61.6226,59.77,60.9,1124843.0,18525.0,61.005798,61.751666666666665,46.75174146664244,0.9197004712499606,1.8575774409813834,-0.9378769697314229
2022-12-08 05:00:00+00:00,61.3,62.64,60.71,62.42,1866493.0,24662.0,62.127261,61.92766666666667,51.31244715681349,0.807349951550357,1.6475319430951783,-0.8401819915448212
2022-12-09 05:00:00+00:00,62.32,64.565,61.86,63.42,1298082.0,18188.0,63.757754,62.186,54.097927079669944,0.7898975506284458,1.476005064601832,-0.6861075139733861
2022-12-12 05:00:00+00:00,64.06,66.86,63.815,66.82,3411757.0,46627.0,66.099232,62.505,62.048139876876725,1.038447406879051,1.3884935330572756,-0.3500461261782246
2022-12-13 05:00:00+00:00,68.8,69.295,65.285,65.4,2764679.0,38658.0,66.56762,62.794999999999995,57.56388142551942,1.10806968847848,1.3324087641415165,-0.22433907566303657
2022-12-14 05:00:00+00:00,65.97,67.405,65.31,65.5,2742314.0,39960.0,66.33597,63.077999999999996,57.795205057453906,1.1579666932816934,1.297520349969552,-0.13955365668785857
2022-12-15 05:00:00+00:00,64.75,64.78,61.8,61.86,2738557.0,39441.0,62.871711,63.260999999999996,47.619678846549895,0.8934932162097766,1.2167149232175969,-0.32322170700782027
2022-12-16 05:00:00+00:00,61.316,63.41,58.79,60.03,25922325.0,64733.0,60.059798,63.50566666666667,43.47545161710394,0.5301194866951988,1.0793958359131173,-0.5492763492179185
2022-12-19 05:00:00+00:00,59.63,59.94,57.5,58.07,2072868.0,30125.0,58.115436,63.635666666666665,39.50949265786028,0.08303044520434355,0.8801227577713625,-0.797092312567019
2022-12-20 05:00:00+00:00,57.49,58.31,57.0,57.59,1569312.0,18118.0,57.678046,63.67966666666666,38.58127351230702,-0.3064898060515091,0.6428002450067882,-0.9492900510582973
2022-12-21 05:00:00+00:00,57.8,58.85,56.56,57.5,1694433.0,24332.0,57.74062,63.55899999999999,38.3991121742754,-0.6153562159408281,0.39116895281726494,-1.0065251687580932
2022-12-22 05:00:00+00:00,56.23,56.7199,53.9,55.18,1858581.0,28075.0,54.841535,63.364999999999995,33.94930949708623,-1.0354041870399655,0.10585432484581886,-1.1412585118857843
2022-12-23 05:00:00+00:00,54.48,54.84,53.63,54.74,747112.0,11978.0,54.557973,63.099666666666664,33.164362030437886,-1.3878018374790102,-0.19287690761914694,-1.1949249298598632
2022-12-27 05:00:00+00:00,54.74,54.91,53.3,53.63,1072605.0,16628.0,53.811854,62.72833333333334,31.204260672440867,-1.7366284657434576,-0.5016272192440091,-1.2350012464994484
2022-12-28 05:00:00+00:00,53.21,53.966,52.15,52.29,853286.0,14193.0,52.583257,62.30366666666667,28.977686844288,-2.0970296307284997,-0.8207077015409072,-1.2763219291875925
2022-12-29 05:00:00+00:00,52.94,54.17,52.55,53.81,1191541.0,16064.0,53.797476,61.878,34.67205657519523,-2.2342438810076217,-1.1034149374342501,-1.1308289435733716
2022-12-30 05:00:00+00:00,53.03,54.005,52.45,53.89,1243434.0,16989.0,53.383795,61.533,34.96759350464474,-2.3099046881379053,-1.3447128875749812,-0.9651918005629241
2023-01-03 05:00:00+00:00,53.93,54.11,50.4,51.7,2293199.0,29675.0,51.570977,61.035,30.852815717557434,-2.517560252833846,-1.579282360626754,-0.9382778922070918
2023-01-04 05:00:00+00:00,52.75,53.61,52.38,52.91,1462518.0,20438.0,52.945364,60.550333333333334,35.37752000839828,-2.5550389972214447,-1.7744336879456923,-0.7806053092757523
2023-01-05 05:00:00+00:00,51.055,52.41,50.9,51.02,1360474.0,15636.0,51.259409,60.04866666666667,31.869572715793808,-2.7060546630838545,-1.9607578829733248,-0.7452967801105297
2023-01-06 05:00:00+00:00,51.925,53.05,51.21,52.75,2145614.0,22626.0,52.599892,59.562999999999995,37.93601810059457,-2.6555278524280865,-2.0997118768642773,-0.5558159755638092
2023-01-09 05:00:00+00:00,53.61,56.2681,53.31,55.53,842952.0,13656.0,55.37588,59.16133333333333,46.22261537459434,-2.3639125124279587,-2.152552003977014,-0.2113605084509449
