timestamp,open,high,low,close,volume,trade_count,vwap,30sma,rsi,macd,signal,histogram
2022-01-03 05:00:00+00:00,72.27,72.69,71.61,72.58,6616555.0,66827.0,72.373557,,,,,
2022-01-04 05:00:00+00:00,72.605,73.395,72.18,72.21,6774929.0,67520.0,72.595445,,,,,
2022-01-05 05:00:00+00:00,72.44,73.045,71.97,72.19,6406850.0,77342.0,72.576678,,,,,
2022-01-06 05:00:00+00:00,71.6754,72.09,71.34,71.59,7354938.0,68282.0,71.659779,,,,,
2022-01-07 05:00:00+00:00,71.38,71.745,70.83,71.26,7112844.0,68787.0,71.336823,,,,,
2022-01-10 05:00:00+00:00,71.99,72.25,71.4198,72.09,10322627.0,92837.0,71.960282,,,,,
2022-01-11 05:00:00+00:00,72.15,72.57,71.47,72.37,8932033.0,76627.0,72.149482,,,,,
2022-01-12 05:00:00+00:00,71.96,72.52,71.66,72.25,7169627.0,64573.0,72.113106,,,,,
2022-01-13 05:00:00+00:00,71.99,72.46,71.45,71.88,6687950.0,70185.0,71.973599,,,,,
2022-01-14 05:00:00+00:00,72.07,72.14,71.16,71.77,8335834.0,77410.0,71.663669,,,,,
2022-01-18 05:00:00+00:00,71.42,71.52,70.07,70.43,8963651.0,84934.0,70.52673,,,,,
2022-01-19 05:00:00+00:00,70.28,70.65,69.01,69.07,8200779.0,84647.0,69.550138,,,,,
2022-01-20 05:00:00+00:00,69.07,69.31,67.77,67.81,8598770.0,87213.0,68.418803,,,,,
2022-01-21 05:00:00+00:00,68.12,69.07,67.69,68.51,14782449.0,116040.0,68.464069,,,,,
2022-01-24 05:00:00+00:00,68.54,69.34,66.78,68.57,12713350.0,123033.0,68.360999,,24.129032258064427,,,
2022-01-25 05:00:00+00:00,68.05,69.37,67.89,68.84,9220080.0,87430.0,68.749823,,26.872668133550206,,,
2022-01-26 05:00:00+00:00,67.31,68.56,66.96,67.34,11087481.0,118129.0,67.674646,,22.092819243869855,,,
2022-01-27 05:00:00+00:00,67.41,68.69,67.22,67.27,9279582.0,98405.0,67.748618,,21.89707859674857,,,
2022-01-28 05:00:00+00:00,67.22,68.87,67.02,68.86,11487949.0,106084.0,68.034311,,35.80901774771142,,,
2022-01-31 05:00:00+00:00,68.64,68.85,68.19,68.68,9221788.0,84310.0,68.549238,,35.04791611162533,,,
2022-02-01 05:00:00+00:00,68.79,68.8,67.91,68.47,10440919.0,104348.0,68.25421,,34.13632826529776,,,
2022-02-02 05:00:00+00:00,65.5,66.01,64.015,65.82,18351459.0,167851.0,65.141359,,25.221416300690834,,,
2022-02-03 05:00:00+00:00,65.58,66.38,65.07,65.39,12454422.0,105153.0,65.642326,,24.120646608383538,,,
2022-02-04 05:00:00+00:00,64.95,65.61,63.8722,63.9,12348082.0,107767.0,64.22349,,20.742419099413283,,,
2022-02-07 05:00:00+00:00,63.99,64.22,63.28,63.76,14350390.0,123954.0,63.698582,,20.4525684658542,,,
2022-02-08 05:00:00+00:00,63.825,64.34,63.475,63.7,12000755.0,102288.0,63.816035,,20.32150590935761,-2.725258193350001,,
2022-02-09 05:00:00+00:00,63.89,63.98,63.3,63.38,12937489.0,105680.0,63.548327,,19.600111562782274,-2.7623146799308245,,
2022-02-10 05:00:00+00:00,63.11,63.11,61.71,61.79,14477951.0,120690.0,62.321046,,16.471317282614493,-2.8867057770533364,,
2022-02-11 05:00:00+00:00,62.04,62.88,61.76,62.07,12612196.0,105636.0,62.264986,,18.925727314554692,-2.928930075060393,,
2022-02-14 05:00:00+00:00,62.09,62.15,60.82,61.11,10739431.0,91096.0,61.185931,68.16533333333334,17.07335515736493,-3.0052148660908813,,
2022-02-15 05:00:00+00:00,61.115,61.515,60.97,61.33,10203466.0,76277.0,61.269373,67.79033333333334,19.029225628697475,-3.0131848320994834,,
2022-02-16 05:00:00+00:00,61.2,62.25,61.16,61.9,21323459.0,130671.0,61.790437,67.44666666666667,24.028787113889024,-2.939620733307372,,
2022-02-17 05:00:00+00:00,61.57,61.7,60.92,61.29,13012933.0,91333.0,61.387014,67.08333333333333,22.432465848964966,-2.8971460606547765,,
2022-02-18 05:00:00+00:00,61.4,61.66,60.9839,61.05,11570697.0,81738.0,61.301454,66.732,21.818314050464465,-2.8499975728425824,-2.8898191989321833,0.03982162608960094
2022-02-22 05:00:00+00:00,60.9,61.29,60.69,60.98,10261898.0,90639.0,60.977809,66.38933333333334,21.632288473512688,-2.786163315179543,-2.8690880221816557,0.08292470700211263
2022-02-23 05:00:00+00:00,60.97,61.63,60.8,61.35,9674356.0,85751.0,61.387697,66.03133333333332,25.25968284949765,-2.6748839017377932,-2.8302471980928834,0.15536329635509016
2022-02-24 05:00:00+00:00,60.71,61.27,60.073,60.61,14849947.0,128971.0,60.562869,65.63933333333334,22.96972213849662,-2.6162475077109235,-2.7874472600164912,0.17119975230556772
2022-02-25 05:00:00+00:00,60.89,61.68,60.78,61.12,12518319.0,96450.0,61.294554,65.26833333333333,27.826005500191457,-2.4998087658641097,-2.7299195611860148,0.23011079532190504
2022-02-28 05:00:00+00:00,60.25,60.47,59.18,60.4,12950477.0,104573.0,59.982105,64.88566666666667,25.392179437927524,-2.437529879621003,-2.6714416248730126,0.23391174525200942
2022-03-01 05:00:00+00:00,59.94,60.86,59.87,60.26,10103591.0,78477.0,60.252759,64.502,24.935473650131456,-2.372125853309491,-2.6115784705603087,0.23945261725081757
2022-03-02 05:00:00+00:00,60.44,61.505,60.2,61.24,13724772.0,101693.0,60.941324,64.19566666666667,33.89806205514007,-2.215673971118882,-2.532397570672024,0.3167235995531419
2022-03-03 05:00:00+00:00,61.54,62.0,61.35,61.71,12576953.0,90436.0,61.647694,63.95033333333333,37.737617177647444,-2.030354986825742,-2.4319890539027678,0.40163406707702576
2022-03-04 05:00:00+00:00,61.08,62.23,61.0,61.86,9028553.0,66918.0,61.843243,63.751999999999995,38.95628613116053,-1.85005828988011,-2.315602901098236,0.4655446112181263
2022-03-07 05:00:00+00:00,58.97,62.25,58.91,60.26,17893645.0,132172.0,60.93267,63.477,31.805206199637283,-1.8153522362631023,-2.2155527681312095,0.4002005318681072
2022-03-08 05:00:00+00:00,59.94,60.64,59.035,59.54,13420013.0,123259.0,59.7141,63.176,29.206974626626774,-1.824909006377844,-2.137424015780536,0.3125150094026923
2022-03-09 05:00:00+00:00,60.01,60.3,58.92,59.0,13107674.0,110883.0,59.319893,62.84799999999999,27.399125090037344,-1.8546767435745437,-2.080874561339338,0.22619781776479408
2022-03-10 05:00:00+00:00,58.59,58.7,57.32,57.92,12893515.0,109174.0,57.836141,62.534,24.17601523155345,-1.9430169736451788,-2.053303043800506,0.11028607015532721
2022-03-11 05:00:00+00:00,58.31,59.185,57.955,58.0,12657991.0,107179.0,58.423709,62.225,24.880934697761973,-1.9837049946561294,-2.039383433971631,0.05567843931550165
2022-03-14 04:00:00+00:00,57.91,58.76,57.7039,58.15,11961108.0,83138.0,58.200216,61.868,26.265112489683162,-1.9810109371045286,-2.0277089345982104,0.046697997493681864
2022-03-15 04:00:00+00:00,58.425,58.79,57.655,58.32,10465775.0,81020.0,58.199494,61.522666666666666,27.886915562788374,-1.9427633314774369,-2.0107198139740556,0.06795648249661879
2022-03-16 04:00:00+00:00,58.67,58.67,57.185,57.97,13287781.0,110172.0,57.852691,61.17266666666667,26.590183532786313,-1.9185777335476288,-1.9922913978887702,0.07371366434114135
2022-03-17 04:00:00+00:00,58.12,59.345,57.71,59.2,12102547.0,94212.0,58.952462,60.952000000000005,37.57580128292947,-1.7796451114254452,-1.9497621405961052,0.17011702917065996
2022-03-18 04:00:00+00:00,59.03,59.55,58.48,59.42,17905497.0,90371.0,59.196377,60.753,39.32477778037155,-1.6329640529374032,-1.8864025230643648,0.25343847012696163
2022-03-21 04:00:00+00:00,59.27,60.522,59.27,59.66,7784789.0,70160.0,59.840678,60.611666666666665,41.25830683200952,-1.480288419615576,-1.8051797023746072,0.32489128275903134
2022-03-22 04:00:00+00:00,59.96,60.12,59.3,59.98,8727162.0,71388.0,59.853995,60.48566666666667,43.82857358568059,-1.318274308954706,-1.707798623690627,0.3895243147359211
2022-03-23 04:00:00+00:00,60.0,60.3,58.795,58.85,8895304.0,76009.0,59.211215,60.324,37.576041690902606,-1.2664595577650815,-1.6195308105055182,0.3530712527404367
2022-03-24 04:00:00+00:00,58.97,59.54,58.77,59.14,7728545.0,60375.0,59.106424,60.18266666666667,39.943922198446,-1.1882974642944077,-1.5332841412632963,0.3449866769688885
2022-03-25 04:00:00+00:00,59.18,59.435,58.8,58.91,9291680.0,69051.0,59.055743,60.086666666666666,38.69041624182878,-1.1318650837769937,-1.4530003297660359,0.3211352459890422
2022-03-28 04:00:00+00:00,58.95,59.365,58.675,59.18,20199115.0,150393.0,59.018415,59.99033333333333,41.0299421565559,-1.0532144713057718,-1.3730431580739832,0.3198286867682114
2022-03-29 04:00:00+00:00,59.7,60.555,59.6,60.53,8051520.0,69479.0,60.154374,59.971,51.08138356956062,-0.8718988692692875,-1.272814300313044,0.4009154310437566
2022-03-30 04:00:00+00:00,60.42,60.74,59.41,59.66,8613991.0,73907.0,59.907352,59.915333333333336,45.67790830543423,-0.7893080258587091,-1.176113045422177,0.386805019563468
2022-03-31 04:00:00+00:00,59.97,60.02,59.42,59.45,8113499.0,63832.0,59.64398,59.833666666666666,44.455487813702206,-0.7323572736041655,-1.0873618910585747,0.35500461745440925
2022-04-01 04:00:00+00:00,59.44,59.69,58.58,59.67,8520501.0,74324.0,59.194785,59.779666666666664,46.08337819051719,-0.6618419289762087,-1.0022578986421016,0.3404159696658928
2022-04-04 04:00:00+00:00,59.675,60.85,59.24,60.67,9023339.0,69809.0,60.513599,59.767,52.848035396322956,-0.5192804261597033,-0.9056624041456219,0.38638197798591867
2022-04-05 04:00:00+00:00,60.35,61.19,59.69,59.75,7047424.0,63523.0,60.250791,59.726,47.004985985376564,-0.4750595287831274,-0.8195418290731231,0.3444823002899957
2022-04-06 04:00:00+00:00,59.99,61.0172,59.91,60.81,6104074.0,73399.0,60.690408,59.708,53.398159635270616,-0.3504413382028133,-0.7257217308990612,0.3752803926962479
2022-04-07 04:00:00+00:00,60.8,61.545,60.52,61.02,7780945.0,74210.0,61.08869,59.721666666666664,54.56751390207057,-0.2320602334666404,-0.6269894314125771,0.3949291979459367
2022-04-08 04:00:00+00:00,61.28,62.82,61.245,62.3,9618060.0,103221.0,62.367482,59.761,60.99242785292004,-0.034558681511327904,-0.5085032814323274,0.47394459992099947
2022-04-11 04:00:00+00:00,62.82,63.06,61.84,61.9,6848676.0,73573.0,62.299134,59.811,58.22153842835458,0.0886640008640498,-0.3890698249730519,0.4777338258371017
2022-04-12 04:00:00+00:00,62.38,62.47,61.21,61.63,7720516.0,71744.0,61.649448,59.85666666666667,56.360287489094446,0.16265711097735647,-0.2787244377829703,0.44138154876032676
2022-04-13 04:00:00+00:00,61.62,62.11,61.29,62.06,6831355.0,59700.0,61.776362,59.884,58.62863940057043,0.25307727290685733,-0.17236409564500477,0.4254413685518621
2022-04-14 04:00:00+00:00,62.07,62.36,61.5,61.82,9724959.0,55979.0,61.912589,59.88766666666666,56.85238681687366,0.3018899094851548,-0.07751329461897286,0.37940320410412764
2022-04-18 04:00:00+00:00,61.7,62.21,61.37,61.58,5964743.0,49053.0,61.746589,59.87833333333334,55.056062541132434,0.3175477881777269,0.00149892194036709,0.3160488662373598
2022-04-19 04:00:00+00:00,61.6,63.0,61.58,62.78,6155648.0,57659.0,62.493955,59.96233333333334,61.59077225234398,0.4219230744675997,0.08558375244581362,0.33633932202178607
2022-04-20 04:00:00+00:00,63.0,64.155,62.98,63.6,7597849.0,70349.0,63.650908,60.09766666666667,65.30322999785052,0.5643034489173004,0.18132769174011099,0.38297575717718946
2022-04-21 04:00:00+00:00,63.55,64.28,63.17,63.75,6624211.0,62698.0,63.926314,60.256,65.95154408078818,0.6813900277719966,0.2813401589464881,0.4000498688255085
2022-04-22 04:00:00+00:00,63.78,63.86,62.17,62.25,7623587.0,74044.0,62.786231,60.400333333333336,54.9035905508144,0.6457012786949292,0.35421238289617635,0.29148889579875287
2022-04-25 04:00:00+00:00,62.48,62.735,61.33,62.65,7399545.0,72458.0,62.181454,60.55533333333334,56.97347707795841,0.642290420828914,0.4118279904827239,0.23046243034619007
2022-04-26 04:00:00+00:00,62.4,62.87,61.75,61.77,6872506.0,72535.0,62.148776,60.676,51.3855242803583,0.5620991171352756,0.4418822158132343,0.12021690132204133
2022-04-27 04:00:00+00:00,61.79,62.05,61.17,61.59,7770678.0,83782.0,61.586679,60.785,50.29881769984934,0.4785065103424131,0.44920707471907007,0.02929943562334303
2022-04-28 04:00:00+00:00,61.44,61.64,60.605,61.56,10713977.0,90898.0,61.322477,60.904666666666664,50.10861471216345,0.40516749920450934,0.44039915961615794,-0.0352316604116486
2022-04-29 04:00:00+00:00,61.56,62.06,59.27,59.34,10416886.0,94405.0,59.866766,60.90933333333333,38.50500434292618,0.16599684946165638,0.3855186975852577,-0.21952184812360132
2022-05-02 04:00:00+00:00,59.55,60.425,59.15,60.31,9401171.0,95251.0,59.898097,60.939,44.54736158723992,0.05409965266071026,0.3192348886003482,-0.26513523593963795
2022-05-03 04:00:00+00:00,60.61,60.83,59.63,60.33,10319274.0,94801.0,60.357735,60.96133333333333,44.66808327066695,-0.0325901699344584,0.24886987689338688,-0.2814600468278453
2022-05-04 04:00:00+00:00,60.65,62.31,60.27,62.08,7954070.0,80325.0,61.517913,61.031333333333336,54.08682936820174,0.039462990937529696,0.20698849970221544,-0.16752550876468575
2022-05-05 04:00:00+00:00,61.75,62.38,60.715,61.35,8654301.0,80139.0,61.424713,61.11466666666667,50.24465772898022,0.0372315586755505,0.17303711149688247,-0.13580555282133197
2022-05-06 04:00:00+00:00,61.13,61.4,60.39,61.18,7395820.0,80960.0,60.962562,61.18266666666667,49.365196191694444,0.021497740707609125,0.14272923733902781,-0.12123149663141869
2022-05-09 04:00:00+00:00,60.8,62.39,60.73,61.69,7961555.0,94008.0,61.791382,61.27533333333334,52.075337641033286,0.04960944753378271,0.1241052793779788,-0.07449583184419609
2022-05-10 04:00:00+00:00,61.88,62.54,61.56,61.78,9625293.0,90663.0,61.927971,61.362,52.55791133545725,0.07824842641429797,0.11493390878524264,-0.03668548237094467
2022-05-11 04:00:00+00:00,60.305,61.57,60.29,60.56,10101126.0,105288.0,60.822054,61.36300000000001,45.82221275295261,0.002472715549593829,0.09244167013811289,-0.08996895458851906
2022-05-12 04:00:00+00:00,60.7,62.5,60.63,62.48,9627759.0,105354.0,61.778649,61.457,55.490020807582106,0.09623849517924299,0.0932010351463389,0.003037460032904088
2022-05-13 04:00:00+00:00,62.6,62.61,61.56,62.37,7954723.0,80236.0,62.121844,61.55433333333333,54.88573501964683,0.15983004907507592,0.10652683793208631,0.05330321114298961
2022-05-16 04:00:00+00:00,62.37,62.74,61.935,62.24,5384386.0,63667.0,62.322586,61.64,54.13541878412939,0.19746069615499096,0.12471360957666724,0.07274708657832371
2022-05-17 04:00:00+00:00,62.42,63.22,61.8,63.18,5516085.0,62100.0,62.838324,61.72366666666667,58.5480626420121,0.2996788875007397,0.15970666516148174,0.13997222233925793
2022-05-18 04:00:00+00:00,63.14,63.925,62.6901,63.23,7892213.0,86818.0,63.372888,61.839666666666666,58.775261523064266,0.3803378250223375,0.20383289713365288,0.1765049278886846
2022-05-19 04:00:00+00:00,63.09,63.58,62.81,63.27,8714172.0,91397.0,63.160083,61.92166666666667,58.96901431773174,0.442388698293982,0.2515440573657187,0.19084464092826325
2022-05-20 04:00:00+00:00,63.37,63.9,62.725,63.83,5624675.0,69872.0,63.289904,62.01533333333334,61.68408994017842,0.530634952870976,0.3073622364667702,0.22327271640420576
2022-05-23 04:00:00+00:00,64.388,64.83,63.59,63.66,7219545.0,72920.0,63.965305,62.06066666666666,60.377937601688366,0.5801653807831997,0.36192286533005613,0.21824251545314355
2022-05-24 04:00:00+00:00,63.94,64.41,63.43,64.35,8201769.0,71088.0,64.100031,62.14233333333333,63.734531605121326,0.6674024353493806,0.42301877933392107,0.24438365601545953
2022-05-25 04:00:00+00:00,64.45,65.19,64.01,65.01,7040603.0,68202.0,64.662612,62.254999999999995,66.64524238306842,0.7807944019143491,0.4945739038500067,0.2862204980643424
2022-05-26 04:00:00+00:00,65.16,65.46,64.46,64.47,5701587.0,57934.0,64.816836,62.33533333333333,62.243408608921726,0.8176593967796109,0.5591910024359276,0.2584683943436833
2022-05-27 04:00:00+00:00,64.43,64.84,63.9,64.8,6379499.0,65324.0,64.512904,62.434666666666665,63.81624303947427,0.8635489580355369,0.6200625935558495,0.2434863644796874
2022-05-31 04:00:00+00:00,64.5,65.03,63.67,64.85,13597689.0,69986.0,64.669588,62.54366666666667,64.06053131731582,0.8936499082156999,0.6747800564878196,0.21886985172788032
2022-06-01 04:00:00+00:00,65.27,65.34,64.27,64.77,5715437.0,61829.0,64.737969,62.61,63.323881368775865,0.9006674628216373,0.7199575377545833,0.18070992506705408
2022-06-02 04:00:00+00:00,64.64,64.72,62.31,63.46,7796354.0,78924.0,63.034685,62.605333333333334,52.64769839478026,0.791400105742845,0.7342460513522356,0.05715405439060939
2022-06-03 04:00:00+00:00,63.45,64.12,63.24,63.45,4995059.0,51631.0,63.661572,62.595333333333336,52.57482990885533,0.6959752521256348,0.7265918915069156,-0.030616639381280786
2022-06-06 04:00:00+00:00,62.575,63.02,61.65,62.03,7776348.0,70209.0,62.208124,62.588,43.39083924068208,0.5000044949939166,0.681274412204316,-0.1812699172103993
2022-06-07 04:00:00+00:00,61.7,62.59,61.48,62.54,6782878.0,62581.0,62.200564,62.58433333333333,46.97355678183301,0.3814518562725482,0.6213099010179625,-0.23985804474541428
2022-06-08 04:00:00+00:00,62.24,62.99,62.11,62.38,7222196.0,53810.0,62.479144,62.60466666666666,45.99016780074202,0.27145817230255176,0.5513395552748803,-0.27988138297232856
2022-06-09 04:00:00+00:00,62.26,62.665,61.1499,61.18,5221717.0,56151.0,61.717815,62.591,39.33843340396842,0.08646074842518203,0.4583637939049407,-0.37190304547975866
2022-06-10 04:00:00+00:00,60.58,61.1772,60.31,60.74,8084105.0,73881.0,60.717502,62.56366666666667,37.213124067488216,-0.09456527596221065,0.34777797993151044,-0.4423432558937211
2022-06-13 04:00:00+00:00,60.06,60.43,58.9,59.15,9549848.0,88898.0,59.352866,62.55733333333333,30.748316978493975,-0.36215472212370514,0.20579143952046736,-0.5679461616441726
2022-06-14 04:00:00+00:00,58.37,59.84,57.165,57.79,10065942.0,90762.0,57.864358,62.473333333333336,26.506614790312412,-0.6761674822545274,0.029399655165468414,-0.7055671374199958
2022-06-15 04:00:00+00:00,57.99,58.97,57.71,58.39,6330075.0,68665.0,58.367272,62.40866666666667,31.02719068256259,-0.8666200153227805,-0.14980427893218137,-0.7168157363905991
2022-06-16 04:00:00+00:00,57.66,58.135,57.2,57.72,9468837.0,84555.0,57.747331,62.26333333333333,28.890192357518345,-1.0594062447600407,-0.33172467209775325,-0.7276815726622875
2022-06-17 04:00:00+00:00,57.37,58.79,57.29,58.53,13700436.0,84358.0,58.232539,62.169333333333334,34.742004258462586,-1.133761196658071,-0.4921319770098168,-0.6416292196482541
2022-06-21 04:00:00+00:00,59.26,60.58,58.91,60.51,9169224.0,72010.0,60.044217,62.147,46.36183101156227,-1.0211474273854861,-0.5979350670849507,-0.42321236030053544
2022-06-22 04:00:00+00:00,60.13,62.05,60.09,61.51,9059692.0,69997.0,61.505291,62.14099999999999,51.09784933690951,-0.8415081787829237,-0.6466496894245453,-0.19485848935837846
2022-06-23 04:00:00+00:00,61.89,62.65,61.75,62.58,7231150.0,62715.0,62.230059,62.16766666666667,55.61386293490578,-0.6058192155896549,-0.6384835946575673,0.03266437906791242
2022-06-24 04:00:00+00:00,62.81,63.13,61.85,63.09,7205750.0,63622.0,62.545958,62.251999999999995,57.622642296074744,-0.3735749371266692,-0.5855018631513877,0.21192692602471852
2022-06-27 04:00:00+00:00,62.93,63.53,62.63,62.83,6562911.0,59815.0,62.96287,62.26366666666666,56.225608516182824,-0.20810064560009067,-0.5100216196411284,0.3019209740410377
2022-06-28 04:00:00+00:00,62.83,63.49,62.13,62.21,6141650.0,62142.0,62.655427,62.25833333333333,52.93012114849796,-0.12554271753111834,-0.43312583921912634,0.307583121688008
2022-06-29 04:00:00+00:00,62.31,62.97,61.915,62.48,5790441.0,56916.0,62.404677,62.266333333333336,54.1893613811745,-0.03789143237700898,-0.3540789578507029,0.31618752547369394
2022-06-30 04:00:00+00:00,61.95,62.405,61.29,61.81,6393043.0,54366.0,61.855884,62.220666666666666,50.573713909841246,-0.022234255320356056,-0.2877100173446336,0.26547576202427753
2022-07-01 04:00:00+00:00,61.47,62.43,61.27,62.36,5204826.0,47803.0,62.024508,62.19166666666667,53.326754522665745,0.03416078944277956,-0.22333585598715097,0.25749664542993056
2022-07-05 04:00:00+00:00,61.9,62.47,61.3583,62.34,5216038.0,52629.0,62.017103,62.160666666666664,53.210688391983986,0.0763602029815118,-0.16339664419341843,0.23975684717493023
2022-07-06 04:00:00+00:00,62.62,62.879,62.16,62.73,5888164.0,56961.0,62.587637,62.124,55.25579721615658,0.13966333093371475,-0.10278464916799179,0.24244798010170654
2022-07-07 04:00:00+00:00,62.62,63.015,62.35,62.72,6242551.0,45724.0,62.744772,62.092666666666666,55.189186540920026,0.18687047299389548,-0.044853624735614335,0.2317240977295098
2022-07-08 04:00:00+00:00,62.56,63.195,62.4,62.84,4162078.0,41852.0,62.891242,62.04233333333333,55.87657328022482,0.23129919713797165,0.010376939639102863,0.2209222574988688
2022-07-11 04:00:00+00:00,62.79,63.04,62.53,62.66,3453602.0,34451.0,62.727127,61.964000000000006,54.52545441481576,0.24911316395014182,0.058124184501310655,0.19098897944883117
2022-07-12 04:00:00+00:00,62.49,62.8,62.01,62.34,6097684.0,63542.0,62.417686,61.893,52.11293146184827,0.23470401357278092,0.09344015031560471,0.14126386325717621
2022-07-13 04:00:00+00:00,61.92,62.73,61.6,62.46,6162898.0,56424.0,62.397193,61.815000000000005,52.95358043860858,0.23031275315094035,0.12081467088267185,0.1094980822682685
2022-07-14 04:00:00+00:00,61.83,61.91,61.27,61.81,4969454.0,46628.0,61.809852,61.71366666666666,48.034678970562275,0.1723958083400774,0.13113089837415295,0.04126490996592444
2022-07-15 04:00:00+00:00,62.13,62.62,61.68,62.6,5909004.0,48833.0,62.375802,61.641333333333336,53.667858415303265,0.18807460305134782,0.14251963930959194,0.04555496374175588
2022-07-18 04:00:00+00:00,62.68,62.68,60.64,60.9,6608427.0,48386.0,61.272771,61.556,42.89257694073446,0.06260272308950476,0.1265362560655745,-0.06393353297606974
2022-07-19 04:00:00+00:00,61.655,62.27,61.28,62.12,6079310.0,58024.0,62.016899,61.51166666666666,50.563653522157985,0.06090705960841092,0.11341041677414179,-0.052503357165730874
2022-07-20 04:00:00+00:00,62.18,62.18,60.83,61.55,5378556.0,54108.0,61.522791,61.495666666666665,47.36255814026538,0.013414365318567434,0.09341120648302692,-0.07999684116445949
2022-07-21 04:00:00+00:00,61.395,61.695,60.75,61.01,6007658.0,49540.0,61.141714,61.44466666666666,44.48902230570235,-0.06702480388651111,0.061324004409119316,-0.12834880829563042
2022-07-22 04:00:00+00:00,61.27,61.795,60.5801,60.8,4582199.0,40245.0,60.965613,61.392,43.386601707443624,-0.146035266324823,0.01985215026233085,-0.16588741658715384
2022-07-25 04:00:00+00:00,61.23,61.25,60.35,60.75,4985474.0,47140.0,60.676656,61.37766666666666,43.11267472214907,-0.21026243471581552,-0.026170766733298424,-0.18409166798251708
2022-07-26 04:00:00+00:00,60.7,61.25,60.32,60.62,5597220.0,53106.0,60.761034,61.373666666666665,42.36376110948157,-0.2685570830595694,-0.07464802999855262,-0.19390905306101675
2022-07-27 04:00:00+00:00,60.38,61.365,59.69,60.9,7904138.0,70675.0,60.689101,61.431999999999995,44.596131282000385,-0.2888328664279385,-0.11748499728442979,-0.1713478691435087
2022-07-28 04:00:00+00:00,61.0,61.105,59.6169,60.4,6814989.0,59222.0,60.469062,61.519,41.50466742809055,-0.34131294893673214,-0.16225058761489028,-0.17906236132184186
2022-07-29 04:00:00+00:00,60.33,60.53,59.51,59.75,10060613.0,79503.0,59.810508,61.56433333333334,37.832980988297095,-0.43039206829335086,-0.2158788837505824,-0.21451318454276846
2022-08-01 04:00:00+00:00,59.77,60.1804,59.27,59.6,6740299.0,57341.0,59.663307,61.626999999999995,37.01910699486087,-0.5072444601733892,-0.27415199903514376,-0.23309246113824544
2022-08-02 04:00:00+00:00,59.74,60.32,59.29,59.54,5981575.0,68898.0,59.739583,61.66066666666667,36.679206950790935,-0.5664622092512275,-0.3326140410783605,-0.23384816817286697
2022-08-03 04:00:00+00:00,60.87,63.65,60.64,62.27,10066675.0,96556.0,62.571043,61.71933333333334,56.327643204764414,-0.38862469403584754,-0.34381617166985795,-0.04480852236598959
2022-08-04 04:00:00+00:00,62.14,62.985,61.8275,61.91,5520495.0,58218.0,62.165817,61.73266666666667,53.95025719196825,-0.2735824847470383,-0.32976943428529404,0.05618694953825576
2022-08-05 04:00:00+00:00,61.79,61.84,60.62,61.09,6039804.0,59611.0,61.092189,61.683,48.88871585762313,-0.2457450559908736,-0.31296455862641,0.06721950263553639
2022-08-08 04:00:00+00:00,61.0,61.71,60.81,61.6,5857705.0,50982.0,61.44034,61.63333333333333,51.91061194350467,-0.18045083054384037,-0.2864618130098961,0.10601098246605573
2022-08-09 04:00:00+00:00,61.58,62.05,61.38,62.0,5140358.0,54782.0,61.789926,61.60566666666667,54.197908831668514,-0.09532913447515767,-0.24823527730294842,0.15290614282779075
2022-08-10 04:00:00+00:00,62.49,63.19,62.11,63.14,8275029.0,64515.0,62.643001,61.63666666666667,60.03249279238935,0.06338819588606981,-0.1859105826651448,0.2492987785512146
2022-08-11 04:00:00+00:00,62.78,63.41,62.37,62.45,5216551.0,55997.0,62.782612,61.635666666666665,55.42994841996608,0.1319742729965867,-0.12233361153279851,0.25430788452938524
2022-08-12 04:00:00+00:00,62.71,62.99,62.155,62.96,3995757.0,43611.0,62.792874,61.674,57.99345445286185,0.22488958386099256,-0.052888972454040305,0.27777855631503284
2022-08-15 04:00:00+00:00,63.85,66.2985,63.66,66.21,12381007.0,116491.0,65.608684,61.80233333333333,69.88173461308763,0.5543828948361238,0.06856540100399251,0.4858174938321313
2022-08-16 04:00:00+00:00,66.16,66.42,65.65,66.33,7067997.0,66813.0,66.095722,61.93533333333333,70.21689646582297,0.8157878205877296,0.21800988492073994,0.5977779356669897
2022-08-17 04:00:00+00:00,65.97,66.895,65.82,66.02,6506865.0,67700.0,66.234924,62.044999999999995,68.1083173120661,0.986566177565912,0.37172114344977436,0.6148450341161377
2022-08-18 04:00:00+00:00,65.96,66.0,64.705,65.18,5178319.0,58630.0,65.124277,62.126999999999995,62.620878273935006,1.0421154181890842,0.5057999983976363,0.5363154197914478
2022-08-19 04:00:00+00:00,65.02,65.795,64.92,65.34,5259123.0,53399.0,65.32828,62.21033333333334,63.22860046837824,1.0865244765897017,0.6219448940360495,0.4645795825536523
2022-08-22 04:00:00+00:00,65.21,65.25,64.23,64.36,5224790.0,48487.0,64.489242,62.267,57.10456613031124,1.0307592149196552,0.7037077582127707,0.3270514567068845
2022-08-23 04:00:00+00:00,64.36,64.37,63.47,63.68,4723746.0,50999.0,63.730373,62.311666666666675,53.250532305099334,0.9210769248372017,0.747181591537657,0.17389533329954476
2022-08-24 04:00:00+00:00,63.7,63.81,63.2,63.62,3808022.0,43572.0,63.553943,62.35033333333333,52.911204572171144,0.8198605787630555,0.7617173889827367,0.05814318978031885
2022-08-25 04:00:00+00:00,63.85,63.93,63.18,63.59,3784698.0,44073.0,63.494114,62.40966666666667,52.73027476340721,0.7288237198301744,0.7551386551522242,-0.02631493532204987
2022-08-26 04:00:00+00:00,63.59,63.62,62.35,62.37,5501273.0,52637.0,62.673341,62.402,45.86212291177816,0.5518709247137608,0.7144851090645317,-0.1626141843507709
2022-08-29 04:00:00+00:00,62.13,62.86,61.4842,62.45,5220029.0,58460.0,62.24864,62.45366666666667,46.35554606331285,0.4133253339562941,0.6542531540428842,-0.24092782008659008
2022-08-30 04:00:00+00:00,62.51,62.69,61.785,62.5,5584583.0,55275.0,62.395062,62.46633333333333,46.682624389208854,0.304056562463046,0.5842138357269165,-0.2801572732638705
2022-08-31 04:00:00+00:00,62.695,63.965,62.695,63.47,8315872.0,73192.0,63.404637,62.53033333333334,52.706977521409115,0.29236101143600735,0.5258432708687347,-0.23348225943272738
2022-09-01 04:00:00+00:00,63.41,65.0,63.32,64.95,6269495.0,69884.0,64.402129,62.66166666666667,60.11246309559633,0.39792875907652103,0.500260368510292,-0.10233160943377095
2022-09-02 04:00:00+00:00,65.04,65.29,63.37,63.82,6731818.0,68695.0,64.198339,62.76233333333334,53.25563238360049,0.38596128205325897,0.4774005512188854,-0.09143926916562645
2022-09-06 04:00:00+00:00,63.78,63.84,62.8,63.39,7375859.0,76832.0,63.358818,62.85033333333333,50.87737792165757,0.3378846401455249,0.44949736900421333,-0.11161272885868845
2022-09-07 04:00:00+00:00,63.67,64.96,63.56,64.79,9622437.0,64829.0,64.382075,62.989333333333335,57.52770183576859,0.4080481299312595,0.4412075211896226,-0.03315939125836309
2022-09-08 04:00:00+00:00,65.41,65.65,64.69,65.1,8275360.0,88281.0,65.151301,63.129333333333335,58.85597196736343,0.4830987486530489,0.4495857666823079,0.03351298197074104
2022-09-09 04:00:00+00:00,64.98,65.77,64.89,65.28,6497023.0,63096.0,65.29832,63.292,59.645144456898244,0.5507526664703732,0.46981914663992097,0.08093351983045227
2022-09-12 04:00:00+00:00,68.425,68.88,67.48,68.01,18777872.0,137331.0,67.682066,63.56733333333333,69.27182774788923,0.815259266851811,0.538907170682299,0.27635209616951206
2022-09-13 04:00:00+00:00,67.4,67.4,64.93,65.1,11786926.0,106632.0,65.688584,63.750666666666675,54.38034693054061,0.7810663267876663,0.5873390019033724,0.1937273248842939
2022-09-14 04:00:00+00:00,64.41,65.46,64.41,65.18,9112024.0,71771.0,65.041472,63.93866666666666,54.66885608601886,0.7517577119022292,0.6202227439031438,0.13153496799908537
2022-09-15 04:00:00+00:00,65.5,65.7,64.7142,65.0,7062039.0,74573.0,65.109184,64.02966666666666,53.8437493798771,0.7058691080814299,0.637352016738801,0.06851709134262884
2022-09-16 04:00:00+00:00,65.08,65.93,64.81,65.6,11754906.0,78332.0,65.412302,64.15266666666668,56.215940025249886,0.7097356537137784,0.6518287441337965,0.0579069095799819
2022-09-19 04:00:00+00:00,65.35,65.855,64.6,65.82,6162690.0,68540.0,65.336299,64.31033333333333,57.08683488569207,0.7222267005344065,0.6659083354139186,0.056318365120487934
2022-09-20 04:00:00+00:00,65.41,65.48,63.89,64.58,6958886.0,62611.0,64.487422,64.40966666666667,50.936958398044986,0.6248652506014452,0.6576997184514239,-0.03283446784997879
2022-09-21 04:00:00+00:00,64.58,65.525,63.46,63.5,8775122.0,72416.0,64.268998,64.45966666666666,46.262353542720724,0.45531009466421324,0.6172217936939819,-0.16191169902976865
2022-09-22 04:00:00+00:00,63.35,64.3159,62.93,63.77,6110948.0,68215.0,63.809602,64.48066666666666,47.55808537630285,0.3388174785348923,0.561540930662164,-0.22272345212727174
2022-09-23 04:00:00+00:00,63.49,63.785,62.3,62.86,7603791.0,76408.0,62.920381,64.49433333333334,43.73083748055068,0.1710945744046768,0.48345165941066665,-0.31235708500598985
2022-09-26 04:00:00+00:00,62.51,62.94,62.165,62.34,6141351.0,63273.0,62.512203,64.47366666666667,41.667336835909616,-0.0037435365167795,0.3860126202251774,-0.3897561567419569
2022-09-27 04:00:00+00:00,62.43,63.52,62.28,62.63,7126010.0,76499.0,62.794139,64.35433333333334,43.274912152197004,-0.11754839793367466,0.285300416593407,-0.40284881452708166
2022-09-28 04:00:00+00:00,63.0,64.37,62.71,63.93,7566101.0,77130.0,63.776477,64.27433333333333,49.935593193390766,-0.1016684643094905,0.2079066404128275,-0.309575104722318
2022-09-29 04:00:00+00:00,63.83,64.22,62.51,63.07,8431237.0,74472.0,62.995509,64.176,46.080782233452254,-0.15667229449783804,0.1349908534306944,-0.29166314792853243
2022-09-30 04:00:00+00:00,63.16,63.58,61.61,61.69,8773572.0,76584.0,62.190285,64.05966666666667,40.657096127957175,-0.3080664942807658,0.046379383888402355,-0.35444587816916817
2022-10-03 04:00:00+00:00,62.4,62.57,61.445,62.32,8094076.0,72633.0,62.13351,63.958999999999996,43.903175453182975,-0.3729130440334174,-0.037479101695961595,-0.3354339423374558
2022-10-04 04:00:00+00:00,64.09,65.36,63.6,65.31,11966037.0,103327.0,64.918859,63.99066666666667,56.15996102271648,-0.18095050558852677,-0.06617338247447463,-0.11477712311405214
2022-10-05 04:00:00+00:00,64.72,65.9675,64.38,65.45,5802318.0,62798.0,65.277887,64.04966666666667,56.637701605124406,-0.017322300190528495,-0.056403166017685406,0.03908086582715691
2022-10-06 04:00:00+00:00,64.89,65.36,64.61,64.95,5622485.0,57220.0,64.977615,64.09400000000001,54.35934313721763,0.07118780147673931,-0.030884972518800465,0.10207277399553977
2022-10-07 04:00:00+00:00,64.64,65.095,63.96,64.29,6723216.0,63224.0,64.479719,64.11733333333333,51.418995775968604,0.08707249307956744,-0.007293479399126886,0.09436597247869433
2022-10-10 04:00:00+00:00,64.57,64.845,64.115,64.46,4328504.0,47735.0,64.503219,64.187,52.13714176337514,0.112086738716215,0.01658256422394149,0.0955041744922735
2022-10-11 04:00:00+00:00,64.495,66.04,64.48,65.67,7154028.0,75096.0,65.516565,64.29433333333333,57.0084991165417,0.22693166918688235,0.05865238521652967,0.1682792839703527
2022-10-12 04:00:00+00:00,65.85,66.37,65.31,65.39,6401806.0,65087.0,65.710594,64.39066666666666,55.59833236876122,0.2919875928412665,0.10531942674147704,0.18666816609978948
2022-10-13 04:00:00+00:00,64.46,66.95,64.1,66.46,7676211.0,75201.0,66.000793,64.49033333333334,59.70073615993174,0.4249859650167451,0.16925273439653066,0.25573323062021447
2022-10-14 04:00:00+00:00,66.63,67.0,66.02,66.17,7884156.0,64224.0,66.364335,64.53099999999999,58.133042928725814,0.5012099208235554,0.2356441716819356,0.2655657491416198
2022-10-17 04:00:00+00:00,66.84,66.93,65.94,66.38,5799578.0,53956.0,66.357277,64.61633333333333,58.973189638632235,0.5719698871015595,0.30290931476586036,0.26906057233569913
2022-10-18 04:00:00+00:00,66.54,67.075,66.44,66.87,6802276.0,55029.0,66.738601,64.73233333333333,60.94265315897402,0.6599787508566664,0.3743232019840216,0.28565554887264477
2022-10-19 04:00:00+00:00,66.85,66.97,65.85,66.19,7058585.0,63453.0,66.268204,64.779,56.86313822441368,0.6671654247291059,0.43289164653303847,0.23427377819606743
2022-10-20 04:00:00+00:00,66.16,66.54,65.7,66.16,6384252.0,60161.0,66.080515,64.81433333333334,56.68286302963431,0.6627998224955007,0.4788732817255309,0.18392654076996984
2022-10-21 04:00:00+00:00,66.18,67.94,66.11,67.79,7814764.0,74562.0,67.51055,64.898,63.46103289856929,0.7818546945632363,0.539469564293072,0.24238513027016428
2022-10-24 04:00:00+00:00,68.11,69.37,68.09,69.0,7132875.0,70749.0,68.844204,64.931,67.52362068616222,0.9627454952480718,0.624124750484072,0.33862074476399984
2022-10-25 04:00:00+00:00,68.84,69.71,68.48,69.6,6711788.0,65769.0,69.476972,65.08099999999999,69.34380475583666,1.1413608462661244,0.7275719696404825,0.4137888766256419
2022-10-26 04:00:00+00:00,70.0,71.41,69.88,70.82,8731450.0,82494.0,70.793005,65.269,72.69488603137903,1.3656166244567345,0.855180900603733,0.5104357238530015
2022-10-27 04:00:00+00:00,70.85,71.255,70.14,70.2,8881238.0,76035.0,70.510654,65.44233333333334,68.59140037620423,1.4762943239000066,0.9794035852629879,0.4968907386370187
2022-10-28 04:00:00+00:00,74.36,79.6058,73.99,79.27,27609416.0,232270.0,77.578202,65.898,83.37555499807854,2.2697165177783347,1.2374661717660573,1.0322503460122774
2022-10-31 04:00:00+00:00,78.06,79.37,77.53,78.46,14672856.0,130617.0,78.521163,66.31933333333333,79.7646123025705,2.8008624928365435,1.5501454359801548,1.2507170568563888
2022-11-01 04:00:00+00:00,78.26,79.55,77.66,79.34,10553079.0,112678.0,79.053345,66.81133333333334,80.7405200187934,3.2552832710976816,1.8911730030036602,1.3641102680940214
2022-11-02 04:00:00+00:00,78.18,80.0,77.81,77.88,9685935.0,98535.0,78.71485,67.29066666666667,74.33512163801565,3.4577464646516063,2.2044876953332495,1.2532587693183568
2022-11-03 04:00:00+00:00,77.325,79.57,77.16,79.46,8261087.0,79677.0,78.896261,67.81366666666666,76.50721286554892,3.703006841770474,2.5041915246206945,1.1988153171497795
2022-11-04 04:00:00+00:00,79.14,81.32,78.39,80.34,9102653.0,90777.0,80.249938,68.39633333333333,77.64216828468679,3.9231623299203306,2.787985685680622,1.1351766442397087
2022-11-07 05:00:00+00:00,79.555,81.555,79.51,81.46,8989302.0,86532.0,81.175604,69.03366666666668,79.03067727725555,4.140285150209607,3.0584455785864195,1.0818395716231874
2022-11-08 05:00:00+00:00,80.6,83.8,80.08,82.23,9343713.0,100870.0,82.457671,69.687,79.95247810985283,4.324637386616203,3.3116839401923763,1.0129534464238268
2022-11-09 05:00:00+00:00,82.5,83.55,82.18,82.32,10316541.0,98051.0,82.767333,70.3,80.06279788592096,4.426968769708353,3.5347409060955717,0.892227863612781
2022-11-10 05:00:00+00:00,83.5,83.8,81.56,82.6,9397031.0,94613.0,82.466845,70.951,80.4237277979409,4.479029326037434,3.7235985900839443,0.7554307359534898
2022-11-11 05:00:00+00:00,81.41,81.98,80.07,81.82,11413397.0,112570.0,81.110313,71.622,76.2809104450072,4.406552219730727,3.8601893160133014,0.546362903717426
2022-11-14 05:00:00+00:00,81.65,84.14,81.23,82.85,7665185.0,82572.0,83.043427,72.30633333333334,77.89986208598336,4.381716284935095,3.9644947097976604,0.41722157513743463
2022-11-15 05:00:00+00:00,83.135,83.64,81.98,83.0,7115678.0,78980.0,82.95126,72.896,78.1339318282674,4.324289654711336,4.036453698780396,0.28783595593094
2022-11-16 05:00:00+00:00,82.68,83.4399,82.54,82.88,6280462.0,62921.0,82.927229,73.477,77.42741949299845,4.22044497684702,4.0732519543937205,0.14719302245329935
2022-11-17 05:00:00+00:00,82.55,83.83,82.47,83.62,5759620.0,56791.0,83.293875,74.09933333333333,78.70612330936228,4.150020286476433,4.088605620810263,0.061414665666170265
2022-11-18 05:00:00+00:00,83.63,84.06,82.985,83.62,7276411.0,61447.0,83.537358,74.74366666666667,78.7061233093623,4.047550568533936,4.080394610354998,-0.03284404182106204
2022-11-21 05:00:00+00:00,83.76,85.17,83.64,84.35,6348095.0,69827.0,84.44262,75.40666666666668,80.00220218157934,3.9793757118150523,4.060190830647009,-0.08081511883195702
2022-11-22 05:00:00+00:00,84.65,86.15,84.54,85.23,7357716.0,70691.0,85.409816,76.05866666666667,81.46665380545377,3.9508127817724557,4.038315220872099,-0.0875024390996435
2022-11-23 05:00:00+00:00,85.06,85.94,85.01,85.42,4680778.0,50972.0,85.519799,76.72633333333333,81.7769451429287,3.8985676054510776,4.010365697787895,-0.11179809233681759
2022-11-25 05:00:00+00:00,85.04,86.41,84.76,86.26,4028739.0,38986.0,85.956286,77.38633333333334,83.12230744158163,3.880215201148559,3.984335598460028,-0.10412039731146905
2022-11-28 05:00:00+00:00,86.92,88.2,85.08,85.21,9252428.0,79382.0,85.910897,78.021,75.60813287152182,3.737856876397018,3.9350398540474263,-0.19718297765040838
2022-11-29 05:00:00+00:00,85.5,85.87,84.705,85.76,6155566.0,53218.0,85.543679,78.66699999999999,76.79162791201077,3.627600560692585,3.873551995376458,-0.24595143468387315
2022-11-30 05:00:00+00:00,85.755,88.15,85.01,87.83,14646504.0,82447.0,87.362338,79.36566666666667,80.60569227996655,3.6650054351612624,3.831842683333419,-0.16683724817215673
2022-12-01 05:00:00+00:00,88.2,88.965,87.72,87.9,8220595.0,76963.0,88.079092,80.08933333333333,80.72107440800035,3.6581288503699483,3.7970999167407253,-0.13897106637077705
2022-12-02 05:00:00+00:00,86.7,89.07,86.55,89.03,6730367.0,70793.0,88.253723,80.85166666666667,82.52811953819342,3.701195584788479,3.777919050350276,-0.07672346556179699
2022-12-05 05:00:00+00:00,87.84,89.1,87.47,87.98,6811532.0,63351.0,88.168155,81.52466666666668,75.45114630387788,3.6089977774549737,3.744134795771216,-0.13513701831624214
2022-12-06 05:00:00+00:00,87.99,88.67,87.14,87.96,6760661.0,76311.0,87.914417,82.15666666666668,75.31865921306826,3.494039406724127,3.6941157179617985,-0.20007631123767133
2022-12-07 05:00:00+00:00,88.03,88.55,87.365,87.79,8860699.0,63062.0,87.887055,82.76299999999999,74.12717368327452,3.3505929406902624,3.6254111625074916,-0.27481822181722926
2022-12-08 05:00:00+00:00,87.87,89.61,87.56,89.47,6392403.0,65548.0,89.113258,83.38466666666666,77.85537654693957,3.334039807009148,3.567136891407823,-0.23309708439867505
2022-12-09 05:00:00+00:00,89.265,89.265,87.79,87.97,8276293.0,62589.0,88.442837,83.977,68.3808633889666,3.1634179523358057,3.4863931035934197,-0.322975151257614
2022-12-12 05:00:00+00:00,87.85,88.56,87.43,88.54,5968636.0,64879.0,88.164959,84.286,69.8808233597042,3.0391595995024545,3.3969464027752267,-0.35778680327277224
2022-12-13 05:00:00+00:00,89.63,89.74,87.94,88.75,8435628.0,86654.0,88.725697,84.62899999999999,70.43724459347777,2.9239240284848336,3.3023419279171486,-0.3784178994323151
2022-12-14 05:00:00+00:00,88.0,89.29,87.52,88.4,8600162.0,70832.0,88.485873,84.93100000000001,68.17661470618653,2.7723984497276177,3.1963532322792427,-0.423954782551625
2022-12-15 05:00:00+00:00,88.05,88.1,85.385,86.58,9898601.0,98598.0,86.711223,85.221,57.79012556339879,2.4769023586816132,3.0524630575597174,-0.5755606988781041
2022-12-16 05:00:00+00:00,86.34,87.12,85.8,86.76,28285199.0,86748.0,86.711531,85.46433333333333,58.4640989923665,2.2315204940879454,2.8882745448653635,-0.6567540507774181
2022-12-19 05:00:00+00:00,86.0,86.62,85.4291,86.42,5834828.0,70955.0,86.217106,85.66699999999999,56.62490599728804,1.9867168053711168,2.707962996966514,-0.7212461915953972
2022-12-20 05:00:00+00:00,83.642,85.26,81.81,84.77,10999002.0,114811.0,84.110442,85.77733333333332,48.62970496123811,1.640654464577338,2.494501290488679,-0.853846825911341
2022-12-21 05:00:00+00:00,85.25,85.912,84.855,85.27,5320945.0,61889.0,85.30689,85.87866666666666,50.892476317885674,1.3907121239032705,2.273743457171597,-0.8830313332683266
2022-12-22 05:00:00+00:00,85.245,85.47,84.37,85.28,4698821.0,50681.0,85.023264,85.97733333333333,50.939022010038784,1.179837502305034,2.0549622661982845,-0.8751247638932504
2022-12-23 05:00:00+00:00,85.22,85.245,84.28,84.75,3955516.0,39015.0,84.77976,86.049,48.324688016596916,0.9588976990322777,1.8357493527650832,-0.8768516537328055
2022-12-27 05:00:00+00:00,85.25,85.47,84.69,85.01,3455858.0,43391.0,85.011446,86.15533333333333,49.68882226606784,0.7956098451971201,1.6277214512514908,-0.8321116060543707
2022-12-28 05:00:00+00:00,85.4,85.83,84.45,84.57,3286089.0,38455.0,84.774691,86.21266666666666,47.40800898108253,0.6235112720192006,1.4268794154050328,-0.8033681433858322
2022-12-29 05:00:00+00:00,84.91,85.57,84.61,85.26,3464099.0,41749.0,85.253616,86.28800000000001,51.19162032383346,0.536613401044832,1.2488262125329928,-0.7122128114881607
2022-12-30 05:00:00+00:00,85.33,85.89,84.78,85.85,3828334.0,42492.0,85.482514,86.387,54.22418843042144,0.5094812981327692,1.1009572296529482,-0.591475931520179
2023-01-03 05:00:00+00:00,85.08,86.145,84.83,85.39,6049560.0,63064.0,85.437818,86.446,51.53566067555667,0.44572274117166444,0.9699103319566915,-0.5241875907850271
2023-01-04 05:00:00+00:00,86.2,86.5,84.94,85.5,5708908.0,71969.0,85.619071,86.50866666666667,52.14667740035227,0.3994649231403571,0.8558212501934246,-0.4563563270530675
2023-01-05 05:00:00+00:00,85.01,86.41,85.0,85.85,5700057.0,62983.0,85.666543,86.55866666666665,54.12836443978625,0.38659096402021476,0.7619751929587827,-0.37538422893856793
2023-01-06 05:00:00+00:00,86.61,88.29,86.22,88.08,5939532.0,66079.0,87.756366,86.65366666666665,64.27854219408064,0.5499906716722904,0.7195782887014843,-0.1695876170291939
2023-01-09 05:00:00+00:00,87.77,87.9,84.95,85.1,5435709.0,64466.0,85.91061,86.643,48.75354021289307,0.4340218879618334,0.6624670085535542,-0.22844512059172084
