timestamp,open,high,low,close,volume,trade_count,vwap,30sma,rsi,macd,signal,histogram
2022-01-03 05:00:00+00:00,2901.1,2917.02,2874.255,2899.83,1432474.0,103304.0,2899.407135,,,,,
2022-01-04 05:00:00+00:00,2907.92,2929.6978,2874.325,2887.99,1419236.0,102588.0,2894.436738,,,,,
2022-01-05 05:00:00+00:00,2888.4,2889.9875,2753.76,2755.145,2551176.0,198847.0,2803.92718,,,,,
2022-01-06 05:00:00+00:00,2739.97,2798.8,2731.17,2754.95,1861789.0,137468.0,2767.17854,,,,,
2022-01-07 05:00:00+00:00,2762.91,2768.97,2715.33,2740.34,1484188.0,111402.0,2741.782771,,,,,
2022-01-10 05:00:00+00:00,2701.56,2776.39,2663.29,2773.39,2210481.0,183168.0,2723.495816,,,,,
2022-01-11 05:00:00+00:00,2760.14,2804.32,2733.845,2794.72,1436485.0,100618.0,2781.826753,,,,,
2022-01-12 05:00:00+00:00,2823.0,2852.155,2813.89,2828.61,1304389.0,92279.0,2831.514537,,,,,
2022-01-13 05:00:00+00:00,2830.8,2857.0,2768.18,2771.74,1566211.0,109705.0,2803.090626,,,,,
2022-01-14 05:00:00+00:00,2741.58,2814.84,2739.97,2789.61,1480181.0,101638.0,2788.646347,,,,,
2022-01-18 05:00:00+00:00,2723.5,2742.63,2708.765,2719.96,1737477.0,127420.0,2723.509932,,,,,
2022-01-19 05:00:00+00:00,2730.47,2759.19,2700.31,2702.33,1462674.0,95513.0,2731.01505,,,,,
2022-01-20 05:00:00+00:00,2725.0,2752.52,2659.2931,2666.15,1486785.0,112608.0,2711.236451,,,,,
2022-01-21 05:00:00+00:00,2651.87,2697.3106,2601.73,2607.03,2730246.0,178598.0,2647.269956,,,,,
2022-01-24 05:00:00+00:00,2519.56,2624.06,2490.0,2616.08,3778786.0,258091.0,2549.327022,,22.404839242993035,,,
2022-01-25 05:00:00+00:00,2574.8,2587.98,2530.01,2538.7,2343278.0,144414.0,2553.202852,,19.279877327311283,,,
2022-01-26 05:00:00+00:00,2622.38,2660.0,2542.84,2584.66,2411744.0,154580.0,2603.425818,,25.891483751168067,,,
2022-01-27 05:00:00+00:00,2626.08,2653.045,2578.6458,2580.1,1585950.0,123470.0,2610.385042,,25.66685397439258,,,
2022-01-28 05:00:00+00:00,2593.18,2667.13,2569.7,2667.02,1712630.0,123336.0,2629.404391,,36.9039066166802,,,
2022-01-31 05:00:00+00:00,2683.2399,2709.46,2644.19,2706.07,1993483.0,145219.0,2685.680983,,41.20423804647864,,,
2022-02-01 05:00:00+00:00,2751.89,2755.855,2687.37,2752.88,3427877.0,262803.0,2794.360126,,45.958963188788644,,,
2022-02-02 05:00:00+00:00,3025.0,3030.9315,2910.4501,2960.0,6156562.0,471958.0,2970.303022,,60.990861585946256,,,
2022-02-03 05:00:00+00:00,2914.11,2993.5,2853.3063,2861.8,3564667.0,283449.0,2919.430825,,53.40589777772643,,,
2022-02-04 05:00:00+00:00,2868.8927,2897.5,2810.3,2865.86,2894128.0,215524.0,2860.766763,,53.6624765909547,,,
2022-02-07 05:00:00+00:00,2885.0,2885.0,2778.0,2784.02,2739979.0,206178.0,2815.281418,,47.932601967220535,,,
2022-02-08 05:00:00+00:00,2780.53,2800.0,2740.277,2787.98,2708554.0,181897.0,2774.155514,,48.22070299367671,24.73578810522804,,
2022-02-09 05:00:00+00:00,2819.27,2850.485,2803.7406,2831.84,1961527.0,144383.0,2824.925652,,51.426503006685124,27.774956799098618,,
2022-02-10 05:00:00+00:00,2794.07,2829.69,2759.14,2772.4,1877558.0,163805.0,2787.764343,,47.164710456153095,25.097895726784827,,
2022-02-11 05:00:00+00:00,2772.0,2783.125,2668.0,2685.65,1872040.0,185454.0,2716.189537,,41.72941701231855,15.794239379795272,,
2022-02-14 05:00:00+00:00,2665.13,2726.0,2665.13,2710.52,1609502.0,122024.0,2702.754639,2746.579166666667,43.731411287093735,10.308990226116293,,
2022-02-15 05:00:00+00:00,2751.41,2762.17,2716.43,2732.17,1293714.0,96687.0,2734.30556,2740.9905,45.487225473243534,7.621014504844879,,
2022-02-16 05:00:00+00:00,2732.93,2761.72,2698.475,2754.76,1208348.0,100149.0,2732.428745,2736.5495000000005,47.33388498692258,7.230252734563237,,
2022-02-17 05:00:00+00:00,2724.86,2742.2699,2649.57,2650.78,1891251.0,156408.0,2681.78212,2733.070666666667,40.52830359590782,-1.4529965468209411,,
2022-02-18 05:00:00+00:00,2669.34,2681.3999,2603.93,2608.06,2426715.0,151289.0,2629.905033,2728.174333333334,38.10430040194188,-11.647416963326577,11.718080440698182,-23.365497404024758
2022-02-22 05:00:00+00:00,2596.7618,2643.605,2564.465,2596.27,2154315.0,161652.0,2600.993739,2723.372,37.43877650536108,-20.442277210293923,5.286008910499761,-25.728286120793683
2022-02-23 05:00:00+00:00,2632.97,2641.02,2550.55,2551.83,1640797.0,145603.0,2580.822357,2715.986666666666,34.96016711771749,-30.64494803386924,-1.90018247837404,-28.7447655554952
2022-02-24 05:00:00+00:00,2499.065,2660.0,2499.065,2652.37,2729841.0,227055.0,2584.322973,2711.241666666667,43.99397242360162,-30.268978473606694,-7.573941677420571,-22.695036796186123
2022-02-25 05:00:00+00:00,2671.04,2705.43,2635.03,2689.19,1711232.0,128317.0,2677.152939,2706.594333333333,46.90263831883622,-26.692261826977756,-11.397605707332009,-15.294656119645747
2022-02-28 05:00:00+00:00,2659.0,2715.03,2651.845,2701.14,1796842.0,114749.0,2687.022357,2704.2410000000004,47.84928547908552,-22.632529276746936,-13.644590421214993,-8.987938855531944
2022-03-01 05:00:00+00:00,2697.57,2725.11,2664.37,2681.23,1231120.0,101388.0,2689.779218,2700.6283333333336,46.366072417000915,-20.782168682957035,-15.0721060735634,-5.710062609393635
2022-03-02 05:00:00+00:00,2692.56,2705.25,2661.4308,2691.43,1109507.0,96188.0,2689.424323,2699.677333333333,47.26788618296827,-18.281946922204042,-15.71407424329153,-2.5678726789125133
2022-03-03 05:00:00+00:00,2720.2,2728.7899,2661.02,2677.99,1167347.0,101415.0,2690.373311,2698.866,46.16638019279685,-17.18687919600552,-16.008635233834326,-1.1782439621711944
2022-03-04 05:00:00+00:00,2658.55,2677.03,2606.75,2638.13,1440165.0,124247.0,2631.539951,2697.9320000000002,42.96828483176269,-19.312773379798728,-16.669462863027206,-2.643310516771521
2022-03-07 05:00:00+00:00,2629.76,2634.7,2525.9,2527.57,2141441.0,203318.0,2556.184698,2695.2833333333333,35.60148150463928,-29.57787254510913,-19.251144799443594,-10.326727745665536
2022-03-08 05:00:00+00:00,2525.0,2625.0,2513.4937,2542.09,1910273.0,147838.0,2558.338817,2692.817,37.12607786930994,-36.124968785222336,-22.625909596599342,-13.499059188622994
2022-03-09 05:00:00+00:00,2625.0,2674.71,2598.01,2668.4,1726504.0,123524.0,2644.081182,2697.1403333333337,48.539347863445684,-30.766768189468166,-24.25408131517311,-6.512686874295056
2022-03-10 05:00:00+00:00,2625.32,2665.435,2618.25,2648.59,1310067.0,108877.0,2640.003941,2699.271333333333,47.09540664713195,-27.798414239068734,-24.962947899952237,-2.835466339116497
2022-03-11 05:00:00+00:00,2669.77,2675.91,2592.63,2597.41,1516265.0,111659.0,2626.510026,2699.848333333334,43.495429919240756,-29.23872479942156,-25.818103279846103,-3.420621519575459
2022-03-14 04:00:00+00:00,2605.0,2608.18,2505.5,2519.02,1847126.0,161780.0,2540.044537,2694.9150000000004,38.62532462674469,-36.28730173645681,-27.911942971168248,-8.375358765288563
2022-03-15 04:00:00+00:00,2537.01,2597.09,2514.41,2583.96,1499947.0,117812.0,2566.953875,2690.8446666666664,44.19936566872327,-36.21576171007155,-29.572706718948908,-6.643054991122639
2022-03-16 04:00:00+00:00,2614.66,2666.66,2574.69,2665.61,1690960.0,124707.0,2637.710257,2687.9356666666667,50.309902813060894,-29.233606285296446,-29.50488663221842,0.2712803469219729
2022-03-17 04:00:00+00:00,2662.98,2681.608,2643.7,2676.78,1355774.0,100230.0,2667.228049,2678.4950000000003,51.098837593567545,-22.539055952093804,-28.111720496193495,5.572664544099691
2022-03-18 04:00:00+00:00,2668.49,2724.88,2645.165,2722.51,2178769.0,124791.0,2696.524646,2673.852,54.29801987020237,-13.38920533830651,-25.167217464616098,11.778012126309587
2022-03-21 04:00:00+00:00,2723.27,2741.0,2681.845,2722.03,1311710.0,106653.0,2714.842464,2669.057666666667,54.25789557035579,-6.1062260216549475,-21.35501917602387,15.248793154368922
2022-03-22 04:00:00+00:00,2722.03,2821.0,2722.03,2797.36,1745823.0,124094.0,2791.996603,2669.5023333333334,59.3364507045954,5.678629295056908,-15.948289481807715,21.62691877686462
2022-03-23 04:00:00+00:00,2774.05,2791.77,2756.7,2765.51,1314949.0,98327.0,2775.862399,2668.7533333333336,56.48113835098488,12.306323582566165,-10.29736686893294,22.603690451499105
2022-03-24 04:00:00+00:00,2784.0,2832.375,2755.01,2831.44,1293609.0,90250.0,2806.89262,2668.7400000000002,60.69726067619011,22.618091772693333,-3.7142751406076853,26.33236691330102
2022-03-25 04:00:00+00:00,2838.32,2840.7,2794.75,2833.46,1195013.0,91724.0,2825.503643,2670.775333333333,60.82249559005101,30.60049600401544,3.14867908831694,27.4518169156985
2022-03-28 04:00:00+00:00,2818.01,2840.05,2796.225,2829.11,3388901.0,217789.0,2823.849605,2675.557333333333,60.37633427369328,36.158784264977385,9.750700123649029,26.408084141328356
2022-03-29 04:00:00+00:00,2852.95,2875.87,2840.765,2850.11,1717216.0,123911.0,2856.818557,2680.2103333333334,61.83193589731825,41.776716272682734,16.15590335345577,25.620812919226964
2022-03-30 04:00:00+00:00,2849.2,2854.4063,2832.0,2838.77,994238.0,83578.0,2842.137345,2683.7636666666667,60.53863684009513,44.797526634586575,21.884228009681934,22.91329862490464
2022-03-31 04:00:00+00:00,2841.06,2842.155,2780.49,2781.35,1863091.0,111829.0,2800.080883,2684.65,54.34071260240649,42.07323245505722,25.92202889875699,16.15120355630023
2022-04-01 04:00:00+00:00,2790.0,2809.415,2766.15,2803.01,1292319.0,90429.0,2794.68357,2689.724333333333,56.16387651020331,41.18721014967059,28.975065148939713,12.212145000730878
2022-04-04 04:00:00+00:00,2807.17,2874.24,2806.21,2859.43,1293992.0,97051.0,2854.993592,2698.103333333333,60.57937192329796,44.524403954285845,32.08493291000894,12.439471044276907
2022-04-05 04:00:00+00:00,2857.38,2859.81,2807.65,2811.82,1066442.0,94514.0,2823.029275,2705.2883333333334,55.499142212578214,42.83366515215448,34.23467935843804,8.598985793716437
2022-04-06 04:00:00+00:00,2775.0,2787.21,2710.34,2730.96,1614852.0,143953.0,2739.171906,2711.259333333334,48.11854788059965,34.57050893792439,34.301845274335314,0.26866366358907356
2022-04-07 04:00:00+00:00,2720.2,2743.29,2684.5479,2717.77,1297527.0,109995.0,2717.89162,2713.4393333333333,47.02008789020541,26.650366502981797,32.77154952006461,-6.121183017082814
2022-04-08 04:00:00+00:00,2711.67,2711.81,2659.31,2665.93,1138434.0,105630.0,2684.517533,2712.6639999999998,42.87720133187803,16.00603420776497,29.418446457604684,-13.412412249839715
2022-04-11 04:00:00+00:00,2636.47,2641.85,2573.37,2576.5,1668854.0,168903.0,2598.34146,2708.5093333333334,36.84589202422372,0.3500355809392204,23.604764282271596,-23.254728701332375
2022-04-12 04:00:00+00:00,2632.0,2632.0,2535.7797,2554.29,1627088.0,151839.0,2573.8278,2704.278,35.509957022369406,-13.691787110516088,16.14545400371406,-29.83724111423015
2022-04-13 04:00:00+00:00,2560.0,2606.68,2554.825,2597.88,1385714.0,106575.0,2585.429583,2701.159666666667,40.10028781333851,-21.05991842592357,8.704379517786535,-29.764297943710105
2022-04-14 04:00:00+00:00,2609.59,2609.59,2532.02,2534.6,1576798.0,138316.0,2553.409308,2696.3799999999997,36.08478675528742,-31.640649018611384,0.6353738105069517,-32.27602282911833
2022-04-18 04:00:00+00:00,2540.0,2564.25,2523.64,2553.53,1035634.0,100076.0,2547.137858,2693.56,38.08223864511478,-38.05973254258424,-7.103647460111287,-30.956085082472956
2022-04-19 04:00:00+00:00,2553.83,2606.66,2539.99,2600.18,1321173.0,102538.0,2586.458887,2695.9803333333334,42.82432142235552,-38.9338323685738,-13.46968444180379,-25.46414792677001
2022-04-20 04:00:00+00:00,2617.84,2627.98,2550.0,2560.8,1576040.0,131081.0,2576.249326,2696.6040000000003,40.03677733690966,-42.316402518638824,-19.2390280571708,-23.077374461468025
2022-04-21 04:00:00+00:00,2585.0,2601.97,2490.53,2496.29,1811286.0,186894.0,2525.226503,2690.8669999999997,35.91279774343785,-49.63042297787888,-25.317307041312418,-24.31311593656646
2022-04-22 04:00:00+00:00,2500.0,2508.04,2378.5,2392.71,2836614.0,273340.0,2420.571748,2682.337666666667,30.483371456487504,-63.05798404448797,-32.86544244194753,-30.192541602540437
2022-04-25 04:00:00+00:00,2382.02,2465.55,2370.22,2461.48,2283634.0,171365.0,2433.027346,2677.8066666666664,37.264836632722385,-67.37361754061158,-39.767077461680344,-27.606540078931232
2022-04-26 04:00:00+00:00,2445.89,2450.2,2370.22,2373.0,3642877.0,292114.0,2373.025519,2672.9393333333333,32.827670646196395,-77.04525498013118,-47.22271296537051,-29.822542014760664
2022-04-27 04:00:00+00:00,2289.385,2344.84,2254.7301,2285.89,4363886.0,300683.0,2293.262605,2663.0036666666665,29.147895810199188,-90.69368596573622,-55.91690756544365,-34.77677840029257
2022-04-28 04:00:00+00:00,2328.3,2392.99,2282.3,2370.45,2429229.0,160765.0,2339.015642,2653.165,36.57965182789892,-93.60782778105977,-63.455091608566875,-30.152736172492894
2022-04-29 04:00:00+00:00,2334.69,2358.395,2276.29,2282.19,2117366.0,155557.0,2309.868343,2640.012,32.72168902515989,-101.86491521151447,-71.1370563291564,-30.727858882358078
2022-05-02 04:00:00+00:00,2268.1,2334.91,2252.0,2331.66,1764077.0,137701.0,2302.02902,2626.983666666667,36.748419147564064,-103.22696473438918,-77.55503801020295,-25.671926724186235
2022-05-03 04:00:00+00:00,2328.61,2368.8363,2320.69,2346.68,1234142.0,95607.0,2345.457343,2614.4719999999998,37.96249130184509,-101.91954524679159,-82.42793945752068,-19.491605789270906
2022-05-04 04:00:00+00:00,2340.63,2457.09,2302.32,2445.22,2470442.0,140962.0,2385.675726,2602.7339999999995,45.37089302028741,-91.87299669956428,-84.3169509059294,-7.55604579363488
2022-05-05 04:00:00+00:00,2404.08,2420.78,2300.115,2330.11,2271882.0,176296.0,2334.501393,2588.2206666666666,39.44507701794009,-92.13734759048839,-85.8810302428412,-6.256317347647183
2022-05-06 04:00:00+00:00,2303.69,2351.43,2280.31,2314.93,1976296.0,140129.0,2316.594329,2571.0036666666665,38.72674498800059,-92.50540201966851,-87.20590459820667,-5.299497421461837
2022-05-09 04:00:00+00:00,2265.0,2301.5418,2240.0101,2250.22,1825777.0,162831.0,2266.167941,2551.5623333333338,35.73890092574794,-96.90162241837425,-89.1450481622402,-7.756574256134044
2022-05-10 04:00:00+00:00,2310.15,2325.0,2258.01,2287.9,1977944.0,135537.0,2295.472875,2533.522,38.704417046879186,-96.23585068039847,-90.56320866587185,-5.672642014526616
2022-05-11 04:00:00+00:00,2264.73,2327.2882,2264.73,2272.05,1853025.0,126396.0,2286.392574,2514.2533333333336,37.91186043594037,-95.88191725970137,-91.62695038463775,-4.254966875063616
2022-05-12 04:00:00+00:00,2227.55,2285.9,2196.49,2256.88,2666171.0,182983.0,2240.832393,2494.8570000000004,37.128223443892345,-95.72209002400132,-92.44597831251048,-3.2761117114908416
2022-05-13 04:00:00+00:00,2290.66,2357.5,2272.1001,2321.01,1583982.0,120863.0,2319.464062,2479.512333333333,42.53574153785297,-89.39023575074407,-91.8348298001572,2.4445940494131264
2022-05-16 04:00:00+00:00,2299.11,2323.4,2277.79,2288.9,1283361.0,96049.0,2293.800718,2462.375333333333,40.65047971477838,-85.97217059932291,-90.66229795999034,4.690127360667432
2022-05-17 04:00:00+00:00,2336.81,2338.0,2297.395,2329.46,1138051.0,84132.0,2321.041505,2444.709666666667,44.02530815386312,-79.07890393539674,-88.34561915507162,9.266715219674879
2022-05-18 04:00:00+00:00,2300.0,2308.0,2231.11,2237.81,1494178.0,131005.0,2261.87877,2425.576,38.67386116825373,-80.08812345584874,-86.69412001522704,6.605996559378298
2022-05-19 04:00:00+00:00,2228.63,2260.2,2200.0,2207.68,1699288.0,121630.0,2224.751644,2408.133333333333,37.07820656904737,-82.36967010627905,-85.82923003343745,3.459559927158409
2022-05-20 04:00:00+00:00,2239.02,2243.67,2115.9272,2178.84,2257582.0,163931.0,2162.537648,2390.1690000000003,35.56557888648581,-85.51914773717135,-85.76721357418424,0.24806583701288787
2022-05-23 04:00:00+00:00,2191.75,2242.95,2174.82,2229.69,1713425.0,120299.0,2212.831194,2375.6276666666668,40.198013714698405,-82.95569975297349,-85.20491080994209,2.249211056968605
2022-05-24 04:00:00+00:00,2115.44,2129.165,2037.6936,2119.4,3824227.0,251426.0,2090.007834,2360.391,34.41825056450898,-88.7999989134687,-85.92392843064742,-2.8760704828212766
2022-05-25 04:00:00+00:00,2099.71,2130.0,2077.13,2116.1,1991338.0,125610.0,2107.8966,2345.784666666667,34.25952413008511,-92.63014784076859,-87.26517231267165,-5.3649755280969345
2022-05-26 04:00:00+00:00,2113.54,2172.99,2104.4971,2155.85,1891314.0,109291.0,2152.194955,2331.050333333333,37.97032662100378,-91.40442238106607,-88.09302232635054,-3.3114000547155342
2022-05-27 04:00:00+00:00,2189.66,2246.36,2182.765,2246.33,1886942.0,115002.0,2230.251323,2321.4413333333337,45.50999105859602,-82.18467254932102,-86.91135237094463,4.7266798216236054
2022-05-31 04:00:00+00:00,2254.93,2314.7,2241.57,2274.85,2115849.0,134791.0,2279.576609,2312.152,47.66918491065824,-71.7495446463945,-83.8789908260346,12.129446179640098
2022-06-01 04:00:00+00:00,2297.1,2342.0311,2265.0,2277.84,1816039.0,119938.0,2294.593348,2301.4073333333336,47.90226220712305,-62.51769749001187,-79.60673215883006,17.089034668818186
2022-06-02 04:00:00+00:00,2280.0,2357.99,2258.93,2352.45,1881177.0,120005.0,2324.211566,2294.4623333333334,53.471228551274464,-48.62052154139292,-73.40949003534263,24.78896849394971
2022-06-03 04:00:00+00:00,2321.25,2326.4325,2270.37,2290.82,1264200.0,100497.0,2292.204,2287.6133333333337,48.828152170100864,-42.09469398573492,-67.14653082542108,25.05183683968616
2022-06-06 04:00:00+00:00,2334.09,2386.94,2323.28,2336.41,1661853.0,109922.0,2347.256309,2285.736666666666,52.13893098895296,-32.865345399555736,-60.29029374024802,27.424948340692282
2022-06-07 04:00:00+00:00,2309.61,2353.82,2301.04,2342.99,1565956.0,84341.0,2336.149023,2281.787,52.61544628693527,-24.73494014942071,-53.17922302208255,28.444282872661844
2022-06-08 04:00:00+00:00,2335.23,2371.41,2332.0,2343.88,1296585.0,86194.0,2349.276457,2280.8163333333337,52.68406627911734,-18.012087715275356,-46.14579596072112,28.13370824544576
2022-06-09 04:00:00+00:00,2326.55,2365.9799,2295.52,2296.71,1281984.0,88983.0,2328.444139,2281.177,48.66187036902637,-16.302478683221125,-40.17713250522112,23.874653821999992
2022-06-10 04:00:00+00:00,2248.9,2265.58,2207.3224,2223.23,2062698.0,141436.0,2229.470843,2276.269666666667,43.13700300806996,-20.63891059619027,-36.26948812341495,15.63057752722468
2022-06-13 04:00:00+00:00,2135.73,2175.83,2122.3836,2127.85,2352016.0,153066.0,2142.342405,2271.125,37.2284531565382,-31.409859694998886,-35.29756243773174,3.8877027427328557
2022-06-14 04:00:00+00:00,2130.7,2158.49,2116.0,2134.31,1677564.0,108198.0,2135.363722,2264.5466666666666,37.849374123496396,-38.97536272460684,-36.03312249510677,-2.9422402295000722
2022-06-15 04:00:00+00:00,2170.9,2228.47,2153.39,2195.29,1950840.0,113158.0,2185.575317,2259.500333333334,43.52803554120591,-39.59408603584234,-36.74531520325388,-2.848770832588457
2022-06-16 04:00:00+00:00,2144.42,2172.97,2102.7601,2120.67,2583590.0,137052.0,2128.779679,2248.682,38.85018763252842,-45.580218703781156,-38.51229590335934,-7.067922800421819
2022-06-17 04:00:00+00:00,2120.67,2173.9899,2100.92,2142.87,2568612.0,112042.0,2139.363958,2242.440666666667,40.88560144966873,-47.97983582306324,-40.405803887300124,-7.5740319357631165
2022-06-21 04:00:00+00:00,2178.59,2249.785,2172.0,2230.88,2371493.0,124364.0,2229.03506,2239.639,48.241014631539194,-42.292358229075944,-40.78311475565529,-1.5092434734206535
2022-06-22 04:00:00+00:00,2211.13,2266.93,2207.6475,2229.75,1537038.0,95292.0,2239.528682,2238.9566666666665,48.15816038103851,-37.44453551892502,-40.11539890830924,2.670863389384216
2022-06-23 04:00:00+00:00,2244.63,2254.85,2210.01,2244.84,1414757.0,90759.0,2236.72975,2237.521333333333,49.40777927259453,-32.01590478568551,-38.49550008378449,6.479595298098985
2022-06-24 04:00:00+00:00,2259.9,2361.58,2259.05,2359.5,1742633.0,112522.0,2329.057863,2240.436333333333,57.74277742648058,-18.251183786302136,-34.44663682428802,16.195453037985885
2022-06-27 04:00:00+00:00,2365.46,2371.59,2303.6,2316.67,1818801.0,112030.0,2331.404003,2242.4293333333335,54.15379383694282,-10.675505695203356,-29.69241059847109,19.016904903267733
2022-06-28 04:00:00+00:00,2316.05,2346.19,2236.96,2240.15,1790916.0,114941.0,2268.192862,2239.734,48.36942119038364,-10.7226467270184,-25.89845782418055,15.17581109716215
2022-06-29 04:00:00+00:00,2231.04,2263.205,2217.4501,2234.03,1233861.0,85650.0,2233.653266,2237.9049999999997,47.92847848443553,-11.12559030776174,-22.94388432089679,11.818294013135048
2022-06-30 04:00:00+00:00,2200.0,2217.76,2135.0,2179.26,2152596.0,132942.0,2179.112043,2232.898333333333,44.057611698214,-15.683616300563244,-21.49183071683008,5.808214416266836
2022-07-01 04:00:00+00:00,2158.66,2185.0,2134.61,2174.75,1773449.0,116654.0,2159.886319,2230.796333333333,43.74431580946551,-19.435760696056605,-21.080616712675386,1.6448560166187818
2022-07-05 04:00:00+00:00,2142.01,2267.535,2114.63,2265.26,1969982.0,129952.0,2205.856957,2232.7156666666665,51.23836755942382,-14.933813875476972,-19.851256145235702,4.91744226975873
2022-07-06 04:00:00+00:00,2266.04,2311.79,2229.52,2291.44,1871569.0,99333.0,2277.122055,2236.469,53.18116980065046,-9.148028601512578,-17.71061063649108,8.562582034978501
2022-07-07 04:00:00+00:00,2301.6,2383.79,2296.67,2375.66,2046794.0,118490.0,2353.362244,2241.334666666667,58.859839621973116,2.207649645627498,-13.726958580067365,15.934608225694863
2022-07-08 04:00:00+00:00,2345.0,2393.7,2338.025,2387.07,1916604.0,104201.0,2376.941928,2250.257,59.57520671405369,11.98958958688354,-8.583648946677185,20.573238533560726
2022-07-11 04:00:00+00:00,2359.96,2359.96,2306.61,2313.53,1536018.0,95996.0,2322.812668,2256.838,53.15920963608282,13.650430400267851,-4.136833077288177,17.787263477556028
2022-07-12 04:00:00+00:00,2324.3,2339.48,2273.8044,2280.41,1497913.0,89333.0,2298.954082,2260.99,50.52034973481597,12.15404721530922,-0.8786570187686977,13.032704234077917
2022-07-13 04:00:00+00:00,2234.05,2283.92,2224.03,2227.07,2186101.0,131370.0,2242.026255,2260.3479999999995,46.51552841644447,6.588116831478601,0.614697751280762,5.973419080197839
2022-07-14 04:00:00+00:00,2204.21,2221.86,2167.46,2207.35,1857851.0,118348.0,2199.930272,2258.098,45.09235349789543,0.5791614956397098,0.6075905001525516,-0.028429004512841805
2022-07-15 04:00:00+00:00,2240.01,2262.81,2218.0,2235.55,2338611.0,121924.0,2234.998414,2256.688333333333,47.563078393509095,-1.8857369754095998,0.10892500504012131,-1.9946619804497212
2022-07-18 04:00:00+00:00,112.64,113.68,108.37,109.03,43164588.0,678033.0,110.896762,2181.907666666667,10.219309230408314,-173.4323584330648,-34.59933168258087,-138.83302675048392
2022-07-19 04:00:00+00:00,110.85,114.02,109.56,113.81,36523256.0,478213.0,112.411214,2109.3406666666665,10.389622939657613,-305.47723440777395,-88.7749122276195,-216.70232218015445
2022-07-20 04:00:00+00:00,113.17,115.4,112.48,113.9,35596854.0,378801.0,113.983437,2035.257,10.393069672013723,-405.4427955343094,-152.10848888895748,-253.33430664535194
2022-07-21 04:00:00+00:00,114.28,114.55,111.1132,114.34,32877865.0,371492.0,113.321519,1960.9686666666669,10.411212198555347,-479.1078614250787,-217.50836339618172,-261.59949802889696
2022-07-22 04:00:00+00:00,111.0,112.34,106.5,107.9,48820270.0,614843.0,108.873417,1886.4360000000001,10.378092104447319,-531.8764701836576,-280.38198475367693,-251.49448542998067
2022-07-25 04:00:00+00:00,108.41,109.87,106.3,107.51,34698455.0,411521.0,107.610613,1813.4626666666666,10.375939416326673,-567.1892380693401,-337.7434354168096,-229.44580265253057
2022-07-26 04:00:00+00:00,106.6,107.2,104.07,105.02,47991000.0,544018.0,105.910088,1742.8556666666666,10.36116223879037,-588.5908740131731,-387.91292313608227,-200.67795087709084
2022-07-27 04:00:00+00:00,109.26,113.91,108.01,113.06,59686240.0,566342.0,111.779459,1675.6960000000001,10.802891556637064,-598.009581672721,-429.9322548434101,-168.0773268293109
2022-07-28 04:00:00+00:00,112.37,114.34,111.46,114.22,32816568.0,349205.0,113.2712,1608.3596666666667,10.87113563995213,-598.4814514154126,-463.6420941578106,-134.839357257602
2022-07-29 04:00:00+00:00,113.08,116.705,113.06,116.32,37196582.0,374685.0,115.364363,1539.060666666667,11.003884642896608,-591.8633271236138,-489.28634075097125,-102.57698637264252
2022-08-01 04:00:00+00:00,115.3,116.72,114.34,114.86,26025783.0,345515.0,115.398649,1472.2003333333334,10.991627390276378,-580.0497730246418,-507.43902720570543,-72.61074581893638
2022-08-02 04:00:00+00:00,114.0,116.35,113.72,115.13,20236029.0,263481.0,115.020407,1404.6090000000002,11.011368757472468,-564.1623471861351,-518.7836912017914,-45.37865598434371
2022-08-03 04:00:00+00:00,115.71,118.62,115.48,118.08,28499014.0,333597.0,117.860004,1334.1823333333334,11.242997222580982,-545.0504056068362,-524.0370340828003,-21.013371524035847
2022-08-04 04:00:00+00:00,117.48,118.78,116.89,118.19,21602925.0,300942.0,117.903794,1263.7969999999998,11.252273420189766,-523.8564866417806,-524.0009245945964,0.14443795281579241
2022-08-05 04:00:00+00:00,116.23,118.1056,116.0,117.47,19156133.0,259689.0,117.179979,1192.8846666666666,11.243989950127585,-501.33912578150307,-519.4685648319778,18.12943905047473
2022-08-08 04:00:00+00:00,118.39,120.15,116.88,117.3,19169479.0,251026.0,118.17715,1118.1446666666668,11.241885627615659,-477.997613702579,-511.17437460609807,33.176760903519096
2022-08-09 04:00:00+00:00,117.135,117.32,115.71,116.63,19072633.0,237769.0,116.588788,1044.81,11.232962918348079,-454.31628527946094,-499.80275674077063,45.48647146130969
2022-08-10 04:00:00+00:00,118.78,120.92,118.41,119.7,30930350.0,293278.0,119.665681,974.1283333333334,11.579268855872428,-430.3402440900726,-485.910254210631,55.570010120558436
2022-08-11 04:00:00+00:00,121.28,121.49,118.56,118.84,24293654.0,266113.0,119.676328,903.622,11.565656814065377,-406.7200380973602,-470.0722109879769,63.352172890616714
2022-08-12 04:00:00+00:00,120.26,121.68,119.46,121.68,19081473.0,218820.0,120.776444,835.0360000000001,11.93383309179164,-383.3526398056639,-452.72829675151434,69.37565694585044
2022-08-15 04:00:00+00:00,121.13,122.3,120.61,122.08,19494825.0,252577.0,121.713888,766.6136666666667,11.989410221530221,-360.6442492374613,-434.31148724870377,73.66723801124249
2022-08-16 04:00:00+00:00,121.52,122.43,120.64,121.7,19041230.0,261085.0,121.619931,695.1616666666666,11.981674286421836,-338.773182561662,-415.2038263112955,76.43064374963348
2022-08-17 04:00:00+00:00,120.12,121.29,119.38,119.55,22921743.0,300776.0,120.025692,622.7653333333334,11.934753207740243,-317.94857838476327,-395.75277672598907,77.8041983412258
2022-08-18 04:00:00+00:00,119.43,120.82,118.72,120.17,17987660.0,233287.0,120.058929,547.5823333333334,12.041723972295046,-297.96020099961737,-376.19426158071474,78.23406058109737
2022-08-19 04:00:00+00:00,119.06,119.15,116.76,117.21,21809528.0,259598.0,117.673828,471.92033333333336,11.96698792904698,-279.14035887735645,-356.7834810400431,77.64312216268667
2022-08-22 04:00:00+00:00,115.2,115.63,113.85,114.24,21456648.0,293681.0,114.47182,398.6106666666667,11.887266904934265,-261.45130469179753,-337.717045770394,76.26574107859648
2022-08-23 04:00:00+00:00,113.475,115.01,113.43,113.86,15870373.0,216802.0,114.122495,326.3923333333333,11.87636547668572,-244.64317044736478,-319.10227070578816,74.45910025842338
2022-08-24 04:00:00+00:00,113.5,114.78,112.8701,113.69,17734624.0,207871.0,113.891217,255.9463333333333,11.871120505479269,-228.70000919662837,-301.0218184039562,72.32180920732785
2022-08-25 04:00:00+00:00,114.235,116.72,114.11,116.65,16956794.0,222757.0,115.678649,186.25633333333334,12.594928970012234,-213.3665351774289,-283.49076175865076,70.12422658122188
2022-08-26 04:00:00+00:00,114.72,115.12,110.19,110.34,37245697.0,470822.0,111.936018,115.416,12.361845722688543,-199.42496396378337,-266.6776021996773,67.25263823589395
2022-08-29 04:00:00+00:00,109.99,110.95,108.8,109.42,21203656.0,330865.0,109.810157,115.429,12.326029342929928,-186.3028216856989,-250.60264609688164,64.29982441118275
2022-08-30 04:00:00+00:00,110.17,110.5,107.8,108.94,27654052.0,313471.0,108.880759,115.26666666666667,12.305996008998093,-173.93712250274726,-235.26954137805478,61.332418875307525
2022-08-31 04:00:00+00:00,110.65,110.85,108.13,108.22,28624613.0,288861.0,109.065676,115.07733333333334,12.273771670179144,-162.32414311436355,-220.68046172531655,58.356318610953
2022-09-01 04:00:00+00:00,108.28,110.445,107.36,109.74,28360435.0,365903.0,108.781889,114.924,12.792947693185823,-151.2545536435288,-206.795280108959,55.5407264654302
2022-09-02 04:00:00+00:00,110.59,110.74,107.26,107.85,24154891.0,304312.0,108.917997,114.92233333333334,12.692363308387783,-141.00886897386025,-193.63799788193927,52.629128908079025
2022-09-06 04:00:00+00:00,107.3,108.03,105.78,106.81,25059005.0,312920.0,106.821161,114.89899999999999,12.633500650904793,-131.45764743524404,-181.20192779260026,49.74428035735622
2022-09-07 04:00:00+00:00,107.06,109.98,106.9,109.45,23241732.0,263272.0,108.698277,115.04666666666665,13.727271078097843,-122.26580551826274,-169.41470333773276,47.14889781947002
2022-09-08 04:00:00+00:00,108.04,109.6,107.16,108.38,24225349.0,247369.0,108.337264,114.89066666666666,13.65266687935501,-113.75623358309775,-158.2830093868058,44.526775803708034
2022-09-09 04:00:00+00:00,109.065,110.99,109.02,110.65,23233485.0,265301.0,110.331015,114.77166666666668,14.711665650509886,-105.61174008878791,-147.7487555272022,42.137015438414295
2022-09-12 04:00:00+00:00,110.99,111.62,109.93,110.86,22966752.0,261373.0,110.761343,114.58966666666667,14.815749645757364,-98.01042193696354,-137.80108880915446,39.790666872190926
2022-09-13 04:00:00+00:00,107.8,108.3,104.09,104.32,38138596.0,487975.0,105.456533,114.23833333333333,14.233190892255934,-91.45975475890214,-128.53282199910402,37.07306724020188
2022-09-14 04:00:00+00:00,104.57,105.275,103.66,105.0,26451095.0,328181.0,104.572446,113.90066666666667,14.609152306184882,-85.23094423752747,-119.87244644678871,34.64150220926125
2022-09-15 04:00:00+00:00,104.03,105.27,102.35,102.91,34153169.0,397209.0,103.357318,113.39500000000001,14.400215444110373,-79.54625286907124,-111.80720773124523,32.26095486217399
2022-09-16 04:00:00+00:00,102.07,103.13,100.94,102.8,42791752.0,385095.0,102.27031,112.882,14.388551693772953,-74.19469976992094,-104.28470613898038,30.090006369059438
2022-09-19 04:00:00+00:00,101.75,103.33,101.55,103.07,23036811.0,259498.0,102.420079,112.402,14.571457706971628,-69.13482540711179,-97.25472999260667,28.11990458549488
2022-09-20 04:00:00+00:00,102.08,102.37,100.52,101.14,26516123.0,300989.0,101.452007,111.86333333333333,14.335685380588728,-64.53663523218029,-90.71111104052139,26.1744758083411
2022-09-21 04:00:00+00:00,101.67,102.88,99.27,99.28,31477690.0,379311.0,100.767735,111.28500000000001,14.098921183569459,-60.34698042011509,-84.63828491644014,24.291304496325054
2022-09-22 04:00:00+00:00,98.82,101.24,98.79,100.14,34294150.0,374611.0,100.142132,110.63300000000001,14.799584646421408,-56.30816846855272,-78.97226162686266,22.66409315830994
2022-09-23 04:00:00+00:00,99.63,99.66,97.47,98.74,31625437.0,405120.0,98.556833,109.963,14.590939456846144,-52.6138494926158,-73.7005792000133,21.086729707397495
2022-09-26 04:00:00+00:00,98.1,99.88,97.8,98.17,27072662.0,318494.0,98.578126,109.17933333333333,14.501300395182952,-49.16532209559837,-68.79352777913032,19.628205683531945
2022-09-27 04:00:00+00:00,99.43,100.0,96.872,97.5,30072781.0,327999.0,98.026199,108.35999999999999,14.38939750926454,-45.95664311393972,-64.2261508460922,18.269507732152476
2022-09-28 04:00:00+00:00,97.65,100.7,97.11,100.05,32430637.0,333014.0,99.190137,107.63833333333334,17.014150522160165,-42.715579602794705,-59.924036597432696,17.20845699463799
2022-09-29 04:00:00+00:00,98.64,98.64,95.96,97.42,31047224.0,348601.0,96.962894,106.90066666666667,16.45384045851499,-39.89929816696551,-55.919088911339266,16.019790744373758
2022-09-30 04:00:00+00:00,97.05,98.9,95.56,95.65,32865717.0,326483.0,96.720513,106.08333333333333,16.070271401525574,-37.37931358713392,-52.2111338464982,14.831820259364278
2022-10-03 04:00:00+00:00,96.76,99.2872,96.521,98.64,27982031.0,274702.0,98.220793,105.46433333333334,19.484845328146818,-34.7404730919709,-48.71700169559274,13.976528603621844
2022-10-04 04:00:00+00:00,100.44,101.84,100.38,101.64,28850773.0,278338.0,101.348514,105.04433333333333,22.875232668053044,-32.03778640098024,-45.38115863667025,13.343372235690012
2022-10-05 04:00:00+00:00,99.825,101.93,98.8,101.43,22176903.0,253214.0,100.424707,104.62999999999998,22.8028485126043,-29.571945986090356,-42.219316106554274,12.647370120463918
2022-10-06 04:00:00+00:00,100.68,102.9254,100.59,101.42,22319697.0,228825.0,101.671638,104.221,22.79914885089981,-27.30381522244626,-39.23621592973267,11.932400707286412
2022-10-07 04:00:00+00:00,99.85,100.53,98.295,98.68,27502765.0,269537.0,99.039928,103.62200000000001,21.757509587315255,-25.434210604520572,-36.47581486469026,11.041604260169684
2022-10-10 04:00:00+00:00,99.0,99.095,97.01,97.86,18225094.0,200134.0,97.961942,103.20599999999999,21.441785563489162,-23.74498521321675,-33.92964893439556,10.184663721178808
2022-10-11 04:00:00+00:00,97.43,99.245,96.31,97.18,26500015.0,287121.0,97.595682,102.798,21.167472061525885,-22.20516491845487,-31.584752131207424,9.379587212752554
2022-10-12 04:00:00+00:00,97.3,98.75,96.735,97.56,21938593.0,232143.0,97.733435,102.41866666666667,21.76978215763377,-20.71538930382998,-29.410879565731936,8.695490261901956
2022-10-13 04:00:00+00:00,95.15,99.775,94.3836,99.06,34429075.0,397284.0,97.653164,102.11333333333333,24.230717537070106,-19.19245525472124,-27.367194703529798,8.174739448808559
2022-10-14 04:00:00+00:00,99.99,100.69,96.37,96.56,25384030.0,291869.0,97.464401,101.67399999999999,22.935712833841677,-17.979986068043786,-25.489752976432598,7.509766908388812
2022-10-17 04:00:00+00:00,98.86,100.93,98.83,99.97,28419192.0,288544.0,100.099262,101.41133333333333,28.545348190678695,-16.553122903917085,-23.702426961929497,7.149304058012412
2022-10-18 04:00:00+00:00,103.13,103.47,99.97,100.77,24060671.0,271620.0,101.136084,101.21000000000001,29.835728647653667,-15.182752927419898,-21.998492155027577,6.815739227607679
2022-10-19 04:00:00+00:00,100.01,101.0183,98.9201,99.63,23810843.0,244216.0,99.863942,100.88266666666667,29.03118144799133,-14.027018581988543,-20.40419744041977,6.377178858431229
2022-10-20 04:00:00+00:00,100.0,102.32,99.39,99.97,25323125.0,265648.0,100.421037,100.60233333333333,29.64057229418816,-12.93455413947693,-18.910268780231206,5.975714640754276
2022-10-21 04:00:00+00:00,97.845,101.31,97.72,101.13,32458722.0,313758.0,99.822108,100.285,31.79248348126137,-11.838696765549287,-17.495954377294822,5.6572576117455355
2022-10-24 04:00:00+00:00,101.8,102.75,99.98,102.52,27169138.0,290904.0,101.763151,100.007,34.38227445060927,-10.734321936796292,-16.143627889195116,5.4093059523988245
2022-10-25 04:00:00+00:00,102.9,104.82,102.72,104.48,40615875.0,413280.0,102.890757,100.01233333333333,37.95940183627872,-9.590389271114645,-14.832980165579023,5.242590894464378
2022-10-26 04:00:00+00:00,96.43,98.31,94.69,94.93,88142531.0,931642.0,96.282693,99.67666666666668,29.51622282400281,-9.346676906023731,-13.735719513667966,4.389042607644235
2022-10-27 04:00:00+00:00,94.52,95.43,91.8,92.22,60710859.0,717132.0,92.949686,99.32033333333332,27.637608212909825,-9.265401669487858,-12.841655944831945,3.5762542753440876
2022-10-28 04:00:00+00:00,92.27,96.55,92.13,96.29,43651033.0,416408.0,94.771632,99.10333333333332,34.39139746492141,-8.771463502179245,-12.027617456301407,3.256153954122162
2022-10-31 04:00:00+00:00,95.42,96.03,93.98,94.51,31667423.0,295252.0,94.634145,98.818,32.94325472191974,-8.426509513522305,-11.307395867745587,2.880886354223282
2022-11-01 04:00:00+00:00,95.45,96.03,90.37,90.47,47161351.0,542648.0,91.904823,98.46233333333333,29.869074262516534,-8.382497020830712,-10.722416098362611,2.339919077531899
2022-11-02 04:00:00+00:00,90.94,91.18,86.88,86.97,56252360.0,652004.0,89.113379,98.05199999999999,27.476853708661693,-8.531689546262328,-10.284270787942557,1.7525812416802289
2022-11-03 04:00:00+00:00,86.32,86.52,83.34,83.43,61288019.0,639474.0,84.738949,97.49499999999999,25.2721905568591,-8.833744208110318,-9.99416547197611,1.1604212638657927
2022-11-04 04:00:00+00:00,85.4,86.64,83.71,86.58,51115783.0,488941.0,85.530787,97.08966666666667,30.607729736942943,-8.718445220007055,-9.7390214215823,1.0205762015752455
2022-11-07 05:00:00+00:00,87.28,88.9,86.85,88.49,34110312.0,325273.0,88.001367,96.76700000000001,33.698909286698026,-8.376391081521504,-9.466495353570142,1.090104272048638
2022-11-08 05:00:00+00:00,88.9,90.32,87.5901,88.9,30423162.0,308800.0,89.020023,96.48033333333335,34.37471138300258,-7.980235946451387,-9.169243472146391,1.1890075256950041
2022-11-09 05:00:00+00:00,88.45,89.435,87.28,87.32,31769099.0,281862.0,88.198933,96.056,32.979620720410935,-7.704955017875648,-8.876385781292242,1.1714307634165948
2022-11-10 05:00:00+00:00,92.25,94.39,91.61,93.94,51614160.0,482645.0,93.421596,95.94,43.353113358696746,-6.873382153403185,-8.475785055714432,1.6024029023112476
2022-11-11 05:00:00+00:00,94.69,96.93,93.92,96.41,33090482.0,341969.0,96.00663,95.96533333333333,46.669875780271326,-5.946498773507059,-7.969927799272958,2.023429025765899
2022-11-14 05:00:00+00:00,95.09,96.79,94.51,95.7,30179539.0,302633.0,95.69031,95.86733333333333,45.83903113138973,-5.209179900101191,-7.417778219438605,2.2085983193374146
2022-11-15 05:00:00+00:00,98.26,100.14,96.71,98.44,41593479.0,421405.0,98.476196,95.76066666666667,49.57021936078149,-4.353569046007124,-6.80493638475231,2.451367338745186
2022-11-16 05:00:00+00:00,97.9,99.6375,97.64,98.85,29105154.0,265830.0,98.742714,95.67466666666668,50.12391495529213,-3.600898786577204,-6.16412886511729,2.5632300785400854
2022-11-17 05:00:00+00:00,96.97,99.28,96.79,98.36,26055594.0,257549.0,98.019332,95.57266666666668,49.42547076338906,-3.00925230085204,-5.53315355226424,2.5239012514122
2022-11-18 05:00:00+00:00,98.77,98.9,96.37,97.43,28342297.0,241761.0,97.513202,95.53099999999999,48.05675668336461,-2.585606167581858,-4.943644075327764,2.3580379077459064
2022-11-21 05:00:00+00:00,97.29,98.4,95.355,95.6,21647387.0,224985.0,96.252667,95.45566666666667,45.392947402660994,-2.3702069900330685,-4.428956658268826,2.058749668235757
2022-11-22 05:00:00+00:00,95.95,97.22,94.05,97.05,23438480.0,214499.0,96.189035,95.45133333333334,47.85914795186508,-2.0587665291041617,-3.9549186324358927,1.896152103331731
2022-11-23 05:00:00+00:00,97.09,98.76,97.09,98.46,18868345.0,197944.0,98.080241,95.48133333333334,50.21378802842178,-1.6788201106657965,-3.499698928081874,1.8208788174160775
2022-11-25 05:00:00+00:00,98.24,98.64,97.4,97.46,9701441.0,106897.0,97.758794,95.42800000000001,48.53958531980134,-1.441781519460065,-3.0881154463575125,1.6463339268974475
2022-11-28 05:00:00+00:00,97.0363,97.58,95.61,96.05,26252433.0,211328.0,96.257927,95.411,46.20055401261728,-1.352115597353432,-2.7409154765566965,1.3887998792032645
2022-11-29 05:00:00+00:00,95.73,96.12,94.11,95.19,20062120.0,203984.0,95.189051,95.25166666666665,44.78307098730711,-1.3350597826277095,-2.4597443377708994,1.1246845551431899
2022-11-30 05:00:00+00:00,94.82,101.04,94.42,100.99,43591463.0,327549.0,99.132901,95.25899999999999,54.84518012001277,-0.8438045456474015,-2.1365563793462,1.2927518336987984
2022-12-01 05:00:00+00:00,101.02,102.25,100.25,100.99,28716625.0,267584.0,101.150207,95.30433333333333,54.84518012001277,-0.44930195774948345,-1.7991054950268568,1.3498035372773733
2022-12-02 05:00:00+00:00,99.05,100.77,98.9,100.44,21480703.0,218885.0,99.94406,95.32,53.76761965907698,-0.17897312725679626,-1.4750790214728449,1.2961058942160486
2022-12-05 05:00:00+00:00,99.4,101.38,99.0,99.48,24405087.0,243339.0,100.045472,95.26500000000001,51.8526267552021,-0.04171865177384859,-1.1884069475330457,1.146688295759197
2022-12-06 05:00:00+00:00,99.3,99.78,96.42,96.98,24910655.0,254681.0,97.396207,95.08033333333334,47.14368475073581,-0.1331378672584549,-0.9773531314781275,0.8442152642196726
2022-12-07 05:00:00+00:00,96.41,96.8811,94.715,94.94,31031121.0,287253.0,95.337116,94.76233333333334,43.65946282074145,-0.36598041081752797,-0.8550785873460076,0.48909817652847964
2022-12-08 05:00:00+00:00,95.38,95.58,93.45,93.71,32213288.0,304527.0,94.072674,94.72166666666666,41.6602291049102,-0.6423558462462324,-0.8125340391260526,0.17017819287982017
2022-12-09 05:00:00+00:00,93.77,94.26,92.75,92.83,28224748.0,284782.0,93.43497,94.742,40.240483244927056,-0.9217684427075028,-0.8343809198423427,-0.08738752286516005
2022-12-12 05:00:00+00:00,92.71,93.56,91.61,93.31,29509008.0,267695.0,92.667696,94.64266666666667,41.413302859615676,-1.0918863636648126,-0.8858820086068369,-0.20600435505797576
2022-12-13 05:00:00+00:00,97.76,99.53,95.03,95.63,40515642.0,395869.0,96.728788,94.68,46.84345865790396,-1.0276552605554201,-0.9142366589965536,-0.11341860155886652
2022-12-14 05:00:00+00:00,95.2,96.87,93.6,95.07,28472943.0,312747.0,95.403919,94.83333333333333,45.741393203842776,-1.0102929403351908,-0.9334479152642811,-0.07684502507090973
2022-12-15 05:00:00+00:00,93.13,93.64,90.01,90.86,40107033.0,357420.0,91.087158,94.963,38.42281996077855,-1.3210171288767611,-1.0109617579867771,-0.310055370889984
2022-12-16 05:00:00+00:00,90.76,91.33,89.52,90.26,57925588.0,301432.0,90.316216,95.19066666666666,37.50189532621388,-1.5972709275474983,-1.1282235918989214,-0.4690473356485769
2022-12-19 05:00:00+00:00,90.255,90.56,88.21,88.44,29493030.0,280950.0,89.053309,95.25266666666667,34.778849868211424,-1.9406917563915442,-1.2907172247974459,-0.6499745315940983
2022-12-20 05:00:00+00:00,88.11,89.175,87.4401,89.02,23753811.0,231710.0,88.61578,95.27033333333333,36.364624885532805,-2.141369707692249,-1.4608477213764066,-0.6805219863158423
2022-12-21 05:00:00+00:00,89.08,90.22,88.32,89.58,24745637.0,220550.0,89.531909,95.29299999999999,37.93373508762289,-2.22952058454959,-1.6145822940110435,-0.6149382905385465
2022-12-22 05:00:00+00:00,88.16,88.54,86.32,87.76,27658293.0,296134.0,87.382591,95.30766666666666,34.92005083229138,-2.4183622050554874,-1.7753382762199323,-0.643023928835555
2022-12-23 05:00:00+00:00,87.11,89.545,87.07,89.23,23003035.0,251987.0,88.852909,95.15066666666667,39.12663952153949,-2.421490401120721,-1.9045687012000903,-0.5169216999206308
2022-12-27 05:00:00+00:00,88.795,88.94,87.01,87.39,20227335.0,216646.0,87.650324,94.85,35.99076222593929,-2.543126561557912,-2.0322802732716547,-0.5108462882862574
2022-12-28 05:00:00+00:00,86.98,88.04,85.94,86.02,19523176.0,210221.0,86.495316,94.52733333333332,33.81748445374676,-2.7187317976661802,-2.16957057815056,-0.5491612195156201
2022-12-29 05:00:00+00:00,86.62,88.845,86.61,88.45,23333537.0,207481.0,88.239726,94.19433333333333,40.661784850268766,-2.6314853952135024,-2.2619535415631487,-0.3695318536503538
2022-12-30 05:00:00+00:00,86.98,88.3,86.57,88.23,23943260.0,220535.0,87.574071,93.84033333333333,40.25588743313069,-2.5506913716940005,-2.319701107589319,-0.2309902641046815
2023-01-03 05:00:00+00:00,89.585,91.05,88.52,89.12,28121875.0,282598.0,89.321772,93.53233333333333,42.745828089617895,-2.387326351880219,-2.333226156447499,-0.05410019543271982
2023-01-04 05:00:00+00:00,90.35,90.65,87.271,88.08,34938455.0,366813.0,88.255078,93.22066666666666,40.61565283070204,-2.315090779640016,-2.3295990810860028,0.014508301445986582
2023-01-05 05:00:00+00:00,87.47,87.57,85.9,86.2,27118569.0,278683.0,86.556768,92.90733333333334,37.02385087367939,-2.3820846671482343,-2.340096198298449,-0.04198846884978513
2023-01-06 05:00:00+00:00,86.79,87.69,84.86,87.34,41381495.0,400638.0,86.460919,92.58366666666666,40.462150903144526,-2.316486320698573,-2.3353742227784737,0.018887902079900876
2023-01-09 05:00:00+00:00,88.36,90.05,88.11,88.475,21310595.0,249620.0,89.280656,92.25083333333332,43.75468096031559,-2.148151589768517,-2.2979296961764826,0.14977810640796552
