timestamp,open,high,low,close,volume,trade_count,vwap,30sma,rsi,macd,signal,histogram
2022-01-03 05:00:00+00:00,2889.51,2911.0,2870.05,2901.49,1260426.0,78446.0,2896.567039,,,,,
2022-01-04 05:00:00+00:00,2911.01,2932.2,2876.3225,2888.33,1145362.0,77969.0,2896.311636,,,,,
2022-01-05 05:00:00+00:00,2883.62,2885.96,2750.47,2754.025,2279119.0,154441.0,2802.54287,,,,,
2022-01-06 05:00:00+00:00,2749.95,2793.72,2735.27,2751.02,1448989.0,94568.0,2762.971248,,,,,
2022-01-07 05:00:00+00:00,2758.1,2765.0949,2715.78,2740.09,969238.0,73722.0,2740.499746,,,,,
2022-01-10 05:00:00+00:00,2701.98,2772.8,2662.81,2771.48,1692096.0,125442.0,2722.016292,,,,,
2022-01-11 05:00:00+00:00,2763.61,2806.59,2736.27,2800.35,1175062.0,73933.0,2784.007387,,,,,
2022-01-12 05:00:00+00:00,2831.09,2856.2849,2822.24,2832.96,1181474.0,66982.0,2837.622862,,,,,
2022-01-13 05:00:00+00:00,2836.81,2863.71,2778.28,2782.62,1324827.0,76541.0,2813.560141,,,,,
2022-01-14 05:00:00+00:00,2750.0,2824.01,2750.0,2795.73,1189306.0,72418.0,2792.479064,,,,,
2022-01-18 05:00:00+00:00,2732.0,2747.8299,2712.34,2725.81,1363546.0,89369.0,2728.43473,,,,,
2022-01-19 05:00:00+00:00,2738.77,2767.99,2710.0,2713.04,1036810.0,64304.0,2737.462725,,,,,
2022-01-20 05:00:00+00:00,2730.28,2758.24,2662.89,2670.13,1087461.0,78365.0,2714.577043,,,,,
2022-01-21 05:00:00+00:00,2660.24,2695.21,2600.02,2601.84,2082524.0,125052.0,2646.091358,,,,,
2022-01-24 05:00:00+00:00,2520.55,2615.57,2492.839,2607.44,2721848.0,182716.0,2550.45514,,21.573442122155413,,,
2022-01-25 05:00:00+00:00,2568.71,2586.77,2527.56,2534.71,1796160.0,107982.0,2549.631743,,18.736106536466906,,,
2022-01-26 05:00:00+00:00,2611.85,2656.15,2543.21,2584.8,1935332.0,122680.0,2600.585343,,25.958612925469453,,,
2022-01-27 05:00:00+00:00,2627.22,2652.1988,2578.9,2582.42,1498228.0,103775.0,2608.646804,,25.841092922150438,,,
2022-01-28 05:00:00+00:00,2600.0,2667.41,2573.89,2665.79,1519269.0,98139.0,2629.119837,,36.65877680232634,,,
2022-01-31 05:00:00+00:00,2683.96,2716.87,2645.48,2713.97,1697514.0,117557.0,2688.3569,,41.93059048338504,,,
2022-02-01 05:00:00+00:00,2756.7,2764.0,2691.3645,2757.57,2553573.0,197580.0,2781.886739,,46.28726625560789,,,
2022-02-02 05:00:00+00:00,3037.27,3042.0,2911.1501,2960.73,4484450.0,326515.0,2973.176267,,60.97825228364269,,,
2022-02-03 05:00:00+00:00,2905.9,2982.3544,2844.1,2853.01,2840393.0,210357.0,2908.628531,,52.74128698769383,,,
2022-02-04 05:00:00+00:00,2860.34,2890.705,2796.35,2860.32,2455224.0,160543.0,2848.856771,,53.203256811980424,,,
2022-02-07 05:00:00+00:00,2874.18,2876.9299,2773.98,2778.76,2223722.0,157239.0,2809.127781,,47.611041048544614,,,
2022-02-08 05:00:00+00:00,2779.825,2796.7424,2737.46,2784.26,1708757.0,127146.0,2770.183487,,48.00791544949466,22.243884049982626,,
2022-02-09 05:00:00+00:00,2816.995,2843.51,2807.54,2829.06,1385961.0,104186.0,2822.369746,,51.24764617931468,25.39639410847758,,
2022-02-10 05:00:00+00:00,2790.0,2828.62,2761.0,2772.05,1568631.0,121965.0,2787.72037,,47.21569057445456,23.02908553198813,,
2022-02-11 05:00:00+00:00,2775.0,2785.665,2665.77,2682.6,1810596.0,138122.0,2717.604497,,41.67536577176903,13.776304333518965,,
2022-02-14 05:00:00+00:00,2667.31,2723.3299,2666.2014,2706.0,1256598.0,88106.0,2700.727464,2746.746833333333,43.54173099963394,8.236646080205446,,
2022-02-15 05:00:00+00:00,2749.43,2758.0,2710.7901,2728.51,1280460.0,72222.0,2729.117357,2740.9808333333335,45.35329189346501,5.598262593077379,,
2022-02-16 05:00:00+00:00,2728.61,2758.92,2696.4728,2749.75,1238309.0,77087.0,2729.028482,2736.3615,47.078806766246586,5.161714133440455,,
2022-02-17 05:00:00+00:00,2723.0,2736.79,2644.04,2646.17,1499761.0,108056.0,2676.29731,2732.7663333333335,40.38225346943393,-3.501925988878611,,
2022-02-18 05:00:00+00:00,2660.75,2676.48,2606.1405,2609.35,1526960.0,106059.0,2629.66329,2728.044,38.2968891370553,-13.18697821019532,9.639265181290739,-22.82624339148606
2022-02-22 05:00:00+00:00,2599.594,2638.015,2554.82,2588.05,1838384.0,121777.0,2594.188414,2722.976,37.10322125213445,-22.323848432478826,3.246642458536826,-25.570490891015652
2022-02-23 05:00:00+00:00,2621.57,2634.98,2550.07,2551.7,1322786.0,99901.0,2578.379672,2715.65,35.092973104418064,-32.12767725697404,-3.828221484565347,-28.29945577240869
2022-02-24 05:00:00+00:00,2500.0,2660.74,2495.29,2653.0,2165189.0,156767.0,2582.603648,2710.7383333333332,44.17093081273363,-31.36170066924842,-9.334917321501962,-22.02678334774646
2022-02-25 05:00:00+00:00,2670.51,2707.78,2635.3,2690.39,1221597.0,88640.0,2679.059275,2705.986,47.111224131482025,-27.42150020115332,-12.952233897432233,-14.469266303721088
2022-02-28 05:00:00+00:00,2665.69,2712.81,2656.505,2697.82,1364182.0,84270.0,2685.028478,2703.1593333333335,47.70067066986002,-23.42924627086586,-15.04763637211896,-8.3816098987469
2022-03-01 05:00:00+00:00,2689.6,2722.22,2667.57,2683.36,1121276.0,72291.0,2690.344374,2699.413666666667,46.611886619326704,-21.187916311001572,-16.275692359895483,-4.912223951106089
2022-03-02 05:00:00+00:00,2687.96,2712.31,2668.65,2695.03,1109306.0,75648.0,2695.471234,2698.387666666667,47.65041355879581,-18.259490657990682,-16.672452019514523,-1.5870386384761588
2022-03-03 05:00:00+00:00,2719.57,2734.2759,2668.62,2686.16,928078.0,68879.0,2696.212926,2697.491666666667,46.90359217487779,-16.464633059101743,-16.630888227431967,0.16625516833022402
2022-03-04 05:00:00+00:00,2667.65,2683.98,2608.17,2642.44,1159542.0,78720.0,2635.602285,2696.5686666666666,43.30119824812281,-18.358409777247743,-16.976392537395125,-1.382017239852619
2022-03-07 05:00:00+00:00,2638.08,2638.08,2528.2,2529.29,1829812.0,134977.0,2561.969365,2694.1503333333335,35.66631462675659,-28.65913615440195,-19.312941260796492,-9.346194893605457
2022-03-08 05:00:00+00:00,2525.01,2624.93,2517.215,2545.57,1632507.0,94226.0,2560.142558,2692.088,37.37719463583969,-35.10421652220748,-22.47119631307869,-12.63302020912879
2022-03-09 05:00:00+00:00,2626.15,2683.97,2601.76,2677.32,1509456.0,88844.0,2650.76524,2696.8416666666667,49.16041554513946,-29.243761351432113,-23.825709320749375,-5.4180520306827376
2022-03-10 05:00:00+00:00,2631.73,2670.77,2628.02,2653.64,1145977.0,71162.0,2649.309604,2699.1363333333334,47.43288091785888,-26.207977256363847,-24.30216290787227,-1.9058143484915782
2022-03-11 05:00:00+00:00,2679.99,2684.0,2605.93,2609.51,1271951.0,74611.0,2637.489153,2700.039333333333,44.30802148236112,-27.05118940687862,-24.85196820767354,-2.1992211992050805
2022-03-14 04:00:00+00:00,2611.46,2620.52,2528.26,2534.82,1431906.0,95767.0,2557.612832,2695.673666666667,39.55797118354055,-33.36172668255949,-26.553919902650733,-6.807806779908759
2022-03-15 04:00:00+00:00,2554.83,2610.345,2531.36,2593.21,1450030.0,81008.0,2578.443033,2691.648333333333,44.56162274859452,-33.267797463420266,-27.89669541480464,-5.371102048615626
2022-03-16 04:00:00+00:00,2620.0,2675.42,2584.02,2673.81,1521967.0,90528.0,2648.477515,2688.8563333333336,50.63647152164233,-26.385456366221206,-27.594447605087954,1.2089912388667479
2022-03-17 04:00:00+00:00,2666.42,2694.7899,2654.38,2692.01,1153882.0,64591.0,2679.005884,2679.899,51.9177133382367,-19.240767969654826,-25.923711678001332,6.682943708346507
2022-03-18 04:00:00+00:00,2677.68,2738.27,2658.64,2736.03,2234506.0,88584.0,2713.045899,2675.999666666667,54.96253710037806,-9.91224266784775,-22.721417875970616,12.809175208122866
2022-03-21 04:00:00+00:00,2736.95,2751.65,2692.23,2729.57,1290111.0,73073.0,2723.688439,2671.6413333333335,54.41792636402458,-3.005936603265127,-18.77832162142952,15.772385018164393
2022-03-22 04:00:00+00:00,2730.0,2830.0,2730.0,2805.55,1460430.0,87024.0,2799.627906,2672.5343333333335,59.50088332528626,8.500325260476075,-13.322592245048401,21.822917505524476
2022-03-23 04:00:00+00:00,2782.77,2800.5,2763.33,2770.07,1236291.0,68308.0,2779.863848,2672.061333333333,56.34137984308192,14.588019595196783,-7.740469876999365,22.328489472196146
2022-03-24 04:00:00+00:00,2785.45,2827.93,2760.7876,2826.24,999841.0,61507.0,2804.526551,2671.9673333333335,59.96575055411555,23.672133166898675,-1.4579492682197568,25.13008243511843
2022-03-25 04:00:00+00:00,2835.08,2838.91,2793.99,2830.43,944689.0,62518.0,2822.625395,2673.913333333333,60.23096789129927,30.853793279577985,5.004399241339792,25.849394038238195
2022-03-28 04:00:00+00:00,2813.69,2839.53,2796.5627,2839.0,2310652.0,143083.0,2825.129375,2679.1266666666666,60.80294044643372,36.81248660683923,11.36601671443968,25.44646989239955
2022-03-29 04:00:00+00:00,2863.21,2883.25,2849.68,2865.0,1434432.0,90449.0,2867.403899,2684.4266666666667,62.562152722766484,43.13553708709378,17.7199207889705,25.41561629812328
2022-03-30 04:00:00+00:00,2857.4,2869.61,2843.36,2852.89,1052319.0,63872.0,2854.803811,2688.5726666666665,61.18474227814437,46.63188105781046,23.502312842738494,23.129568215071966
2022-03-31 04:00:00+00:00,2848.97,2852.89,2792.38,2792.99,1469218.0,77468.0,2812.979607,2690.014,54.76229310797383,44.06141686326873,27.614133646844543,16.44728321642419
2022-04-01 04:00:00+00:00,2800.2,2819.0,2775.94,2814.0,1168379.0,66961.0,2804.379684,2695.608333333333,56.4875546630889,43.221407401867054,30.735588397849046,12.485819004018008
2022-04-04 04:00:00+00:00,2816.49,2880.875,2816.49,2872.85,950334.0,63663.0,2866.458442,2704.391666666667,60.97688343580685,46.76531557425187,33.94153383312961,12.82378174112226
2022-04-05 04:00:00+00:00,2867.99,2871.8,2818.87,2821.26,960457.0,64095.0,2834.481771,2712.1653333333334,55.56472122097208,44.89350214151273,36.131927494806234,8.761574646706492
2022-04-06 04:00:00+00:00,2783.23,2796.97,2728.3622,2743.53,1049052.0,94812.0,2754.349814,2718.559666666667,48.56984375650829,36.714691023082196,36.24848020046143,0.4662108226207664
2022-04-07 04:00:00+00:00,2732.36,2754.03,2697.145,2729.3,961203.0,68847.0,2728.461852,2721.1030000000005,47.393588755958966,28.75323284171327,34.7494307287118,-5.99619788699853
2022-04-08 04:00:00+00:00,2725.0,2725.0,2675.0501,2680.49,730538.0,63124.0,2695.428666,2720.773,43.501953517162725,18.294275772643687,31.45839973749818,-13.164123964854493
2022-04-11 04:00:00+00:00,2658.0,2658.7836,2592.35,2595.93,1218030.0,105708.0,2613.553588,2717.3766666666666,37.72287994999871,3.145927347900397,25.795905259578625,-22.649977911678228
2022-04-12 04:00:00+00:00,2648.47,2648.47,2551.52,2567.49,1141640.0,90919.0,2590.624093,2713.514333333333,35.99109552133925,-11.02700577516498,18.431323052629907,-29.458328827794887
2022-04-13 04:00:00+00:00,2572.53,2613.115,2568.7719,2605.72,970510.0,67746.0,2595.156635,2710.537333333333,39.97992018772042,-18.955805164744106,10.953897409155104,-29.90970257389921
2022-04-14 04:00:00+00:00,2612.99,2614.205,2542.23,2545.06,1204608.0,87990.0,2562.478418,2705.834,36.132374009985554,-29.79078126581362,2.804961674161359,-32.59574293997498
2022-04-18 04:00:00+00:00,2548.2,2574.24,2531.5693,2559.22,740537.0,65312.0,2553.836867,2703.06,37.64101697779901,-36.81065392316623,-5.118161445304159,-31.692492477862068
2022-04-19 04:00:00+00:00,2561.54,2618.075,2549.03,2610.62,1151120.0,69878.0,2597.145622,2705.771,42.91248289705736,-37.790774621398214,-11.65268408052297,-26.138090540875243
2022-04-20 04:00:00+00:00,2625.68,2638.47,2557.8811,2564.91,1116250.0,84966.0,2583.18293,2706.4156666666668,39.69852943294801,-41.77439312147817,-17.677025888714013,-24.097367232764157
2022-04-21 04:00:00+00:00,2587.0,2606.15,2493.0,2498.75,1498057.0,121833.0,2529.574366,2700.463333333333,35.54854276142687,-49.697121084543596,-24.08104492787993,-25.616076156663667
2022-04-22 04:00:00+00:00,2500.0,2509.04,2382.81,2392.28,2313068.0,177590.0,2424.333023,2691.751333333333,30.096016778699763,-63.831370957776926,-32.03111013385933,-31.800260823917597
2022-04-25 04:00:00+00:00,2388.59,2465.56,2375.385,2465.0,1710455.0,124678.0,2434.300023,2686.934333333333,37.183044401774595,-68.37676477916784,-39.30024106292103,-29.07652371624681
2022-04-26 04:00:00+00:00,2455.0,2455.0,2383.237,2390.12,2456889.0,191606.0,2384.126171,2682.111,33.4252461079146,-77.13208170727557,-46.866609191791945,-30.26547251548363
2022-04-27 04:00:00+00:00,2287.46,2350.0,2262.485,2300.41,3105180.0,199443.0,2307.211262,2672.351,29.569627421473385,-90.26901569132224,-55.54709049169801,-34.72192519962423
2022-04-28 04:00:00+00:00,2342.3,2408.77,2302.8778,2388.23,1822479.0,115114.0,2359.726927,2662.8316666666665,37.2058081394075,-92.52719455983424,-62.94311130532526,-29.584083254508982
2022-04-29 04:00:00+00:00,2351.56,2379.2,2293.88,2299.33,1649682.0,100101.0,2329.360945,2649.7423333333336,33.27301276640594,-100.333719946163,-70.42123303349281,-29.91248691267019
2022-05-02 04:00:00+00:00,2278.13,2346.79,2267.99,2343.14,1499491.0,96259.0,2313.878163,2636.646,36.81742405981608,-101.81172450871509,-76.69933132853727,-25.11239318017782
2022-05-03 04:00:00+00:00,2335.3,2386.0,2332.54,2362.59,1050758.0,62842.0,2361.324877,2624.413333333333,38.38229719207034,-100.25789076702495,-81.41104321623482,-18.84684755079013
2022-05-04 04:00:00+00:00,2360.07,2462.86,2314.77,2451.5,1642435.0,94648.0,2390.957436,2612.6116666666667,45.07865509681689,-90.80542398060697,-83.28991936910926,-7.515504611497718
2022-05-05 04:00:00+00:00,2404.41,2424.665,2303.65,2334.93,2133488.0,126195.0,2341.211758,2598.1069999999995,39.08173982061853,-91.66385685186833,-84.96470686566107,-6.69914998620726
2022-05-06 04:00:00+00:00,2310.38,2349.97,2282.86,2313.2,1752892.0,109314.0,2314.992987,2581.0056666666665,38.06515828807338,-93.02526315440173,-86.57681812340921,-6.4484450309925165
2022-05-09 04:00:00+00:00,2266.07,2311.2581,2251.03,2261.68,1695563.0,122367.0,2273.851769,2562.0473333333334,35.694492410540875,-97.14163261474141,-88.68978102167566,-8.451851593065754
2022-05-10 04:00:00+00:00,2320.81,2333.82,2267.6657,2291.69,1542614.0,95426.0,2302.221394,2543.8036666666667,38.112300746807165,-96.86572113649208,-90.32496904463895,-6.540752091853136
2022-05-11 04:00:00+00:00,2274.21,2333.42,2273.0,2279.22,1798309.0,94714.0,2295.763292,2524.277666666667,37.481666240109625,-96.54042614770424,-91.56806046525202,-4.972365682452221
2022-05-12 04:00:00+00:00,2238.76,2297.13,2202.27,2263.22,2057674.0,120641.0,2250.050795,2504.6220000000003,36.64384415610019,-96.46174288130123,-92.54679694846187,-3.914945932839359
2022-05-13 04:00:00+00:00,2296.91,2361.7,2280.0,2332.05,1333317.0,85747.0,2325.709728,2489.2573333333335,42.58908997026324,-89.81010507564224,-91.99945857389795,2.189353498255713
2022-05-16 04:00:00+00:00,2307.68,2332.15,2286.7,2295.85,1148841.0,66929.0,2302.021631,2471.9856666666665,40.4397508049061,-86.46298024128691,-90.89216290737575,4.429182666088835
2022-05-17 04:00:00+00:00,2344.55,2344.55,2306.75,2334.03,1061514.0,61028.0,2328.244129,2454.025,43.66875056770541,-79.80955787543871,-88.67564190098834,8.866084025549625
2022-05-18 04:00:00+00:00,2304.75,2313.9134,2242.84,2248.03,1193905.0,83884.0,2271.56876,2434.917333333333,38.593340997070364,-80.54765080389961,-87.0500436815706,6.502392877670985
2022-05-19 04:00:00+00:00,2236.82,2271.75,2209.36,2214.91,1440700.0,82110.0,2234.134067,2417.2966666666666,36.818564221358386,-82.85005807487141,-86.21004656023078,3.3599884853593665
2022-05-20 04:00:00+00:00,2241.71,2251.0,2127.46,2186.26,1855525.0,109064.0,2176.139621,2399.1953333333327,35.30604997676359,-85.99524829486518,-86.16708690715767,0.17183861229248976
2022-05-23 04:00:00+00:00,2202.08,2240.11,2183.085,2233.33,1572558.0,89648.0,2219.065399,2384.29,39.689629377458914,-83.72455404221273,-85.67858033416869,1.9540262919559552
2022-05-24 04:00:00+00:00,2127.55,2127.9,2044.16,2118.52,3007321.0,168342.0,2093.000173,2368.376333333333,33.692790360716685,-90.1500265902232,-86.57286958537959,-3.577157004843613
2022-05-25 04:00:00+00:00,2102.84,2130.8938,2084.225,2116.79,1876648.0,97002.0,2108.280434,2353.353,33.610382266913305,-94.29488369661067,-88.1172724076258,-6.177611288984863
2022-05-26 04:00:00+00:00,2121.01,2179.105,2109.76,2165.92,1507729.0,79564.0,2158.682059,2338.693,38.23088876809655,-92.54849101703803,-89.00351612950826,-3.5449748875297757
2022-05-27 04:00:00+00:00,2195.77,2257.36,2191.0,2255.98,1489470.0,82373.0,2238.645944,2329.0570000000002,45.69229566756731,-82.94127748156643,-87.79106839991991,4.849790918353477
2022-05-31 04:00:00+00:00,2261.58,2328.67,2251.45,2280.78,2524670.0,103043.0,2286.456082,2319.775666666667,47.570444352196226,-72.49071100811625,-84.73099692155918,12.240285913442932
2022-06-01 04:00:00+00:00,2298.63,2347.98,2271.01,2282.74,1429876.0,82157.0,2298.248472,2308.8463333333334,47.72431554741206,-63.320487007457814,-80.4488949387389,17.12840793128109
2022-06-02 04:00:00+00:00,2283.76,2357.96,2266.16,2354.92,1362535.0,81788.0,2328.759124,2301.846666666667,53.17447597691992,-49.65628886440618,-74.29037372387236,24.634084859466185
2022-06-03 04:00:00+00:00,2319.85,2327.29,2273.36,2290.92,1090067.0,74098.0,2294.409467,2294.9190000000003,48.360054379749975,-43.490249990341454,-68.13034897716618,24.640098986824725
2022-06-06 04:00:00+00:00,2334.85,2387.9696,2330.5658,2340.21,1172019.0,75388.0,2352.360827,2293.1833333333334,51.967035110482755,-34.231726656069895,-61.35062451294693,27.118897856877034
2022-06-07 04:00:00+00:00,2312.96,2354.9725,2302.5101,2344.59,1313812.0,60254.0,2335.510399,2289.169666666667,52.28597152464655,-26.238390976443497,-54.32817780564625,28.08978682920275
2022-06-08 04:00:00+00:00,2337.53,2372.92,2333.935,2344.76,1123412.0,59651.0,2350.614195,2287.6576666666665,52.29921035981529,-19.663231786121287,-47.39518860174126,27.731956815619974
2022-06-09 04:00:00+00:00,2326.83,2367.0,2297.34,2298.36,1150931.0,62228.0,2333.388987,2287.589333333334,48.35551428061922,-17.989095875913335,-41.51397005657567,23.524874180662337
2022-06-10 04:00:00+00:00,2255.625,2269.94,2217.22,2228.55,1556306.0,96794.0,2236.200638,2282.266666666667,43.09077409433753,-22.04133587930164,-37.61944322112087,15.578107341819226
2022-06-13 04:00:00+00:00,2148.92,2184.37,2131.7611,2137.69,1635363.0,104647.0,2153.773632,2276.8786666666665,37.38552969495046,-32.213075644015134,-36.53816970569972,4.325094061684588
2022-06-14 04:00:00+00:00,2137.8,2169.15,2127.04,2143.88,1266932.0,71121.0,2145.584667,2270.236666666666,37.98790747500001,-39.32149767455667,-37.094835299471114,-2.226662375085553
2022-06-15 04:00:00+00:00,2177.99,2241.26,2162.375,2207.81,1630585.0,79533.0,2196.035344,2265.0773333333336,43.981964195582535,-39.342836898775204,-37.544435619331935,-1.7984012794432687
2022-06-16 04:00:00+00:00,2162.99,2185.81,2115.8501,2132.72,1765379.0,93341.0,2142.722477,2254.451333333333,39.190312205313255,-44.90128971662443,-39.015806438790435,-5.885483277833998
2022-06-17 04:00:00+00:00,2130.7,2184.99,2112.5706,2157.31,2175754.0,81074.0,2152.019928,2248.5306666666665,41.440252287228866,-46.782911842100475,-40.56922751945244,-6.213684322648035
2022-06-21 04:00:00+00:00,2194.04,2253.46,2185.87,2240.3,1950054.0,85761.0,2234.524736,2246.1006666666667,48.38175267548699,-41.10369371428669,-40.67612075841929,-0.4275729558674044
2022-06-22 04:00:00+00:00,2223.26,2275.39,2214.4857,2240.68,1195338.0,62899.0,2251.051389,2245.400666666667,48.411906759935505,-36.15543228976867,-39.77198306468917,3.6165507749204977
2022-06-23 04:00:00+00:00,2259.0,2263.93,2220.58,2253.69,1233542.0,64440.0,2245.497789,2244.134,49.49962369481066,-30.828726817114784,-37.983331815174296,7.1546049980595114
2022-06-24 04:00:00+00:00,2272.06,2372.75,2272.06,2370.76,1942829.0,92189.0,2346.778053,2247.1853333333333,58.067450643099754,-16.965140172532756,-33.77969348664599,16.814553314113233
2022-06-27 04:00:00+00:00,2378.7,2385.0,2320.015,2332.45,1641158.0,77504.0,2347.88971,2249.4930000000004,54.791477728944024,-8.966089209711754,-28.816972631259144,19.85088342154739
2022-06-28 04:00:00+00:00,2327.02,2357.13,2248.88,2251.43,1414063.0,78936.0,2282.507514,2246.8056666666666,48.552875846616324,-9.059982737875089,-24.865574652582335,15.805591914707247
2022-06-29 04:00:00+00:00,2242.97,2273.29,2231.0801,2245.13,928564.0,58202.0,2246.197438,2245.115,48.094310789849956,-9.532862479451524,-21.799032217956174,12.26616973850465
2022-06-30 04:00:00+00:00,2209.99,2226.596,2146.2,2187.45,1894265.0,95349.0,2187.77603,2240.2290000000003,43.997176564205574,-14.395969257274373,-20.318419625819814,5.922450368545441
2022-07-01 04:00:00+00:00,2166.74,2196.1273,2142.1,2181.62,1550972.0,85914.0,2166.633851,2238.0153333333333,43.59294457544443,-18.50711024551447,-19.95615774975875,1.4490475042442803
2022-07-05 04:00:00+00:00,2150.29,2281.0516,2124.9901,2277.74,1821488.0,90922.0,2226.700908,2240.1096666666667,51.504113598990315,-13.849490105297718,-18.734824220866543,4.885334115568824
2022-07-06 04:00:00+00:00,2281.84,2327.04,2245.01,2304.27,1442634.0,70643.0,2292.560982,2244.0433333333335,53.444921144760556,-7.926175293386677,-16.57309443537057,8.646919141983894
2022-07-07 04:00:00+00:00,2320.16,2397.2399,2310.68,2386.12,1610196.0,81921.0,2367.24499,2249.1363333333334,58.908705058771986,3.3342699329646166,-12.591621561703535,15.925891494668152
2022-07-08 04:00:00+00:00,2351.0,2408.7,2350.28,2403.37,1454110.0,73399.0,2390.007352,2258.6313333333333,59.974845851879735,13.494627076880988,-7.374371833986631,20.868998910867617
2022-07-11 04:00:00+00:00,2373.0,2375.89,2324.69,2330.45,1313205.0,65839.0,2343.143367,2265.7533333333336,53.63922119134625,15.48425586967187,-2.802646293254931,18.2869021629268
2022-07-12 04:00:00+00:00,2336.77,2356.9899,2292.3001,2298.0,1153715.0,58801.0,2318.396235,2270.156,51.054537678847964,14.278019101975588,0.6134867857911726,13.664532316184415
2022-07-13 04:00:00+00:00,2252.78,2303.1399,2236.46,2243.74,1957843.0,97693.0,2257.75084,2269.748,46.97819222814005,8.841816288516384,2.259152686336215,6.582663602180169
2022-07-14 04:00:00+00:00,2216.52,2239.75,2186.51,2228.8,1618277.0,78620.0,2220.355477,2268.0153333333333,45.89170086350209,3.290126719127784,2.4653474928945287,0.8247792262332552
2022-07-15 04:00:00+00:00,2259.26,2280.01,2236.45,2255.34,1741037.0,76332.0,2255.459732,2267.102,48.1842910411658,1.020169059701857,2.1763118062559945,-1.1561427465541376
2022-07-18 04:00:00+00:00,113.44,114.8,109.3,109.91,33353985.0,478638.0,111.825625,2192.2683333333334,10.276920583629973,-171.91532675961685,-32.64201590691857,-139.27331085269827
2022-07-19 04:00:00+00:00,111.73,114.81,110.5,114.62,30980250.0,398359.0,113.301034,2119.725,10.443494335312693,-305.0712243188025,-87.12785758929536,-217.94336672950712
2022-07-20 04:00:00+00:00,114.06,116.33,113.26,114.7,26779459.0,326781.0,114.804105,2045.5413333333333,10.446535490285058,-405.91266856809284,-150.88481978505484,-255.027848783038
2022-07-21 04:00:00+00:00,115.09,115.21,111.91,115.04,27267848.0,289601.0,114.060303,1971.2230000000002,10.460451987051002,-480.26659020422517,-216.76117386888893,-263.50541633533624
2022-07-22 04:00:00+00:00,111.81,113.18,107.6,108.36,44323871.0,439490.0,109.457915,1896.6763333333333,10.42617089886555,-533.5808411703774,-280.1251073291867,-253.45573384119075
2022-07-25 04:00:00+00:00,108.94,110.58,107.01,108.21,28294947.0,337487.0,108.46942,1823.6713333333332,10.425344682008856,-569.2825381818029,-337.9565934997099,-231.325944682093
2022-07-26 04:00:00+00:00,107.43,107.74,104.76,105.44,36638726.0,390953.0,106.319093,1752.901,10.408940712994308,-590.9873715875431,-388.5627491172766,-202.42462247026646
2022-07-27 04:00:00+00:00,109.6,114.4,108.42,113.6,41326770.0,386837.0,112.374986,1685.4313333333334,10.853936359238844,-600.6067439528662,-430.97154808439456,-169.6351958684716
2022-07-28 04:00:00+00:00,112.8,114.7,111.851,114.59,23303844.0,242734.0,113.64662,1617.7883333333332,10.911751452498024,-601.2197935957507,-465.0211971866658,-136.19859640908493
2022-07-29 04:00:00+00:00,113.4,116.9,113.23,116.64,31333749.0,253717.0,115.622184,1548.0826666666665,11.040408975818366,-594.6850627621617,-490.953970301765,-103.73109246039667
2022-08-01 04:00:00+00:00,115.53,117.12,114.69,115.48,22850108.0,250639.0,115.818492,1480.8413333333333,11.0307014912335,-582.8807572627725,-509.33932769396654,-73.54142956880594
2022-08-02 04:00:00+00:00,114.43,117.08,114.26,115.9,17911039.0,202014.0,115.709022,1412.7943333333335,11.061193696092275,-566.9563497374643,-520.8627321026661,-46.09361763479819
2022-08-03 04:00:00+00:00,116.34,119.42,116.15,118.78,25302816.0,285669.0,118.664185,1342.077,11.28572146882729,-547.7891774627931,-526.2480211746915,-21.541156288101547
2022-08-04 04:00:00+00:00,118.3,119.5,117.71,118.87,15757698.0,224502.0,118.654089,1271.35,11.293257975813574,-526.5223709517225,-526.3028911300978,-0.2194798216246454
2022-08-05 04:00:00+00:00,116.93,118.86,116.71,118.22,15619398.0,197694.0,117.934764,1200.1676666666667,11.285800969708177,-503.91193997066466,-521.8247008982112,17.912760927546515
2022-08-08 04:00:00+00:00,119.12,120.86,117.83,118.14,17061112.0,197051.0,119.051067,1125.0803333333336,11.284813324541602,-480.46101039894506,-513.551962798358,33.09095239941291
2022-08-09 04:00:00+00:00,117.99,118.2,116.56,117.49,13947820.0,176091.0,117.461481,1051.2483333333334,11.276178797336144,-456.664287681513,-502.174427774989,45.510140093476025
2022-08-10 04:00:00+00:00,119.59,121.78,119.36,120.65,20572006.0,211089.0,120.648247,980.2223333333333,11.630181481792562,-432.5639005076672,-488.2523223215247,55.688421813857474
2022-08-11 04:00:00+00:00,122.08,122.3402,119.55,119.82,16671627.0,170590.0,120.702681,909.3786666666666,11.6170703968329,-408.8185384710909,-472.36556555143795,63.54702708034705
2022-08-12 04:00:00+00:00,121.16,122.65,120.4001,122.65,16117471.0,151821.0,121.777855,840.552,11.981421022173734,-385.329966636496,-454.9584457684496,69.62847913195361
2022-08-15 04:00:00+00:00,122.21,123.26,121.57,122.88,15524951.0,170095.0,122.670972,771.9273333333333,12.013167452141559,-362.51766714629764,-436.4702900440193,73.95262289772165
2022-08-16 04:00:00+00:00,122.32,123.2276,121.535,122.51,15626171.0,168530.0,122.45508,700.0863333333333,12.005665654291121,-340.54304313379123,-417.2848406619737,76.74179752818247
2022-08-17 04:00:00+00:00,120.93,122.15,120.2,120.32,17574221.0,186148.0,120.792475,627.288,11.958066868086803,-319.6203258233229,-397.75193769424357,78.13161187092066
2022-08-18 04:00:00+00:00,120.23,121.69,119.5502,120.86,15652067.0,170229.0,120.902705,551.7793333333334,12.050659525597425,-299.54240968750497,-378.1100320928959,78.56762240539092
2022-08-19 04:00:00+00:00,119.87,120.0,117.67,118.12,20186983.0,186000.0,118.597553,475.60433333333333,11.98180212738491,-280.6168353966219,-358.6113927536411,77.99455735701918
2022-08-22 04:00:00+00:00,116.1,116.5,114.67,115.07,19316024.0,209771.0,115.309887,401.7583333333334,11.900288309336034,-262.8344984405554,-339.456013891024,76.62151545046856
2022-08-23 04:00:00+00:00,114.32,115.93,114.3,114.77,14390691.0,176663.0,115.029897,328.984,11.891718723771092,-245.931134746309,-320.751038062081,74.81990331577202
2022-08-24 04:00:00+00:00,114.45,115.7171,113.78,114.7,16051174.0,175571.0,114.86354,258.016,11.889567280725117,-229.89070866396423,-302.5789721824577,72.68826351849344
2022-08-25 04:00:00+00:00,115.15,117.78,115.05,117.7,14874569.0,183730.0,116.72656,187.64600000000002,12.619208062483281,-214.4642698967259,-284.95603172531133,70.49176182858542
2022-08-26 04:00:00+00:00,115.81,116.6,111.22,111.3,31698668.0,338795.0,112.741091,116.17800000000001,12.383609616619566,-200.44453274408363,-268.0537319290658,67.60919918498217
2022-08-29 04:00:00+00:00,110.78,111.96,109.81,110.34,20386142.0,274852.0,110.779002,116.19233333333334,12.346374244367965,-187.25272121145412,-251.89352978554348,64.64080857408936
2022-08-30 04:00:00+00:00,111.03,111.37,108.8,109.91,20546239.0,280030.0,109.832274,116.03533333333333,12.328492892790067,-174.81762418490445,-236.4783486654157,61.66072448051125
2022-08-31 04:00:00+00:00,111.63,111.77,109.05,109.15,25884888.0,225813.0,110.00329,115.85033333333334,12.294600273096748,-163.14342994262304,-221.8113649208572,58.66793497823414
2022-09-01 04:00:00+00:00,109.2,111.22,108.19,110.55,22783719.0,278560.0,109.577315,115.70066666666666,12.770328055927834,-152.02611616371166,-207.8543151694281,55.82819900571644
2022-09-02 04:00:00+00:00,111.34,111.675,108.13,108.68,20681559.0,229808.0,109.749947,115.71133333333333,12.671459751599656,-141.73265247751374,-194.62998263104524,52.8973301535315
2022-09-06 04:00:00+00:00,108.135,108.88,106.51,107.48,20557394.0,246791.0,107.564535,115.68699999999998,12.604024251160013,-132.14851252419615,-182.13368860967543,49.98517608547928
2022-09-07 04:00:00+00:00,107.76,110.99,107.615,110.48,23168179.0,248533.0,109.595898,115.85499999999999,13.838548528174258,-122.89428877132116,-170.2858086420046,47.39151987068345
2022-09-08 04:00:00+00:00,109.18,110.58,108.06,109.42,21653941.0,210208.0,109.299266,115.71566666666666,13.764564161964401,-114.3278822552929,-159.09422336466227,44.766341109369364
2022-09-09 04:00:00+00:00,110.0,112.0,110.0,111.78,21745034.0,233063.0,111.426643,115.62200000000001,14.855990265589867,-106.12516624125033,-148.5004119399799,42.37524569872957
2022-09-12 04:00:00+00:00,111.99,112.64,110.93,111.87,19732905.0,211434.0,111.762108,115.463,14.90022385490667,-98.48195379445059,-138.49672031087403,40.014766516423435
2022-09-13 04:00:00+00:00,108.89,109.37,105.0,105.31,32984852.0,359547.0,106.427188,115.124,14.316405058206428,-91.89468530998411,-129.17631331069606,37.28162800071195
2022-09-14 04:00:00+00:00,105.44,106.1,104.5,105.87,22107962.0,273526.0,105.436144,114.78966666666665,14.623937031717617,-85.64181472745359,-120.46941359404758,34.82759886659399
2022-09-15 04:00:00+00:00,105.01,106.21,103.31,103.9,26455169.0,292648.0,104.360192,114.29366666666667,14.427757224186479,-79.92401794937466,-112.360334465113,32.43631651573834
2022-09-16 04:00:00+00:00,102.97,104.03,101.855,103.63,64534623.0,339861.0,103.360959,113.78566666666667,14.39924625530061,-74.55498608108633,-104.79926478830767,30.24427870722134
2022-09-19 04:00:00+00:00,102.54,104.02,102.37,103.85,19738603.0,187371.0,103.191844,113.30666666666666,14.547423635265844,-69.4813003030133,-97.7356718912488,28.2543715882355
2022-09-20 04:00:00+00:00,102.88,103.17,101.12,101.83,24001668.0,239257.0,102.108928,112.76299999999999,14.30261144741975,-64.87552027400436,-91.16364156779991,26.288121293795555
2022-09-21 04:00:00+00:00,102.24,103.49,99.99,100.01,26589099.0,293102.0,101.452791,112.18033333333332,14.07282056067217,-60.67286617407993,-85.06548648905593,24.392620314976
2022-09-22 04:00:00+00:00,99.45,101.68,99.41,100.57,21270619.0,248738.0,100.647911,111.511,14.527854081306856,-56.644087421443075,-79.38120667553336,22.737119254090288
2022-09-23 04:00:00+00:00,100.06,100.11,98.01,99.17,25656959.0,310384.0,99.038724,110.82266666666666,14.323637571269188,-52.95380107767977,-74.09572555596264,21.141924478282874
2022-09-26 04:00:00+00:00,98.61,100.44,98.38,98.81,22437938.0,267317.0,99.183029,110.02799999999999,14.26809645984298,-49.48780692142445,-69.174141829055,19.686334907630552
2022-09-27 04:00:00+00:00,99.91,100.46,97.34,98.09,24224988.0,277678.0,98.478403,109.20166666666667,14.149920288706454,-46.26575672012555,-64.59246480726911,18.326708087143558
2022-09-28 04:00:00+00:00,98.02,101.4,97.8,100.74,24608125.0,271083.0,99.905466,108.47600000000001,16.878735214854913,-43.002717312040915,-60.27451530822347,17.271797996182556
2022-09-29 04:00:00+00:00,99.3,99.3,96.52,98.09,21921520.0,242161.0,97.627299,107.73499999999999,16.320084367186467,-40.16754151012799,-56.25312054860437,16.085579038476382
2022-09-30 04:00:00+00:00,97.73,99.494,96.03,96.15,26244871.0,233195.0,97.19474,106.91133333333333,15.905057376510314,-37.64325800139133,-52.531148039161764,14.887890037770433
2022-10-03 04:00:00+00:00,97.22,99.97,97.02,99.3,24840028.0,218983.0,98.884914,106.284,19.485380267166136,-34.98527795321998,-49.021974021973406,14.036696068753429
2022-10-04 04:00:00+00:00,101.04,102.72,101.04,102.41,22580931.0,208083.0,102.158453,105.86200000000001,22.972237131492605,-32.25603115817724,-45.66878544921418,13.41275429103694
2022-10-05 04:00:00+00:00,100.69,102.74,99.74,102.22,18475515.0,187053.0,101.259059,105.44366666666666,22.906968442915627,-29.765298983620383,-42.48808815609542,12.72278917247504
2022-10-06 04:00:00+00:00,101.5,103.73,101.5,102.24,17153167.0,178997.0,102.57638,105.02833333333334,22.931790509902626,-27.47306951371263,-39.485084427618865,12.012014913906235
2022-10-07 04:00:00+00:00,100.65,101.42,99.21,99.57,24249910.0,223159.0,99.970142,104.424,21.91723786040602,-25.57707127360014,-36.70348179681512,11.126410523214979
2022-10-10 04:00:00+00:00,99.85,99.99,97.87,98.71,16529897.0,169496.0,98.826684,104.00433333333332,21.585969426516144,-23.868729959852757,-34.13653142942265,10.26780146956989
2022-10-11 04:00:00+00:00,98.25,100.12,97.25,98.05,21613148.0,208205.0,98.512986,103.59466666666667,21.319649015782048,-22.310927164639224,-31.771410576465964,9.46048341182674
2022-10-12 04:00:00+00:00,98.27,99.6476,97.67,98.3,17335143.0,166405.0,98.599643,103.20766666666667,21.71365215673272,-20.816227798991733,-29.58037402097112,8.764146221979388
2022-10-13 04:00:00+00:00,95.93,100.53,95.27,99.71,32734464.0,319734.0,98.657189,102.893,24.024496897240596,-19.295466440732397,-27.523392504923375,8.227926064190978
2022-10-14 04:00:00+00:00,100.625,101.29,97.03,97.18,22611385.0,231633.0,98.095231,102.44733333333333,22.72811136727819,-18.08591875046389,-25.63589775403148,7.549979003567589
2022-10-17 04:00:00+00:00,99.52,101.77,99.51,100.78,23311604.0,212207.0,100.931746,102.18400000000001,28.62963880636815,-16.644980602812325,-23.83771432378765,7.192733720975326
2022-10-18 04:00:00+00:00,103.93,104.22,100.65,101.39,21610541.0,216130.0,101.769719,101.98100000000001,29.610623073113615,-15.277693101343871,-22.125710079298894,6.848016977955023
2022-10-19 04:00:00+00:00,100.7,101.6592,99.635,100.29,21573019.0,208535.0,100.516064,101.64133333333334,28.84078608385836,-14.120100977955829,-20.524588259030285,6.404487281074456
2022-10-20 04:00:00+00:00,100.82,103.0,99.97,100.53,25125082.0,251526.0,101.1792,101.345,29.272842711234674,-13.033097451336076,-19.026290097491447,5.9931926461553715
2022-10-21 04:00:00+00:00,98.46,101.62,98.23,101.48,28988727.0,265958.0,100.201583,101.00166666666665,31.057254767692584,-11.9571477088125,-17.612461619755656,5.655313910943157
2022-10-24 04:00:00+00:00,102.09,103.1,100.3,102.97,24676313.0,245261.0,102.065087,100.705,33.875126040795735,-10.859042950894448,-16.261777885983417,5.402734935088969
2022-10-25 04:00:00+00:00,103.3,105.0999,103.02,104.93,29910170.0,304798.0,103.369183,100.69233333333334,37.49427816528032,-9.718601411774685,-14.95314259114167,5.234541179366985
2022-10-26 04:00:00+00:00,96.76,98.54,94.57,94.82,71608291.0,684638.0,96.455193,100.32400000000001,28.75253736520571,-9.520835517458337,-13.866681176405004,4.345845658946667
2022-10-27 04:00:00+00:00,94.31,95.17,91.9,92.6,54122683.0,548433.0,92.985906,99.94733333333333,27.250129000475454,-9.434485195501566,-12.980241980224317,3.5457567847227516
2022-10-28 04:00:00+00:00,92.53,96.86,92.3225,96.58,35649957.0,340227.0,94.878333,99.71233333333333,33.91692046464219,-8.94182343105679,-12.172558270390812,3.2307348393340227
2022-10-31 04:00:00+00:00,95.78,96.35,94.38,94.66,29861065.0,252448.0,94.899494,99.406,32.375558113021185,-8.607096140610807,-11.459465844434813,2.8523697038240066
2022-11-01 04:00:00+00:00,95.59,96.165,90.43,90.5,43220599.0,463769.0,92.115227,99.02833333333335,29.271627597694817,-8.578610700624807,-10.883294815672812,2.304684115048005
2022-11-02 04:00:00+00:00,90.91,91.3,87.01,87.07,43048240.0,465991.0,89.184705,98.597,26.975238420413092,-8.732149336526078,-10.453065719843465,1.7209163833173875
2022-11-03 04:00:00+00:00,86.345,86.55,83.45,83.49,48510364.0,446664.0,84.792429,98.02766666666668,24.789306706646443,-9.038515511815945,-10.170155678237961,1.1316401664220166
2022-11-04 04:00:00+00:00,85.51,86.73,83.88,86.7,40167899.0,364299.0,85.55442,97.61200000000001,30.247370090702788,-8.919474589187601,-9.92001946042789,1.0005448712402885
2022-11-07 05:00:00+00:00,87.34,88.94,86.96,88.65,26899879.0,242634.0,88.011947,97.27333333333334,33.4088453704138,-8.5690069194453,-9.649816952231372,1.0808100327860721
2022-11-08 05:00:00+00:00,89.16,90.405,87.65,88.91,30167586.0,256113.0,89.143415,96.96733333333333,33.83942343859006,-8.176030746063788,-9.355059710997855,1.1790289649340675
2022-11-09 05:00:00+00:00,88.545,89.49,87.3599,87.4,26743883.0,229361.0,88.117778,96.52266666666667,32.5241105638806,-7.895425131635946,-9.063132795125473,1.1677076634895265
2022-11-10 05:00:00+00:00,92.34,94.55,91.65,94.17,42364864.0,340113.0,93.590254,96.39200000000001,43.18649018380956,-7.045544093190927,-8.659615054738563,1.614070961547636
2022-11-11 05:00:00+00:00,94.71,97.36,94.16,96.73,30569112.0,282678.0,96.355609,96.41133333333333,46.62135053174968,-6.095175255740372,-8.146727094938925,2.0515518391985523
2022-11-14 05:00:00+00:00,95.5,97.18,95.1125,96.03,24170076.0,224549.0,96.092039,96.30233333333332,45.80585568096949,-5.336964055393196,-7.5847744870297795,2.2478104316365837
2022-11-15 05:00:00+00:00,98.67,100.42,97.02,98.72,31797052.0,312094.0,98.743722,96.17933333333333,49.46412037642492,-4.4675169433788255,-6.961322978299589,2.4938060349207634
2022-11-16 05:00:00+00:00,98.02,99.85,97.9015,98.99,24660195.0,207418.0,98.974575,96.07166666666667,49.830188069923864,-3.7138758505655147,-6.311833552752774,2.5979577021872595
2022-11-17 05:00:00+00:00,97.18,99.48,97.1,98.5,21818732.0,202370.0,98.256921,95.94699999999999,49.13457809047506,-3.120181252485949,-5.673503092699409,2.55332184021346
2022-11-18 05:00:00+00:00,99.01,99.16,96.74,97.8,24969880.0,190917.0,97.799141,95.88799999999999,48.10153402346019,-2.6753187468397357,-5.0738662235274745,2.398547476687739
2022-11-21 05:00:00+00:00,97.56,98.72,95.67,95.83,18696874.0,186524.0,96.65172,95.792,45.22005431390062,-2.453442780913619,-4.549781535004703,2.096338754091084
2022-11-22 05:00:00+00:00,96.16,97.5475,94.41,97.33,18868850.0,167902.0,96.474015,95.768,47.784906914796295,-2.1319907531263453,-4.066223378629032,1.9342326255026867
2022-11-23 05:00:00+00:00,97.34,99.0685,97.34,98.82,17568859.0,155657.0,98.370157,95.78533333333333,50.275435306616615,-1.7369842840266045,-3.6003755597085467,1.8633912756819422
2022-11-25 05:00:00+00:00,98.465,98.94,97.53,97.6,8580225.0,79020.0,97.925432,95.71499999999999,48.24626999726526,-1.5050335257971597,-3.1813071529262693,1.6762736271291097
2022-11-28 05:00:00+00:00,97.2,97.83,95.89,96.25,19981974.0,176152.0,96.481622,95.684,46.032245745733746,-1.4138466522465052,-2.8278150527903163,1.4139684005438111
2022-11-29 05:00:00+00:00,96.0,96.3901,94.39,95.44,20220007.0,188349.0,95.44167,95.506,44.7066037812561,-1.3909071171028558,-2.540433465652824,1.1495263485499683
2022-11-30 05:00:00+00:00,95.12,101.45,94.67,101.45,39845798.0,276173.0,99.462752,95.508,55.050092002792944,-0.8776535540461197,-2.2078774833314836,1.330223929285364
2022-12-01 05:00:00+00:00,101.4,102.59,100.67,101.28,21771536.0,204665.0,101.47984,95.541,54.738172032190526,-0.47909132026609313,-1.8621202507184056,1.3830289304523125
2022-12-02 05:00:00+00:00,99.37,101.15,99.17,100.83,18821527.0,174401.0,100.290466,95.551,53.868080566513974,-0.19726516764337987,-1.5291492341034005,1.3318840664600207
2022-12-05 05:00:00+00:00,99.815,101.7499,99.355,99.87,19955546.0,176245.0,100.36728,95.49733333333333,51.970185114375155,-0.050794362396032966,-1.2334782597619272,1.1826838973658942
2022-12-06 05:00:00+00:00,99.67,100.21,96.7604,97.31,20889523.0,191224.0,97.783074,95.30866666666665,47.19500021840069,-0.1396757045823449,-1.0147177487260106,0.8750420441436657
2022-12-07 05:00:00+00:00,96.77,97.31,95.025,95.15,26653081.0,235990.0,95.648585,94.98266666666667,43.55831687349119,-0.380028030174671,-0.8877798050157427,0.5077517748410717
2022-12-08 05:00:00+00:00,95.69,95.87,93.8,93.95,25593232.0,230304.0,94.389276,94.95366666666668,41.63868192983189,-0.6597339487421578,-0.8421706337610257,0.1824366850188679
2022-12-09 05:00:00+00:00,93.9,94.49,93.02,93.07,21885023.0,199671.0,93.736663,94.96933333333332,40.23821651050543,-0.9415578570358605,-0.8620480784159927,-0.07950977861986774
2022-12-12 05:00:00+00:00,93.09,93.8745,91.9,93.56,27380948.0,235046.0,92.901353,94.86866666666667,41.41969317803874,-1.1125417412313823,-0.9121468109790707,-0.2003949302523116
2022-12-13 05:00:00+00:00,98.07,99.8,95.38,95.85,34735339.0,324732.0,96.928822,94.90833333333332,46.72098678525433,-1.051146872823523,-0.9399468233479612,-0.11120004947556172
2022-12-14 05:00:00+00:00,95.54,97.22,93.94,95.31,26267318.0,248960.0,95.836139,95.06866666666669,45.67140201477616,-1.0341435215316324,-0.9587861629846955,-0.07535735854693681
2022-12-15 05:00:00+00:00,93.54,94.03,90.43,91.2,28298756.0,261022.0,91.531264,95.20633333333333,38.569395156600784,-1.336899944063262,-1.034408919200409,-0.3024910248628532
2022-12-16 05:00:00+00:00,91.2,91.75,90.01,90.86,48412792.0,228546.0,90.838928,95.452,38.04237629419937,-1.585989449533173,-1.1447250252669618,-0.44126442426621115
2022-12-19 05:00:00+00:00,90.88,91.2,88.925,89.15,23020537.0,203766.0,89.728586,95.53366666666668,35.42090638068258,-1.8994813475562324,-1.295676289724816,-0.6038050578314165
2022-12-20 05:00:00+00:00,88.73,89.78,88.04,89.63,22976746.0,186341.0,89.286057,95.56633333333333,36.73869335043017,-2.0851575485993123,-1.4535725414997154,-0.631585007099597
2022-12-21 05:00:00+00:00,89.73,90.915,88.91,90.25,20336387.0,170624.0,90.167083,95.611,38.484800286263415,-2.157409187039349,-1.5943398706076422,-0.5630693164317067
2022-12-22 05:00:00+00:00,88.93,89.18,86.9401,88.26,23656066.0,202547.0,87.978839,95.63966666666667,35.132888312701326,-2.3481771751386447,-1.7451073315138428,-0.6030698436248019
2022-12-23 05:00:00+00:00,87.62,90.1,87.62,89.81,17850810.0,160738.0,89.355402,95.49433333333333,39.549285372998526,-2.347232696582381,-1.8655324045275505,-0.48170029205483056
2022-12-27 05:00:00+00:00,89.31,89.5,87.535,87.93,15470870.0,149668.0,88.184055,95.201,36.31935942098231,-2.46971513991771,-1.9863689516055825,-0.4833461883121277
2022-12-28 05:00:00+00:00,87.5,88.52,86.3701,86.46,17879567.0,177367.0,87.014375,94.882,33.98239511351717,-2.6547972235574377,-2.1200546059959535,-0.5347426175614842
2022-12-29 05:00:00+00:00,87.03,89.365,86.99,88.95,18280660.0,164227.0,88.7039,94.55633333333334,40.91730599961694,-2.5709179759981566,-2.2102272799963942,-0.3606906960017624
2022-12-30 05:00:00+00:00,87.365,88.83,87.03,88.73,19165200.0,173451.0,88.002183,94.21433333333334,40.51237886232227,-2.4934522637964704,-2.2668722767564096,-0.22657998704006088
2023-01-03 05:00:00+00:00,89.83,91.55,89.02,89.7,20732857.0,202586.0,89.828936,93.921,43.18223425835928,-2.3269654264441897,-2.2788909066939658,-0.04807451975022392
2023-01-04 05:00:00+00:00,91.01,91.24,87.8,88.71,27020608.0,263804.0,88.838997,93.618,41.15220457953015,-2.24898325556768,-2.2729093764687085,0.023926120901028636
2023-01-05 05:00:00+00:00,88.07,88.21,86.56,86.77,23055475.0,218990.0,87.215072,93.316,37.43803644509021,-2.3170145090910097,-2.281730402993169,-0.035284106097840606
2023-01-06 05:00:00+00:00,87.36,88.47,85.57,88.16,26612628.0,278483.0,87.315308,93.01033333333334,41.511261986026426,-2.233027434112529,-2.2719898092170414,0.0389623751045125
2023-01-09 05:00:00+00:00,89.195,90.83,88.95,89.25,16400541.0,174475.0,90.028727,92.69133333333333,44.55951817649821,-2.054826421703609,-2.2285571317143553,0.17373071001074614
