timestamp,open,high,low,close,volume,trade_count,vwap,30sma,rsi,macd,signal,histogram
2022-01-03 05:00:00+00:00,51.65,53.23,51.6,53.21,33875325.0,183174.0,52.838212,,,,,
2022-01-04 05:00:00+00:00,53.57,53.935,52.65,53.14,45671813.0,256332.0,53.305371,,,,,
2022-01-05 05:00:00+00:00,54.188,56.17,53.83,53.87,58870941.0,369120.0,54.855364,,,,,
2022-01-06 05:00:00+00:00,54.61,54.67,53.415,54.01,36703858.0,218748.0,53.945207,,,,,
2022-01-07 05:00:00+00:00,54.19,54.39,53.15,53.44,30669440.0,188037.0,53.644138,,,,,
2022-01-10 05:00:00+00:00,53.97,55.31,53.31,55.21,49120722.0,311939.0,54.715737,,,,,
2022-01-11 05:00:00+00:00,55.5,56.08,54.73,55.91,39795188.0,262754.0,55.603409,,,,,
2022-01-12 05:00:00+00:00,56.1659,56.28,54.81,55.74,29108277.0,202432.0,55.558226,,,,,
2022-01-13 05:00:00+00:00,56.0,56.21,54.77,54.94,29535348.0,205508.0,55.318779,,,,,
2022-01-14 05:00:00+00:00,54.85,55.77,54.53,55.7,30108323.0,184355.0,55.280525,,,,,
2022-01-18 05:00:00+00:00,55.31,55.65,54.68,54.76,35277145.0,208570.0,54.963241,,,,,
2022-01-19 05:00:00+00:00,54.63,54.85,53.56,53.62,32061390.0,187062.0,54.015381,,,,,
2022-01-20 05:00:00+00:00,53.86,54.085,51.94,52.04,28470453.0,201827.0,52.924518,,,,,
2022-01-21 05:00:00+00:00,52.08,53.1299,51.95,52.04,46165202.0,307900.0,52.411714,,,,,
2022-01-24 05:00:00+00:00,51.48,52.1291,49.88,51.94,62759505.0,422531.0,51.244101,,43.29461457233367,,,
2022-01-25 05:00:00+00:00,51.01,51.62,50.25,51.0,44004394.0,297258.0,51.03351,,39.11352462023924,,,
2022-01-26 05:00:00+00:00,51.13,52.72,50.75,51.69,54084676.0,366784.0,51.743374,,43.43201783138848,,,
2022-01-27 05:00:00+00:00,49.98,50.06,47.78,48.05,89587223.0,647304.0,48.346669,,30.95769456500203,,,
2022-01-28 05:00:00+00:00,47.71,48.2,46.3,47.73,61947664.0,433676.0,47.108915,,30.138178877016543,,,
2022-01-31 05:00:00+00:00,47.68,48.87,47.305,48.82,51771399.0,268903.0,48.286984,,36.32177106147208,,,
2022-02-01 05:00:00+00:00,48.775,49.03,48.36,48.95,35295444.0,236417.0,48.744647,,37.03755843913488,,,
2022-02-02 05:00:00+00:00,48.245,49.58,48.09,49.51,38886533.0,233893.0,49.070642,,40.15808511729722,,,
2022-02-03 05:00:00+00:00,49.25,49.685,48.25,48.28,41931200.0,242549.0,48.668916,,35.94425004409618,,,
2022-02-04 05:00:00+00:00,47.86,48.2399,47.13,48.01,32320998.0,207199.0,47.842975,,35.07421678338149,,,
2022-02-07 05:00:00+00:00,48.13,48.66,47.96,48.18,27495997.0,158753.0,48.245439,,36.12260817126069,,,
2022-02-08 05:00:00+00:00,47.98,48.94,47.9,48.81,28012924.0,152723.0,48.601547,,39.98989969725114,-2.3886538604933136,,
2022-02-09 05:00:00+00:00,49.33,49.97,48.825,49.91,34388694.0,180624.0,49.650884,,46.123252224670814,-2.1774605644016347,,
2022-02-10 05:00:00+00:00,49.18,49.9325,48.76,48.86,31289139.0,208106.0,49.194716,,41.73807374552236,-2.070942049635775,,
2022-02-11 05:00:00+00:00,48.95,49.11,47.5,47.63,35336762.0,224345.0,48.125557,,37.268098831365435,-2.0620065517464496,,
2022-02-14 05:00:00+00:00,47.92,48.1772,47.1101,47.58,26677662.0,184166.0,47.601003,51.419333333333334,37.09418740310432,-2.0354957593631084,,
2022-02-15 05:00:00+00:00,47.7,48.46,47.19,48.44,35122237.0,193152.0,48.110303,51.26033333333333,42.099023949109494,-1.9229246740557926,,
2022-02-16 05:00:00+00:00,48.06,48.49,47.6,48.23,24970962.0,182658.0,48.133225,51.09666666666667,41.23627570700775,-1.8295664200508455,,
2022-02-17 05:00:00+00:00,47.86,48.26,47.38,47.57,31082992.0,189046.0,47.70571,50.88666666666666,38.5615695196598,-1.788222301727302,,
2022-02-18 05:00:00+00:00,46.19,46.21,44.51,45.04,74805865.0,492387.0,45.088919,50.587666666666664,30.416908880004456,-1.9372749463259211,-2.0236163475333493,0.08634140120742817
2022-02-22 05:00:00+00:00,44.71,45.405,43.8501,44.69,54901272.0,326507.0,44.614342,50.296,29.488989202802586,-2.05989710438665,-2.0308724989040092,-0.02902460548264063
2022-02-23 05:00:00+00:00,45.17,45.71,44.5514,44.675,38177650.0,246379.0,45.032602,49.944833333333335,29.447527032150887,-2.1336905660651553,-2.051436112336239,-0.08225445372891649
2022-02-24 05:00:00+00:00,43.9,46.79,43.625,46.7,72816069.0,445058.0,45.480202,49.63783333333333,41.421742048514766,-2.005651932724213,-2.0422792764138338,0.03662734368962095
2022-02-25 05:00:00+00:00,46.93,47.79,46.25,47.71,36749208.0,238723.0,47.275058,49.37016666666667,46.31572996939741,-1.8019105313006918,-1.9942055273912056,0.19229499609051381
2022-02-28 05:00:00+00:00,47.0,47.82,46.85,47.7,39557889.0,225242.0,47.452123,49.12883333333333,46.27450773219504,-1.6225472050423733,-1.9198738629214391,0.29732665787906587
2022-03-01 05:00:00+00:00,47.54,47.9,46.22,46.82,50629985.0,275128.0,46.762406,48.83283333333333,42.67499373808249,-1.5337292462355094,-1.8426449395842535,0.308915693348744
2022-03-02 05:00:00+00:00,47.52,48.99,47.48,48.87,44067692.0,264718.0,48.463884,48.63649999999999,52.035112540419405,-1.2831313668713236,-1.7307422250416677,0.4476108581703442
2022-03-03 05:00:00+00:00,48.18,48.55,47.6236,47.93,34747676.0,233449.0,48.048963,48.44683333333333,48.15257682994713,-1.1471571723054126,-1.614025214494417,0.46686804218900435
2022-03-04 05:00:00+00:00,47.37,48.265,47.37,48.07,36400228.0,238862.0,47.845545,48.314499999999995,48.76572358364386,-1.0163835763086908,-1.4944968868572719,0.4781133105485811
2022-03-07 05:00:00+00:00,47.99,48.54,47.6,47.68,41765400.0,247679.0,47.903677,48.16916666666667,47.0948933360173,-0.9334540230200048,-1.3822883140898186,0.44883429106981376
2022-03-08 05:00:00+00:00,47.69,48.72,46.89,47.5,42686646.0,291971.0,47.66616,48.021166666666666,46.30630497060705,-0.8722020479588366,-1.2802710608636223,0.4080690129047857
2022-03-09 05:00:00+00:00,48.41,48.46,46.885,47.63,34264460.0,214493.0,47.586181,47.908833333333334,46.996601665106056,-0.8039026139598064,-1.1849973714828592,0.3810947575230528
2022-03-10 05:00:00+00:00,47.29,47.31,46.155,46.66,35487059.0,193930.0,46.577253,47.741166666666665,42.59616230595569,-0.8186092954254107,-1.1117197562713697,0.29311046084595893
2022-03-11 05:00:00+00:00,47.15,47.275,45.765,45.83,26004855.0,164615.0,46.279712,47.66716666666667,39.21280018180173,-0.8870135695602812,-1.066778518929152,0.17976494936887089
2022-03-14 04:00:00+00:00,45.9,45.98,44.3,44.4,29716114.0,223349.0,44.785815,47.55616666666666,34.17612991157232,-1.0445723191581422,-1.0623372789749501,0.017764959816807924
2022-03-15 04:00:00+00:00,44.5,44.9,44.07,44.81,33179013.0,210920.0,44.585959,47.42250000000001,36.68709351500099,-1.1234052731831525,-1.0745508778165906,-0.04885439536656189
2022-03-16 04:00:00+00:00,45.3,46.63,45.27,46.63,37192807.0,249645.0,46.152494,47.345166666666664,46.4520833987822,-1.0271814591208823,-1.0650769940774492,0.037895534956566834
2022-03-17 04:00:00+00:00,46.32,47.2873,45.73,47.14,27729256.0,179706.0,46.789922,47.26616666666667,48.83356995851779,-0.8994028987117488,-1.0319421750043092,0.13253927629256035
2022-03-18 04:00:00+00:00,46.82,47.6,46.35,47.45,45467587.0,174414.0,47.296769,47.2385,50.281021246747564,-0.7643125405711189,-0.9784162481176711,0.21410370754655228
2022-03-21 04:00:00+00:00,47.46,47.89,47.065,47.39,31931934.0,174262.0,47.359774,47.21783333333334,49.986277988254336,-0.6545487267507326,-0.9136427438442835,0.25909401709355084
2022-03-22 04:00:00+00:00,47.5,48.47,47.4,48.39,27302387.0,172113.0,48.124606,47.224833333333336,54.74747389044722,-0.4813201121991426,-0.8271782175152553,0.3458581053161127
2022-03-23 04:00:00+00:00,48.46,49.58,48.0601,48.27,36473012.0,240551.0,48.652918,47.206833333333336,54.082129365654005,-0.3496872077818125,-0.7316800155685668,0.38199280778675426
2022-03-24 04:00:00+00:00,48.66,51.65,48.59,51.62,51036006.0,302034.0,50.807772,47.26383333333333,66.36960593680926,0.024665491779138904,-0.5804109140990257,0.6050764058781646
2022-03-25 04:00:00+00:00,50.69,51.9783,50.45,51.83,32916950.0,220276.0,51.532183,47.362833333333334,66.96636159329577,0.33443281489066834,-0.3974421683010869,0.7318749831917553
2022-03-28 04:00:00+00:00,51.36,51.57,50.56,51.51,44353780.0,312012.0,51.149968,47.49216666666666,65.07152849073823,0.5477897453639073,-0.20839578556808808,0.7561855309319954
2022-03-29 04:00:00+00:00,52.0,52.29,51.275,52.25,27324859.0,187115.0,51.894648,47.64783333333333,67.37078443297415,0.7677384544769694,-0.013168937559076582,0.780907392036046
2022-03-30 04:00:00+00:00,52.25,52.51,51.22,51.43,24623262.0,163193.0,51.785118,47.747499999999995,62.46392284409192,0.8659006800843372,0.16264498596960617,0.703255694114731
2022-03-31 04:00:00+00:00,51.2,51.26,49.51,49.56,43702751.0,243094.0,50.085881,47.79183333333333,52.986136854592,0.7837668035079446,0.2868693494772739,0.4968974540306707
2022-04-01 04:00:00+00:00,49.83,49.9,47.325,48.11,46483374.0,304176.0,48.074174,47.80983333333334,47.02757677103089,0.5948155691132513,0.3484585934044694,0.2463569757087819
2022-04-04 04:00:00+00:00,48.17,49.23,47.915,49.2,23743244.0,154867.0,48.935138,47.9485,51.44767831941831,0.526949894654571,0.3841568536544897,0.14279304100008128
2022-04-05 04:00:00+00:00,48.83,48.98,48.02,48.13,25685162.0,170507.0,48.362992,48.06316666666667,47.27728604132482,0.38241752982621335,0.38380898888883447,-0.0013914590626211143
2022-04-06 04:00:00+00:00,47.44,48.17,47.24,47.53,27224645.0,211069.0,47.608882,48.15833333333333,45.071006492751074,0.2169586396635239,0.3504389190437724,-0.13348027938024848
2022-04-07 04:00:00+00:00,47.425,47.91,46.77,47.56,21668481.0,176730.0,47.327786,48.187000000000005,45.208687613345354,0.08724630532336874,0.2978003962996917,-0.21055409097632294
2022-04-08 04:00:00+00:00,47.28,47.58,46.845,47.04,18898885.0,152823.0,47.182325,48.16466666666667,43.18798472526552,-0.0568559088214613,0.2268691352754611,-0.2837250440969224
2022-04-11 04:00:00+00:00,46.9,47.295,46.53,46.57,30116322.0,171263.0,46.829236,48.126999999999995,41.38734301309849,-0.2066014508571854,0.1401750180489318,-0.3467764689061172
2022-04-12 04:00:00+00:00,47.32,47.91,46.41,46.5,29684558.0,182315.0,46.929305,48.11633333333334,41.112412970144334,-0.32715306982128567,0.04670940047488831,-0.373862470296174
2022-04-13 04:00:00+00:00,46.75,47.2687,46.55,47.01,22339764.0,137367.0,46.910948,48.05433333333334,44.02963581390349,-0.37719034314276456,-0.03807054824864227,-0.3391197948941223
2022-04-14 04:00:00+00:00,46.745,46.75,45.62,45.67,36098594.0,220501.0,45.951015,47.979000000000006,38.616618743143476,-0.5189894565069793,-0.13425432990030967,-0.3847351266066696
2022-04-18 04:00:00+00:00,45.53,46.89,45.52,46.64,25508270.0,158509.0,46.483387,47.931333333333335,43.98507796433225,-0.5467923008064943,-0.2167619240815466,-0.3300303767249477
2022-04-19 04:00:00+00:00,46.6,48.0,46.34,47.93,31363859.0,170085.0,47.619337,47.93966666666667,50.220323758963474,-0.45943792182969645,-0.2652971236311766,-0.19414079819851987
2022-04-20 04:00:00+00:00,48.36,48.75,47.975,48.11,22626976.0,155987.0,48.271763,47.96,51.0392881965691,-0.3714031471688912,-0.2865183283387195,-0.08488481883017174
2022-04-21 04:00:00+00:00,48.62,48.9,47.4,47.5,27078935.0,168194.0,47.955051,47.95566666666666,48.148365129544004,-0.34685848728172886,-0.29858636012732137,-0.048272127154407485
2022-04-22 04:00:00+00:00,47.45,47.65,46.5,46.54,28087221.0,174376.0,46.9098,47.951666666666675,43.93110726824135,-0.40025673395381745,-0.3189204348926206,-0.08133629906119683
2022-04-25 04:00:00+00:00,46.21,47.14,46.18,47.06,35640305.0,227771.0,46.711225,47.992666666666665,46.65660638976306,-0.3960501553185125,-0.334346378977799,-0.0617037763407135
2022-04-26 04:00:00+00:00,46.69,46.84,45.51,45.52,35089235.0,208729.0,45.945341,48.03,40.39415141490867,-0.5110900135920673,-0.3696951059006527,-0.1413949076914146
2022-04-27 04:00:00+00:00,45.48,46.06,45.01,45.22,27878680.0,207972.0,45.416046,48.043666666666674,39.2878463280703,-0.6193281929962282,-0.4196217233197678,-0.19970646967646039
2022-04-28 04:00:00+00:00,45.785,47.27,45.5408,46.84,40818998.0,275475.0,46.452291,48.050666666666665,47.62899349949127,-0.5678415450308663,-0.44926568766198755,-0.11857585736887871
2022-04-29 04:00:00+00:00,44.99,45.36,43.5,43.59,70458374.0,477396.0,43.993151,47.93233333333333,36.727334659031435,-0.7802911337186273,-0.5154707768733156,-0.2648203568453118
2022-05-02 04:00:00+00:00,43.72,44.99,43.51,44.96,46081703.0,294270.0,44.24678,47.849333333333334,42.68295326108339,-0.8285602857250609,-0.5780886786436646,-0.25047160708139626
2022-05-03 04:00:00+00:00,44.78,45.49,44.23,45.06,39850683.0,248604.0,44.977274,47.77166666666667,43.10392907081412,-0.8489585069754,-0.6322626443100118,-0.2166958626653882
2022-05-04 04:00:00+00:00,45.06,46.64,44.41,46.54,44007656.0,293538.0,45.623053,47.71,49.066373368896315,-0.7372026004681089,-0.6532506355416312,-0.08395196492647772
2022-05-05 04:00:00+00:00,45.6,45.91,44.13,44.6,52397230.0,323300.0,44.942161,47.587666666666664,42.7432164919828,-0.7960012195809867,-0.6818007523495023,-0.11420046723148436
2022-05-06 04:00:00+00:00,44.49,45.15,43.84,44.3,42744130.0,270654.0,44.452099,47.343666666666664,41.845168539448785,-0.8569288987197865,-0.7168263816235592,-0.14010251709622734
2022-05-09 04:00:00+00:00,43.81,44.2,42.87,43.07,44158905.0,287399.0,43.402487,47.05166666666667,38.292800186888634,-0.9930183464926898,-0.7720647745973853,-0.2209535718953045
2022-05-10 04:00:00+00:00,44.35,44.735,43.5,44.01,42250409.0,289016.0,44.030707,46.80166666666667,42.322619939090124,-1.0133389298305246,-0.8203196056440132,-0.19301932418651147
2022-05-11 04:00:00+00:00,44.02,44.29,42.78,42.83,39668953.0,267066.0,43.256528,46.48766666666667,38.88926753302527,-1.1118426469205005,-0.8786242138993107,-0.23321843302118983
2022-05-12 04:00:00+00:00,42.73,42.905,42.01,42.84,41821423.0,297016.0,42.525963,46.20133333333333,38.93447858204266,-1.1755496315702487,-0.9380092974334984,-0.23754033413675035
2022-05-13 04:00:00+00:00,43.42,43.84,42.97,43.6,27260662.0,177270.0,43.429991,46.00266666666667,42.42097843418191,-1.1514391536568596,-0.9806952686781707,-0.17074388497868886
2022-05-16 04:00:00+00:00,43.42,43.6099,42.785,43.08,22054469.0,172833.0,43.154093,45.835,40.70839402663295,-1.1609088458482901,-1.0167379841121946,-0.1441708617360955
2022-05-17 04:00:00+00:00,43.82,44.42,43.65,44.4,28145921.0,182530.0,44.149333,45.675,46.60163909711958,-1.0497992446210773,-1.0233502362139713,-0.026449008407106067
2022-05-18 04:00:00+00:00,43.98,43.98,42.22,42.37,28015847.0,214592.0,42.843182,45.483,40.01464797050901,-1.1127213605300028,-1.0412244610771775,-0.07149689945282534
2022-05-19 04:00:00+00:00,42.32,42.7,41.72,42.01,28705209.0,205289.0,42.174978,45.299,38.962860799345634,-1.1780566780024628,-1.0685909044622346,-0.10946577354022824
2022-05-20 04:00:00+00:00,42.245,42.29,40.31,41.66,39247493.0,274443.0,41.165452,45.102333333333334,37.91929614011358,-1.2437403976404156,-1.103620803097871,-0.14011959454254463
2022-05-23 04:00:00+00:00,41.69,42.25,41.325,42.0,27040013.0,175967.0,41.882988,44.934333333333335,39.61136978441852,-1.2539058144776618,-1.1336778053738292,-0.12022800910383258
2022-05-24 04:00:00+00:00,41.698,41.89,41.1,41.67,29534305.0,181584.0,41.54255,44.771,38.51412783637356,-1.2739054337720503,-1.1617233310534736,-0.11218210271857676
2022-05-25 04:00:00+00:00,41.44,42.515,41.39,42.2,25918650.0,158903.0,41.992874,44.62766666666666,41.32525422115249,-1.2327780080480366,-1.1759342664523862,-0.05684374159565042
2022-05-26 04:00:00+00:00,42.17,43.68,42.08,43.48,28708122.0,177357.0,43.327446,44.51,47.56086932672463,-1.0843986516198356,-1.1576271434858763,0.07322849186604063
2022-05-27 04:00:00+00:00,43.59,44.55,43.55,44.55,30369583.0,163982.0,44.288128,44.47266666666666,52.13977128757658,-0.870433074342813,-1.1001883296572637,0.22975525531445062
2022-05-31 04:00:00+00:00,44.25,44.75,43.645,44.42,40625433.0,183824.0,44.379987,44.39866666666667,51.55081152378562,-0.703247131184547,-1.0208000899627203,0.31755295877817336
2022-06-01 04:00:00+00:00,44.77,44.93,43.525,44.11,29531822.0,179293.0,44.142595,44.27133333333334,50.0975752314701,-0.5889761257906372,-0.9344352971283038,0.34545917133766657
2022-06-02 04:00:00+00:00,44.19,44.88,43.94,44.84,28423284.0,167271.0,44.492515,44.162333333333336,53.42708289824881,-0.43450196343597725,-0.8344486303898384,0.39994666695386116
2022-06-03 04:00:00+00:00,44.105,44.2458,43.34,43.39,31349986.0,182438.0,43.691319,44.02533333333334,46.754262887011144,-0.42419312440100043,-0.7523975291920709,0.3282044047910705
2022-06-06 04:00:00+00:00,43.81,44.04,43.08,43.34,25112722.0,151904.0,43.461313,43.91866666666667,46.53841578162627,-0.4152708929701703,-0.6849722019476908,0.26970130897752054
2022-06-07 04:00:00+00:00,43.06,43.59,42.66,43.53,24861826.0,160401.0,43.33999,43.801,47.529719377138825,-0.3883914137241291,-0.6256560443029785,0.2372646305788494
2022-06-08 04:00:00+00:00,42.25,42.26,41.03,41.23,59491902.0,350575.0,41.447079,43.658,38.27713250422065,-0.5463816631612914,-0.6098011680746411,0.06341950491334969
2022-06-09 04:00:00+00:00,41.01,41.35,40.01,40.01,38880970.0,243248.0,40.660747,43.48433333333333,34.446585638619126,-0.7612585632825883,-0.6400926471162306,-0.12116591616635775
2022-06-10 04:00:00+00:00,39.85,40.08,39.18,39.18,42711535.0,268988.0,39.413773,43.229000000000006,32.09348142972436,-0.9871449259043104,-0.7095031028738465,-0.2776418230304638
2022-06-13 04:00:00+00:00,38.55,38.81,37.67,37.77,49764311.0,289518.0,38.06693,43.035,28.528190974570606,-1.2653505384893649,-0.8206725899969503,-0.4446779484924146
2022-06-14 04:00:00+00:00,38.01,38.2,37.54,37.93,31320372.0,209784.0,37.884873,42.800666666666665,29.48547807056066,-1.456134416856699,-0.9477649553689,-0.5083694614877989
2022-06-15 04:00:00+00:00,38.56,39.17,37.92,38.65,36464112.0,227970.0,38.589076,42.586999999999996,33.78352064759336,-1.5315789435905742,-1.0645277530132349,-0.46705119057733935
2022-06-16 04:00:00+00:00,37.695,37.79,36.93,37.34,45532017.0,260394.0,37.320781,42.28033333333333,30.179200492656662,-1.677735436688728,-1.1871692897483337,-0.49056614694039435
2022-06-17 04:00:00+00:00,37.48,38.12,36.6,36.97,71380922.0,270030.0,37.021996,42.025999999999996,29.230625492441348,-1.8026416869885509,-1.3102637691963772,-0.49237791779217366
2022-06-21 04:00:00+00:00,37.36,38.025,37.325,37.73,33986972.0,173339.0,37.755423,41.807,33.83121669813468,-1.819333003468607,-1.4120776160508233,-0.4072553874177838
2022-06-22 04:00:00+00:00,37.33,37.77,37.22,37.38,32571287.0,185693.0,37.458932,41.617333333333335,32.77453552685809,-1.8395973340046154,-1.4975815596415818,-0.34201577436303365
2022-06-23 04:00:00+00:00,37.61,37.62,36.91,37.41,30077523.0,180028.0,37.27921,41.39733333333333,32.96779808832275,-1.832116711672377,-1.5644885900477408,-0.26762812162463634
2022-06-24 04:00:00+00:00,37.845,38.64,37.74,38.62,29856592.0,163392.0,38.412884,41.257,40.40900461800438,-1.7088527857804792,-1.5933614291942886,-0.11549135658619059
2022-06-27 04:00:00+00:00,38.87,39.06,38.4701,38.63,29520734.0,155703.0,38.720374,41.11666666666667,40.46782271272151,-1.5920066582494528,-1.5930904750053216,0.0010838167558688827
2022-06-28 04:00:00+00:00,38.58,39.02,37.74,37.78,37711845.0,199557.0,38.162338,40.922666666666665,37.11448452408215,-1.5501242887223015,-1.5844972377487179,0.03437294902641641
2022-06-29 04:00:00+00:00,37.54,37.595,37.02,37.29,25314222.0,162792.0,37.239753,40.72966666666667,35.29860553813927,-1.5387335514719993,-1.5753445004933742,0.03661094902137485
2022-06-30 04:00:00+00:00,37.21,38.0,36.725,37.41,34770979.0,204326.0,37.430238,40.49666666666666,36.1228552696128,-1.5027011100197996,-1.5608158223986592,0.05811471237885968
2022-07-01 04:00:00+00:00,37.09,37.2,35.88,36.34,40591141.0,251642.0,36.305204,40.29566666666667,32.185596565241156,-1.5427018911040307,-1.5571930361397337,0.014491145035703035
2022-07-05 04:00:00+00:00,35.93,36.74,35.54,36.69,33225868.0,204174.0,36.207251,40.11833333333333,34.69309089932487,-1.5285406581517478,-1.5514625605421366,0.022921902390388826
2022-07-06 04:00:00+00:00,36.82,37.425,36.46,36.99,26338124.0,163148.0,36.921887,39.962666666666664,36.84854735349976,-1.4760947843782901,-1.5363890053093674,0.06029422093107728
2022-07-07 04:00:00+00:00,37.89,38.33,37.73,38.14,33165410.0,204070.0,38.066024,39.833999999999996,44.421238703489514,-1.3264452276112877,-1.4944002497697517,0.16795502215846403
2022-07-08 04:00:00+00:00,37.66,38.14,37.3901,37.99,22566348.0,143319.0,37.820661,39.71133333333333,43.685402161378164,-1.206048050912223,-1.436729809998246,0.23068175908602306
2022-07-11 04:00:00+00:00,37.66,37.675,37.03,37.2,25659824.0,140968.0,37.28689,39.54466666666667,39.933523112325474,-1.1609955842572717,-1.381582964850051,0.22058738059277938
2022-07-12 04:00:00+00:00,37.65,37.7,36.99,37.21,30544827.0,170061.0,37.272902,39.335666666666675,40.00376466182416,-1.1116696279406355,-1.327600297468168,0.21593066952753248
2022-07-13 04:00:00+00:00,36.68,37.4299,36.62,37.21,27087755.0,167611.0,37.117825,39.091,40.00376466182416,-1.0603553359211517,-1.2741513051587647,0.21379596923761301
2022-07-14 04:00:00+00:00,36.99,38.155,36.29,37.71,36690674.0,213885.0,37.282048,38.867333333333335,43.8138160343003,-0.9681819693996658,-1.212957438006945,0.24477546860727917
2022-07-15 04:00:00+00:00,38.27,38.67,37.73,38.62,32892293.0,156278.0,38.360507,38.684333333333335,50.03316268784488,-0.8123403634993522,-1.1328340231054266,0.32049365960607434
2022-07-18 04:00:00+00:00,39.1,39.34,38.525,38.71,30814369.0,179672.0,38.869025,38.480000000000004,50.615390108644256,-0.6738053119991108,-1.0410282808841635,0.3672229688850528
2022-07-19 04:00:00+00:00,39.32,40.73,39.24,40.22,53079575.0,263084.0,40.065124,38.37433333333333,59.2044022411283,-0.43713192051603045,-0.9202490088105371,0.4831170882945066
2022-07-20 04:00:00+00:00,40.21,40.67,39.56,40.56,36387451.0,186596.0,40.374871,38.281666666666666,60.85526729295419,-0.219599982225688,-0.7801192034935672,0.5605192212678792
2022-07-21 04:00:00+00:00,40.51,40.645,39.82,40.61,29661198.0,175242.0,40.378523,38.184333333333335,61.104538987939,-0.042677808554032026,-0.6326309245056602,0.5899531159516281
2022-07-22 04:00:00+00:00,40.37,40.51,38.94,39.2,41271983.0,222982.0,39.43419,38.11666666666667,51.202500748088454,-0.01605584560839901,-0.509315908726208,0.493260063117809
2022-07-25 04:00:00+00:00,39.285,39.41,38.55,39.16,32246103.0,177259.0,39.057951,38.08833333333334,50.95025546415917,0.0017939070767454268,-0.4070939455656174,0.4088878526423628
2022-07-26 04:00:00+00:00,39.1,39.565,38.88,38.96,35991385.0,171754.0,39.122179,38.080999999999996,49.633628939909535,-0.00019610329331953835,-0.32571437711115786,0.3255182738178383
2022-07-27 04:00:00+00:00,39.27,40.425,39.23,40.18,42385363.0,213667.0,39.878902,38.16133333333333,56.94292101198776,0.09556894389016435,-0.2414577129108934,0.33702665680105776
2022-07-28 04:00:00+00:00,40.09,40.12,39.04,39.71,56662303.0,313486.0,39.041819,38.22066666666667,53.70917541116426,0.13201655699528914,-0.16676285892965692,0.29877941592494606
2022-07-29 04:00:00+00:00,35.605,36.62,35.24,36.31,125285665.0,583329.0,35.969617,38.14266666666666,37.23553846672752,-0.11215715418439487,-0.15584171798060453,0.04368456379620966
2022-08-01 04:00:00+00:00,36.05,37.69,36.05,36.96,52523105.0,289905.0,36.984117,38.13,40.96357515868243,-0.2503313477960205,-0.17473964394368774,-0.07559170385233277
2022-08-02 04:00:00+00:00,36.59,36.66,36.0,36.01,53927240.0,287622.0,36.28906,38.098,37.46134510787177,-0.43151817928323055,-0.22609535101159633,-0.20542282827163422
2022-08-03 04:00:00+00:00,36.09,36.59,35.26,36.52,59513858.0,298943.0,36.068426,38.05766666666667,40.406944777527045,-0.5278723272657118,-0.28645074626241945,-0.2414215810032923
2022-08-04 04:00:00+00:00,36.012,36.1,35.36,35.66,54046258.0,266416.0,35.625344,38.00033333333333,37.22310812000099,-0.6659518183942552,-0.3623509606887866,-0.30360085770546863
2022-08-05 04:00:00+00:00,35.345,35.69,35.18,35.39,40190737.0,204446.0,35.379765,37.933,36.25719305434213,-0.7880830229149751,-0.4474973731340243,-0.3405856497809508
2022-08-08 04:00:00+00:00,35.36,35.96,35.2,35.38,41601566.0,223281.0,35.462198,37.825,36.219705066109114,-0.8755865817512642,-0.5331152148574723,-0.342471366893792
2022-08-09 04:00:00+00:00,35.22,35.3,34.4,34.52,44202489.0,269263.0,34.685555,37.688,33.05443461402456,-1.002769295007596,-0.627046030887497,-0.37572326412009893
2022-08-10 04:00:00+00:00,34.99,35.4,34.59,35.37,42310811.0,208629.0,35.117151,37.60766666666667,38.75168392869362,-1.02318003280093,-0.7062728312701836,-0.31690720153074636
2022-08-11 04:00:00+00:00,35.64,36.29,35.485,35.59,35569724.0,178593.0,35.796864,37.551,40.17088658970454,-1.009961322721054,-0.7670105295603578,-0.24295079316069623
2022-08-12 04:00:00+00:00,35.8,36.14,35.67,36.11,37654395.0,163059.0,35.922794,37.507666666666665,43.50315376693455,-0.9466137712599476,-0.8029311779002758,-0.14368259335967182
2022-08-15 04:00:00+00:00,36.1,36.43,35.71,36.34,25400551.0,139507.0,36.183452,37.507666666666665,44.96327529596792,-0.8678472990752084,-0.8159144021352623,-0.05193289693994607
2022-08-16 04:00:00+00:00,36.16,36.575,35.7,36.19,25000240.0,143331.0,36.187323,37.491,44.161673959279035,-0.8082114898241954,-0.814373819673049,0.006162329848853565
2022-08-17 04:00:00+00:00,35.81,36.075,35.27,35.78,29192624.0,161102.0,35.658023,37.45066666666667,41.95970977854932,-0.7849844428061701,-0.8084959442996733,0.02351150149350323
2022-08-18 04:00:00+00:00,35.68,36.33,35.57,36.2,24697725.0,132404.0,36.101901,37.385999999999996,44.98585131647414,-0.7243366487857159,-0.7916640851968819,0.06732743641116601
2022-08-19 04:00:00+00:00,35.8,36.025,35.19,35.38,31425733.0,147744.0,35.456235,37.299,40.5414968797469,-0.733979127558456,-0.7801270936691969,0.0461479661107409
2022-08-22 04:00:00+00:00,35.0,35.06,33.73,33.84,51006127.0,245378.0,34.070266,37.187,33.789839132534624,-0.8560183445164924,-0.795305343838656,-0.06071300067783636
2022-08-23 04:00:00+00:00,33.98,34.39,33.91,33.95,30687098.0,151069.0,34.092147,37.07833333333333,34.62729845168428,-0.9331029920532217,-0.8228648734815692,-0.11023811857165244
2022-08-24 04:00:00+00:00,33.97,33.99,33.6,33.86,25105652.0,142241.0,33.80637,36.96666666666667,34.24563653471594,-0.9900427815244086,-0.8563004550901372,-0.13374232643427142
2022-08-25 04:00:00+00:00,33.87,34.93,33.82,34.89,29799148.0,142442.0,34.553385,36.87266666666667,42.10967459239857,-0.94120594670526,-0.8732815534131618,-0.0679243932920982
2022-08-26 04:00:00+00:00,34.95,35.025,33.35,33.36,44851477.0,211716.0,33.804659,36.69733333333333,35.34707858762127,-1.014268757639499,-0.9014789942584294,-0.11278976338106972
2022-08-29 04:00:00+00:00,33.225,33.41,32.81,32.94,32976762.0,187315.0,33.049848,36.504999999999995,33.74500099417892,-1.0934573558627392,-0.9398746665792914,-0.15358268928344776
2022-08-30 04:00:00+00:00,33.04,33.07,32.15,32.26,40180962.0,203293.0,32.426699,36.23966666666667,31.27355260510059,-1.1972836666545916,-0.9913564665943515,-0.20592720006024012
2022-08-31 04:00:00+00:00,32.385,32.385,31.77,31.92,44036332.0,207097.0,31.978209,35.95166666666667,30.08702976221595,-1.2921073156606866,-1.0515066364076184,-0.24060067925306816
2022-09-01 04:00:00+00:00,31.572,31.825,31.13,31.76,36440119.0,203768.0,31.502308,35.656666666666666,29.51944231476878,-1.3644380114271613,-1.114092911411527,-0.25034510001563426
2022-09-02 04:00:00+00:00,32.21,32.375,31.06,31.22,34844013.0,198410.0,31.550528,35.39066666666667,27.62527418862355,-1.4486351319117006,-1.1810013555115617,-0.26763377640013886
2022-09-06 04:00:00+00:00,31.39,31.39,30.33,30.36,46976425.0,251813.0,30.598338,35.09733333333334,24.886458262354225,-1.566696862981786,-1.2581404570056065,-0.3085564059761794
2022-09-07 04:00:00+00:00,30.42,30.785,30.05,30.65,37297060.0,190656.0,30.511942,34.82033333333333,27.4968016531528,-1.6182073717918897,-1.3301538399628632,-0.2880535318290265
2022-09-08 04:00:00+00:00,30.37,30.8469,29.91,30.75,37515173.0,214433.0,30.47076,34.506,28.420551618337072,-1.6321462904118675,-1.390552330052664,-0.24159396035920344
2022-09-09 04:00:00+00:00,31.19,31.5,31.075,31.46,34081212.0,166488.0,31.374518,34.231,34.77468713556955,-1.5678289612347882,-1.426007656289089,-0.1418213049456991
2022-09-12 04:00:00+00:00,31.735,31.86,31.1,31.56,38305494.0,203942.0,31.560601,34.07266666666667,35.64125391199772,-1.4915936866802753,-1.4391248623673265,-0.05246882431294875
2022-09-13 04:00:00+00:00,30.83,30.93,29.25,29.29,71287663.0,320451.0,29.747646,33.817,26.903418324954075,-1.595949597651181,-1.4704898094240977,-0.12545978822708337
2022-09-14 04:00:00+00:00,29.55,29.765,29.01,29.18,40761437.0,218000.0,29.269712,33.589333333333336,26.563567131166522,-1.668297395732079,-1.510051326685694,-0.15824606904638494
2022-09-15 04:00:00+00:00,29.15,29.41,28.71,28.84,39760217.0,219143.0,28.957125,33.333333333333336,25.491676088039398,-1.7330907145050602,-1.5546592042495673,-0.17843151025549298
2022-09-16 04:00:00+00:00,28.7,29.32,28.42,29.24,72637445.0,256905.0,29.056024,33.11933333333333,29.11561271772385,-1.732195557253064,-1.5901664748502669,-0.1420290824027972
2022-09-19 04:00:00+00:00,29.02,29.5,28.9,29.44,33153282.0,177106.0,29.266977,32.921,30.92467462047607,-1.695799686958729,-1.6112931172719593,-0.08450656968676973
2022-09-20 04:00:00+00:00,29.065,29.165,28.71,28.96,31129028.0,153424.0,28.962912,32.707,29.01102742673028,-1.686249649697256,-1.6262844237570189,-0.05996522594023723
2022-09-21 04:00:00+00:00,29.15,29.59,28.46,28.47,39960003.0,217171.0,28.966791,32.50533333333333,27.163137125185244,-1.6986392256354534,-1.6407553841327058,-0.05788384150274761
2022-09-22 04:00:00+00:00,28.4,28.5,28.04,28.07,36092279.0,189768.0,28.190892,32.262,25.722750511334397,-1.720897278286344,-1.6567837629634337,-0.06411351532291043
2022-09-23 04:00:00+00:00,27.9,27.9,27.19,27.52,43491060.0,232728.0,27.461028,31.993,23.850020026289144,-1.7625992024055712,-1.6779468508518613,-0.08465235155370987
2022-09-26 04:00:00+00:00,27.56,27.6995,26.86,26.97,44786388.0,211865.0,27.161175,31.688333333333333,22.11601839926145,-1.8190596933547631,-1.7061694193524417,-0.11289027400232143
2022-09-27 04:00:00+00:00,27.4,27.595,26.62,26.89,44191771.0,220618.0,26.921847,31.373333333333335,21.866982707277444,-1.848946862122876,-1.7347249079065286,-0.1142219542163474
2022-09-28 04:00:00+00:00,26.86,27.28,26.6,27.13,40412729.0,182385.0,27.032275,31.07133333333333,24.609669637002582,-1.832146816432676,-1.754209289611758,-0.07793752682091792
2022-09-29 04:00:00+00:00,26.78,26.78,26.185,26.38,41831294.0,203748.0,26.36971,30.758,22.009581173612503,-1.857934281302942,-1.7749542879499949,-0.08297999335294715
2022-09-30 04:00:00+00:00,26.3,26.57,25.74,25.77,43759959.0,210727.0,26.079398,30.41033333333333,20.14530816888272,-1.905626063964231,-1.8010886431528421,-0.10453742081138895
2022-10-03 04:00:00+00:00,26.33,27.25,26.065,26.97,44096180.0,219931.0,26.878688,30.13,32.29474637029227,-1.8255483886821722,-1.8059805922587082,-0.019567796423463957
2022-10-04 04:00:00+00:00,27.425,27.795,27.09,27.7,42427480.0,199615.0,27.566007,29.925333333333334,38.43152493525008,-1.6837718808266295,-1.7815388499722926,0.09776696914566307
2022-10-05 04:00:00+00:00,27.365,27.84,26.89,27.64,30119962.0,144811.0,27.456714,29.715,38.12564683954122,-1.5582914615001897,-1.7368893722778722,0.1785979107776825
2022-10-06 04:00:00+00:00,27.44,27.76,27.0,27.18,33978843.0,169576.0,27.23511,29.49233333333333,35.774775089249545,-1.478917441099128,-1.6852949860421234,0.20637754494299543
2022-10-07 04:00:00+00:00,26.17,26.275,25.651,25.72,57215513.0,254668.0,25.89357,29.186666666666667,29.547332844136136,-1.516343294732497,-1.6515046477801982,0.13516135304770116
2022-10-10 04:00:00+00:00,25.94,25.99,25.09,25.2,43409338.0,215229.0,25.350023,28.914666666666665,27.697994827803186,-1.5698667607445955,-1.635177070373078,0.06531030962848239
2022-10-11 04:00:00+00:00,25.01,25.48,24.69,25.04,48131533.0,234793.0,25.027337,28.651333333333337,27.135222515366934,-1.6066744134806328,-1.629476538994589,0.02280212551395633
2022-10-12 04:00:00+00:00,25.05,25.52,24.66,25.33,39600147.0,185838.0,25.270649,28.42033333333333,29.914766901029623,-1.594068734986294,-1.62239497819293,0.028326243206636015
2022-10-13 04:00:00+00:00,24.725,26.835,24.59,26.42,62301013.0,284621.0,26.016258,28.237000000000002,39.289014807238885,-1.4790748987302003,-1.5937309623003844,0.1146560635701841
2022-10-14 04:00:00+00:00,26.46,26.63,25.76,25.91,48174506.0,226970.0,26.081236,28.041999999999998,36.80826149725049,-1.4128082190568492,-1.5575464136516775,0.14473819459482828
2022-10-17 04:00:00+00:00,26.31,26.75,26.1713,26.42,39416474.0,174604.0,26.399852,27.881999999999998,40.83160326301792,-1.3041057410329202,-1.5068582791279261,0.20275253809500593
2022-10-18 04:00:00+00:00,26.74,26.955,25.54,25.87,51127028.0,236529.0,25.96643,27.73233333333333,38.02022970918854,-1.2479530218855928,-1.4550772276794595,0.2071242057938667
2022-10-19 04:00:00+00:00,25.735,26.25,25.69,26.0,33882274.0,154039.0,25.936435,27.577333333333332,39.08778858396982,-1.179366669027882,-1.3999351159491442,0.22056844692126232
2022-10-20 04:00:00+00:00,26.15,26.95,25.945,26.08,33247689.0,162011.0,26.334592,27.421666666666667,39.77524979430026,-1.105809080104855,-1.3411099087802865,0.23530082867543145
2022-10-21 04:00:00+00:00,25.85,27.05,25.79,26.97,53058711.0,204667.0,26.654714,27.272,46.94864874155562,-0.9645795266169586,-1.265803832347621,0.3012243057306625
2022-10-24 04:00:00+00:00,26.75,27.48,26.52,27.18,43823811.0,218311.0,27.115919,27.125999999999998,48.507162961352435,-0.8261850955182695,-1.1778800849817508,0.3516949894634813
2022-10-25 04:00:00+00:00,27.18,27.555,27.0,27.41,32205300.0,160589.0,27.340957,27.063333333333333,50.23165326827078,-0.6899936170732204,-1.0803027914000447,0.3903091743268243
2022-10-26 04:00:00+00:00,27.19,27.8,26.99,27.21,37095814.0,186346.0,27.352309,26.997666666666664,48.704202515250095,-0.5913821326268334,-0.9825186596454025,0.39113652701856916
2022-10-27 04:00:00+00:00,27.45,27.59,26.13,26.27,56392115.0,285962.0,26.680338,26.912,42.207902718881854,-0.5823687800534358,-0.9024886837270093,0.32011990367357346
2022-10-28 04:00:00+00:00,28.175,29.2186,27.86,29.07,91561169.0,451488.0,28.716369,26.906333333333336,59.525732903871734,-0.34530853196825007,-0.7910526533752575,0.4457441214070075
2022-10-31 04:00:00+00:00,29.08,29.18,28.05,28.43,59463913.0,259779.0,28.549292,26.872666666666664,55.43662623731953,-0.20669655945743415,-0.674181434591693,0.46748487513425885
2022-11-01 04:00:00+00:00,28.8,28.85,27.89,28.3,44418730.0,235070.0,28.31526,26.850666666666665,54.61591391284334,-0.10611228971867348,-0.5605676056170891,0.4544553158984156
2022-11-02 04:00:00+00:00,28.27,28.85,27.41,27.42,51201251.0,247575.0,28.074175,26.81566666666667,49.29572090080552,-0.09629712351629394,-0.4677135091969301,0.3714163856806362
2022-11-03 04:00:00+00:00,27.45,27.88,27.17,27.39,39678189.0,201917.0,27.529498,26.793,49.120053860834304,-0.08990293776211189,-0.3921513949099665,0.3022484571478546
2022-11-04 04:00:00+00:00,27.57,28.235,27.41,28.2,43047713.0,210922.0,27.940535,26.81566666666667,53.89708323025161,-0.01925332855000761,-0.3175717816379747,0.2983184530879671
2022-11-07 05:00:00+00:00,28.36,28.465,27.89,28.41,34389783.0,162647.0,28.235493,26.863666666666667,55.07474553301553,0.05307047728340919,-0.24344332985369793,0.2965138071371071
2022-11-08 05:00:00+00:00,28.755,28.95,27.93,28.48,36251555.0,176432.0,28.55142,26.916666666666668,55.48295412042921,0.11471368154282757,-0.17181192757439284,0.2865256091172204
2022-11-09 05:00:00+00:00,28.22,28.3,27.52,27.52,30544782.0,145241.0,27.699307,26.929666666666666,48.91818039303003,0.08512116429259464,-0.12042530920099537,0.20554647349359
2022-11-10 05:00:00+00:00,28.88,29.83,28.645,29.76,62940790.0,252006.0,29.373214,27.042333333333332,60.62506844931825,0.2396555605860904,-0.04840913524357822,0.2880646958296686
2022-11-11 05:00:00+00:00,28.925,30.63,28.87,30.43,49826517.0,247747.0,30.026291,27.19766666666667,63.331979817331266,0.4114456937438291,0.043561830553903245,0.3678838631899259
2022-11-14 05:00:00+00:00,30.34,30.99,30.18,30.35,39417837.0,182953.0,30.586521,27.310333333333332,62.7770285506312,0.5349684967164876,0.14184316378642012,0.39312533293006746
2022-11-15 05:00:00+00:00,31.095,31.335,30.165,30.71,40892150.0,211085.0,30.827252,27.410666666666664,64.29330581640156,0.6543670631854788,0.24434794366623186,0.4100191195192469
2022-11-16 05:00:00+00:00,30.1101,30.23,29.44,29.53,35582751.0,162678.0,29.715048,27.473666666666663,56.21071027088713,0.6463247199553663,0.32474329892405873,0.3215814210313076
2022-11-17 05:00:00+00:00,29.065,29.95,29.0,29.89,31992738.0,161848.0,29.678565,27.564,57.9476338251904,0.6613761636359854,0.39206987186644404,0.26930629176954135
2022-11-18 05:00:00+00:00,30.26,30.26,29.61,29.87,27167185.0,119001.0,29.87047,27.702333333333332,57.81044104260656,0.6640361133728092,0.4464631201677171,0.2175729932050921
2022-11-21 05:00:00+00:00,29.66,29.715,28.91,28.94,36086768.0,159477.0,29.087007,27.827,51.68297770630669,0.5843647222734774,0.4740434405888692,0.11032128168460814
2022-11-22 05:00:00+00:00,29.135,29.86,29.0558,29.82,25584062.0,120213.0,29.546292,27.986333333333334,56.39292260397545,0.5854841198762983,0.49633157644635506,0.08915254342994328
2022-11-23 05:00:00+00:00,29.73,30.08,29.49,29.67,23143868.0,125641.0,29.742267,28.131000000000004,55.40156359630018,0.5677231451220912,0.5106098901815024,0.05711325494058883
2022-11-25 05:00:00+00:00,29.68,29.68,29.335,29.34,11314878.0,67105.0,29.470382,28.228333333333335,53.186358337775324,0.521013285754865,0.512690569296175,0.008322716458690094
2022-11-28 05:00:00+00:00,29.1,29.19,28.54,28.725,28282116.0,148956.0,28.79417,28.322166666666664,49.23529193743575,0.4294199396893177,0.49603644337480357,-0.06661650368548588
2022-11-29 05:00:00+00:00,28.85,29.18,28.74,28.9,24361493.0,124156.0,28.915683,28.404833333333336,50.36521235794304,0.36672521055318086,0.47017419681047906,-0.1034489862572982
2022-11-30 05:00:00+00:00,28.77,30.08,28.22,30.07,71993244.0,228214.0,29.521885,28.544833333333333,57.22088751516449,0.406759537178111,0.4574912648840055,-0.050731727705894514
2022-12-01 05:00:00+00:00,30.24,30.48,29.52,29.83,38896309.0,182092.0,29.872552,28.672500000000003,55.526645059462716,0.4143447271300893,0.44886195733322226,-0.034517230203132965
2022-12-02 05:00:00+00:00,29.17,29.43,28.71,29.41,31545955.0,187596.0,29.125162,28.7835,52.591950026560646,0.3820613890339999,0.4355018436733778,-0.05344045463937791
2022-12-05 05:00:00+00:00,29.42,29.75,28.89,29.17,34040384.0,157984.0,29.270251,28.85683333333333,50.9353137643351,0.3332689003372451,0.4150552550061513,-0.08178635466890621
2022-12-06 05:00:00+00:00,29.19,29.31,28.3436,28.6,27701186.0,145722.0,28.695262,28.904166666666665,47.13758846961351,0.24577314537155814,0.3811988330792327,-0.13542568770767455
2022-12-07 05:00:00+00:00,28.28,28.55,28.15,28.33,28231502.0,137306.0,28.34489,28.934833333333337,45.410423942844346,0.15288304509505934,0.33553567548239804,-0.1826526303873387
2022-12-08 05:00:00+00:00,28.32,28.6,28.065,28.44,28486091.0,141059.0,28.429622,28.975833333333334,46.274124999392676,0.08713857285455617,0.2858562549568297,-0.19871768210227353
2022-12-09 05:00:00+00:00,28.39,28.78,28.19,28.24,25641349.0,136482.0,28.422729,29.0415,44.883647808887176,0.01868192283303216,0.2324213885320702,-0.21373946569903804
2022-12-12 05:00:00+00:00,28.13,28.71,27.8588,28.69,35117866.0,142556.0,28.391415,29.028833333333335,48.624326320759316,0.0007323318152181457,0.1860835771886998,-0.18535124537348166
2022-12-13 05:00:00+00:00,29.79,30.09,28.37,28.73,58438427.0,240321.0,28.921962,29.038833333333336,48.95595126794969,-0.010148200541362229,0.1468372216426874,-0.15698542218404962
2022-12-14 05:00:00+00:00,28.51,29.12,28.01,28.26,36845302.0,189812.0,28.482879,29.0375,45.25920899716493,-0.05605006263792234,0.10625976478656546,-0.1623098274244878
2022-12-15 05:00:00+00:00,27.94,28.0,27.12,27.15,45682654.0,221549.0,27.294357,29.0285,37.96741327446107,-0.1799213214014621,0.049023547548959955,-0.22894486895042207
2022-12-16 05:00:00+00:00,27.0,27.135,26.4522,26.92,80884405.0,212219.0,26.836295,29.012833333333333,36.64979788504405,-0.2932686458298619,-0.019434891126804417,-0.2738337547030575
2022-12-19 05:00:00+00:00,26.9,26.97,26.5,26.79,37662461.0,150185.0,26.734211,28.965833333333332,35.89162034669624,-0.38910180718168874,-0.09336827433778128,-0.29573353284390747
2022-12-20 05:00:00+00:00,26.535,26.87,26.4201,26.44,31863274.0,147970.0,26.546044,28.900166666666667,33.860648175241636,-0.4876707876461488,-0.1722287769994548,-0.31544201064669397
2022-12-21 05:00:00+00:00,26.59,26.97,26.58,26.83,28100497.0,128108.0,26.809069,28.845166666666668,38.06617181450947,-0.528228583877322,-0.24342873837502826,-0.2847998455022937
2022-12-22 05:00:00+00:00,26.45,26.452,25.35,25.97,47478307.0,207862.0,25.824309,28.7935,33.07224325500454,-0.6225889246980145,-0.3192607756396255,-0.303328149058389
2022-12-23 05:00:00+00:00,25.92,26.19,25.6835,26.09,23600916.0,120254.0,25.977599,28.671166666666668,34.36613686201697,-0.6798502865980112,-0.39137867783130265,-0.2884716087667085
2022-12-27 05:00:00+00:00,25.845,26.1,25.65,25.94,29548058.0,138016.0,25.943802,28.5215,33.49445128113129,-0.7289314073276607,-0.4588892237305743,-0.2700421835970864
2022-12-28 05:00:00+00:00,25.84,26.115,25.5,25.54,26176917.0,134732.0,25.671589,28.36116666666667,31.220298619199426,-0.7909871981292085,-0.5253088186103012,-0.26567837951890727
2022-12-29 05:00:00+00:00,25.77,26.29,25.75,26.21,30944829.0,139312.0,26.132876,28.211166666666667,38.72494067624895,-0.7771450148753871,-0.5756760578633184,-0.20146895701206868
2022-12-30 05:00:00+00:00,25.902,26.46,25.8,26.43,30909055.0,139973.0,26.203997,28.107833333333335,41.001319602714915,-0.7398937885098569,-0.6085196039926262,-0.1313741845172307
2023-01-03 05:00:00+00:00,27.045,27.07,26.37,26.73,31244266.0,163454.0,26.710413,28.0025,44.05354529750114,-0.6783448927703688,-0.6224846617481747,-0.05586023102219406
2023-01-04 05:00:00+00:00,27.41,27.92,27.16,27.68,37601529.0,185885.0,27.60328,27.929500000000004,52.44369128606917,-0.5466089215468877,-0.6073095137079173,0.06070059216102963
2023-01-05 05:00:00+00:00,27.435,27.779,27.38,27.56,33484149.0,138953.0,27.563548,27.8835,51.39520708365893,-0.4467404663541714,-0.5751957042371681,0.12845523788299673
2023-01-06 05:00:00+00:00,27.93,28.83,27.38,28.73,31789631.0,156926.0,28.415848,27.847166666666666,59.82815978966782,-0.2700715573985768,-0.5141708748694499,0.2440993174708731
2023-01-09 05:00:00+00:00,28.84,29.865,28.84,29.425,23397280.0,141578.0,29.46226,27.839,63.84140537150694,-0.073136411551328,-0.42596398220582554,0.35282757065449755
