timestamp,open,high,low,close,volume,trade_count,vwap,30sma,rsi,macd,signal,histogram
2022-01-03 05:00:00+00:00,36.64,36.76,36.25,36.71,3501067.0,24721.0,36.557923,,,,,
2022-01-04 05:00:00+00:00,36.79,37.4,36.765,37.26,5304966.0,34791.0,37.169764,,,,,
2022-01-05 05:00:00+00:00,36.93,37.54,36.77,37.03,5111589.0,37408.0,37.239971,,,,,
2022-01-06 05:00:00+00:00,36.98,37.885,36.98,37.43,6490693.0,41788.0,37.551148,,,,,
2022-01-07 05:00:00+00:00,37.3,37.412,36.99,37.3,4935687.0,39244.0,37.259276,,,,,
2022-01-10 05:00:00+00:00,37.36,37.55,37.12,37.31,7912167.0,46527.0,37.373499,,,,,
2022-01-11 05:00:00+00:00,37.22,37.9,37.0,37.83,7580542.0,44339.0,37.637408,,,,,
2022-01-12 05:00:00+00:00,37.74,38.03,37.55,38.01,7860063.0,43993.0,37.910528,,,,,
2022-01-13 05:00:00+00:00,38.05,38.51,37.86,38.45,7632872.0,40909.0,38.326894,,,,,
2022-01-14 05:00:00+00:00,38.42,39.35,38.17,39.28,8012755.0,53946.0,39.000638,,,,,
2022-01-18 05:00:00+00:00,39.05,39.11,38.01,38.15,9623449.0,45759.0,38.2849,,,,,
2022-01-19 05:00:00+00:00,38.28,38.61,37.985,38.38,5010376.0,31298.0,38.35734,,,,,
2022-01-20 05:00:00+00:00,38.38,38.6599,38.08,38.11,4880804.0,33584.0,38.288247,,,,,
2022-01-21 05:00:00+00:00,38.3415,38.71,37.8,37.83,6039466.0,44443.0,38.197805,,,,,
2022-01-24 05:00:00+00:00,38.01,38.28,37.37,38.17,10690192.0,65039.0,37.982086,,63.17689530685918,,,
2022-01-25 05:00:00+00:00,37.94,38.41,37.43,38.08,6694059.0,48380.0,38.01679,,62.09061135371172,,,
2022-01-26 05:00:00+00:00,37.71,38.14,37.17,37.41,10208096.0,51475.0,37.575407,,54.568434259566715,,,
2022-01-27 05:00:00+00:00,37.41,38.52,37.41,37.6,5390690.0,43848.0,37.89095,,56.189351282844385,,,
2022-01-28 05:00:00+00:00,37.31,37.67,37.06,37.64,8472133.0,60839.0,37.437458,,56.54089145914569,,,
2022-01-31 05:00:00+00:00,37.32,38.08,37.31,37.95,8452990.0,51986.0,37.870193,,59.26867677528109,,,
2022-02-01 05:00:00+00:00,37.99,38.19,37.475,38.14,5751161.0,36825.0,37.922991,,60.88901156233055,,,
2022-02-02 05:00:00+00:00,38.3,38.89,38.17,38.77,5628114.0,37709.0,38.641791,,65.75376370186396,,,
2022-02-03 05:00:00+00:00,38.745,39.05,38.425,38.75,7386378.0,45793.0,38.73733,,65.47533513913521,,,
2022-02-04 05:00:00+00:00,38.39,38.65,37.88,38.24,5476413.0,35362.0,38.246419,,58.654755819585034,,,
2022-02-07 05:00:00+00:00,38.33,38.725,38.15,38.57,5455740.0,41418.0,38.516025,,61.45286157268547,,,
2022-02-08 05:00:00+00:00,38.67,39.03,38.48,38.85,6665013.0,35499.0,38.86227,,63.69777979373254,0.3257450779529236,,
2022-02-09 05:00:00+00:00,39.09,39.13,38.58,38.68,4043241.0,34948.0,38.701203,,61.36121460277736,0.33217658250629967,,
2022-02-10 05:00:00+00:00,38.03,38.71,38.02,38.28,6721733.0,47181.0,38.345199,,56.14274669873754,0.30152119054661597,,
2022-02-11 05:00:00+00:00,38.2,38.425,37.94,38.03,6670777.0,43536.0,38.115283,,53.10303024702769,0.25412427444661745,,
2022-02-14 05:00:00+00:00,38.12,38.23,37.61,38.1,6038367.0,42768.0,37.937848,38.01133333333333,53.85637512668793,0.21967798092727975,,
2022-02-15 05:00:00+00:00,38.42,38.6217,37.89,37.93,5391346.0,34559.0,38.058445,38.052,51.68493145280143,0.17662543778902773,,
2022-02-16 05:00:00+00:00,37.95,38.17,37.65,37.92,7551607.0,44044.0,37.946324,38.074,51.55325645655206,0.14008426652357286,,
2022-02-17 05:00:00+00:00,38.3887,38.3887,37.66,37.92,5854815.0,42430.0,37.95439,38.10366666666667,51.55325645655206,0.10985874183954536,,
2022-02-18 05:00:00+00:00,37.78,38.61,37.77,38.48,6470982.0,47457.0,38.386844,38.13866666666666,58.43127670409507,0.12959818840516846,0.22104574899300566,-0.0914475605878372
2022-02-22 05:00:00+00:00,38.54,38.75,38.145,38.57,6024392.0,45541.0,38.504086,38.181000000000004,59.42820124749695,0.15076615151606632,0.2069898294976178,-0.05622367798155148
2022-02-23 05:00:00+00:00,38.54,38.74,38.06,38.095,7046546.0,52753.0,38.309671,38.20716666666667,52.299232641647414,0.1277408673264091,0.19114003706337607,-0.06339916973696696
2022-02-24 05:00:00+00:00,37.23,37.62,35.923,36.65,7374622.0,61638.0,36.583019,38.167833333333334,37.5443044412054,-0.007025276894268018,0.15150697427184726,-0.15853225116611527
2022-02-25 05:00:00+00:00,36.9,38.405,36.85,38.3,8001473.0,65908.0,38.027405,38.1775,53.63109491313174,0.01909270443589861,0.12502412030465754,-0.10593141586875893
2022-02-28 05:00:00+00:00,37.4,38.71,37.34,38.67,7532936.0,48240.0,38.408024,38.18483333333334,56.346407360639674,0.06885359915970213,0.11379001607566647,-0.04493641691596434
2022-03-01 05:00:00+00:00,38.44,38.79,37.98,38.16,5745641.0,48742.0,38.290885,38.14750000000001,51.840184719738204,0.06637163805545043,0.10430634047162327,-0.03793470241617283
2022-03-02 05:00:00+00:00,38.39,38.775,38.05,38.61,3682359.0,32396.0,38.564748,38.16283333333333,55.241515059737026,0.09956814558852045,0.1033587014950027,-0.0037905559064822514
2022-03-03 05:00:00+00:00,38.68,38.8757,38.525,38.61,5324418.0,35431.0,38.648208,38.1705,55.241515059737026,0.12444212561484136,0.10757538631897043,0.01686673929587093
2022-03-04 05:00:00+00:00,38.22,39.025,37.92,38.88,6045516.0,48115.0,38.732354,38.19616666666666,57.33815682423851,0.16405060426093598,0.11887042990736355,0.04518017435357244
2022-03-07 05:00:00+00:00,38.78,39.25,38.06,38.14,6382373.0,47245.0,38.353619,38.206500000000005,50.373445062912396,0.13418202651345723,0.12193274922858229,0.012249277284874946
2022-03-08 05:00:00+00:00,38.11,38.36,37.14,37.21,6032477.0,56387.0,37.510658,38.174499999999995,43.261380287072235,0.03506354507011622,0.10455890839688908,-0.06949536332677286
2022-03-09 05:00:00+00:00,37.71,37.93,36.98,37.63,9533688.0,58643.0,37.55593,38.1595,46.90708622492264,-0.009488695890567556,0.08174938753939777,-0.09123808342996532
2022-03-10 05:00:00+00:00,37.16,38.25,36.51,37.2,7941784.0,55850.0,37.087044,38.1525,43.80382221092533,-0.07858815879833259,0.04968187827185169,-0.12827003707018428
2022-03-11 05:00:00+00:00,37.34,37.75,36.75,36.81,6637396.0,51432.0,37.081094,38.12616666666667,41.145063989044516,-0.16294143419560925,0.00715721577835951,-0.17009864997396876
2022-03-14 04:00:00+00:00,36.93,37.19,36.835,37.04,6695316.0,52808.0,37.025204,38.10616666666667,43.32965725191813,-0.20882572193767857,-0.03603937176484811,-0.17278635017283045
2022-03-15 04:00:00+00:00,37.37,37.505,37.095,37.34,6173354.0,41598.0,37.309483,38.08583333333333,46.13798872213802,-0.21846354598702078,-0.07252420660928265,-0.14593933937773812
2022-03-16 04:00:00+00:00,37.21,37.6475,36.76,37.46,8939806.0,67843.0,37.352678,38.06316666666667,47.26375035575313,-0.21395228510274933,-0.100809822307976,-0.11314246279477333
2022-03-17 04:00:00+00:00,37.43,38.11,37.43,37.8,5603615.0,47406.0,37.826256,38.03083333333334,50.425343253926684,-0.18085711164523843,-0.11681928017542849,-0.06403783146980994
2022-03-18 04:00:00+00:00,37.79,37.905,37.44,37.81,8423080.0,46259.0,37.758962,37.999500000000005,50.519302232618145,-0.15206907418826887,-0.12386923897799658,-0.028199835210272292
2022-03-21 04:00:00+00:00,37.738,38.14,37.47,37.78,3908943.0,29675.0,37.756617,37.98416666666667,50.21184079545072,-0.1301745254776776,-0.1251302962779328,-0.005044229199744815
2022-03-22 04:00:00+00:00,37.33,37.99,37.33,37.83,4142095.0,29201.0,37.765237,37.9595,50.74983112148594,-0.10754860240837871,-0.12161395750402199,0.014065355095643273
2022-03-23 04:00:00+00:00,37.78,37.99,36.82,36.87,5058955.0,37465.0,37.114448,37.8935,41.481722923826105,-0.16517731108731937,-0.13032662822068147,-0.034850682866637894
2022-03-24 04:00:00+00:00,37.04,37.28,36.81,37.26,3416456.0,29414.0,37.103717,37.84616666666667,45.811279764187695,-0.1773345351396216,-0.13972820960446952,-0.037606325535152085
2022-03-25 04:00:00+00:00,37.19,37.63,37.17,37.58,2926720.0,24802.0,37.478467,37.82283333333333,49.136556028310906,-0.15931145386846168,-0.14364485845726796,-0.015666595411193723
2022-03-28 04:00:00+00:00,37.68,38.02,37.36,38.0,6642507.0,52476.0,37.835761,37.82183333333333,53.19616559627134,-0.10987101750082928,-0.13689009026598023,0.027019072765150948
2022-03-29 04:00:00+00:00,38.02,38.46,37.855,38.29,4116296.0,34869.0,38.187766,37.82816666666667,55.81829640360871,-0.04674963838087365,-0.11886199988895893,0.07211236150808528
2022-03-30 04:00:00+00:00,38.07,38.31,37.86,38.15,3625731.0,28987.0,38.10083,37.8355,54.23852053758957,-0.007930898177136214,-0.0966757795465944,0.08874488136945818
2022-03-31 04:00:00+00:00,38.15,38.315,37.89,37.9,4269996.0,30618.0,38.024344,37.83483333333333,51.43885074960984,0.0026300053805101697,-0.07681462256117348,0.07944462794168365
2022-04-01 04:00:00+00:00,37.96,38.24,37.755,38.24,2551137.0,25124.0,38.044076,37.8455,54.852042411996706,0.03799675312077255,-0.05385234742478428,0.09184910054555684
2022-04-04 04:00:00+00:00,38.04,38.365,37.6,38.36,4501527.0,28379.0,38.23883,37.8415,56.026796165113794,0.0748453816566439,-0.028112801608498647,0.10295818326514254
2022-04-05 04:00:00+00:00,38.05,38.22,36.89,36.95,10476713.0,59218.0,37.209364,37.7875,42.14904678805281,-0.009616181532145163,-0.024413477593227952,0.01479729606108279
2022-04-06 04:00:00+00:00,37.0,38.04,36.82,37.83,7526562.0,58237.0,37.711174,37.778666666666666,50.40568720834969,-0.005480754611312477,-0.02062693299684486,0.015146178385532384
2022-04-07 04:00:00+00:00,37.81,37.85,37.29,37.61,3944380.0,35777.0,37.634233,37.81066666666666,48.54050264143648,-0.019728146572354888,-0.020447175711946868,0.0007190291395919798
2022-04-08 04:00:00+00:00,37.69,37.875,37.41,37.65,5010867.0,39486.0,37.707891,37.789,48.910666915095476,-0.027474927777475955,-0.021852726125052686,-0.0056222016524232685
2022-04-11 04:00:00+00:00,37.78,38.04,37.58,37.59,4381352.0,35886.0,37.755187,37.753,48.34885480676908,-0.03801756344784479,-0.02508569358961111,-0.012931869858233684
2022-04-12 04:00:00+00:00,37.72,37.9,37.35,37.63,6202041.0,44662.0,37.649063,37.73533333333333,48.77132305549354,-0.042653331412402906,-0.02859922115416947,-0.014054110258233436
2022-04-13 04:00:00+00:00,37.78,37.86,37.46,37.66,6198912.0,47351.0,37.655099,37.70366666666667,49.107535318687084,-0.04340610310642745,-0.031560597544621066,-0.011845505561806385
2022-04-14 04:00:00+00:00,37.74,37.8,37.185,37.24,5079844.0,39045.0,37.434048,37.658,44.68589334706733,-0.07700549855780281,-0.040649577747257415,-0.036355920810545395
2022-04-18 04:00:00+00:00,37.2,37.47,36.58,36.78,8029411.0,45377.0,36.798373,37.588,40.39581667764024,-0.13914741238941275,-0.060349144675688485,-0.07879826771372427
2022-04-19 04:00:00+00:00,36.92,37.685,36.75,37.56,8743262.0,54705.0,37.401977,37.568666666666665,49.2865784949497,-0.12402614929578704,-0.0730845455997082,-0.050941603696078835
2022-04-20 04:00:00+00:00,37.7,38.045,37.53,38.01,6012298.0,43550.0,37.88126,37.595333333333336,53.58784690519107,-0.07486816653815254,-0.07344126978739707,-0.0014268967507554686
2022-04-21 04:00:00+00:00,38.08,38.285,37.48,37.51,6619510.0,44419.0,37.801375,37.59133333333333,48.65040223941696,-0.07538691888999693,-0.07383039960791704,-0.0015565192820798934
2022-04-22 04:00:00+00:00,37.59,37.66,36.98,37.0,5403263.0,39831.0,37.232934,37.584666666666664,44.179066100726914,-0.11561799929226169,-0.08218791954478596,-0.03343007974747572
2022-04-25 04:00:00+00:00,37.32,37.44,36.64,37.3,5968321.0,42946.0,37.090255,37.601,47.25025821818191,-0.1218888685613635,-0.09012810934810148,-0.03176075921326202
2022-04-26 04:00:00+00:00,37.29,37.645,37.02,37.05,7660253.0,53478.0,37.329485,37.60133333333333,45.027017417291844,-0.14535591578290052,-0.10117367063506129,-0.044182245147839236
2022-04-27 04:00:00+00:00,37.25,38.19,37.18,37.86,6033683.0,57197.0,37.827457,37.61866666666666,52.77952750063397,-0.09746991670252925,-0.10043291984855489,0.0029630031460256417
2022-04-28 04:00:00+00:00,37.37,38.28,36.68,37.99,7401620.0,65324.0,37.903106,37.63633333333334,53.90311685957531,-0.04847125740363367,-0.09004058735957066,0.041569329955936984
2022-04-29 04:00:00+00:00,38.0,38.55,37.315,37.4,7695397.0,51726.0,37.738867,37.623,48.28740867939424,-0.056595142483942595,-0.08335149838444506,0.02675635590050246
2022-05-02 04:00:00+00:00,37.52,37.86,36.035,36.53,9245990.0,68922.0,36.671574,37.58033333333333,41.43274319074191,-0.13171676022511036,-0.09302455075257812,-0.03869220947253224
2022-05-03 04:00:00+00:00,36.85,37.495,36.7212,37.19,8747185.0,64795.0,37.198831,37.56066666666666,47.519170293142444,-0.1364221101906935,-0.10170406264020121,-0.03471804755049229
2022-05-04 04:00:00+00:00,37.09,37.31,36.565,37.22,9316113.0,61404.0,37.110002,37.540333333333336,47.78479382175071,-0.13616080762594152,-0.10859541163734927,-0.027565395988592242
2022-05-05 04:00:00+00:00,37.36,37.36,36.715,37.06,8354890.0,55992.0,37.020543,37.54666666666666,46.434917622793186,-0.14716792604243523,-0.11630991451836648,-0.03085801152406875
2022-05-06 04:00:00+00:00,36.97,37.19,36.54,36.96,7624484.0,58051.0,36.884813,37.53666666666666,45.5684875094913,-0.16209181738251743,-0.12546629509119667,-0.03662552229132077
2022-05-09 04:00:00+00:00,36.9,37.556,36.65,37.14,9412179.0,58075.0,37.210107,37.522000000000006,47.46853966006693,-0.15757815028562305,-0.13188866613008193,-0.02568948415554112
2022-05-10 04:00:00+00:00,37.45,37.67,36.62,37.0,8225361.0,60083.0,36.955647,37.48866666666667,46.120057597513814,-0.16341413019221562,-0.13819375894250868,-0.02522037124970694
2022-05-11 04:00:00+00:00,36.71,38.005,36.71,37.42,9479683.0,68758.0,37.506238,37.459666666666664,50.649424119163704,-0.13261993632765723,-0.1370789944195384,0.004459058091881185
2022-05-12 04:00:00+00:00,37.41,37.51,36.5,36.86,14046596.0,77571.0,36.852574,37.416666666666664,45.194156640766465,-0.1516544575297658,-0.1399940870415839,-0.011660370488181915
2022-05-13 04:00:00+00:00,36.87,37.44,36.78,37.21,12980429.0,70950.0,37.185197,37.393666666666675,48.89872787398265,-0.13691906009518107,-0.13937908165230334,0.0024600215571222717
2022-05-16 04:00:00+00:00,37.14,37.405,36.85,36.99,9851668.0,76771.0,37.088822,37.352000000000004,46.75920222310489,-0.14136375942597112,-0.13977601720703692,-0.0015877422189342072
2022-05-17 04:00:00+00:00,36.93,37.055,35.39,35.97,18756470.0,110322.0,35.856028,37.272333333333336,38.375495030507594,-0.22460261207059062,-0.15674133617974767,-0.06786127589084295
2022-05-18 04:00:00+00:00,35.91,35.93,34.49,34.52,10739460.0,81264.0,34.833154,37.19133333333333,30.110546390107885,-0.402928179104741,-0.20597870476474633,-0.19694947433999466
2022-05-19 04:00:00+00:00,34.37,34.58,33.675,34.33,13146139.0,83500.0,34.164743,37.074666666666666,29.222424259480093,-0.5532068634864302,-0.27542433650908316,-0.27778252697734707
2022-05-20 04:00:00+00:00,34.62,34.67,33.56,34.57,11170467.0,81146.0,34.244602,36.973333333333336,31.95270463891653,-0.6454969226061422,-0.34943885372849504,-0.2960580688776472
2022-05-23 04:00:00+00:00,34.989,35.17,34.72,34.96,7108838.0,51047.0,34.963136,36.88366666666666,36.25588648796601,-0.6793367475847631,-0.41541843249974864,-0.2639183150850145
2022-05-24 04:00:00+00:00,34.96,35.31,34.73,35.29,10408459.0,67834.0,35.056413,36.807,39.72901714190623,-0.6717829153305885,-0.4666913290659167,-0.20509158626467183
2022-05-25 04:00:00+00:00,35.355,35.52,34.99,35.34,10413157.0,58905.0,35.310776,36.73066666666667,40.26012907958814,-0.6542204209396374,-0.5041971474406608,-0.1500232734989766
2022-05-26 04:00:00+00:00,35.38,35.77,35.27,35.53,9967883.0,64376.0,35.511527,36.659666666666666,42.33946537410552,-0.6178484333576719,-0.5269274046240631,-0.09092102873360886
2022-05-27 04:00:00+00:00,35.61,35.87,34.96,35.18,11393267.0,74793.0,35.15687,36.590999999999994,39.60478107008545,-0.6102310820229988,-0.5435881401038503,-0.06664294191914855
2022-05-31 04:00:00+00:00,35.08,35.095,34.515,34.74,13913138.0,72655.0,34.754974,36.522999999999996,36.420057306663274,-0.6324085864528328,-0.5613522293736468,-0.071056357079186
2022-06-01 04:00:00+00:00,34.74,34.9,34.05,34.64,8529160.0,61746.0,34.548573,36.425666666666665,35.71709460490645,-0.6505543966305964,-0.5791926628250368,-0.07136173380555966
2022-06-02 04:00:00+00:00,34.74,35.33,34.23,35.32,10818374.0,69611.0,34.9878,36.336,43.67801379822176,-0.6031124599136817,-0.5839766222427658,-0.019135837670915867
2022-06-03 04:00:00+00:00,35.25,35.25,34.83,34.94,5180381.0,48318.0,35.067676,36.25033333333333,40.64850860342622,-0.5893831652219248,-0.5850579308385977,-0.004325234383327103
2022-06-06 04:00:00+00:00,37.25,37.32,36.24,36.7,23727782.0,149050.0,36.649573,36.24033333333333,55.903884372883645,-0.4315111176403903,-0.5543485681989563,0.12283745055856599
2022-06-07 04:00:00+00:00,36.45,36.76,36.2,36.41,10335714.0,69691.0,36.45888,36.21066666666666,53.46532412105139,-0.3260385889922759,-0.5086865723576202,0.18264798336534427
2022-06-08 04:00:00+00:00,36.22,36.38,35.89,36.03,10084183.0,68198.0,36.088545,36.17666666666667,50.365110777650735,-0.2700012678122192,-0.46094951144854,0.1909482436363208
2022-06-09 04:00:00+00:00,36.03,36.57,35.69,35.71,9523764.0,76658.0,36.100979,36.105,47.84892541759523,-0.24854751169893063,-0.4184691114986182,0.16992159979968757
2022-06-10 04:00:00+00:00,35.35,35.8,35.2,35.49,9401825.0,70654.0,35.553919,36.02166666666666,46.14218156495178,-0.24645642059365258,-0.3840665733176251,0.13761015272397253
2022-06-13 04:00:00+00:00,35.09,35.385,34.61,34.7,10472280.0,84412.0,34.969369,35.931666666666665,40.54892662754719,-0.3050294241938758,-0.3682591434928753,0.06322971929899951
2022-06-14 04:00:00+00:00,34.89,35.01,34.16,34.4,10023765.0,66480.0,34.462718,35.860666666666674,38.63373584139037,-0.3713754592174823,-0.3688824066377967,-0.002493052579685573
2022-06-15 04:00:00+00:00,34.52,35.095,34.44,34.85,11399910.0,83762.0,34.771034,35.782666666666664,42.983904516265895,-0.38322633612523305,-0.371751192535284,-0.011475143589949055
2022-06-16 04:00:00+00:00,34.52,34.9,34.32,34.44,18525433.0,100213.0,34.543219,35.690000000000005,40.18856275428637,-0.4208505122082258,-0.3815710564698723,-0.03927945573835345
2022-06-17 04:00:00+00:00,34.63,34.91,33.35,34.35,143314543.0,175050.0,34.344901,35.599666666666664,39.5800789238439,-0.45271161298882134,-0.3957991677736622,-0.056912445215159146
2022-06-21 04:00:00+00:00,34.19,35.265,34.11,34.94,15769678.0,89090.0,34.896909,35.532333333333334,45.41474609339156,-0.42544938011904776,-0.40172921024273933,-0.023720169876308428
2022-06-22 04:00:00+00:00,34.96,35.405,34.73,34.88,11443652.0,77128.0,35.05722,35.457,44.9394680156596,-0.40402797966417126,-0.40218896412702576,-0.0018390155371454942
2022-06-23 04:00:00+00:00,35.07,35.39,34.93,35.21,11106721.0,74351.0,35.17958,35.397333333333336,48.153273631171814,-0.3563157373742811,-0.39301431877647686,0.03669858140219573
2022-06-24 04:00:00+00:00,35.53,35.91,35.06,35.765,9347586.0,61247.0,35.481972,35.34216666666667,53.11029126424413,-0.27060026848763385,-0.36853150871870827,0.09793124023107441
2022-06-27 04:00:00+00:00,35.76,36.05,35.71,35.89,6586630.0,52066.0,35.920441,35.30983333333334,54.17301916610136,-0.1903890006307165,-0.3329030071011099,0.14251400647039342
2022-06-28 04:00:00+00:00,35.96,36.325,35.49,35.51,7010543.0,50402.0,35.780294,35.253166666666665,50.43104501941569,-0.15568912979545502,-0.2974602316399789,0.1417711018445239
2022-06-29 04:00:00+00:00,35.7,35.96,35.52,35.68,7178048.0,51279.0,35.736309,35.209500000000006,52.02751218780775,-0.11316713264765355,-0.26060161184151387,0.14743447919386032
2022-06-30 04:00:00+00:00,35.146,35.62,35.06,35.39,7665717.0,50795.0,35.388085,35.19016666666666,49.121132438477325,-0.10169642681792368,-0.22882057483679583,0.12712414801887215
2022-07-01 04:00:00+00:00,35.22,36.16,35.04,36.07,5865047.0,45166.0,35.77474,35.24183333333334,55.411014327410605,-0.03730545869699142,-0.19051755160883496,0.15321209291184354
2022-07-05 04:00:00+00:00,36.08,36.27,35.44,36.26,7186367.0,54378.0,36.018233,35.30616666666666,57.01020340829346,0.02872513408945565,-0.14666901446917685,0.1753941485586325
2022-07-06 04:00:00+00:00,36.29,36.46,35.865,35.95,8696338.0,60442.0,36.05968,35.35216666666667,53.63051277220629,0.05540180782141135,-0.10625485001105922,0.16165665783247057
2022-07-07 04:00:00+00:00,36.0,36.265,35.93,36.15,6471391.0,49525.0,36.135293,35.39183333333334,55.46485439083738,0.09162539199520836,-0.06667880160980572,0.15830419360501408
2022-07-08 04:00:00+00:00,36.22,36.33,35.81,36.2,7374656.0,45074.0,36.106543,35.42216666666666,55.93418023740259,0.12295013296333224,-0.028753014695178127,0.15170314765851037
2022-07-11 04:00:00+00:00,36.32,36.38,36.0,36.14,5804394.0,45969.0,36.165639,35.44883333333333,55.182660894266505,0.141304843032799,0.005258556850417297,0.1360462861823817
2022-07-12 04:00:00+00:00,36.25,36.625,36.1,36.3,6359413.0,45368.0,36.356638,35.4745,56.84768453949755,0.16683853504696344,0.03757455248972653,0.12926398255723692
2022-07-13 04:00:00+00:00,36.22,36.595,35.935,36.43,5349054.0,47259.0,36.373697,35.51616666666667,58.20628987717143,0.19531264092647405,0.06912217017707603,0.12619047074939801
2022-07-14 04:00:00+00:00,35.89,36.43,35.83,36.39,6379660.0,54630.0,36.222014,35.57116666666668,57.605319418917865,0.2122047450665292,0.09773868515496667,0.11446605991156253
2022-07-15 04:00:00+00:00,36.82,36.88,36.28,36.63,6345535.0,40656.0,36.588396,35.6375,60.25676292051731,0.24216631104444986,0.1266242103328633,0.11554210071158655
2022-07-18 04:00:00+00:00,36.67,36.68,36.04,36.16,6312691.0,40656.0,36.300313,35.6655,53.23509419111244,0.22538786488988904,0.14637694124426848,0.07901092364562057
2022-07-19 04:00:00+00:00,36.53,36.62,36.255,36.48,7134547.0,42251.0,36.44423,35.716833333333334,56.916255000748514,0.2352009014936911,0.16414173329415302,0.07105916819953809
2022-07-20 04:00:00+00:00,36.48,36.52,36.125,36.31,5573513.0,41184.0,36.304378,35.703833333333336,54.4635014618756,0.22664757232010402,0.17664290109934322,0.0500046712207608
2022-07-21 04:00:00+00:00,36.27,36.46,35.95,36.28,7490732.0,46406.0,36.173918,35.69950000000001,54.02107829514961,0.21497020533431055,0.18430836194633668,0.03066184338797387
2022-07-22 04:00:00+00:00,36.45,36.6,36.18,36.43,5929611.0,41582.0,36.399269,35.712833333333336,55.94795133078335,0.21533728014219378,0.1905141455855081,0.024823134556685666
2022-07-25 04:00:00+00:00,36.5,36.91,36.44,36.76,3871799.0,31286.0,36.73054,35.74783333333334,59.926785697321144,0.23949567459119692,0.20031045138664588,0.039185223204551034
2022-07-26 04:00:00+00:00,36.77,37.125,36.53,37.07,6662515.0,50142.0,36.938418,35.80050000000001,63.2818650833862,0.28042324090205284,0.2163330092897273,0.06409023161232555
2022-07-27 04:00:00+00:00,36.91,37.4,36.595,37.11,8059596.0,62545.0,37.043504,35.880833333333335,63.70413366505043,0.3124841747250713,0.2355632423767961,0.07692093234827518
2022-07-28 04:00:00+00:00,37.44,38.54,36.99,38.5,9055836.0,51363.0,38.119105,36.0175,74.62494036559193,0.4449252576379692,0.27743564542903076,0.16748961220893843
2022-07-29 04:00:00+00:00,38.29,38.76,38.125,38.74,7314462.0,49655.0,38.59301,36.147166666666664,75.96938688026394,0.5627645646764279,0.33450142927851023,0.22826313539791765
2022-08-01 04:00:00+00:00,38.845,39.42,38.81,38.91,8561106.0,60760.0,39.031348,36.296166666666664,76.9028914257032,0.6622367902515478,0.40004850147311777,0.26218828877843003
2022-08-02 04:00:00+00:00,38.95,38.9663,38.43,38.56,5577019.0,44467.0,38.633509,36.4365,70.80448764219723,0.7047037841893058,0.46097955801635543,0.24372422617295036
2022-08-03 04:00:00+00:00,38.61,39.145,38.25,39.1,5799699.0,44954.0,38.930173,36.57516666666667,74.20344432267328,0.7730217562580393,0.5233879976646922,0.24963375859334702
2022-08-04 04:00:00+00:00,39.04,39.07,38.48,38.68,5533605.0,39455.0,38.640463,36.701833333333326,67.61043800649624,0.7842335947021155,0.5755571170721769,0.20867647762993857
2022-08-05 04:00:00+00:00,38.59,38.74,38.105,38.72,5975163.0,45970.0,38.524153,36.81883333333333,67.90293415029282,0.7872715468198024,0.6179000030217021,0.16937154379810027
2022-08-08 04:00:00+00:00,38.95,39.075,38.625,38.78,4719273.0,42557.0,38.801655,36.919333333333334,68.364428823118,0.7854662780023887,0.6514132580178394,0.13405301998454922
2022-08-09 04:00:00+00:00,38.94,39.28,38.8,39.11,7187525.0,55071.0,39.130776,37.026666666666664,70.84715948898783,0.8014254972707704,0.6814157058684256,0.1200097914023448
2022-08-10 04:00:00+00:00,39.29,39.77,39.23,39.7,10802672.0,64884.0,39.613809,37.166333333333334,74.6740223787588,0.8518616320563055,0.7155048911060016,0.13635674095030392
2022-08-11 04:00:00+00:00,39.835,40.07,38.98,39.02,7121667.0,51918.0,39.453737,37.27766666666667,64.21191377421496,0.8274242831611431,0.73788876951703,0.08953551364411316
2022-08-12 04:00:00+00:00,39.12,39.33,39.08,39.3,6205807.0,46815.0,39.251181,37.408,66.30528054092306,0.8211850578653639,0.7545480271866968,0.06663703067866711
2022-08-15 04:00:00+00:00,39.25,40.01,39.23,39.95,5394000.0,44391.0,39.848438,37.537333333333336,70.60396540895835,0.8587903935126562,0.7753965004518887,0.0833938930607675
2022-08-16 04:00:00+00:00,40.0,40.445,39.92,40.08,6640163.0,54172.0,40.125036,37.66466666666667,71.39011387624191,0.8888368485809011,0.7980845700776912,0.09075227850320988
2022-08-17 04:00:00+00:00,40.09,40.36,39.91,40.05,6317943.0,49134.0,40.08772,37.80133333333333,70.91876813081402,0.8998551612573849,0.8184386883136299,0.08141647294375498
2022-08-18 04:00:00+00:00,40.12,41.31,39.99,40.03,8202818.0,48488.0,40.132807,37.93066666666666,70.58418629989669,0.8966375411462835,0.8340784588801606,0.06255908226612283
2022-08-19 04:00:00+00:00,39.95,40.265,39.78,39.96,11083490.0,50388.0,39.978249,38.056000000000004,69.35094996389492,0.8783144764877662,0.8429256624016819,0.0353888140860843
2022-08-22 04:00:00+00:00,39.72,39.99,39.395,39.48,5536352.0,38101.0,39.627785,38.16733333333333,61.42563654291566,0.8156589189748189,0.8374723137163094,-0.021813394741490466
2022-08-23 04:00:00+00:00,39.34,39.695,39.27,39.49,4820931.0,37929.0,39.515766,38.27366666666667,61.52428587905806,0.7580722694250781,0.8215923048580631,-0.06352003543298501
2022-08-24 04:00:00+00:00,39.57,39.79,39.33,39.61,4097768.0,30895.0,39.593913,38.379666666666665,62.75519786233616,0.7138881734026299,0.8000514785669764,-0.08616330516434656
2022-08-25 04:00:00+00:00,39.61,39.82,39.49,39.69,4581461.0,35811.0,39.668239,38.48966666666667,63.59144976846949,0.6775172927764714,0.7755446414088756,-0.09802734863240414
2022-08-26 04:00:00+00:00,39.73,39.8,38.58,38.62,8000769.0,49116.0,38.884275,38.556000000000004,48.05130364825437,0.5559444684365857,0.7316246068144177,-0.17568013837783192
2022-08-29 04:00:00+00:00,38.43,39.02,38.35,38.8,5321623.0,39055.0,38.753489,38.644,50.25367614757961,0.468718529498652,0.6790433913512646,-0.21032486185261257
2022-08-30 04:00:00+00:00,38.7,38.74,38.29,38.42,4506205.0,37530.0,38.4803,38.708666666666666,45.83577053106681,0.36472420663276495,0.6161795544075647,-0.2514553477747997
2022-08-31 04:00:00+00:00,38.6,38.63,38.045,38.12,6964022.0,38324.0,38.199112,38.769,42.648119132518396,0.2551591479015656,0.5439754731063648,-0.2888163252047993
2022-09-01 04:00:00+00:00,38.08,38.37,37.795,38.33,4412101.0,38940.0,38.202822,38.837333333333326,45.505084596258094,0.18316191786542646,0.4718127620581772,-0.2886508441927507
2022-09-02 04:00:00+00:00,38.55,38.805,37.65,37.83,5887845.0,46676.0,38.087408,38.884,40.35104758975263,0.08478047646543274,0.3944063049396283,-0.30962582847419556
2022-09-06 04:00:00+00:00,37.87,38.18,37.51,37.57,7338455.0,52464.0,37.678862,38.910999999999994,37.944343600718085,-0.014005900431605767,0.31272386386538154,-0.3267297642969873
2022-09-07 04:00:00+00:00,37.72,38.42,37.69,38.34,4999022.0,38840.0,38.208722,38.95333333333333,47.8622922892162,-0.029818521642326345,0.24421538676383997,-0.2740339084061663
2022-09-08 04:00:00+00:00,38.31,38.505,38.025,38.46,6239776.0,46411.0,38.334822,38.998333333333335,49.224275690698924,-0.03229486564909223,0.18891333628125354,-0.22120820193034577
2022-09-09 04:00:00+00:00,38.54,38.9,38.33,38.69,5260539.0,39830.0,38.67749,39.00466666666667,51.82203895649993,-0.01551941020541392,0.14802678698392005,-0.16354619718933397
2022-09-12 04:00:00+00:00,38.81,39.08,38.71,39.01,5026550.0,41641.0,38.972326,39.01366666666667,55.25225463591328,0.02332767779410716,0.12308696514595747,-0.09975928735185031
2022-09-13 04:00:00+00:00,38.65,38.91,37.58,37.69,7015380.0,48893.0,37.963487,38.973,41.97583451285398,-0.05180155728083946,0.0881092606605981,-0.13991081794143756
2022-09-14 04:00:00+00:00,37.84,38.16,37.53,37.74,6899597.0,57424.0,37.774178,38.94566666666667,42.53906278145213,-0.10608455846740839,0.049270496834996805,-0.15535505530240518
2022-09-15 04:00:00+00:00,37.8,38.07,37.155,37.23,8271051.0,69577.0,37.487812,38.88333333333333,38.44034792493789,-0.1880887951979915,0.0017986384283991477,-0.18988743362639063
2022-09-16 04:00:00+00:00,37.07,37.48,36.705,37.17,33253187.0,74101.0,37.127096,38.833,37.976748039997425,-0.25497999155160755,-0.049557087567602194,-0.20542290398400537
2022-09-19 04:00:00+00:00,37.24,37.855,36.9,37.77,7525357.0,46751.0,37.593861,38.80133333333333,45.10631393476532,-0.2566186212696593,-0.09096939430801362,-0.16564922696164566
2022-09-20 04:00:00+00:00,37.66,37.7,37.161,37.43,4492039.0,40636.0,37.418475,38.75633333333334,42.14956784947144,-0.28210052636193694,-0.1291956207187983,-0.15290490564313863
2022-09-21 04:00:00+00:00,37.67,37.95,37.15,37.16,6006557.0,47187.0,37.489299,38.69133333333333,39.91212927933967,-0.3203886226437831,-0.16743422110379527,-0.15295440153998782
2022-09-22 04:00:00+00:00,37.21,37.38,37.05,37.11,5758304.0,41009.0,37.172959,38.605,39.49402909457794,-0.3507238704697926,-0.20409215097699474,-0.14663171949279785
2022-09-23 04:00:00+00:00,37.03,37.12,36.615,37.08,5849135.0,49748.0,36.933798,38.54033333333333,39.228499402971295,-0.372887111695654,-0.2378511431207266,-0.13503596857492742
2022-09-26 04:00:00+00:00,37.02,37.53,36.95,37.28,7144538.0,58465.0,37.266416,38.473,42.02684906078629,-0.37004763275071895,-0.2642904410467251,-0.10575719170399384
2022-09-27 04:00:00+00:00,36.77,36.98,35.92,35.97,10634753.0,79323.0,36.244345,38.34033333333333,31.72295047521675,-0.4681073272211975,-0.3050538182816196,-0.16305350893957793
2022-09-28 04:00:00+00:00,36.04,36.73,35.71,36.57,5851536.0,48558.0,36.437753,38.223333333333336,39.089007240364175,-0.49173691887503423,-0.34239043840030253,-0.1493464804747317
2022-09-29 04:00:00+00:00,36.58,36.58,35.8,36.12,6318634.0,45551.0,36.066519,38.092333333333336,35.955892260884966,-0.5405437280753347,-0.382021096335309,-0.15852263174002568
2022-09-30 04:00:00+00:00,36.32,36.34,35.78,35.82,8135966.0,51894.0,35.926856,37.952,33.999364918571786,-0.5965542625989357,-0.4249277295880344,-0.17162653301090136
2022-10-03 04:00:00+00:00,35.93,36.91,35.81,36.87,11361704.0,67513.0,36.576373,37.849000000000004,45.23229640945213,-0.5498781370821106,-0.44991781108684964,-0.099960325995261
2022-10-04 04:00:00+00:00,37.14,37.5685,36.79,37.26,10721453.0,69480.0,37.128552,37.775,48.723110043225404,-0.47593099444547704,-0.45512044775857513,-0.02081054668690191
2022-10-05 04:00:00+00:00,37.23,37.685,36.8402,37.44,5555543.0,48264.0,37.347667,37.70666666666667,50.297713083559614,-0.39821250953706055,-0.44373886011427227,0.045526350577211716
2022-10-06 04:00:00+00:00,37.31,37.525,37.005,37.14,5236156.0,51794.0,37.205621,37.62433333333333,47.67028641660641,-0.35671554831778707,-0.4263341977549753,0.06961864943718821
2022-10-07 04:00:00+00:00,37.2,37.2,36.45,36.5,7064776.0,62176.0,36.646463,37.518,42.56228822038963,-0.3711926807150263,-0.4153058943469855,0.04411321363195919
2022-10-10 04:00:00+00:00,36.43,37.07,36.31,36.97,5683477.0,47792.0,36.836451,37.462999999999994,47.049490851929825,-0.34081216985001106,-0.40040714944759065,0.05959497959757959
2022-10-11 04:00:00+00:00,37.1,38.01,37.06,37.55,10533395.0,72155.0,37.716471,37.42133333333333,52.029889323151934,-0.26685806965833336,-0.3736973334897392,0.10683926383140585
2022-10-12 04:00:00+00:00,37.94,38.0,37.51,37.71,8560752.0,64435.0,37.800561,37.39766666666666,53.33387366250825,-0.19311217270293923,-0.3375803013323792,0.14446812862943997
2022-10-13 04:00:00+00:00,37.21,38.235,36.993,38.14,6380931.0,53721.0,37.817572,37.39833333333333,56.73753304484818,-0.09883134548486083,-0.28983051016287553,0.1909991646780147
2022-10-14 04:00:00+00:00,38.33,38.395,37.11,37.33,9230664.0,59029.0,37.454132,37.365,49.42464177137822,-0.08845370198938696,-0.2495551485281778,0.16110144653879085
2022-10-17 04:00:00+00:00,37.65,38.01,37.55,37.76,5534078.0,40159.0,37.789126,37.36266666666666,52.895591640411865,-0.04501305592325622,-0.2086467300071935,0.16363367408393728
2022-10-18 04:00:00+00:00,38.3,38.52,38.03,38.37,4471278.0,39106.0,38.283219,37.38933333333333,57.36566760145109,0.03819557624734671,-0.15927826875628548,0.1974738450036322
2022-10-19 04:00:00+00:00,38.35,38.51,37.5,37.78,5436522.0,42470.0,37.827137,37.37066666666667,52.20536308671158,0.05588672024143193,-0.116245270956742,0.17213199119817393
2022-10-20 04:00:00+00:00,37.72,37.8,37.235,37.28,4460950.0,36609.0,37.406439,37.33133333333333,48.24463540924396,0.02922437755598395,-0.08715134125419681,0.11637571881018076
2022-10-21 04:00:00+00:00,37.28,37.7,37.0,37.62,6020874.0,41350.0,37.454676,37.29566666666666,50.968756248907155,0.03512454351403704,-0.06269616430055004,0.09782070781458709
2022-10-24 04:00:00+00:00,38.14,38.49,37.64,38.44,6970373.0,48927.0,38.249829,37.276666666666664,56.865537360155095,0.10476000637560645,-0.029204930165318742,0.1339649365409252
2022-10-25 04:00:00+00:00,38.545,38.63,38.14,38.55,5628663.0,43206.0,38.474681,37.30533333333333,57.602167139282535,0.16689878774720057,0.010015813417185118,0.15688297433001547
2022-10-26 04:00:00+00:00,38.83,39.16,38.62,38.76,7662232.0,51659.0,38.833078,37.33933333333333,59.040280581208606,0.2304331744315249,0.054099285620053075,0.17633388881147183
2022-10-27 04:00:00+00:00,37.62,38.13,37.25,38.11,7209071.0,50628.0,37.858407,37.36866666666666,53.042975886230174,0.2257329568829931,0.08842601987264109,0.13730693701035201
2022-10-28 04:00:00+00:00,38.34,39.73,38.34,39.55,7991631.0,57722.0,39.458898,37.448,62.20303792140546,0.3343497897793455,0.13761077385398196,0.19673901592536353
2022-10-31 04:00:00+00:00,38.96,39.145,38.505,38.84,6865009.0,47212.0,38.824763,37.483666666666664,56.3647443328856,0.3590000173787189,0.18188862255892935,0.17711139481978955
2022-11-01 04:00:00+00:00,38.95,38.95,37.79,37.84,9435547.0,63564.0,38.084773,37.49733333333334,49.34043478835401,0.2944496256986895,0.20440082318688138,0.09004880251180811
2022-11-02 04:00:00+00:00,37.84,37.965,36.92,36.98,10858960.0,79133.0,37.490555,37.49133333333334,44.234867908185734,0.17191641710951444,0.197903941971408,-0.02598752486189357
2022-11-03 04:00:00+00:00,36.66,36.7,36.255,36.29,9893316.0,74716.0,36.385782,37.464000000000006,40.604501167836084,0.018912719017031066,0.16210569738053263,-0.14319297836350156
2022-11-04 04:00:00+00:00,36.58,37.05,36.345,36.98,7834211.0,61909.0,36.816911,37.460666666666675,45.42777694471661,-0.04613476773937464,0.12045760435655117,-0.1665923720959258
2022-11-07 05:00:00+00:00,37.13,37.63,37.07,37.46,6723932.0,44286.0,37.396545,37.46666666666666,48.55737464798368,-0.0582815477594778,0.08470977393334539,-0.1429913216928232
2022-11-08 05:00:00+00:00,37.46,38.13,37.39,37.94,5686675.0,52292.0,37.87876,37.532333333333334,51.54962998517143,-0.028843480279391542,0.06199912309079801,-0.09084260337018955
2022-11-09 05:00:00+00:00,37.82,38.22,37.54,37.57,5343346.0,35469.0,37.729153,37.56566666666666,49.175161078083,-0.03496643618212403,0.04260601123621361,-0.07757244741833763
2022-11-10 05:00:00+00:00,38.33,38.51,37.14,37.94,10098428.0,57849.0,37.799106,37.626333333333335,51.577176162032885,-0.009849476434325766,0.03211491370210574,-0.0419643901364315
2022-11-11 05:00:00+00:00,38.04,38.11,36.885,37.34,7058607.0,54638.0,37.219598,37.677,47.644846985473905,-0.03792194983494568,0.018107540994695456,-0.056029490829641135
2022-11-14 05:00:00+00:00,37.42,37.47,36.49,36.54,11253679.0,68618.0,36.89945,37.666000000000004,42.943589212540054,-0.1233015577717822,-0.010174278758600074,-0.11312727901318212
2022-11-15 05:00:00+00:00,37.01,37.11,36.2,36.59,10139075.0,68640.0,36.502252,37.64366666666667,43.32002635525138,-0.18480066304683618,-0.045099555616247296,-0.1397011074305889
2022-11-16 05:00:00+00:00,36.89,37.025,36.545,36.69,7325675.0,56977.0,36.74665,37.61866666666666,44.11417962724703,-0.22290052429598717,-0.08065974935219528,-0.1422407749437919
2022-11-17 05:00:00+00:00,36.54,36.9,36.444,36.84,6968188.0,50535.0,36.769953,37.608666666666664,45.35107302515297,-0.2382448540576192,-0.11217677029328008,-0.12606808376433912
2022-11-18 05:00:00+00:00,37.14,37.45,37.02,37.42,8187068.0,49931.0,37.283177,37.63933333333333,49.962619839530205,-0.2012839174998362,-0.1299981997345913,-0.0712857177652449
2022-11-21 05:00:00+00:00,37.61,38.035,37.42,38.0,6913861.0,54019.0,37.862546,37.67366666666667,54.13101423577566,-0.12376427868676387,-0.12875141552502584,0.004987136838261963
2022-11-22 05:00:00+00:00,38.31,38.455,38.19,38.33,5505112.0,42805.0,38.353004,37.699666666666666,56.35864446040363,-0.03529431347780587,-0.11005999511558186,0.07476568163777599
2022-11-23 05:00:00+00:00,38.33,38.41,38.12,38.32,4740164.0,39616.0,38.290959,37.720000000000006,56.26946445593694,0.0336242554292383,-0.08132314500661783,0.11494740043585613
2022-11-25 05:00:00+00:00,38.25,38.41,38.12,38.25,3574330.0,26780.0,38.274788,37.72366666666667,55.606160506461656,0.08165305721761484,-0.04872790456177129,0.13038096177938613
2022-11-28 05:00:00+00:00,38.32,38.42,38.075,38.2,6261350.0,45153.0,38.187459,37.75266666666666,55.10647234587326,0.11436333716899583,-0.016109656215617867,0.13047299338461368
2022-11-29 05:00:00+00:00,38.09,38.36,37.86,38.1,6775153.0,39226.0,38.084171,37.764,54.06014391260073,0.1307105555107384,0.013254386129653387,0.11745616938108501
2022-11-30 05:00:00+00:00,38.04,38.7,37.775,38.67,12743593.0,66590.0,38.441956,37.773999999999994,58.855657069250235,0.18749871169858778,0.04810325124344027,0.1393954604551475
2022-12-01 05:00:00+00:00,38.77,38.85,38.56,38.71,6044227.0,54618.0,38.705296,37.80499999999999,59.177699246013006,0.2330450025956452,0.08509160151388126,0.14795340108176394
2022-12-02 05:00:00+00:00,38.6,38.94,38.475,38.74,6806343.0,46044.0,38.721396,37.85366666666666,59.43415303332448,0.26846679742843094,0.12176664069679119,0.14670015673163975
2022-12-05 05:00:00+00:00,38.33,38.33,37.6701,37.96,5331809.0,38610.0,37.959568,37.865,50.54347700257295,0.23093724298200158,0.14360076115383327,0.0873364818281683
2022-12-06 05:00:00+00:00,37.98,38.24,37.604,37.67,6213283.0,46607.0,37.770597,37.839333333333336,47.68727268878504,0.17576807932189809,0.15003422478744624,0.025733854534451844
2022-12-07 05:00:00+00:00,37.99,38.005,37.66,37.94,6276518.0,42151.0,37.880994,37.819,50.49236272770683,0.1520797821030513,0.15044333625056724,0.001636445852484042
2022-12-08 05:00:00+00:00,37.94,38.35,37.8,38.31,4679908.0,35572.0,38.17703,37.804,54.122800414179835,0.16130314146602132,0.15261529729365808,0.008687844172363235
2022-12-09 05:00:00+00:00,38.38,38.38,37.9,37.93,7246440.0,44321.0,38.030162,37.798,50.0624333383726,0.13637781741745414,0.1493678013184173,-0.012989983900963148
2022-12-12 05:00:00+00:00,38.11,38.13,37.49,38.09,7400949.0,46335.0,37.930429,37.74933333333333,51.70531193829079,0.12805879923219265,0.14510600090117237,-0.017047201668979717
2022-12-13 05:00:00+00:00,38.63,38.69,37.46,37.64,8770056.0,63998.0,37.788265,37.70933333333333,47.02000564294204,0.0841842545089051,0.13292165162271893,-0.048737397113813835
2022-12-14 05:00:00+00:00,37.58,37.98,36.965,37.34,9535799.0,68432.0,37.40832,37.69266666666667,44.14786343198684,0.024918622551808767,0.1113210458085369,-0.08640242325672813
2022-12-15 05:00:00+00:00,37.04,37.23,36.39,36.63,11241879.0,66479.0,36.641538,37.681,38.20062312314578,-0.07843671442370947,0.07336949376208762,-0.1518062081857971
2022-12-16 05:00:00+00:00,36.15,36.21,35.45,36.07,20392291.0,89393.0,35.951231,37.67366666666667,34.2783318843568,-0.20319161701793576,0.018057271606082947,-0.2212488886240187
2022-12-19 05:00:00+00:00,36.11,36.67,36.02,36.32,9273150.0,63050.0,36.356587,37.651666666666664,37.36997015324262,-0.27867546814425737,-0.04128927634398512,-0.23738619180027226
2022-12-20 05:00:00+00:00,36.39,36.72,36.11,36.26,7863572.0,55393.0,36.317053,37.61166666666667,36.921069441783125,-0.3394257735207944,-0.10091657577934698,-0.2385091977414474
2022-12-21 05:00:00+00:00,36.51,36.665,36.21,36.53,5664020.0,46228.0,36.515682,37.56466666666667,40.39111923966984,-0.361615605100468,-0.1530563816435712,-0.2085592234568968
2022-12-22 05:00:00+00:00,36.52,36.53,35.9414,36.29,6452891.0,47089.0,36.239268,37.522,38.3705153762332,-0.3940251243711401,-0.201250130189085,-0.19277499418205513
2022-12-23 05:00:00+00:00,36.42,36.485,36.17,36.37,4176653.0,33204.0,36.349085,37.46966666666667,39.4577352511784,-0.40854511668438676,-0.24270912748814535,-0.1658359891962414
2022-12-27 05:00:00+00:00,36.5,36.53,35.945,36.1,5069538.0,43458.0,36.086174,37.42833333333333,37.08018759837136,-0.4368038557710179,-0.2815280731447199,-0.155275782626298
2022-12-28 05:00:00+00:00,36.22,36.33,35.73,35.77,3883253.0,33686.0,35.914187,37.40266666666666,34.35543319094597,-0.48029085812354566,-0.3212806301404851,-0.15901022798306058
2022-12-29 05:00:00+00:00,35.86,35.98,35.74,35.83,4215714.0,33343.0,35.835877,37.37733333333334,35.286545395840875,-0.5041021464838096,-0.35784493340915,-0.14625721307465955
2022-12-30 05:00:00+00:00,35.83,35.83,35.38,35.66,4774850.0,31855.0,35.596227,37.342999999999996,33.8227043634829,-0.530574214042602,-0.39239078953584045,-0.13818342450676152
2023-01-03 05:00:00+00:00,35.65,35.71,35.15,35.55,6035015.0,40531.0,35.433994,37.3,32.87243846913853,-0.5540429368987247,-0.42472121900841736,-0.12932171789030739
2023-01-04 05:00:00+00:00,35.83,35.87,35.33,35.84,6608820.0,47826.0,35.673278,37.24733333333334,37.83147568677572,-0.5429823301689183,-0.44837344124051753,-0.09460888892840075
2023-01-05 05:00:00+00:00,35.35,35.54,35.22,35.29,7543549.0,42458.0,35.379294,37.157000000000004,32.87164045393982,-0.5720034236977725,-0.47309943773196855,-0.09890398596580391
2023-01-06 05:00:00+00:00,35.56,36.39,35.475,36.26,8038626.0,51651.0,36.179193,37.088,46.25452178250831,-0.510843272773684,-0.48064820474031167,-0.030195068033372352
2023-01-09 05:00:00+00:00,36.18,36.56,36.08,36.125,2610313.0,30674.0,36.338009,37.01483333333333,44.91250607430529,-0.4678734306220562,-0.4780932499166606,0.01021981929460436
