timestamp,open,high,low,close,volume,trade_count,vwap,30sma,rsi,macd,signal,histogram
2022-01-03 05:00:00+00:00,35.85,36.17,35.6419,36.14,5955986.0,37886.0,35.99165,,,,,
2022-01-04 05:00:00+00:00,36.28,37.22,36.14,36.91,7884703.0,61886.0,36.924044,,,,,
2022-01-05 05:00:00+00:00,37.07,37.34,36.75,36.76,6171238.0,54031.0,37.037448,,,,,
2022-01-06 05:00:00+00:00,37.07,37.335,36.8,36.83,6030813.0,41227.0,36.966392,,,,,
2022-01-07 05:00:00+00:00,36.79,37.42,36.69,37.35,4909842.0,41317.0,37.264416,,,,,
2022-01-10 05:00:00+00:00,37.46,37.74,37.12,37.36,8542552.0,55126.0,37.372472,,,,,
2022-01-11 05:00:00+00:00,37.5017,37.67,36.9,37.59,5556318.0,42020.0,37.381876,,,,,
2022-01-12 05:00:00+00:00,37.58,37.65,37.19,37.3,4779221.0,33594.0,37.330711,,,,,
2022-01-13 05:00:00+00:00,37.25,37.85,37.22,37.65,6273162.0,41773.0,37.63892,,,,,
2022-01-14 05:00:00+00:00,37.62,38.12,37.37,38.02,5344314.0,38809.0,37.873446,,,,,
2022-01-18 05:00:00+00:00,37.97,38.08,37.06,37.43,7045366.0,48988.0,37.438779,,,,,
2022-01-19 05:00:00+00:00,37.54,37.69,37.075,37.22,5064358.0,39439.0,37.364395,,,,,
2022-01-20 05:00:00+00:00,37.37,37.56,36.9525,37.06,5240501.0,41244.0,37.23683,,,,,
2022-01-21 05:00:00+00:00,37.21,37.645,36.9,37.0,7504853.0,50901.0,37.178176,,,,,
2022-01-24 05:00:00+00:00,36.96,37.19,35.52,36.39,11860536.0,75951.0,36.354398,,52.84738041002277,,,
2022-01-25 05:00:00+00:00,36.13,36.405,35.6601,36.21,7101895.0,52132.0,36.159123,,50.612518879006544,,,
2022-01-26 05:00:00+00:00,36.19,36.88,35.855,36.04,7091614.0,58020.0,36.16937,,48.52535303654747,,,
2022-01-27 05:00:00+00:00,36.14,36.985,35.96,36.09,6120189.0,50318.0,36.326079,,49.189038320394516,,,
2022-01-28 05:00:00+00:00,35.8,36.07,35.27,36.05,7053180.0,57860.0,35.738806,,48.64863976012101,,,
2022-01-31 05:00:00+00:00,35.71,35.95,35.2,35.8,10158058.0,70241.0,35.642288,,45.298992358636205,,,
2022-02-01 05:00:00+00:00,35.65,36.2101,35.45,36.13,5951893.0,46651.0,35.900785,,50.17571526046267,,,
2022-02-02 05:00:00+00:00,36.2457,36.51,35.75,36.38,7367635.0,53109.0,36.216535,,53.553967887860374,,,
2022-02-03 05:00:00+00:00,36.4567,36.65,35.745,35.84,7956786.0,57202.0,36.0374,,46.25809543987218,,,
2022-02-04 05:00:00+00:00,35.61,35.84,34.7,34.75,12927242.0,82121.0,34.945023,,35.68900826146688,,,
2022-02-07 05:00:00+00:00,34.8023,35.01,34.43,34.72,6527758.0,46049.0,34.760145,,35.448941274656136,,,
2022-02-08 05:00:00+00:00,34.85,35.12,34.65,34.94,5408552.0,42243.0,34.927531,,38.70512025514259,-0.8125154162124062,,
2022-02-09 05:00:00+00:00,35.07,35.285,34.845,34.95,5875119.0,44021.0,34.991374,,38.85610046834747,-0.8141051987718839,,
2022-02-10 05:00:00+00:00,34.81,34.99,34.195,34.29,6533109.0,49458.0,34.550735,,33.06690738122791,-0.8587227754350408,,
2022-02-11 05:00:00+00:00,34.355,34.95,34.26,34.73,6758033.0,48370.0,34.719881,,39.53473190325535,-0.848793836633412,,
2022-02-14 05:00:00+00:00,34.7565,34.96,34.0701,34.59,6637790.0,46156.0,34.452029,36.284,38.267637336294236,-0.8425099804596812,,
2022-02-15 05:00:00+00:00,34.72,34.9575,34.47,34.68,7739117.0,50930.0,34.662417,36.23533333333333,39.60765728812136,-0.8208059908026542,,
2022-02-16 05:00:00+00:00,35.3023,37.15,35.05,36.62,13995580.0,100402.0,36.443629,36.22566666666667,59.84278207960025,-0.6396896913186225,,
2022-02-17 05:00:00+00:00,36.525,37.845,36.3,37.79,14761870.0,94965.0,37.458352,36.26,67.01982822632453,-0.3971662123346249,,
2022-02-18 05:00:00+00:00,37.86,39.095,37.82,38.46,14158508.0,90282.0,38.496033,36.31433333333333,70.29398955695301,-0.14918153549719904,-0.6870545152739472,0.5378729797767482
2022-02-22 05:00:00+00:00,38.3459,40.44,38.06,40.4,20941806.0,140905.0,39.805271,36.416000000000004,77.31620915469642,0.20156636271443062,-0.5093303396762717,0.7108967023907024
2022-02-23 05:00:00+00:00,40.45,40.5765,39.85,40.1,13844173.0,95646.0,40.199945,36.507333333333335,74.38777246560484,0.45014017057010136,-0.31743623762699713,0.7675764081970985
2022-02-24 05:00:00+00:00,39.43,39.68,38.12,38.975,12733667.0,108685.0,38.769192,36.5535,64.51888707342482,0.5500183371741656,-0.14394532266676457,0.6939636598409302
2022-02-25 05:00:00+00:00,39.18,40.095,39.18,39.73,7253950.0,61221.0,39.729241,36.6345,67.62329192534679,0.6822303669958742,0.021289815265763193,0.660940551730111
2022-02-28 05:00:00+00:00,38.88,39.29,38.75,39.22,6894795.0,61001.0,39.109744,36.686833333333325,63.57672103490859,0.7373568249246247,0.1645032171975355,0.5728536077270893
2022-03-01 05:00:00+00:00,38.98,39.24,38.38,38.68,6398764.0,54544.0,38.721733,36.70883333333333,59.515740103868914,0.7290672198839019,0.2774160177348088,0.4516512021490931
2022-03-02 05:00:00+00:00,38.63,39.31,38.21,39.07,7027904.0,62342.0,38.927158,36.7635,61.43183633542878,0.7453751678447631,0.3710078477567997,0.3743673200879634
2022-03-03 05:00:00+00:00,39.32,40.06,39.3,39.95,8849912.0,59341.0,39.776271,36.8545,65.41001459579297,0.8198571764426532,0.4607777134939704,0.3590794629486828
2022-03-04 05:00:00+00:00,39.45,40.1699,39.14,39.84,6251239.0,53068.0,39.822873,36.947166666666675,64.51422612855902,0.8600939959829645,0.5406409699917692,0.3194530259911953
2022-03-07 05:00:00+00:00,39.49,40.87,39.26,40.15,9526672.0,76941.0,40.265981,37.05216666666667,65.93029158757211,0.9065462734463665,0.6138220306826887,0.2927242427636778
2022-03-08 05:00:00+00:00,39.98,40.46,38.605,38.66,8414608.0,74660.0,39.118717,37.127833333333335,54.64336409002242,0.8137490974026349,0.653807444026678,0.1599416533759569
2022-03-09 05:00:00+00:00,39.11,39.29,38.0803,38.18,10002165.0,76423.0,38.516363,37.1935,51.57991269688994,0.6934806649193348,0.6617420882052094,0.03173857671412539
2022-03-10 05:00:00+00:00,37.51,37.84,37.15,37.54,5040454.0,49714.0,37.461728,37.243500000000004,47.73706887568193,0.5402962159376159,0.6374529137516907,-0.09715669781407477
2022-03-11 05:00:00+00:00,37.73,38.175,37.325,37.36,4532338.0,44814.0,37.650277,37.285833333333336,46.683619033230855,0.3997637135623435,0.5899150737138212,-0.1901513601514777
2022-03-14 04:00:00+00:00,37.55,37.96,37.32,37.69,5123518.0,52391.0,37.637744,37.3405,48.909610254273126,0.31142897564937044,0.534217854100931,-0.2227888784515606
2022-03-15 04:00:00+00:00,37.73,38.355,37.49,37.82,7157325.0,51797.0,37.886155,37.40783333333333,49.79879302584596,0.2490421698697034,0.47718271725468553,-0.22814054738498213
2022-03-16 04:00:00+00:00,37.74,37.81,37.16,37.68,5408493.0,56575.0,37.557216,37.459500000000006,48.81350949575189,0.1861574397589152,0.41897766175553147,-0.23282022199661628
2022-03-17 04:00:00+00:00,37.68,37.88,37.24,37.75,4235408.0,39347.0,37.654636,37.50516666666667,49.35308237612052,0.14035136984579566,0.36325240337358433,-0.22290103352778867
2022-03-18 04:00:00+00:00,37.42,37.66,37.075,37.62,9157221.0,52602.0,37.484355,37.564499999999995,48.33407307227343,0.0924936071520932,0.3091006441292861,-0.2166070369771929
2022-03-21 04:00:00+00:00,37.59,37.94,37.45,37.62,4908554.0,44550.0,37.621368,37.66016666666667,48.33407307227343,0.053944150829082105,0.2580693454692453,-0.2041251946401632
2022-03-22 04:00:00+00:00,37.84,37.98,37.535,37.95,5407274.0,46709.0,37.795887,37.767833333333336,51.294676604404735,0.04945162350103516,0.2163458010756033,-0.16689417757456815
2022-03-23 04:00:00+00:00,38.28,38.65,38.0,38.28,5811873.0,52914.0,38.28625,37.87916666666667,54.12561835998882,0.0716930721927227,0.1874152552990272,-0.1157221831063045
2022-03-24 04:00:00+00:00,38.27,38.73,38.1105,38.63,4475688.0,38718.0,38.557651,38.00183333333333,56.98155148644391,0.11622192148458055,0.17317658853613788,-0.05695466705155733
2022-03-25 04:00:00+00:00,38.67,39.36,38.6,39.29,5004660.0,43221.0,39.167662,38.168499999999995,61.80980693372044,0.2024343028786646,0.17902813140464321,0.02340617147402138
2022-03-28 04:00:00+00:00,39.34,39.42,38.76,39.4,6809307.0,62907.0,39.249276,38.32416666666666,62.563958860140524,0.27644760108908883,0.19851202534153234,0.0779355757475565
2022-03-29 04:00:00+00:00,39.48,39.56,38.99,39.37,4975906.0,45314.0,39.279449,38.48350000000001,62.203186814482066,0.3288916654865588,0.22458795337053764,0.10430371211602116
2022-03-30 04:00:00+00:00,39.27,39.41,38.89,39.4,4439383.0,37909.0,39.255095,38.64083333333333,62.43645734914431,0.36862542915424257,0.25339544852727863,0.11522998062696393
2022-03-31 04:00:00+00:00,39.4,39.6697,39.18,39.39,5143215.0,34811.0,39.413878,38.73316666666667,62.29843631555254,0.3947572903850016,0.28166781689882325,0.11308947348617837
2022-04-01 04:00:00+00:00,39.515,39.96,39.08,39.93,4782344.0,41538.0,39.589741,38.8045,66.59303413011295,0.4538092353334875,0.3160961005857561,0.1377131347477314
2022-04-04 04:00:00+00:00,39.81,39.95,38.9,39.89,3969512.0,39444.0,39.65714,38.85216666666667,65.9933613992554,0.49171250575940917,0.3512193816204867,0.14049312413892245
2022-04-05 04:00:00+00:00,39.93,40.26,39.49,39.59,5411588.0,44407.0,39.772879,38.82516666666666,61.51890729934665,0.49187361500183613,0.3793502282967566,0.11252338670507955
2022-04-06 04:00:00+00:00,39.59,40.325,39.53,40.05,4773978.0,51181.0,40.03638,38.8235,65.39344135065252,0.5230895995649689,0.4080981025503991,0.11499149701456984
2022-04-07 04:00:00+00:00,40.14,41.99,39.82,40.3,7197646.0,58167.0,40.297991,38.867666666666665,67.3193246596843,0.5615284524327819,0.4387841725268756,0.1227442799059063
2022-04-08 04:00:00+00:00,40.5,41.12,40.22,40.94,6513440.0,50788.0,40.869698,38.907999999999994,71.66640689945592,0.6362993092103224,0.47828719986356505,0.15801210934675736
2022-04-11 04:00:00+00:00,41.3,41.66,40.98,41.25,7342999.0,66984.0,41.331541,38.97566666666667,73.50480814550028,0.7123585353555697,0.525101466961966,0.18725706839360368
2022-04-12 04:00:00+00:00,41.19,41.53,40.89,41.12,5035328.0,48033.0,41.175935,39.057,71.4122491711888,0.7534606807929407,0.570773309728161,0.18268737106477972
2022-04-13 04:00:00+00:00,41.05,42.06,41.05,42.0,8177273.0,69242.0,41.779381,39.15466666666667,76.32547977114011,0.8472762000866965,0.6260738877998682,0.2212023122868283
2022-04-14 04:00:00+00:00,42.025,42.4269,41.95,42.29,7293338.0,56756.0,42.243243,39.23266666666667,77.68647130806075,0.9342567214697013,0.6877104545338348,0.24654626693586645
2022-04-18 04:00:00+00:00,42.275,42.415,41.89,42.16,5799160.0,43520.0,42.18316,39.309999999999995,75.58868584916962,0.9813866829923441,0.7464457002255367,0.23494098276680742
2022-04-19 04:00:00+00:00,42.09,42.72,41.9685,42.61,5820150.0,45222.0,42.568652,39.392,77.82126232556902,1.0430254085956463,0.8057616418995587,0.23726376669608762
2022-04-20 04:00:00+00:00,42.67,43.45,42.56,43.35,5430857.0,47630.0,43.268916,39.54833333333333,80.91271885814797,1.138462867018795,0.872301886923406,0.266160980095389
2022-04-21 04:00:00+00:00,43.33,44.48,43.24,44.0,9161307.0,72158.0,44.033148,39.742333333333335,83.13626619163355,1.2521137205751884,0.9482642536537627,0.3038494669214258
2022-04-22 04:00:00+00:00,44.02,44.29,43.15,43.18,7283894.0,67147.0,43.536521,39.93033333333333,71.77649159755664,1.261474204466083,1.0109062438162268,0.2505679606498561
2022-04-25 04:00:00+00:00,43.06,43.17,42.07,43.04,6195290.0,58134.0,42.730562,40.11966666666667,70.01741742201749,1.243264051338258,1.057377805320633,0.18588624601762493
2022-04-26 04:00:00+00:00,42.92,43.345,42.25,42.31,7335647.0,62851.0,42.738105,40.27366666666667,61.54728270131594,1.1565949678183003,1.0772212378201667,0.07937372999813364
2022-04-27 04:00:00+00:00,42.18,43.3,41.78,42.88,7916605.0,75036.0,42.890434,40.44233333333333,65.09766701910597,1.120981355740632,1.0859732614042599,0.0350080943363722
2022-04-28 04:00:00+00:00,42.99,43.885,42.83,43.61,7336092.0,68019.0,43.562383,40.64,69.04023084761872,1.1385378550445537,1.0964861801323187,0.04205167491223505
2022-04-29 04:00:00+00:00,43.41,43.72,42.56,42.63,6923810.0,60431.0,42.875553,40.80266666666667,59.348105262898436,1.061141518544268,1.0894172478147086,-0.02827572927044053
2022-05-02 04:00:00+00:00,42.72,43.05,41.29,41.98,7570842.0,68513.0,42.02144,40.948,53.9393823706659,0.936558730476591,1.058845544347085,-0.122286813870494
2022-05-03 04:00:00+00:00,42.095,42.66,41.505,42.38,6286621.0,53243.0,42.217109,41.10666666666667,56.56287736735955,0.8601869309309578,1.0191138216638596,-0.15892689073290178
2022-05-04 04:00:00+00:00,42.36,43.35,42.21,43.32,6380166.0,58658.0,43.015201,41.285666666666664,62.03533712362897,0.8655345303646556,0.9883979634040188,-0.1228634330393632
2022-05-05 04:00:00+00:00,42.98,43.52,42.9,43.14,6972714.0,62128.0,43.164172,41.44766666666666,60.46442888433181,0.8455016292900268,0.9598186965812204,-0.11431706729119362
2022-05-06 04:00:00+00:00,43.1,43.67,42.97,43.59,6305550.0,63143.0,43.398311,41.61300000000001,62.98780073792325,0.8560684261199896,0.9390686424889744,-0.0830002163689848
2022-05-09 04:00:00+00:00,43.455,44.65,43.29,44.19,8267110.0,80191.0,44.234107,41.77633333333333,66.09507406892045,0.9024547378685952,0.9317458615648986,-0.02929112369630338
2022-05-10 04:00:00+00:00,44.31,44.87,43.14,43.46,7550409.0,72946.0,43.698969,41.91166666666666,59.54513658475175,0.8702792870976381,0.9194525466714466,-0.04917325957380847
2022-05-11 04:00:00+00:00,43.3,44.13,43.23,43.5,6402563.0,59572.0,43.631926,42.04933333333333,59.780331733787285,0.8383437711135784,0.903230791559873,-0.06488702044629457
2022-05-12 04:00:00+00:00,43.45,43.66,42.615,43.05,6521765.0,70864.0,43.0768,42.17100000000001,55.846711479204686,0.7678718566404399,0.8761590045759864,-0.1082871479355465
2022-05-13 04:00:00+00:00,43.02,44.31,43.0102,44.29,7772223.0,60281.0,43.921853,42.33433333333333,63.05988262316228,0.8028255207239923,0.8614923078055876,-0.05866678708159534
2022-05-16 04:00:00+00:00,44.38,44.53,43.995,44.08,5711525.0,55689.0,44.265746,42.47266666666667,61.23536613162963,0.8043097245418878,0.8500557911528477,-0.04574606661095992
2022-05-17 04:00:00+00:00,44.0,44.03,42.7,43.16,7785152.0,70380.0,43.275343,42.58166666666667,53.88043002354713,0.7229163261138325,0.8246278981450448,-0.10171157203121228
2022-05-18 04:00:00+00:00,42.95,43.09,38.8632,39.04,11927267.0,112259.0,40.078107,42.56333333333334,34.117600133704954,0.32224723815892276,0.7241517661478204,-0.40190452798889764
2022-05-19 04:00:00+00:00,38.77,38.895,37.9,38.57,7748719.0,82119.0,38.461135,42.513999999999996,32.64650713932848,-0.03283250013234351,0.5727549128917876,-0.6055874130241311
2022-05-20 04:00:00+00:00,38.682,38.85,37.75,38.37,10067931.0,66394.0,38.288318,42.449666666666666,32.01392432715845,-0.32660913269521075,0.3928821037743879,-0.7194912364695987
2022-05-23 04:00:00+00:00,38.835,39.46,38.62,38.99,6405829.0,57030.0,39.032778,42.384666666666675,36.14463193502039,-0.5035952792023579,0.21358662717903876,-0.7171819063813967
2022-05-24 04:00:00+00:00,38.96,39.68,38.555,39.61,6145529.0,60979.0,39.168603,42.33,40.066210353018405,-0.5870619720019548,0.053456907342840046,-0.6405188793447948
2022-05-25 04:00:00+00:00,39.758,40.0,39.35,39.88,5451765.0,58962.0,39.779753,42.28866666666667,41.74408787437253,-0.6242274780756816,-0.08207996974086428,-0.5421475083348173
2022-05-26 04:00:00+00:00,36.502,37.28,35.2,37.07,24755960.0,177971.0,36.801207,42.12433333333333,31.774198139917914,-0.8703915927707584,-0.2397422943468431,-0.6306492984239153
2022-05-27 04:00:00+00:00,37.09,37.85,36.6,37.83,13861411.0,100297.0,37.333015,41.97566666666667,36.21160270059129,-0.9927094422581177,-0.3903357239290981,-0.6023737183290196
2022-05-31 04:00:00+00:00,37.66,38.18,37.3083,37.85,9129179.0,80999.0,37.750093,41.832,36.32896358745722,-1.0756341455059584,-0.5273954082444702,-0.5482387372614882
2022-06-01 04:00:00+00:00,37.91,37.95,37.0,37.25,11179591.0,75620.0,37.337933,41.653333333333336,34.29068389734694,-1.1762089512356795,-0.6571581168427121,-0.5190508343929674
2022-06-02 04:00:00+00:00,37.01,37.02,34.76,36.39,27609147.0,184389.0,35.674425,41.42133333333333,31.557636737214835,-1.3102067739443228,-0.7877678482630343,-0.5224389256812886
2022-06-03 04:00:00+00:00,36.44,36.91,35.925,36.3,12493541.0,91901.0,36.335777,41.16466666666666,31.276692235460075,-1.4074391789275111,-0.9117021143959296,-0.4957370645315815
2022-06-06 04:00:00+00:00,36.37,36.85,36.21,36.69,9511777.0,73611.0,36.568773,40.94833333333334,34.01794257712319,-1.4364681095675778,-1.0166553134302594,-0.41981279613731837
2022-06-07 04:00:00+00:00,36.59,37.17,36.26,37.08,10503278.0,69986.0,36.827545,40.74966666666667,36.73556406502329,-1.4117304556865236,-1.0956703418815124,-0.3160601138050112
2022-06-08 04:00:00+00:00,37.01,37.52,36.875,37.4,8859611.0,71465.0,37.355919,40.586,38.95717395751726,-1.3507339410425416,-1.1466830617137183,-0.20405087932882338
2022-06-09 04:00:00+00:00,37.45,38.055,37.25,37.27,8622150.0,69987.0,37.652713,40.399,38.36771689621069,-1.2979220399278404,-1.1769308573565427,-0.1209911825712977
2022-06-10 04:00:00+00:00,36.91,37.655,36.79,37.45,7807935.0,65772.0,37.402904,40.193666666666665,39.7275861390009,-1.2273950856080091,-1.187023703006836,-0.04037138260117312
2022-06-13 04:00:00+00:00,37.02,37.34,35.91,36.04,9457905.0,79254.0,36.34559,39.974000000000004,33.49340415188115,-1.2706301489117635,-1.2037449921878216,-0.06688515672394191
2022-06-14 04:00:00+00:00,36.25,36.3445,35.82,36.14,8706889.0,70749.0,36.071823,39.779333333333334,34.28107239613479,-1.2820464503729738,-1.2194052838248521,-0.06264116654812169
2022-06-15 04:00:00+00:00,36.45,36.5915,35.9,36.18,6599621.0,65814.0,36.266767,39.57266666666666,34.614655242801874,-1.2731897469551399,-1.2301621764509096,-0.04302757050423023
2022-06-16 04:00:00+00:00,35.61,36.31,35.48,36.03,7687827.0,64684.0,36.023744,39.32966666666666,33.91934810067441,-1.2637072614060614,-1.23687119344194,-0.026836067964121302
2022-06-17 04:00:00+00:00,35.86,36.11,34.83,35.58,16886816.0,81939.0,35.497648,39.07766666666667,31.85224264358382,-1.2777741771564308,-1.2450517901848384,-0.032722386971592465
2022-06-21 04:00:00+00:00,35.85,36.775,35.65,36.61,7109658.0,60185.0,36.393364,38.845,40.75235738951902,-1.1920684937453956,-1.2344551308969498,0.04238663715155422
2022-06-22 04:00:00+00:00,37.215,37.97,36.74,37.05,13138267.0,83526.0,37.304691,38.60699999999999,44.110319558940155,-1.076235625047346,-1.202811229727029,0.1265756046796831
2022-06-23 04:00:00+00:00,37.13,37.98,37.07,37.85,9278985.0,67353.0,37.734137,38.42,49.693143110928304,-0.9094009202263962,-1.1441291678269025,0.23472824760050637
2022-06-24 04:00:00+00:00,37.96,38.5,37.65,38.41,5866683.0,50802.0,38.204247,38.25033333333333,53.216055437590995,-0.7236540612330487,-1.0600341465081318,0.3363800852750831
2022-06-27 04:00:00+00:00,38.365,38.92,38.2876,38.66,5309522.0,46159.0,38.631902,38.104,54.73985300647934,-0.5499361054834679,-0.958014538303199,0.4080784328197311
2022-06-28 04:00:00+00:00,38.66,39.01,37.55,37.73,6339354.0,58559.0,38.030203,37.88533333333333,48.42159760149565,-0.4817532500616224,-0.8627622806548837,0.3810090305932613
2022-06-29 04:00:00+00:00,37.88,38.37,37.68,37.98,7479912.0,51398.0,37.976524,37.682,50.08933865187303,-0.40290054851958246,-0.7707899342278235,0.36788938570824103
2022-06-30 04:00:00+00:00,37.79,38.575,37.58,38.14,7164834.0,57077.0,38.19961,37.51466666666666,51.17738262641416,-0.32376637439382705,-0.6813852222610242,0.3576188478671971
2022-07-01 04:00:00+00:00,38.13,38.7,37.97,38.64,6963875.0,51677.0,38.421367,37.501333333333335,54.51442354331814,-0.21819098014266558,-0.5887463738373525,0.37055539369468693
2022-07-05 04:00:00+00:00,38.48,38.51,37.47,38.12,7694723.0,55236.0,37.979094,37.48633333333333,50.6379683434635,-0.1744701900012373,-0.5058911370701294,0.33142094706889214
2022-07-06 04:00:00+00:00,38.09,38.465,37.89,38.2,5178885.0,50637.0,38.187939,37.480666666666664,51.21274752908864,-0.13184597903572381,-0.4310821054632483,0.2992361264275245
2022-07-07 04:00:00+00:00,38.295,38.43,37.92,38.08,5092247.0,43695.0,38.124228,37.45033333333333,50.26723145715062,-0.1065210732475137,-0.3661698990201014,0.2596488257725877
2022-07-08 04:00:00+00:00,38.0,38.65,37.92,38.37,5511497.0,46148.0,38.411703,37.409,52.54732654975212,-0.06233180434509222,-0.30540228008509956,0.24307047574000734
2022-07-11 04:00:00+00:00,38.48,38.83,38.2,38.61,6560401.0,52627.0,38.585751,37.36666666666667,54.41016944066882,-0.007854949172603654,-0.2458928139026004,0.23803786472999675
2022-07-12 04:00:00+00:00,38.56,39.15,38.55,38.811,5270010.0,68834.0,38.888118,37.4247,55.96915489693847,0.05095005073943071,-0.18652424097419418,0.23747429171362489
2022-07-13 04:00:00+00:00,38.605,39.435,38.245,39.18,7359706.0,62759.0,39.00462,37.4697,58.757425050863944,0.12587761419484877,-0.12404386994038558,0.24992148413523435
2022-07-14 04:00:00+00:00,38.6,38.86,38.39,38.76,5684947.0,54661.0,38.620799,37.500033333333334,54.52507384425644,0.14964276944687072,-0.06930654206293432,0.21894931150980504
2022-07-15 04:00:00+00:00,38.85,39.07,37.83,38.01,7687275.0,61814.0,38.11371,37.52536666666666,47.891144845921716,0.10672780254236613,-0.03409967314187423,0.14082747568424037
2022-07-18 04:00:00+00:00,38.23,38.81,38.1,38.43,7908935.0,65946.0,38.50472,37.59336666666666,51.45325528972188,0.10539296747425908,-0.006201145018647568,0.11159411249290666
2022-07-19 04:00:00+00:00,38.455,39.12,38.43,38.74,16940414.0,69412.0,38.331143,37.6747,53.95517715276582,0.12787544179440147,0.02061417234396224,0.10726126945043923
2022-07-20 04:00:00+00:00,38.795,38.85,38.02,38.26,4468900.0,39202.0,38.312364,37.72703333333333,49.68538699079983,0.1057420476942994,0.03763974741402967,0.06810230028026973
2022-07-21 04:00:00+00:00,38.11,38.34,37.8201,37.95,4666060.0,36518.0,37.988583,37.756033333333335,47.09336731365073,0.06246668710083014,0.04260513535138977,0.019861551749440376
2022-07-22 04:00:00+00:00,38.07,38.58,37.9701,38.32,5577028.0,48555.0,38.27957,37.786699999999996,50.41810547356846,0.057365288492263744,0.045557165979564565,0.011808122512699179
2022-07-25 04:00:00+00:00,38.37,38.6,37.98,38.38,6464347.0,50090.0,38.323515,37.8237,50.956331242820525,0.05750105552552043,0.04794594388875574,0.009555111636764688
2022-07-26 04:00:00+00:00,38.15,38.68,38.025,38.64,6361379.0,52963.0,38.503767,37.86336666666667,53.320996793180676,0.07769288376496064,0.053895331863996726,0.023797551900963915
2022-07-27 04:00:00+00:00,37.15,37.19,35.3,36.34,21009594.0,169934.0,35.945359,37.87336666666667,36.53796808649103,-0.0908484802498819,0.024946569441221002,-0.11579504969110291
2022-07-28 04:00:00+00:00,36.79,37.235,36.3,37.19,10672030.0,91864.0,36.912568,37.908366666666666,43.60285146560369,-0.15405497934698076,-0.01085374031641935,-0.14320123903056142
2022-07-29 04:00:00+00:00,36.56,36.9558,36.45,36.83,9925638.0,68569.0,36.802181,37.930033333333334,41.49585410932807,-0.23053807716554786,-0.05479060768624505,-0.1757474694793028
2022-08-01 04:00:00+00:00,37.02,37.63,36.9,37.43,6921473.0,60155.0,37.376824,37.97670000000001,46.165097008772655,-0.23997026973376023,-0.09182654009574809,-0.14814372963801214
2022-08-02 04:00:00+00:00,37.36,37.69,37.06,37.09,5670034.0,44592.0,37.203195,38.02703333333333,44.02105815475418,-0.271747967389949,-0.12781082555458828,-0.14393714183536072
2022-08-03 04:00:00+00:00,37.01,37.52,36.61,37.34,5461640.0,48230.0,37.218752,38.05136666666667,46.0067160040762,-0.273605161081953,-0.15696969266006122,-0.11663546842189176
2022-08-04 04:00:00+00:00,37.28,37.47,36.97,37.03,4503399.0,40066.0,37.102345,38.050700000000006,43.926023099434666,-0.296671564560512,-0.1849100670401514,-0.11176149752036063
2022-08-05 04:00:00+00:00,37.03,37.61,36.65,37.57,4682509.0,40733.0,37.309824,38.04136666666667,48.31131945045607,-0.2682857374903165,-0.2015852011301844,-0.06670053636013207
2022-08-08 04:00:00+00:00,37.79,38.07,37.66,37.79,4280484.0,38899.0,37.848053,38.020700000000005,50.02604613009762,-0.22543888451519933,-0.2063559378071874,-0.019082946708011944
2022-08-09 04:00:00+00:00,37.9,38.44,37.86,38.4,5633457.0,49826.0,38.278845,38.012033333333335,54.53021058925102,-0.1406393400530419,-0.1932126182563583,0.05257327820331639
2022-08-10 04:00:00+00:00,38.51,38.79,38.43,38.63,5938336.0,52458.0,38.632378,38.04203333333333,56.13554655103708,-0.05425064464761675,-0.16542022353461,0.11116957888699325
2022-08-11 04:00:00+00:00,38.65,39.33,38.65,38.73,6269498.0,51294.0,38.938566,38.067033333333335,56.848878905395786,0.022028255110448924,-0.12793052780559822,0.14995878291604714
2022-08-12 04:00:00+00:00,38.89,38.93,38.41,38.67,4579388.0,42164.0,38.612052,38.084700000000005,56.2577293957566,0.07675356682847223,-0.08699370887878413,0.16374727570725636
2022-08-15 04:00:00+00:00,38.49,38.915,38.0,38.56,7060028.0,52084.0,38.559376,38.082033333333335,55.125960595182896,0.10997991000552787,-0.04759898510192173,0.1575788951074496
2022-08-16 04:00:00+00:00,38.65,38.95,38.46,38.83,5825022.0,54359.0,38.74979,38.1057,57.391776928096846,0.1562970744889114,-0.0068197731837551095,0.1631168476726665
2022-08-17 04:00:00+00:00,38.56,38.8,38.145,38.2,5908755.0,47856.0,38.347405,38.1057,50.929832027691646,0.14054787772245447,0.022653756997486806,0.11789412072496766
2022-08-18 04:00:00+00:00,38.11,38.28,37.805,38.26,7564835.0,47442.0,38.097354,38.1117,51.490028007007496,0.1313934030168511,0.04440168620135966,0.08699171681549143
2022-08-19 04:00:00+00:00,38.11,38.56,37.94,38.53,8903230.0,45204.0,38.413476,38.11703333333333,54.033134407341585,0.1442621945948943,0.06437378788006659,0.07988840671482772
2022-08-22 04:00:00+00:00,38.48,38.56,38.1,38.41,6492330.0,42009.0,38.373492,38.110366666666664,52.71052082086152,0.14312791797261326,0.08012461389857593,0.06300330407403733
2022-08-23 04:00:00+00:00,38.46,39.015,38.39,38.72,5453714.0,49891.0,38.70194,38.10733333333334,55.725547431804834,0.16533749705234158,0.09716719052932907,0.06817030652301251
2022-08-24 04:00:00+00:00,38.67,38.955,38.54,38.91,5603480.0,48629.0,38.78994,38.09833333333333,57.513492776316994,0.1960106715785912,0.1169358867391815,0.0790747848394097
2022-08-25 04:00:00+00:00,38.54,38.85,38.45,38.61,4335476.0,38425.0,38.613052,38.093333333333334,53.8179317413637,0.19387699724356366,0.13232410884005794,0.06155288840350573
2022-08-26 04:00:00+00:00,38.63,38.85,38.11,38.11,5474819.0,46278.0,38.334948,38.096666666666664,48.25290180155337,0.15010985071619842,0.13588125721528604,0.014228593500912379
2022-08-29 04:00:00+00:00,37.95,38.3,37.735,38.09,7483190.0,49155.0,38.089111,38.08533333333334,48.03891922895146,0.11251325613530838,0.13120765699929052,-0.018694400863982136
2022-08-30 04:00:00+00:00,38.01,38.05,37.335,37.41,4948910.0,46059.0,37.564709,38.041000000000004,41.3282532933626,0.02753001814589595,0.1104721292286116,-0.08294211108271565
2022-08-31 04:00:00+00:00,37.51,37.9,37.355,37.4,5176642.0,42897.0,37.54095,38.01233333333334,41.237023755447915,-0.04016374401842171,0.08034495457920494,-0.12050869859762665
2022-09-01 04:00:00+00:00,37.33,37.825,37.04,37.7,6039051.0,52584.0,37.565243,38.004000000000005,45.14885457351359,-0.06881083695036239,0.05051379627329147,-0.11932463322365386
2022-09-02 04:00:00+00:00,37.9,38.48,37.165,37.31,6152860.0,56113.0,37.656129,37.970333333333336,41.299814630855806,-0.12158208255857517,0.016094620506918147,-0.13767670306549332
2022-09-06 04:00:00+00:00,37.4,37.61,36.735,37.43,9807778.0,75814.0,37.379184,37.93866666666667,42.91249415796769,-0.15196887518543178,-0.01751807863155184,-0.13445079655387995
2022-09-07 04:00:00+00:00,37.19,37.52,35.92,37.32,11400249.0,84713.0,37.041152,37.894666666666666,41.779397661207575,-0.18281928108754641,-0.050578319122750764,-0.13224096196479565
2022-09-08 04:00:00+00:00,37.1,37.12,35.82,36.06,10151867.0,80637.0,36.244957,37.88533333333333,31.51447361245276,-0.30541923692438644,-0.10154650268307791,-0.20387273424130853
2022-09-09 04:00:00+00:00,36.27,36.65,35.985,36.46,7999095.0,66949.0,36.402116,37.861,36.821339464533416,-0.3660839403643692,-0.15445399021933617,-0.21162995014503302
2022-09-12 04:00:00+00:00,36.67,36.877,36.545,36.73,6693803.0,53138.0,36.736091,37.85766666666667,40.190325468419424,-0.3879029081265841,-0.2011437738007858,-0.18675913432579833
2022-09-13 04:00:00+00:00,36.4,36.62,34.94,35.06,11761722.0,84447.0,35.545364,37.778666666666666,29.656500719766626,-0.5337963682465343,-0.26767429268993553,-0.2661220755565988
2022-09-14 04:00:00+00:00,35.23,35.558,34.82,34.96,8504598.0,70891.0,35.108742,37.70766666666667,29.163583863035726,-0.6499944196995244,-0.34413831809185336,-0.30585610160767107
2022-09-15 04:00:00+00:00,34.98,35.22,34.45,34.61,7350065.0,60365.0,34.694529,37.61666666666667,27.444258783488323,-0.7615456632060003,-0.42761978711468274,-0.3339258760913175
2022-09-16 04:00:00+00:00,34.51,34.84,34.26,34.71,30192204.0,85437.0,34.670495,37.539333333333325,28.73695980124174,-0.8322875700762467,-0.5085533437069956,-0.3237342263692511
2022-09-19 04:00:00+00:00,34.7,35.04,34.575,34.61,9566877.0,62083.0,34.721481,37.440666666666665,28.195959057405304,-0.8862045903298466,-0.5840835930315658,-0.3021209972982808
2022-09-20 04:00:00+00:00,34.45,34.49,33.79,33.94,8995615.0,70624.0,34.0116,37.31233333333333,24.823959001547877,-0.9717953658524152,-0.6616259475957357,-0.31016941825667954
2022-09-21 04:00:00+00:00,34.33,35.16,34.01,34.44,9056700.0,71580.0,34.716452,37.18033333333333,31.415771486215945,-0.987893034813375,-0.7268793650392636,-0.26101366977411133
2022-09-22 04:00:00+00:00,34.495,34.685,34.24,34.26,5921455.0,51607.0,34.419207,37.034666666666666,30.382910318179853,-1.0036061026908953,-0.78222471256959,-0.2213813901213053
2022-09-23 04:00:00+00:00,34.09,34.32,33.46,33.92,8006191.0,64504.0,33.901802,36.87433333333333,28.47832777215514,-1.0316023113961776,-0.8321002323349076,-0.19950207906127004
2022-09-26 04:00:00+00:00,33.73,34.31,33.73,34.06,7798798.0,62290.0,34.039623,36.720666666666666,30.41267472727428,-1.0306124200809919,-0.8718026698841245,-0.15880975019686738
2022-09-27 04:00:00+00:00,34.09,34.45,32.89,32.95,8853579.0,65154.0,33.289544,36.53366666666667,24.70711370563211,-1.106639001870164,-0.9187699362813324,-0.18786906558883154
2022-09-28 04:00:00+00:00,33.05,33.82,32.73,33.62,7112094.0,56015.0,33.492045,36.36,32.8910239415941,-1.1001454234785513,-0.9550450337207762,-0.14510038975777506
2022-09-29 04:00:00+00:00,33.515,33.685,33.085,33.56,7118393.0,56598.0,33.455534,36.205333333333336,32.54981798295972,-1.0873069170637066,-0.9814974103893623,-0.1058095066743443
2022-09-30 04:00:00+00:00,33.6,33.66,33.22,33.35,8907323.0,63030.0,33.38753,36.041666666666664,31.324968878773262,-1.081609432925994,-1.0015198148966888,-0.08008961802930514
2022-10-03 04:00:00+00:00,33.57,34.08,33.36,33.96,6707663.0,48007.0,33.879926,35.88933333333333,38.557616445617406,-1.0161585899927417,-1.0044475699158995,-0.011711020076842216
2022-10-04 04:00:00+00:00,34.01,34.69,33.99,34.33,7647871.0,63799.0,34.351317,35.75333333333333,42.51245511962313,-0.923783615159067,-0.988314778964533,0.06453116380546597
2022-10-05 04:00:00+00:00,34.1,34.14,33.175,33.89,6307411.0,57649.0,33.737151,35.592333333333336,39.27493946225418,-0.8759823258716182,-0.96584828834595,0.08986596247433187
2022-10-06 04:00:00+00:00,33.9,33.94,33.27,33.42,5814016.0,55210.0,33.479088,35.40933333333334,36.11142260134585,-0.866041346220527,-0.9458868999208655,0.07984555370033852
2022-10-07 04:00:00+00:00,33.4,33.49,32.81,33.03,6786195.0,55200.0,33.11346,35.223333333333336,33.68668713581336,-0.8794945234600249,-0.9326084246286974,0.05311390116867254
2022-10-10 04:00:00+00:00,34.0,34.47,33.55,34.07,11388098.0,81364.0,34.00116,35.08866666666667,44.406706840271646,-0.7970490694629362,-0.9054965535955453,0.10844748413260907
2022-10-11 04:00:00+00:00,33.884,35.03,33.86,34.94,10127268.0,74504.0,34.763799,34.983666666666664,51.47381311048583,-0.6539701631180677,-0.8551912755000498,0.20122111238198215
2022-10-12 04:00:00+00:00,35.16,35.67,35.04,35.3,9504624.0,71685.0,35.45115,34.91333333333333,54.07536711616722,-0.5057007047211712,-0.7852931613442742,0.27959245662310295
2022-10-13 04:00:00+00:00,34.97,35.97,34.86,35.78,9313493.0,76518.0,35.544527,34.85933333333333,57.35796736121845,-0.3454816053535552,-0.6973308501461305,0.3518492447925753
2022-10-14 04:00:00+00:00,35.8,36.48,35.61,35.73,10922098.0,84859.0,35.899541,34.79366666666667,56.90170876168017,-0.2200053126256165,-0.6018657426420276,0.3818604300164111
2022-10-17 04:00:00+00:00,35.87,36.175,35.46,35.49,6234838.0,53937.0,35.672635,34.733,54.65437208045817,-0.13833579196839452,-0.509159752507301,0.37082396053890654
2022-10-18 04:00:00+00:00,35.67,36.205,35.66,36.07,6807369.0,55440.0,36.017725,34.68766666666667,58.88093640634046,-0.026505417755828375,-0.4126288855570065,0.3861234678011781
2022-10-19 04:00:00+00:00,36.03,36.355,35.945,36.29,6906959.0,56659.0,36.19369,34.65333333333333,60.38909227499434,0.07896288588941047,-0.3143105312677231,0.3932734171571336
2022-10-20 04:00:00+00:00,36.36,36.43,35.31,35.34,7197215.0,55705.0,35.630601,34.629333333333335,51.589718280534896,0.08491140998879843,-0.23446614301641883,0.31937755300521725
2022-10-21 04:00:00+00:00,35.13,35.49,34.89,35.21,10239277.0,74525.0,35.171115,34.58766666666667,50.50520752038445,0.078233912801835,-0.17192613185276806,0.25016004465460306
2022-10-24 04:00:00+00:00,35.77,36.6,35.7,36.52,8150440.0,68529.0,36.325299,34.580666666666666,59.6990769047496,0.1766121254011992,-0.10221848040197462,0.2788306058031738
2022-10-25 04:00:00+00:00,36.45,37.18,36.07,37.06,10129939.0,81149.0,36.918755,34.647333333333336,62.769151339836036,0.2947533218776144,-0.02282411994605682,0.3175774418236712
2022-10-26 04:00:00+00:00,37.9,38.08,36.12,36.91,10993637.0,88295.0,36.958224,34.712333333333326,61.37060614071766,0.37198926416679967,0.05613855687651448,0.3158507072902852
2022-10-27 04:00:00+00:00,37.16,38.68,37.06,38.02,12208382.0,88838.0,38.113047,34.826,67.19540956024153,0.5168095692176777,0.14827275934474712,0.3685368098729306
2022-10-28 04:00:00+00:00,38.075,39.05,37.75,38.94,8846475.0,64094.0,38.67517,34.967,71.0868336750297,0.6977735168305585,0.2581729108419094,0.43960060598864914
2022-10-31 04:00:00+00:00,38.93,38.99,38.21,38.47,9102740.0,62445.0,38.592519,35.09566666666667,66.73170603553555,0.7941096750249059,0.3653602636785087,0.4287494113463972
2022-11-01 04:00:00+00:00,38.45,38.52,38.175,38.22,5966543.0,56398.0,38.30715,35.23833333333334,64.46919453380961,0.8405940191939933,0.4604070147816057,0.3801870044123877
2022-11-02 04:00:00+00:00,38.26,39.04,38.055,38.12,6358745.0,56869.0,38.387235,35.361000000000004,63.54117212277155,0.8594567501618684,0.5402169618576582,0.3192397883042102
2022-11-03 04:00:00+00:00,37.9804,38.19,37.75,37.99,5936483.0,62409.0,37.987572,35.48533333333334,62.28593933722677,0.8540704937958239,0.6029876682452914,0.2510828255505325
2022-11-04 04:00:00+00:00,38.1,38.46,37.4923,38.02,5799149.0,51842.0,37.980292,35.622,62.47018955461497,0.8425106576822969,0.6508922661326926,0.19161839154960436
2022-11-07 05:00:00+00:00,38.26,38.55,37.945,38.17,4666131.0,45475.0,38.153567,35.759,63.4321534821168,0.8358183569360023,0.6878774842933545,0.14794087264264777
2022-11-08 05:00:00+00:00,38.36,38.505,37.74,38.1,4824519.0,48806.0,38.190035,35.93066666666667,62.6254301787619,0.8154660602608601,0.7133951994868557,0.1020708607740044
2022-11-09 05:00:00+00:00,38.04,38.3799,37.66,37.73,5006622.0,45178.0,37.943508,36.067666666666675,58.39777266758172,0.7607117986463123,0.7228585193187471,0.037853279327565215
2022-11-10 05:00:00+00:00,38.42,38.43,37.245,37.87,8742462.0,71895.0,37.796756,36.21133333333333,59.51153214547151,0.7203121714708445,0.7223492497491666,-0.002037078278322113
2022-11-11 05:00:00+00:00,37.73,37.78,36.025,36.99,8622531.0,84478.0,36.704942,36.33266666666667,50.381269756638915,0.6102519260032295,0.6999297849999793,-0.08967785899674974
2022-11-14 05:00:00+00:00,37.14,37.765,36.79,36.82,7884586.0,61037.0,37.278697,36.428,48.82294826146848,0.503506697491531,0.6606451674982896,-0.15713847000675862
2022-11-15 05:00:00+00:00,37.19,37.2383,36.55,37.04,5660182.0,56760.0,36.944716,36.51833333333334,50.93786296447706,0.4316862854382961,0.614853391086291,-0.18316710564799488
2022-11-16 05:00:00+00:00,37.25,37.98,37.2,37.69,7042317.0,57592.0,37.620088,36.644999999999996,56.639356908581924,0.42234908185883313,0.5763525292407995,-0.15400344738196636
2022-11-17 05:00:00+00:00,37.41,37.82,37.41,37.75,5531179.0,54734.0,37.653902,36.789333333333325,57.134547287421434,0.4150068388053043,0.5440833911537004,-0.1290765523483961
2022-11-18 05:00:00+00:00,38.02,38.14,37.715,38.1,7592185.0,54837.0,37.995172,36.958333333333336,60.00397193947705,0.43244517443225305,0.521755747809411,-0.08931057337715798
2022-11-21 05:00:00+00:00,38.25,38.545,38.03,38.44,5207837.0,49575.0,38.385464,37.104,62.62157598225679,0.46830204508661666,0.5110650072648522,-0.0427629621782355
2022-11-22 05:00:00+00:00,38.62,39.06,38.595,38.96,6365692.0,54658.0,38.851306,37.23799999999999,66.2586992425065,0.5325397409544337,0.5153599540027685,0.01717978695166522
2022-11-23 05:00:00+00:00,38.49,38.95,38.48,38.9,5402669.0,49105.0,38.809881,37.358,65.467122769875,0.572013266310087,0.5266906164642322,0.04532264984585477
2022-11-25 05:00:00+00:00,39.08,39.18,38.87,38.9,3595280.0,24110.0,39.012237,37.461999999999996,65.46712276987499,0.5964211478131105,0.5406367227340079,0.05578442507910264
2022-11-28 05:00:00+00:00,39.0,39.27,38.71,38.87,6732650.0,57948.0,38.921416,37.56666666666667,65.01670625362212,0.6063541473062131,0.5537802076484489,0.052573939657764135
2022-11-29 05:00:00+00:00,38.77,39.085,38.68,39.04,4773553.0,38077.0,38.944558,37.684999999999995,66.42632692543697,0.6207876466548612,0.5671816954497314,0.05360595120512979
2022-11-30 05:00:00+00:00,38.8,39.395,38.365,39.35,8657931.0,57467.0,39.080055,37.794333333333334,68.88819211451985,0.6497507854989024,0.5836955134595656,0.06605527203933681
2022-12-01 05:00:00+00:00,39.46,40.1,39.305,39.49,7710310.0,56227.0,39.580057,37.900999999999996,69.95952212931665,0.6762062272086382,0.6021976562093801,0.07400857099925806
2022-12-02 05:00:00+00:00,39.26,39.88,39.24,39.83,4835750.0,37632.0,39.695831,38.050666666666665,72.44145417397618,0.7163498783805551,0.6250281006436151,0.09132177773693995
2022-12-05 05:00:00+00:00,39.56,39.73,39.37,39.62,4985808.0,42132.0,39.586687,38.19766666666666,68.66780703349512,0.722885788804362,0.6445996382757646,0.07828615052859744
2022-12-06 05:00:00+00:00,39.57,40.265,39.25,39.42,5135992.0,48777.0,39.596749,38.294333333333334,65.18509310121223,0.7038140857027315,0.656442527761158,0.04737155794157355
2022-12-07 05:00:00+00:00,39.75,39.94,39.36,39.89,5304930.0,42910.0,39.778384,38.38866666666666,69.14546666706595,0.7183440723244985,0.668822836673826,0.04952123565067246
2022-12-08 05:00:00+00:00,39.94,40.28,39.77,40.14,6093627.0,46734.0,40.12635,38.49633333333334,71.03302708779253,0.7414847276854388,0.6833552148761486,0.05812951280929024
2022-12-09 05:00:00+00:00,40.32,40.44,39.91,39.94,5887407.0,41480.0,40.055123,38.56033333333333,67.47663242018274,0.7352104864134077,0.6937262691836005,0.04148421722980722
2022-12-12 05:00:00+00:00,40.02,40.315,39.83,40.28,4650816.0,38475.0,40.178382,38.605000000000004,70.20743974395246,0.749038810357959,0.7047887774184722,0.044250032939486816
2022-12-13 05:00:00+00:00,40.5,40.63,39.95,39.97,5776580.0,46534.0,40.151187,38.655,64.86006760990128,0.7266075677463277,0.7091525354840434,0.017455032262284287
2022-12-14 05:00:00+00:00,40.14,40.6,39.99,40.16,7080120.0,47614.0,40.274773,38.71966666666666,66.54209331578357,0.7159094994010786,0.7105039282674506,0.005405571133628051
2022-12-15 05:00:00+00:00,40.01,40.04,39.46,39.83,6140805.0,49589.0,39.754036,38.776666666666664,61.07403262553661,0.6730445227841315,0.7030120471707868,-0.029967524386655287
2022-12-16 05:00:00+00:00,39.5,39.97,39.19,39.92,10858363.0,50930.0,39.77586,38.840999999999994,61.991376699014474,0.6389703157733067,0.6902037008912908,-0.05123338511798414
2022-12-19 05:00:00+00:00,40.03,40.455,39.85,40.11,7268913.0,43498.0,40.129636,38.910666666666664,63.92425254145926,0.6201489818956176,0.6761927570921562,-0.05604377519653858
2022-12-20 05:00:00+00:00,40.025,40.055,39.48,39.79,5525192.0,38814.0,39.784592,38.964666666666666,58.52601679085201,0.572808632197777,0.6555159321132804,-0.08270729991550341
2022-12-21 05:00:00+00:00,40.0,40.385,39.905,40.18,4822205.0,39761.0,40.174433,39.034,62.66421070341673,0.5603019920390793,0.6364731440984402,-0.07617115205936098
2022-12-22 05:00:00+00:00,40.12,40.65,39.81,40.36,6832313.0,48833.0,40.203521,39.12166666666666,64.42834538634202,0.5584771088145857,0.6208739370416694,-0.0623968282270837
2022-12-23 05:00:00+00:00,40.4,40.67,40.37,40.52,4947828.0,40001.0,40.523106,39.21,65.96767010947647,0.5634464782675863,0.6093884452868528,-0.04594196701926645
2022-12-27 05:00:00+00:00,40.62,41.04,40.515,40.96,5298345.0,38345.0,40.856915,39.342333333333336,69.83370310302305,0.5960185315054929,0.6067144625305808,-0.010695931025087924
2022-12-28 05:00:00+00:00,41.07,41.19,40.38,40.44,4724579.0,40525.0,40.64991,39.463,61.012496037399565,0.5732642309767328,0.6000244162198113,-0.026760185243078438
2022-12-29 05:00:00+00:00,40.39,40.79,40.32,40.68,3910521.0,35692.0,40.674308,39.58433333333333,63.31571678283552,0.5680491609786813,0.5936293651715853,-0.025580204192903966
2022-12-30 05:00:00+00:00,40.57,40.87,40.41,40.71,4338422.0,38210.0,40.627868,39.684999999999995,63.60514761306903,0.5598829476072282,0.5868800816587139,-0.026997134051485627
2023-01-03 05:00:00+00:00,40.53,40.855,40.285,40.78,5741001.0,52814.0,40.645888,39.78600000000001,64.31267014708769,0.5526885303206726,0.5800417713911056,-0.02735324107043302
2023-01-04 05:00:00+00:00,41.04,41.585,40.9,41.24,8193797.0,63097.0,41.188387,39.89066666666666,68.62863766855426,0.5774485905056324,0.579523135214011,-0.002074544708378645
2023-01-05 05:00:00+00:00,41.39,41.59,41.19,41.33,6596570.0,55609.0,41.345992,39.987,69.40817839948654,0.5974463745194214,0.583107783075093,0.014338591444328364
2023-01-06 05:00:00+00:00,41.94,42.78,41.78,42.59,6424136.0,64311.0,42.489974,40.108,77.74563182615508,0.7068184688376888,0.6078499202276122,0.09896854861007665
2023-01-09 05:00:00+00:00,42.39,42.8,42.19,42.2,9772726.0,68806.0,42.394742,40.217999999999996,71.27093709195601,0.753342833687185,0.6369485029195268,0.11639433076765826
