timestamp,open,high,low,close,volume,trade_count,vwap,30sma,rsi,macd,signal,histogram
2022-01-03 05:00:00+00:00,165.07,166.4122,161.23,163.91,1834483.0,29565.0,163.893026,,,,,
2022-01-04 05:00:00+00:00,166.77,171.155,165.8,168.01,2130920.0,42372.0,168.899595,,,,,
2022-01-05 05:00:00+00:00,168.27,169.0,164.33,164.47,1375514.0,33213.0,166.477017,,,,,
2022-01-06 05:00:00+00:00,165.3,166.463,164.23,165.22,1417565.0,25250.0,165.295495,,,,,
2022-01-07 05:00:00+00:00,166.0,168.75,164.69,166.66,1506866.0,24260.0,167.357554,,,,,
2022-01-10 05:00:00+00:00,167.25,167.88,160.13,162.05,2216232.0,38221.0,162.043007,,,,,
2022-01-11 05:00:00+00:00,161.97,165.65,160.07,165.2,2141150.0,33250.0,163.37928,,,,,
2022-01-12 05:00:00+00:00,166.35,166.87,162.66,164.86,1599307.0,25724.0,164.392756,,,,,
2022-01-13 05:00:00+00:00,164.94,167.3,164.1,164.51,1617088.0,25372.0,165.347747,,,,,
2022-01-14 05:00:00+00:00,163.89,164.4212,159.72,162.8,1883849.0,27452.0,161.892469,,,,,
2022-01-18 05:00:00+00:00,160.12,161.11,157.68,159.51,2086094.0,31011.0,159.64881,,,,,
2022-01-19 05:00:00+00:00,159.93,159.98,154.11,154.2,2390606.0,39895.0,155.866474,,,,,
2022-01-20 05:00:00+00:00,155.55,161.6854,155.37,156.7,2148949.0,33896.0,158.936304,,,,,
2022-01-21 05:00:00+00:00,156.7,160.2,154.5,156.99,4729388.0,65115.0,157.862014,,,,,
2022-01-24 05:00:00+00:00,154.0,156.5,150.93,155.74,3455244.0,53340.0,153.845052,,37.48084584737972,,,
2022-01-25 05:00:00+00:00,153.95,158.25,150.35,157.03,2192225.0,38297.0,154.463682,,40.033917467495755,,,
2022-01-26 05:00:00+00:00,158.04,164.0,156.69,158.73,2299749.0,38795.0,160.560186,,43.31889288033602,,,
2022-01-27 05:00:00+00:00,159.63,160.86,152.13,153.71,2172105.0,39361.0,155.380905,,36.892037016274024,,,
2022-01-28 05:00:00+00:00,154.0,159.51,152.75,159.38,1923215.0,31598.0,156.787759,,46.53959657297432,,,
2022-01-31 05:00:00+00:00,158.54,161.285,157.24,161.12,1962022.0,32571.0,160.239059,,49.11064989391205,,,
2022-02-01 05:00:00+00:00,161.12,163.68,160.33,163.02,1744872.0,32717.0,162.25819,,51.834623215736244,,,
2022-02-02 05:00:00+00:00,163.34,163.64,160.11,160.87,3905684.0,39831.0,161.226597,,48.66051184851732,,,
2022-02-03 05:00:00+00:00,160.0,164.49,160.0,162.01,2913382.0,38265.0,162.545894,,50.3950285778219,,,
2022-02-04 05:00:00+00:00,161.01,163.71,158.92,162.74,2196262.0,36265.0,161.55864,,51.524440787395996,,,
2022-02-07 05:00:00+00:00,163.1212,167.24,162.75,166.04,2000091.0,31956.0,165.476188,,56.36141425476967,,,
2022-02-08 05:00:00+00:00,167.06,172.04,165.3,171.55,2549240.0,43643.0,170.07754,,62.999991895697555,1.2717162880349235,,
2022-02-09 05:00:00+00:00,172.56,176.52,172.03,173.53,2050818.0,38595.0,173.737374,,65.05712002475828,2.0110884479734352,,
2022-02-10 05:00:00+00:00,170.89,176.48,170.005,174.68,2046679.0,38704.0,174.556584,,66.23144770871454,2.659188135127863,,
2022-02-11 05:00:00+00:00,175.16,177.23,168.68,169.88,2671940.0,47051.0,171.960849,,57.53936677866476,2.7537484240935726,,
2022-02-14 05:00:00+00:00,170.55,174.4,169.435,171.33,2520990.0,51101.0,171.806443,163.215,59.27796961980222,2.9121218878234743,,
2022-02-15 05:00:00+00:00,175.95,181.3445,174.54,181.2,4194512.0,69760.0,179.429694,163.7913333333333,68.67913179041953,3.7903675145312263,,
2022-02-16 05:00:00+00:00,178.3131,184.99,178.0,183.26,3164414.0,57602.0,182.026225,164.29966666666667,70.22420897530446,4.599587107940096,,
2022-02-17 05:00:00+00:00,180.1701,181.78,177.71,178.17,3278742.0,53857.0,179.248442,164.75633333333332,62.075781099345505,4.775134229751131,,
2022-02-18 05:00:00+00:00,177.59,179.54,174.72,174.92,2736162.0,56361.0,175.890726,165.07966666666667,57.4888633367632,4.598994405189956,3.2635496044961863,1.3354448006937694
2022-02-22 05:00:00+00:00,174.62,175.82,169.81,173.12,2439622.0,47260.0,172.966855,165.295,55.062111056305234,4.264993181899115,3.463838319976772,0.8011548619223428
2022-02-23 05:00:00+00:00,174.14,174.55,167.369,167.97,3514404.0,57554.0,170.183578,165.49233333333333,48.724720293261534,3.54388119006839,3.479846893995096,0.06403429607329425
2022-02-24 05:00:00+00:00,163.06,169.55,162.95,168.59,4332900.0,76253.0,166.712543,165.60533333333333,49.47860016448528,2.9879799863255982,3.3814735124611968,-0.3934935261355985
2022-02-25 05:00:00+00:00,170.53,174.6012,168.43,174.37,2623972.0,45988.0,172.498515,165.92233333333334,55.976845461593406,2.979476422295477,3.301074094428053,-0.3215976721325764
2022-02-28 05:00:00+00:00,170.39,172.49,167.53,170.14,2414180.0,49929.0,170.013965,166.10999999999999,50.82464995736638,2.601424041106128,3.1611440837636686,-0.5597200426575406
2022-03-01 05:00:00+00:00,168.7,170.01,163.88,164.91,2684308.0,54482.0,165.540674,166.18033333333335,45.27587887479576,1.858375320332641,2.9005903310774634,-1.0422150107448225
2022-03-02 05:00:00+00:00,167.58,171.01,166.91,168.23,2012625.0,41598.0,168.979631,166.471,49.07655828688061,1.519879880178678,2.6244482408977063,-1.1045683607190284
2022-03-03 05:00:00+00:00,169.74,171.53,164.45,165.47,2329647.0,41842.0,165.873516,166.8466666666667,46.20369578762725,1.01718539139506,2.302995670997177,-1.2858102796021171
2022-03-04 05:00:00+00:00,163.0,163.93,156.76,159.28,2735090.0,51289.0,158.672969,166.93266666666665,40.48033538609043,0.11795540284501271,1.8659876173667442,-1.7480322145217315
2022-03-07 05:00:00+00:00,159.22,159.22,147.93,148.06,3616786.0,66729.0,151.137739,166.63500000000002,32.598039233860064,-1.4829564731169853,1.1961987992699985,-2.679155272386984
2022-03-08 05:00:00+00:00,148.92,159.11,146.07,152.79,4703989.0,77910.0,152.715902,166.5366666666667,38.072544167093355,-2.3430104332226165,0.4883569527714755,-2.831367385994092
2022-03-09 05:00:00+00:00,158.1,162.555,157.74,159.47,3325292.0,60200.0,160.259342,166.618,44.88134928013439,-2.4572634169723244,-0.10076712117728448,-2.35649629579504
2022-03-10 05:00:00+00:00,156.55,164.22,156.05,162.56,2468152.0,49407.0,161.907879,166.74566666666666,47.7435136483075,-2.272279134531516,-0.5350695238481308,-1.7372096106833852
2022-03-11 05:00:00+00:00,164.35,165.53,161.3,161.64,2238639.0,42764.0,163.034494,167.01000000000002,46.9616104207659,-2.1748438233938145,-0.8630243837572675,-1.311819439636547
2022-03-14 04:00:00+00:00,162.27,164.13,160.11,161.76,1782623.0,36845.0,161.653799,167.08933333333331,47.083343645043854,-2.064148422093382,-1.1032491914244904,-0.9608992306688915
2022-03-15 04:00:00+00:00,163.93,167.33,163.65,166.4,2223767.0,43908.0,165.726483,167.26533333333333,51.69960992350454,-1.5837557467486931,-1.199350502489331,-0.3844052442593622
2022-03-16 04:00:00+00:00,168.19,172.5,167.03,172.29,2192714.0,47991.0,170.41508,167.57433333333336,56.84598741564895,-0.7194736706609888,-1.1033751361236626,0.3839014654626738
2022-03-17 04:00:00+00:00,170.33,171.25,168.13,171.24,1519955.0,31018.0,170.168244,167.92000000000002,55.70648450048411,-0.1178911475647908,-0.9062783384118883,0.7883871908470975
2022-03-18 04:00:00+00:00,170.26,173.44,167.65,171.19,3458440.0,35451.0,171.231643,168.226,55.64927863590308,0.35078907591588404,-0.6548648555463339,1.005653931462218
2022-03-21 04:00:00+00:00,169.95,170.2245,167.85,169.95,1711953.0,35589.0,169.202976,168.46633333333335,54.16375378608374,0.6150737059828941,-0.4008771432404883,1.0159508492233824
2022-03-22 04:00:00+00:00,171.67,172.88,169.98,170.57,1970806.0,30994.0,171.13313,168.61733333333333,54.81326408332533,0.8645836160811484,-0.14778499137616097,1.0123686074573093
2022-03-23 04:00:00+00:00,169.41,170.98,167.2,167.65,2666742.0,40958.0,168.51449,168.48733333333334,51.13793659489289,0.8172813107042316,0.04522826903991754,0.7720530416643141
2022-03-24 04:00:00+00:00,169.0,171.99,167.198,171.98,1769949.0,28008.0,170.807806,168.43566666666666,55.86393643646724,1.116320458221395,0.2594467068762131,0.856873751345182
2022-03-25 04:00:00+00:00,172.0,173.69,170.75,171.52,1420257.0,26083.0,171.879502,168.33033333333333,55.252531836311995,1.3011936312537102,0.46779609175171255,0.8333975395019977
2022-03-28 04:00:00+00:00,172.1,172.57,169.14,171.56,2362169.0,50275.0,171.141287,168.38633333333334,55.298346826174914,1.4343997510795532,0.6611168236172807,0.7732829274622725
2022-03-29 04:00:00+00:00,174.24,178.97,174.1,178.32,2201415.0,42360.0,177.593933,168.61933333333334,62.31975517048567,2.061676343523402,0.9412287275985051,1.1204476159248968
2022-03-30 04:00:00+00:00,177.54,179.12,175.4,176.45,2285208.0,37471.0,176.661498,168.46099999999998,59.53398554957533,2.3804636869649016,1.2290757194717845,1.1513879674931171
2022-03-31 04:00:00+00:00,177.19,179.3,175.72,175.75,2355392.0,40374.0,177.17698,168.21066666666667,58.480159034861295,2.547257603485008,1.4927120962744294,1.0545455072105785
2022-04-01 04:00:00+00:00,176.92,178.38,172.61,173.68,1892541.0,34496.0,174.570903,168.061,55.35945244244061,2.483779816103464,1.6909256402402364,0.7928541758632277
2022-04-04 04:00:00+00:00,173.37,175.02,171.62,174.65,1387526.0,25082.0,174.101287,168.052,56.530081477628116,2.483120241190818,1.8493645604303528,0.6337556807604652
2022-04-05 04:00:00+00:00,174.41,176.61,172.0,174.0,1541278.0,33491.0,173.890711,168.08133333333333,55.4801671903356,2.402453961801257,1.9599824407045339,0.44247152109672294
2022-04-06 04:00:00+00:00,171.76,171.76,165.62,166.16,1994854.0,48612.0,167.673291,168.02100000000002,44.697126827738586,1.6864623872162383,1.905278430006875,-0.2188160427906367
2022-04-07 04:00:00+00:00,165.58,166.62,162.36,164.66,2374635.0,51388.0,164.141662,167.89,42.97608967154287,0.9866232631144101,1.721547396628382,-0.734924133513972
2022-04-08 04:00:00+00:00,163.61,165.31,162.4,163.86,1517706.0,31196.0,164.089503,167.53966666666665,42.046222249791015,0.36325502328404013,1.449888921959514,-1.0866338986754738
2022-04-11 04:00:00+00:00,161.96,165.56,161.66,162.46,1294974.0,32698.0,163.19144,167.28366666666668,40.39887141611356,-0.24095946687688752,1.1117192441922337,-1.3526787110691212
2022-04-12 04:00:00+00:00,164.63,165.96,162.28,163.24,1542109.0,32243.0,164.130768,167.22799999999998,41.767777749268525,-0.6493786888904083,0.7594996575757053,-1.4088783464661137
2022-04-13 04:00:00+00:00,164.16,176.25,164.01,175.54,3331965.0,72017.0,173.322422,167.47166666666666,58.10766374758145,0.01923164929146992,0.6114460559188583,-0.5922144066273883
2022-04-14 04:00:00+00:00,176.2,181.52,176.2,180.51,3623032.0,61467.0,179.754313,167.97299999999998,62.66618505743752,0.9393197302112526,0.6770207907773371,0.26229893943391547
2022-04-18 04:00:00+00:00,179.23,184.95,179.23,183.15,2955373.0,54599.0,183.020433,168.7686666666667,64.85393811502362,1.8600802525249378,0.9136326831268573,0.9464475693980805
2022-04-19 04:00:00+00:00,182.28,189.55,182.05,188.78,2767929.0,53231.0,187.471349,170.126,69.02288234739687,3.009393137499785,1.332784774001443,1.6766083634983422
2022-04-20 04:00:00+00:00,189.0,193.79,188.78,190.3,3487030.0,56287.0,191.630222,171.37633333333332,70.05560760294811,3.996810433277801,1.8655899058567145,2.1312205274210867
2022-04-21 04:00:00+00:00,193.54,195.9,183.7,184.17,2892596.0,55285.0,188.527693,172.1996666666667,61.19503924785949,4.235877426456824,2.3396474099767364,1.8962300164800876
2022-04-22 04:00:00+00:00,183.76,184.17,178.94,179.49,1863743.0,41240.0,180.853882,172.764,55.43082540920779,4.001575185483631,2.6720329650781154,1.3295422204055156
2022-04-25 04:00:00+00:00,178.87,182.69,177.01,182.48,2345622.0,42241.0,180.909736,173.45866666666663,58.14349469419492,4.010921575769743,2.939810687216441,1.0711108885533016
2022-04-26 04:00:00+00:00,181.0,183.18,176.815,177.25,2068835.0,45110.0,178.958024,173.975,52.16296424763602,3.5553277610278826,3.0629141019787296,0.492413659049153
2022-04-27 04:00:00+00:00,177.93,181.83,175.91,180.2,1763193.0,39356.0,179.884699,174.43499999999997,54.97607564897978,3.39319211972267,3.128969705527518,0.26422241419515213
2022-04-28 04:00:00+00:00,181.72,186.17,180.07,184.56,2353998.0,37581.0,183.939026,174.844,58.82959031095623,3.5753001828628044,3.218235800994575,0.3570643818682293
2022-04-29 04:00:00+00:00,182.97,185.13,176.96,177.52,2593208.0,41790.0,180.097626,175.05333333333334,51.208355353138025,3.115637837085245,3.1977162082127095,-0.08207837112746441
2022-05-02 04:00:00+00:00,179.03,180.32,173.2801,178.14,2548129.0,45230.0,177.120997,175.285,51.800564609925374,2.76945636575428,3.1120642397210236,-0.3426078739667435
2022-05-03 04:00:00+00:00,178.65,178.69,170.7869,173.04,4120242.0,60665.0,173.088988,175.38799999999998,46.771636054342174,2.059833203135952,2.9016180324040097,-0.8417848292680579
2022-05-04 04:00:00+00:00,176.0,181.57,172.315,181.24,4265859.0,65411.0,176.893655,175.74366666666666,54.431696431989394,2.1345178113052157,2.748197988184251,-0.6136801768790354
2022-05-05 04:00:00+00:00,179.69,183.51,175.18,177.66,3144535.0,53692.0,177.523429,176.07733333333334,50.98215681364276,1.8831223583175642,2.5751828622109136,-0.6920605038933494
2022-05-06 04:00:00+00:00,178.18,178.535,169.28,172.52,3015124.0,45077.0,172.448951,176.09533333333331,46.43233329535773,1.2546715349418776,2.3110805967571064,-1.0564090618152289
2022-05-09 04:00:00+00:00,170.98,170.98,162.1,163.85,3553401.0,71865.0,165.497508,175.8396666666667,39.95510396603682,0.056373350987172444,1.8601391476031197,-1.8037657966159473
2022-05-10 04:00:00+00:00,168.06,170.24,164.93,168.11,2250781.0,51559.0,167.778667,175.72466666666665,44.082637665434845,-0.5432776290455479,1.3794557922733863,-1.9227334213189342
2022-05-11 04:00:00+00:00,167.62,172.485,165.79,166.96,2934893.0,50416.0,168.612349,175.346,43.21894034991868,-1.0986363441247704,0.883837364993755,-1.9824737091185254
2022-05-12 04:00:00+00:00,165.47,167.31,159.96,163.34,2592857.0,49094.0,162.93399,174.90900000000002,40.52718346064089,-1.810001305008825,0.345069630993239,-2.155070936002064
2022-05-13 04:00:00+00:00,166.0,167.48,163.75,166.4,2752978.0,49893.0,165.844533,174.59733333333332,43.718187354513184,-2.1026091654734103,-0.1444661283000908,-1.9581430371733195
2022-05-16 04:00:00+00:00,165.7,166.39,161.4,162.34,2137158.0,40441.0,162.911139,174.21933333333334,40.605183918354534,-2.63177362406563,-0.6419276274531988,-1.9898459966124316
2022-05-17 04:00:00+00:00,166.33,167.32,162.5,164.86,2268449.0,36007.0,164.51013,173.89300000000003,43.30373766923624,-2.8153437996114974,-1.0766108618848587,-1.7387329377266387
2022-05-18 04:00:00+00:00,162.73,164.38,153.01,154.03,3281141.0,50257.0,156.973288,173.22733333333335,35.779973920169766,-3.791014520627641,-1.6194915936334153,-2.1715229269942258
2022-05-19 04:00:00+00:00,153.29,159.59,152.25,156.94,2207416.0,47217.0,156.567753,172.92,38.854131331905826,-4.2800897063739,-2.151611216181512,-2.128478490192388
2022-05-20 04:00:00+00:00,159.42,159.63,151.431,155.23,1839381.0,37372.0,155.054588,172.60566666666668,37.711726977212734,-4.750902576045462,-2.6714694881543024,-2.0794330878911595
2022-05-23 04:00:00+00:00,156.47,159.16,153.3232,157.96,1825048.0,37801.0,156.948829,172.40900000000002,40.70897593325435,-4.847853940306152,-3.1067463785846727,-1.741107561721479
2022-05-24 04:00:00+00:00,155.68,156.69,149.7607,152.64,2284677.0,40344.0,152.139766,172.08166666666665,36.97510257642547,-5.2929542520168695,-3.5439879532711123,-1.7489662987457573
2022-05-25 04:00:00+00:00,151.39,160.35,150.77,159.55,3055984.0,51905.0,157.883336,171.9586666666667,44.14162994193781,-5.030135929260098,-3.8412175484689097,-1.188918380791188
2022-05-26 04:00:00+00:00,160.35,171.69,160.35,170.17,3678665.0,59297.0,168.697533,171.77966666666669,52.98922401031373,-3.919721164373641,-3.8569182716498562,-0.0628028927237847
2022-05-27 04:00:00+00:00,170.45,177.0,170.45,172.56,2378908.0,39687.0,172.809155,171.51466666666667,54.72715599071035,-2.8144136287575066,-3.648417343071386,0.8340037143138797
2022-05-31 04:00:00+00:00,171.05,172.89,168.3286,171.58,2177595.0,36174.0,171.245235,171.129,53.848095899006,-1.9945354896991603,-3.317640972396941,1.3231054826977808
2022-06-01 04:00:00+00:00,172.54,174.0,167.86,170.59,1703950.0,37143.0,170.454459,170.52266666666668,52.92327800825061,-1.4084254321497838,-2.93579786434751,1.5273724321977262
2022-06-02 04:00:00+00:00,170.75,174.58,170.38,174.42,1735022.0,34213.0,173.006514,169.9933333333333,56.066870717275805,-0.6276448978059364,-2.4741672710391955,1.8465223732332592
2022-06-03 04:00:00+00:00,172.79,175.4,171.85,174.65,1309206.0,27187.0,174.1301,169.676,56.25578051171971,0.009577969817343046,-1.977418222867888,1.986996192685231
2022-06-06 04:00:00+00:00,177.0,179.235,175.295,177.61,1379078.0,31567.0,177.530056,169.61333333333332,58.716100567571985,0.744842860749344,-1.4329660061444418,2.177808866893786
2022-06-07 04:00:00+00:00,175.77,177.83,173.67,177.18,1328901.0,28346.0,176.672676,169.43666666666667,58.203965005554394,1.2781148652032073,-0.8907498318749121,2.1688646970781194
2022-06-08 04:00:00+00:00,175.27,175.68,171.7687,173.19,1684132.0,34061.0,173.335619,169.30133333333333,53.5376292187533,1.3630645568385091,-0.4399869541322279,1.803051510970737
2022-06-09 04:00:00+00:00,173.08,173.08,167.64,167.65,1440279.0,33603.0,169.221014,168.883,47.80659759828537,0.9721497618880051,-0.15755961092818133,1.1297093728161864
2022-06-10 04:00:00+00:00,165.03,167.02,159.76,159.87,2708011.0,57347.0,161.774843,168.06,41.14543753528692,0.034172076249973315,-0.11921327349255041,0.1533853497425237
2022-06-13 04:00:00+00:00,154.0,154.57,149.87,152.1,4007450.0,69567.0,152.338779,167.21266666666665,35.782971641527794,-1.3209292110875026,-0.3595564610115409,-0.9613727500759617
2022-06-14 04:00:00+00:00,153.86,154.73,150.28,152.22,2666370.0,71775.0,152.157659,166.34866666666667,35.921870154688236,-2.357992279957756,-0.7592436248007839,-1.598748655156972
2022-06-15 04:00:00+00:00,154.76,157.16,153.12,154.8,2004173.0,38414.0,155.163984,165.74066666666667,38.97790062604404,-2.937822407648582,-1.1949593813703436,-1.7428630262782385
2022-06-16 04:00:00+00:00,149.85,150.8,144.59,145.16,2609714.0,47187.0,146.788625,164.538,32.70214404032657,-4.127628662589899,-1.7814932376142547,-2.3461354249756443
2022-06-17 04:00:00+00:00,145.84,147.64,142.8,145.23,3276638.0,42498.0,145.332902,163.457,32.78677087491097,-5.007190501503004,-2.4266326903920046,-2.5805578111109995
2022-06-21 04:00:00+00:00,147.83,147.99,141.17,141.58,3355641.0,49181.0,143.374102,162.42566666666667,30.624289396860775,-5.930411993511797,-3.1273885510159634,-2.8030234424958334
2022-06-22 04:00:00+00:00,139.435,141.58,135.99,136.46,4109235.0,66193.0,137.687218,161.51266666666666,27.84948311131633,-6.994583681057009,-3.900827577024173,-3.0937561040328356
2022-06-23 04:00:00+00:00,137.67,137.7,131.01,133.06,3280440.0,53972.0,133.053236,160.34433333333334,26.154715010437954,-8.019851143594622,-4.7246322903382625,-3.295218853256359
2022-06-24 04:00:00+00:00,135.0,141.07,133.265,139.39,3026090.0,45260.0,139.105278,159.42533333333333,34.18494307311835,-8.226771792094524,-5.425060190689515,-2.8017116014050094
2022-06-27 04:00:00+00:00,139.6,141.09,138.34,140.19,2053831.0,31506.0,140.144464,158.65366666666665,35.14483129433509,-8.231319060382589,-5.986311964628131,-2.245007095754458
2022-06-28 04:00:00+00:00,142.73,146.06,138.5072,138.69,2238055.0,37426.0,140.894113,157.73000000000002,34.13943408739932,-8.260735648809032,-6.441196701464312,-1.8195389473447197
2022-06-29 04:00:00+00:00,138.69,139.62,135.7243,137.73,2614947.0,39023.0,137.741236,156.90966666666665,33.479322241524315,-8.266224592461555,-6.806202279663761,-1.4600223127977934
2022-06-30 04:00:00+00:00,135.12,138.14,133.07,136.01,3376267.0,46196.0,135.93081,155.94799999999998,32.27519607196699,-8.313531034440445,-7.107668030619099,-1.2058630038213458
2022-07-01 04:00:00+00:00,135.74,139.25,134.62,139.18,2039918.0,35971.0,137.741817,155.453,36.787649918177166,-8.002975898846245,-7.2867296042645275,-0.7162462945817172
2022-07-05 04:00:00+00:00,135.92,138.75,133.99,138.69,2367125.0,40913.0,137.009114,154.84466666666668,36.38409918133617,-7.707549785217225,-7.370893640455067,-0.33665614476215744
2022-07-06 04:00:00+00:00,138.95,139.71,133.54,135.65,1880513.0,37882.0,135.429675,154.192,33.89952536446647,-7.630762376701995,-7.422867387704453,-0.2078949889975421
2022-07-07 04:00:00+00:00,137.47,139.81,136.97,138.68,2017207.0,37106.0,138.407067,153.54933333333332,38.413697700774186,-7.241931644939882,-7.386680239151539,0.14474859421165664
2022-07-08 04:00:00+00:00,138.68,138.8269,135.56,137.8,1631468.0,31806.0,137.834212,153.0546666666667,37.61034618949297,-6.9249624773776475,-7.294336686796761,0.3693742094191137
2022-07-11 04:00:00+00:00,137.1,138.52,135.15,137.76,2138182.0,30212.0,137.308359,152.32833333333335,37.57188307343514,-6.600898742365899,-7.155649097910589,0.55475035554469
2022-07-12 04:00:00+00:00,136.93,141.25,136.93,139.12,1691559.0,32921.0,139.478088,151.29333333333335,39.82516554829239,-6.1632887078995395,-6.9571770199083804,0.7938883120088409
2022-07-13 04:00:00+00:00,136.265,142.1095,135.7,140.8,2342111.0,39004.0,139.862267,150.23466666666667,42.58216859652221,-5.616177840919931,-6.688977184110691,1.0727993431907592
2022-07-14 04:00:00+00:00,137.96,141.26,137.95,140.78,2398105.0,35917.0,140.068065,149.208,42.55717087138158,-5.125123140683229,-6.376206375425199,1.2510832347419703
2022-07-15 04:00:00+00:00,142.61,144.44,141.65,143.35,2072306.0,31212.0,143.24332,148.3,46.873106388347985,-4.476973467954423,-5.9963597939310445,1.5193863259766216
2022-07-18 04:00:00+00:00,145.19,149.02,143.69,144.59,2028528.0,32919.0,146.595126,147.30566666666667,48.86926217042737,-3.8192268757258034,-5.560933210289996,1.741706334564193
2022-07-19 04:00:00+00:00,146.085,151.2583,145.94,150.92,2531081.0,36251.0,150.495335,146.51466666666664,57.62272251266263,-2.7554171310939637,-4.99982999445079,2.2444128633568265
2022-07-20 04:00:00+00:00,150.77,153.52,150.0,152.6,1932187.0,31612.0,152.340884,145.681,59.59957341228042,-1.7565300989055288,-4.351170015341738,2.5946399164362095
2022-07-21 04:00:00+00:00,151.0,151.89,147.76,151.0,1777393.0,31103.0,150.125044,144.80833333333334,56.8782361590307,-1.0815441893686852,-3.6972448501471282,2.615700660778443
2022-07-22 04:00:00+00:00,152.51,154.74,150.29,150.91,2249728.0,37964.0,151.608698,144.0656666666667,56.72134699045316,-0.5475632723313595,-3.0673085345839746,2.519745262252615
2022-07-25 04:00:00+00:00,152.81,153.4,150.2,152.99,1554422.0,30058.0,152.549341,143.57699999999997,59.50163532222442,0.04296380822304968,-2.44525406602257,2.4882178742456196
2022-07-26 04:00:00+00:00,152.09,152.8,150.56,151.04,2032499.0,31502.0,151.35936,143.28266666666664,55.87746377047749,0.34958230372041044,-1.8862867920739739,2.235869095794384
2022-07-27 04:00:00+00:00,155.08,159.24,154.84,157.6,2653889.0,48388.0,156.825103,143.46599999999998,63.853693942546215,1.1091314690961838,-1.2872031398399424,2.396334608936126
2022-07-28 04:00:00+00:00,158.13,159.61,154.86,158.09,1708600.0,31577.0,157.131761,143.6616666666667,64.37178747153423,1.7306684907541694,-0.6836288137211202,2.41429730447529
2022-07-29 04:00:00+00:00,157.52,159.83,156.63,158.82,1936674.0,33257.0,158.324282,143.79566666666668,65.17268274739902,2.256138596147082,-0.09567533174747977,2.3518139278945616
2022-08-01 04:00:00+00:00,158.0,160.02,156.39,159.57,2050714.0,38666.0,159.0214,144.27599999999998,66.01787463902465,2.701949777339337,0.4638496900698836,2.238100087269453
2022-08-02 04:00:00+00:00,162.2,162.2163,155.58,158.24,3113990.0,56039.0,158.938443,144.70966666666666,63.093744715187796,2.9143437252553213,0.9539484971069712,1.96039522814835
2022-08-03 04:00:00+00:00,159.3,161.07,158.61,159.34,1791261.0,31179.0,159.661355,145.30166666666668,64.49448205661486,3.1352866334486578,1.3902161243753084,1.7450705090733494
2022-08-04 04:00:00+00:00,159.43,159.7832,157.18,158.99,1337614.0,25114.0,158.643357,146.05266666666665,63.66648716841399,3.244740061424096,1.761120911785066,1.4836191496390303
2022-08-05 04:00:00+00:00,157.73,159.19,155.93,157.01,2146103.0,40918.0,157.210575,146.85100000000003,59.04807519047897,3.1355683589954424,2.0360104012271414,1.099557957768301
2022-08-08 04:00:00+00:00,157.57,161.175,157.39,158.27,1445225.0,32947.0,159.077197,147.48033333333333,60.98751129812281,3.1148148216625486,2.251771285314223,0.8630435363483255
2022-08-09 04:00:00+00:00,158.07,159.57,156.67,158.79,1373184.0,29763.0,158.681978,148.10033333333334,61.79173334685979,3.104539944018086,2.422325017054996,0.6822149269630899
2022-08-10 04:00:00+00:00,161.82,162.8,160.29,161.24,1480640.0,31421.0,161.33039,148.85199999999998,65.40977174502784,3.256552049065675,2.5891704234571318,0.6673816256085434
2022-08-11 04:00:00+00:00,163.54,164.34,160.7,161.13,1324353.0,27580.0,161.953161,149.632,65.11165535299676,3.329763219127841,2.7372889825912736,0.5924742365365674
2022-08-12 04:00:00+00:00,162.0,164.36,160.89,164.07,1609318.0,24954.0,162.986566,150.56733333333335,69.15768878215121,3.5837062928901844,2.906572444651056,0.6771338482391283
2022-08-15 04:00:00+00:00,162.12,164.4,161.7,163.18,1305098.0,26905.0,163.444188,151.3673333333333,66.63827104245108,3.6708274328135246,3.05942344228355,0.6114039905299746
2022-08-16 04:00:00+00:00,162.79,166.56,162.48,166.24,1869729.0,37400.0,165.247726,152.28566666666666,70.60352551719564,3.9413545090176854,3.2358096556303773,0.7055448533873081
2022-08-17 04:00:00+00:00,163.99,164.7199,161.88,163.57,1451496.0,29112.0,163.254413,153.21633333333332,63.51033777368299,3.895398748106203,3.3677274741255423,0.5276712739806606
2022-08-18 04:00:00+00:00,163.67,165.49,163.03,165.05,1093220.0,22613.0,164.645888,154.09533333333334,65.57488851015884,3.933064191858108,3.480794817672056,0.4522693741860522
2022-08-19 04:00:00+00:00,163.43,164.25,160.89,161.38,1401917.0,28740.0,161.962975,154.88133333333332,56.96749132122412,3.624989377796396,3.509633729696924,0.11535564809947196
2022-08-22 04:00:00+00:00,158.26,159.72,157.47,157.92,1417908.0,26750.0,158.443352,155.5533333333333,50.268288860847626,3.066298405209068,3.4209666647993533,-0.3546682595902855
2022-08-23 04:00:00+00:00,158.36,160.5578,158.35,158.64,1423884.0,25223.0,158.980062,156.204,51.54523786905119,2.6510698836069366,3.2669873085608705,-0.6159174249539339
2022-08-24 04:00:00+00:00,157.8,160.53,157.8,159.93,1892354.0,28761.0,159.573943,156.84166666666667,53.83251238528046,2.3984427526239926,3.093278397373495,-0.6948356447495025
2022-08-25 04:00:00+00:00,161.27,163.24,160.65,162.67,1274210.0,24082.0,162.2176,157.57133333333334,58.331691024566645,2.391758330883789,2.9529743840755542,-0.5612160531917652
2022-08-26 04:00:00+00:00,163.07,163.86,156.25,156.69,1747946.0,30839.0,158.680217,158.016,47.46075493867656,1.8822277060915553,2.7388250484787546,-0.8565973423871993
2022-08-29 04:00:00+00:00,154.98,156.79,154.46,155.72,1555541.0,33468.0,155.86636,158.38700000000003,45.964384705986085,1.3841939948601123,2.467898837755026,-1.0837048428949139
2022-08-30 04:00:00+00:00,156.72,157.29,153.0,153.34,1987479.0,39122.0,154.151457,158.4676666666667,42.429597787059,0.7883648023584442,2.13199203067571,-1.3436272283172657
2022-08-31 04:00:00+00:00,154.25,155.91,153.34,153.74,2239317.0,39073.0,154.410377,158.50566666666666,43.21992236468686,0.34447167658234434,1.774487959857037,-1.4300162832746925
2022-09-01 04:00:00+00:00,152.43,154.17,149.9,153.95,2297028.0,47616.0,151.833622,158.60399999999998,43.65723134437406,0.00951869568561392,1.4214941070227525,-1.4119754113371386
2022-09-02 04:00:00+00:00,155.0,157.69,153.43,154.23,1854363.0,41323.0,155.14785,158.7146666666667,44.27351055586261,-0.2306811462783287,1.0910590563625362,-1.321740202640865
2022-09-06 04:00:00+00:00,155.21,156.245,150.5,152.37,1678709.0,39036.0,151.94721,158.69400000000002,41.06056167275909,-0.5646191290559841,0.7599234192788321,-1.3245425483348163
2022-09-07 04:00:00+00:00,152.7,157.94,152.3,157.6,2239248.0,36945.0,156.257827,158.91266666666667,51.6791713650025,-0.4026090685079282,0.5274169217214801,-0.9300259902294084
2022-09-08 04:00:00+00:00,156.38,159.45,155.52,159.4,1688952.0,37883.0,158.378575,158.97266666666667,54.7038448818222,-0.12750022826648433,0.39643349172388725,-0.5239337199903715
2022-09-09 04:00:00+00:00,160.39,162.77,160.195,162.36,1392597.0,30277.0,161.960805,159.11499999999998,59.223993457489534,0.32561923606246523,0.3822706405916029,-0.05665140452913764
2022-09-12 04:00:00+00:00,163.95,165.0,162.8,163.78,1602109.0,30207.0,163.621201,159.28033333333332,61.223143047087525,0.7901929561371333,0.46385510370070904,0.3263378524364242
2022-09-13 04:00:00+00:00,158.99,161.745,157.04,157.88,2259459.0,45369.0,159.010773,159.22400000000002,50.2085879421602,0.6745148968664694,0.5059870623338611,0.16852783453260822
2022-09-14 04:00:00+00:00,158.0,162.68,156.645,162.54,1789834.0,34347.0,160.896594,159.3673333333333,56.81681026130038,0.9479350510348183,0.5943766600740525,0.3535583909607658
2022-09-15 04:00:00+00:00,163.44,166.55,161.73,162.51,1861186.0,40362.0,163.719424,159.47299999999998,56.76457934463405,1.1489572795025538,0.7052927839597528,0.44366449554280096
2022-09-16 04:00:00+00:00,160.32,160.32,153.28,154.92,3369331.0,49383.0,155.806073,159.33733333333333,45.394589073872154,0.6878897117264842,0.7018121695130991,-0.013922457786614939
2022-09-19 04:00:00+00:00,152.95,158.22,152.655,157.36,1972724.0,31741.0,157.140105,159.349,48.935648566758594,0.5134591134777224,0.6641415583060237,-0.1506824448283013
2022-09-20 04:00:00+00:00,156.72,158.41,154.84,157.01,2102928.0,39159.0,156.698949,159.307,48.45029649903028,0.34302535002376544,0.5999183166495722,-0.25689296662580674
2022-09-21 04:00:00+00:00,156.31,156.5,148.145,148.17,3281106.0,54255.0,150.70969,158.953,38.15662334005006,-0.49959968231218,0.38001471685722177,-0.8796143991694018
2022-09-22 04:00:00+00:00,147.03,147.455,139.66,140.11,3542469.0,63659.0,141.665805,158.24866666666668,31.570587880632644,-1.797045508987793,-0.05539732831178118,-1.7416481806760118
2022-09-23 04:00:00+00:00,138.15,138.32,135.9,137.48,2414647.0,46962.0,137.09154,157.46033333333335,29.765208614669206,-3.0028843132608642,-0.6448947253015979,-2.3579895879592665
2022-09-26 04:00:00+00:00,137.78,140.21,136.02,136.22,1946866.0,41138.0,137.360515,156.53199999999998,28.912175228889325,-4.013921731842203,-1.318700126609719,-2.6952216052324838
2022-09-27 04:00:00+00:00,139.4,141.11,136.89,138.68,2252193.0,45797.0,139.067636,155.71533333333335,32.95226008037113,-4.564063051450461,-1.9677727115778674,-2.5962903398725934
2022-09-28 04:00:00+00:00,139.06,144.56,138.51,143.82,2083400.0,40257.0,143.214788,154.968,40.5542729325745,-4.533044848278024,-2.480827138917899,-2.052217709360125
2022-09-29 04:00:00+00:00,141.98,142.32,138.98,140.51,1870989.0,35289.0,140.325323,154.19933333333333,37.59791018794909,-4.721129790541454,-2.9288876692426102,-1.7922421212988437
2022-09-30 04:00:00+00:00,139.9,143.98,138.27,140.14,2097455.0,38921.0,141.318913,153.369,37.27083422524846,-4.844203408661912,-3.3119508171264704,-1.5322525915354412
2022-10-03 04:00:00+00:00,142.09,142.66,138.71,140.8,2107014.0,39070.0,141.303771,152.68300000000002,38.301893545962955,-4.832774438144725,-3.6161155413301214,-1.2166588968146033
2022-10-04 04:00:00+00:00,144.39,148.715,143.4,147.56,2128578.0,43740.0,147.283119,152.33766666666668,47.77107929395976,-4.229486504683763,-3.73878973400085,-0.49069677068291284
2022-10-05 04:00:00+00:00,145.3,148.21,144.82,147.18,1488986.0,32443.0,146.492762,151.95566666666667,47.33132403904036,-3.738939132260697,-3.7388196136528196,-0.00011951860787728918
2022-10-06 04:00:00+00:00,146.77,148.27,143.6,144.07,1653099.0,31014.0,144.943351,151.427,43.77929714711429,-3.5600893204504587,-3.7030735550123475,0.1429842345618888
2022-10-07 04:00:00+00:00,141.93,142.17,139.31,141.5,2409116.0,38720.0,141.029007,150.72133333333332,41.03850240082696,-3.584408250565531,-3.6793404941229846,0.09493224355745378
2022-10-10 04:00:00+00:00,142.12,143.41,139.47,140.5,1509102.0,30990.0,141.137649,150.18166666666667,39.98943225869665,-3.6423856658914247,-3.6719495284766728,0.029563862585248124
2022-10-11 04:00:00+00:00,140.84,141.56,137.25,138.79,1873825.0,35301.0,138.679643,149.6173333333333,38.19155057656142,-3.7827111546408503,-3.6941018537095083,-0.088609300931342
2022-10-12 04:00:00+00:00,138.5,143.25,137.29,141.87,1855318.0,36430.0,141.29237,149.23499999999999,43.1493672265195,-3.60384695175631,-3.676050873318869,0.07220392156255873
2022-10-13 04:00:00+00:00,138.76,144.1128,137.26,143.22,2396095.0,44574.0,141.757944,148.88433333333333,45.223353091701334,-3.3149493916415906,-3.6038305769834134,0.2888811853418227
2022-10-14 04:00:00+00:00,146.01,147.84,142.52,143.53,2075880.0,38886.0,144.227882,148.53699999999998,45.713107194446216,-3.026098603612752,-3.488284182309281,0.4621855786965292
2022-10-17 04:00:00+00:00,146.99,148.43,145.84,147.85,2060027.0,34774.0,147.564097,148.32433333333333,52.13557872188382,-2.4206901673666437,-3.274765379320754,0.8540752119541102
2022-10-18 04:00:00+00:00,151.48,153.88,148.58,149.99,1871064.0,38630.0,150.531308,148.24499999999998,54.977127481692435,-1.7480688550101036,-2.969426074458624,1.2213572194485205
2022-10-19 04:00:00+00:00,148.64,151.67,148.64,149.99,1173848.0,25824.0,149.968996,147.99133333333333,54.977127481692435,-1.201165332736366,-2.615773926114173,1.4146085933778068
2022-10-20 04:00:00+00:00,150.57,153.17,147.17,147.52,1408199.0,29911.0,149.546408,147.59533333333331,50.92981319220037,-0.956028210353935,-2.283824782962125,1.32779657260819
2022-10-21 04:00:00+00:00,146.71,154.01,146.5,153.49,2339520.0,38042.0,151.508546,147.29966666666667,58.82070142268359,-0.27683498671694906,-1.88242682371309,1.6055918369961408
2022-10-24 04:00:00+00:00,154.27,156.465,152.41,154.98,1967588.0,38951.0,154.484904,147.00633333333334,60.52681135538527,0.37731166982734976,-1.4304791250050022,1.807790794832352
2022-10-25 04:00:00+00:00,154.36,156.11,153.11,155.43,1697073.0,32628.0,155.223783,146.92466666666667,61.051652687759116,0.9214173218796873,-0.9600998356280643,1.8815171575077516
2022-10-26 04:00:00+00:00,156.67,158.82,154.15,155.04,2462824.0,46120.0,156.145391,146.67466666666667,60.30330450714745,1.3060993305032298,-0.5068600024018055,1.8129593329050353
2022-10-27 04:00:00+00:00,156.79,158.4699,156.0,156.25,1624726.0,34244.0,156.700791,146.46599999999998,61.865135153781324,1.6891282622680706,-0.06766234946783029,1.756790611735901
2022-10-28 04:00:00+00:00,156.25,160.01,155.29,159.65,1794886.0,30908.0,158.34756,146.62366666666668,65.92234538113905,2.2411979009753793,0.39410970062081163,1.8470882003545677
2022-10-31 04:00:00+00:00,158.75,162.54,158.14,160.11,2492983.0,41790.0,160.659883,146.71533333333335,66.44253071015345,2.6848855335697124,0.8522648672105918,1.8326206663591207
2022-11-01 04:00:00+00:00,162.42,163.0,159.22,160.07,1573557.0,34390.0,160.233665,146.81733333333335,66.34768863596722,2.998716179806621,1.2815551297297978,1.7171610500768233
2022-11-02 04:00:00+00:00,158.96,159.26,152.3,152.99,2576110.0,45631.0,155.537428,146.978,52.15643592504973,2.6456351627009838,1.554371136324035,1.0912640263769489
2022-11-03 04:00:00+00:00,149.79,150.81,143.92,146.48,2929797.0,57660.0,147.327892,147.19033333333334,43.0404412079226,1.819538808413654,1.607404670741959,0.21213413767169498
2022-11-04 04:00:00+00:00,149.44,151.28,147.34,148.96,3342230.0,60344.0,149.077787,147.57299999999998,46.85147459557317,1.3494115928504868,1.5558060551636645,-0.2063944623131777
2022-11-07 05:00:00+00:00,149.54,150.04,145.0,148.35,2039645.0,37943.0,147.439971,147.97733333333335,46.03558270011186,0.9170394257528471,1.428052729281501,-0.5110133035286539
2022-11-08 05:00:00+00:00,149.07,152.72,148.45,150.5,1760334.0,46941.0,150.741634,148.37133333333335,49.38147638384068,0.7393456831463823,1.2903113200544774,-0.5509656369080951
2022-11-09 05:00:00+00:00,148.28,153.155,148.08,149.57,2136462.0,38940.0,150.559656,148.56300000000002,47.99525646874873,0.5175133129203005,1.135751718627642,-0.6182384057073416
2022-11-10 05:00:00+00:00,155.81,158.56,155.8,157.98,2421889.0,40807.0,157.494547,149.14533333333335,59.16005605462193,1.0086986261286768,1.1103411001278491,-0.10164247399917237
2022-11-11 05:00:00+00:00,160.0,164.89,159.83,163.78,2634540.0,49075.0,163.177018,149.93333333333334,64.77645240371072,1.844713345865955,1.2572155492754704,0.5874977965904846
2022-11-14 05:00:00+00:00,162.0,164.4,159.26,159.53,2082586.0,37798.0,161.580849,150.55766666666665,58.434966514663174,2.139656920066244,1.4337038234336252,0.7059530966326188
2022-11-15 05:00:00+00:00,161.3,163.2,159.515,161.77,2002771.0,43043.0,161.759769,151.03133333333335,60.62303008957284,2.525043971988765,1.6519718531446532,0.873072118844112
2022-11-16 05:00:00+00:00,161.76,162.54,160.39,161.6,2063543.0,37173.0,161.530116,151.512,60.36331899716691,2.7846487109937357,1.8785072247144698,0.9061414862792658
2022-11-17 05:00:00+00:00,158.3,160.06,157.5,159.97,1647271.0,34969.0,159.296917,152.042,57.80620164551386,2.826280358806798,2.0680618515329354,0.7582185072738628
2022-11-18 05:00:00+00:00,162.16,163.12,160.45,161.71,1864895.0,29650.0,161.712263,152.71566666666666,59.76559426021508,2.9654928423206854,2.2475480496904856,0.7179447926301998
2022-11-21 05:00:00+00:00,161.34,162.76,159.94,160.53,1322143.0,29435.0,160.800648,153.38333333333333,57.805139871820344,2.9466366075543817,2.387365761263265,0.5592708462911169
2022-11-22 05:00:00+00:00,160.9,163.26,159.56,162.94,1508789.0,29790.0,162.043643,154.18833333333336,60.644562040581434,3.0905340121385905,2.52799941143833,0.5625346007002605
2022-11-23 05:00:00+00:00,162.87,163.5,161.09,161.48,1455727.0,26532.0,161.834309,154.842,58.094077060861814,3.051587146646,2.632716958479864,0.41887018816613564
2022-11-25 05:00:00+00:00,161.57,163.84,161.25,162.53,918743.0,18102.0,162.853171,155.48566666666665,59.41600219100794,3.070057982551816,2.720185163294255,0.3498728192575613
2022-11-28 05:00:00+00:00,161.74,161.79,158.678,158.89,1856367.0,38124.0,159.72139,155.99766666666667,53.155922314704235,2.7591726490586552,2.727982660447135,0.031189988611520114
2022-11-29 05:00:00+00:00,159.0,162.15,159.0,161.26,1824563.0,37476.0,161.146097,156.44466666666668,56.37853657682998,2.6732177849365826,2.717029685345025,-0.043811900408442295
2022-11-30 05:00:00+00:00,160.6,165.37,159.52,165.35,2659516.0,41021.0,163.392616,156.95666666666665,61.32347334923274,2.9016780163516387,2.7539593515463476,0.14771866480529106
2022-12-01 05:00:00+00:00,165.63,167.18,164.245,165.19,1874439.0,36398.0,165.204104,157.46333333333334,61.03199958573508,3.0348399866471425,2.8101354785665067,0.2247045080806358
2022-12-02 05:00:00+00:00,163.0,165.763,162.5,165.63,1419335.0,29162.0,164.703108,158.067,61.57291276961745,3.139683809680406,2.8760451447892867,0.2636386648911193
2022-12-05 05:00:00+00:00,164.31,164.77,161.7,162.04,2180076.0,35051.0,162.702176,158.352,54.879384073689614,2.8996647672172458,2.880769069274879,0.018895697942366674
2022-12-06 05:00:00+00:00,161.94,162.75,158.88,160.47,1898244.0,38397.0,160.288762,158.53499999999997,52.20650132811895,2.5533288819003417,2.815281031799972,-0.26195214989963045
2022-12-07 05:00:00+00:00,159.69,160.305,157.1,157.28,2199274.0,43372.0,158.030271,158.5966666666667,47.17855086793864,1.99841240329701,2.6519073060993796,-0.6534949028023695
2022-12-08 05:00:00+00:00,158.66,161.65,158.02,160.66,1849604.0,34906.0,160.182621,158.78400000000002,52.40859797107203,1.8105044795674132,2.4836267407929866,-0.6731222612255734
2022-12-09 05:00:00+00:00,160.38,162.52,160.075,161.16,1264138.0,29207.0,161.465887,158.94766666666666,53.147632646227684,1.6825366820064005,2.3234087290356698,-0.6408720470292693
2022-12-12 05:00:00+00:00,161.01,163.21,159.46,163.17,1554547.0,31880.0,162.118603,159.065,56.0989885185439,1.72344468469214,2.2034159201669636,-0.47997123547482357
2022-12-13 05:00:00+00:00,168.66,169.05,162.225,163.12,2175323.0,40358.0,163.90213,159.16533333333334,56.00447989490645,1.7318661148910053,2.109105959111772,-0.3772398442207665
2022-12-14 05:00:00+00:00,161.25,163.37,157.43,159.33,2450003.0,50708.0,160.162266,159.14066666666665,49.23378119602909,1.416391553196263,1.9705630779286702,-0.5541715247324073
2022-12-15 05:00:00+00:00,156.25,157.05,153.21,155.41,2517749.0,49572.0,155.15711,159.22133333333332,43.39073563211917,0.8403771068177832,1.744525883706493,-0.9041487768887098
2022-12-16 05:00:00+00:00,154.07,154.8,152.44,153.79,4939606.0,46285.0,153.70138,159.465,41.21386292235373,0.2502760208310235,1.4456759111313993,-1.1953998903003757
2022-12-19 05:00:00+00:00,154.07,154.375,150.52,151.37,2019632.0,38320.0,151.78475,159.54533333333333,38.13595460916445,-0.40795447127632656,1.0749498346498543,-1.4829043059261808
2022-12-20 05:00:00+00:00,150.9,152.245,150.12,150.41,1675450.0,32849.0,150.669475,159.614,36.95686179502843,-0.9955942645653124,0.6608410148068209,-1.6564352793721333
2022-12-21 05:00:00+00:00,151.35,152.09,147.75,148.75,2284481.0,50670.0,148.862616,159.55566666666667,34.94490446237559,-1.5770716608507769,0.21325847967530137,-1.7903301405260783
2022-12-22 05:00:00+00:00,147.23,148.53,145.37,147.22,1837689.0,37021.0,146.776019,159.47733333333332,33.1533926190458,-2.1367240749108873,-0.2567380312419364,-1.8799860436689508
2022-12-23 05:00:00+00:00,146.32,148.9,146.32,148.58,1067627.0,24165.0,148.2564,159.16399999999996,36.28048319557491,-2.4423580280929116,-0.6938620306121315,-1.74849599748078
2022-12-27 05:00:00+00:00,149.02,149.38,147.94,148.35,1349955.0,26606.0,148.67784,158.64966666666666,35.97398826913873,-2.672329267445292,-1.0895554779787635,-1.5827737894665286
2022-12-28 05:00:00+00:00,148.53,149.37,145.58,145.6,1321584.0,30213.0,146.75594,158.18533333333335,32.44472639457341,-3.041425488961295,-1.47992948017527,-1.5614960087860248
2022-12-29 05:00:00+00:00,146.92,148.8,146.26,147.97,1431888.0,28980.0,147.999319,157.7253333333333,38.082516803105754,-3.1068834916993637,-1.805320282480089,-1.3015632092192748
2022-12-30 05:00:00+00:00,147.01,149.05,146.42,148.89,1538149.0,32515.0,148.163511,157.30166666666668,40.16985996361776,-3.049371858611522,-2.0541305977063757,-0.9952412609051464
2023-01-03 05:00:00+00:00,149.85,150.73,147.1,147.75,1685303.0,34479.0,148.251756,156.89433333333332,38.44055375429947,-3.0605023813078276,-2.255404954426666,-0.8050974268811615
2023-01-04 05:00:00+00:00,149.24,151.24,149.1,149.86,1729537.0,35700.0,149.842653,156.4993333333333,43.30546651229048,-2.8660262679638038,-2.377529217134094,-0.48849705082970996
2023-01-05 05:00:00+00:00,149.01,150.09,147.96,148.88,1540766.0,29808.0,148.977495,156.111,41.65876440801914,-2.759174312859926,-2.4538582362792605,-0.30531607658066573
2023-01-06 05:00:00+00:00,150.54,153.91,150.03,153.38,1588966.0,38558.0,152.893422,155.79233333333332,50.892747535377275,-2.285040452731721,-2.4200946795697527,0.1350542268380317
2023-01-09 05:00:00+00:00,151.76,155.38,151.65,153.28,1248130.0,31151.0,154.038919,155.51899999999998,50.70070403484529,-1.895504916132893,-2.315176726882381,0.4196718107494881
