timestamp,open,high,low,close,volume,trade_count,vwap,30sma,rsi,macd,signal,histogram
2022-01-03 05:00:00+00:00,87.52,88.5,86.92,88.0,3181034.0,33937.0,87.905577,,,,,
2022-01-04 05:00:00+00:00,88.4,88.97,85.245,87.47,3028775.0,48354.0,87.13727,,,,,
2022-01-05 05:00:00+00:00,87.23,87.933,84.43,84.52,4167617.0,47599.0,85.545853,,,,,
2022-01-06 05:00:00+00:00,84.77,86.0,84.39,85.3,3035157.0,37040.0,85.302902,,,,,
2022-01-07 05:00:00+00:00,85.25,85.79,81.86,81.93,4602142.0,44751.0,82.588411,,,,,
2022-01-10 05:00:00+00:00,80.79,83.12,80.22,82.93,3658699.0,54254.0,81.73134,,,,,
2022-01-11 05:00:00+00:00,82.49,84.73,81.81,84.61,3568692.0,40962.0,84.073777,,,,,
2022-01-12 05:00:00+00:00,85.19,86.46,84.49,85.23,3132079.0,40284.0,85.321399,,,,,
2022-01-13 05:00:00+00:00,86.04,86.8,83.41,83.69,3702985.0,44173.0,84.593585,,,,,
2022-01-14 05:00:00+00:00,82.82,84.38,82.765,84.29,3992585.0,42714.0,83.815107,,,,,
2022-01-18 05:00:00+00:00,82.21,82.38,79.1,79.33,5479573.0,60309.0,79.863243,,,,,
2022-01-19 05:00:00+00:00,79.97,80.425,76.6,76.66,4246245.0,54584.0,77.738566,,,,,
2022-01-20 05:00:00+00:00,77.395,78.0,73.89,73.97,5222620.0,56545.0,75.509261,,,,,
2022-01-21 05:00:00+00:00,73.35,76.1,73.03,73.33,5999031.0,64641.0,73.92537,,,,,
2022-01-24 05:00:00+00:00,71.88,75.02,69.57,74.85,6752270.0,73165.0,73.1035,,24.266144814090012,,,
2022-01-25 05:00:00+00:00,72.065,74.44,71.73,72.54,5086793.0,62240.0,72.823485,,22.1130895223463,,,
2022-01-26 05:00:00+00:00,74.97,77.37,72.75,74.39,5550816.0,70865.0,75.074911,,27.649643107095315,,,
2022-01-27 05:00:00+00:00,74.7,75.37,70.6,71.04,5482400.0,73452.0,71.774716,,24.28342172261152,,,
2022-01-28 05:00:00+00:00,70.94,72.32,68.77,72.22,4624922.0,59205.0,70.911653,,27.625823572924375,,,
2022-01-31 05:00:00+00:00,74.1,77.69,73.67,77.48,6275946.0,69594.0,76.429149,,40.28101025638842,,,
2022-02-01 05:00:00+00:00,77.44,78.44,75.66,78.29,3908178.0,51068.0,77.648816,,41.96394306663851,,,
2022-02-02 05:00:00+00:00,79.23,79.52,77.73,79.04,4644623.0,52390.0,78.670235,,43.55021466306204,,,
2022-02-03 05:00:00+00:00,77.16,77.3168,73.9,74.17,8343171.0,75119.0,74.950236,,36.56205757227063,,,
2022-02-04 05:00:00+00:00,72.105,74.29,70.44,73.18,7382593.0,88310.0,72.544639,,35.321264061697875,,,
2022-02-07 05:00:00+00:00,73.69,74.77,72.74,73.65,5327752.0,62944.0,73.790398,,36.424344239440785,,,
2022-02-08 05:00:00+00:00,73.58,75.73,73.24,75.44,4981475.0,57351.0,74.928809,,40.580702064658,-3.0653870744161367,,
2022-02-09 05:00:00+00:00,76.71,78.52,74.88,78.43,7184681.0,67455.0,77.406295,,46.83335312231226,-2.619469536340276,,
2022-02-10 05:00:00+00:00,76.09,78.62,74.45,74.93,6276140.0,64598.0,76.092281,,41.3483553460073,-2.5194547183453437,,
2022-02-11 05:00:00+00:00,74.94,75.64,70.785,71.33,5566011.0,62125.0,72.504964,,36.60021082143302,-2.6995632829550686,,
2022-02-14 05:00:00+00:00,71.88,73.42,70.245,71.19,3584924.0,48276.0,71.513977,78.11433333333333,36.42503430832774,-2.821077818954649,,
2022-02-15 05:00:00+00:00,72.85,75.23,72.81,74.98,3818287.0,43058.0,74.510881,77.68033333333332,44.209808193016165,-2.581796297940585,,
2022-02-16 05:00:00+00:00,74.5,75.84,73.79,75.5,3974231.0,42394.0,74.966843,77.28133333333334,45.20127715247703,-2.3234213592778303,,
2022-02-17 05:00:00+00:00,74.25,74.59,71.06,71.17,4725874.0,53200.0,71.979701,76.83633333333334,38.98799093511241,-2.4399262209035584,,
2022-02-18 05:00:00+00:00,71.32,72.58,70.45,71.78,3966431.0,49832.0,71.533269,76.38566666666667,40.23436615515309,-2.4547385629647067,-2.613870541344239,0.1591319783795324
2022-02-22 05:00:00+00:00,70.93,73.19,70.64,71.79,4787075.0,53092.0,71.748431,76.04766666666667,40.25591297879519,-2.4375717248306756,-2.5786107780415266,0.14103905321085097
2022-02-23 05:00:00+00:00,72.84,73.58,70.11,70.31,4527247.0,53160.0,71.061433,75.627,38.068437574112686,-2.514406005781737,-2.565769823589569,0.051363817807831946
2022-02-24 05:00:00+00:00,67.5,71.44,66.57,71.285,10786238.0,120596.0,69.252378,75.18283333333332,40.36736408436035,-2.468171826973787,-2.546250224266413,0.078078397292626
2022-02-25 05:00:00+00:00,71.11,72.26,70.06,72.15,7006758.0,80922.0,71.693435,74.74683333333334,42.409842579190126,-2.3348183042385244,-2.5039638402608353,0.16914553602231086
2022-02-28 05:00:00+00:00,71.2,71.73,68.94,70.33,7020175.0,83605.0,70.213146,74.3015,39.35549257563216,-2.348916617716725,-2.4729543957520135,0.12403777803528859
2022-03-01 05:00:00+00:00,70.13,70.62,67.3,67.9,6874568.0,68444.0,68.235454,73.75516666666667,35.662461003348625,-2.5270401782171064,-2.4837715522450323,-0.04326862597207404
2022-03-02 05:00:00+00:00,68.44,70.71,68.26,69.74,6956485.0,74598.0,69.79157,73.4355,40.23562018021753,-2.491016868885879,-2.4852206155732017,-0.005796253312677191
2022-03-03 05:00:00+00:00,70.49,70.57,68.42,69.04,4076046.0,53789.0,69.166818,73.1815,39.09704755851912,-2.4902462775991694,-2.4862257479783954,-0.004020529620774038
2022-03-04 05:00:00+00:00,68.13,68.81,66.79,67.76,4207287.0,57271.0,67.633804,72.9745,37.03337881088564,-2.5633719251369627,-2.501654983410109,-0.06171694172685349
2022-03-07 05:00:00+00:00,67.88,68.6,65.08,65.14,6387278.0,67369.0,66.153478,72.7015,33.17358235968484,-2.8004547324655817,-2.561414933221204,-0.2390397992443778
2022-03-08 05:00:00+00:00,65.33,70.52,64.26,68.53,7598393.0,98078.0,68.190195,72.49083333333333,41.64800064514241,-2.6838620062134453,-2.5859043478196524,-0.09795765839379289
2022-03-09 05:00:00+00:00,70.9,71.84,69.96,70.88,6358311.0,72552.0,70.860003,72.4355,46.69446138815682,-2.3744647191929857,-2.543616422094319,0.1691517029013334
2022-03-10 05:00:00+00:00,69.29,70.29,68.5,69.85,3473932.0,46816.0,69.505262,72.28416666666666,44.86309825771429,-2.187165252505224,-2.4723261881765,0.2851609356712759
2022-03-11 05:00:00+00:00,70.96,71.61,68.9,69.04,3402176.0,44861.0,69.751345,72.2175,43.420850412146635,-2.0801110805703047,-2.393883166655261,0.3137720860849562
2022-03-14 04:00:00+00:00,68.74,69.69,67.19,68.13,5512979.0,60197.0,68.244385,72.08116666666666,41.79523263539141,-2.045124352352701,-2.324131403794749,0.27900705144204796
2022-03-15 04:00:00+00:00,68.86,71.83,68.78,71.62,5653788.0,64383.0,70.95954,71.88583333333332,49.59003687287758,-1.7160022792209162,-2.2025055788799826,0.48650329965906636
2022-03-16 04:00:00+00:00,72.48,74.83,71.53,74.75,6029931.0,70079.0,73.958582,71.76783333333333,55.36354692085092,-1.1889009138986353,-1.9997846458837132,0.8108837319850779
2022-03-17 04:00:00+00:00,73.91,75.48,73.81,75.46,3097272.0,48667.0,74.967005,71.6485,56.578411712727885,-0.705742853729916,-1.7409762874529537,1.0352334337230378
2022-03-18 04:00:00+00:00,74.92,77.48,74.13,77.29,8071415.0,52115.0,76.763417,71.7525,59.6283574482142,-0.17317465440991953,-1.427415960844347,1.2542413064344275
2022-03-21 04:00:00+00:00,76.88,77.56,75.234,76.57,5049035.0,57078.0,76.307786,71.86550000000001,57.90502621184149,0.18861723570586264,-1.1042093215343052,1.2928265572401678
2022-03-22 04:00:00+00:00,76.48,77.69,76.15,76.39,3726126.0,51544.0,76.665375,71.95683333333334,57.45794063251306,0.4555639617429392,-0.7922546648788563,1.2478186266217954
2022-03-23 04:00:00+00:00,75.92,76.24,73.62,73.77,8018093.0,64102.0,74.593965,71.90116666666667,51.25466258425705,0.45051579596865565,-0.543700572709354,0.9942163686780097
2022-03-24 04:00:00+00:00,74.46,77.79,74.15,77.68,5274551.0,60807.0,76.859752,71.87616666666666,58.462029256414546,0.753335429097433,-0.2842933723479966,1.0376288014454296
2022-03-25 04:00:00+00:00,77.45,77.64,76.02,77.16,3217279.0,44077.0,76.947851,71.9505,57.24967967480964,0.9405207777983406,-0.03933054231872918,0.9798513201170698
2022-03-28 04:00:00+00:00,74.85,77.6,74.85,77.45,7458529.0,98152.0,76.464685,72.1545,57.775572311971175,1.0995916831589057,0.1884539027767978,0.9111377803821079
2022-03-29 04:00:00+00:00,78.84,80.1,78.2,79.78,4481394.0,55679.0,79.36393,72.44083333333334,61.83754187206916,1.397557871881176,0.4302746965976735,0.9672831752835026
2022-03-30 04:00:00+00:00,78.93,79.25,76.04,76.39,4322201.0,51819.0,76.996443,72.48783333333334,53.73763699739821,1.3446532291777658,0.613150403113692,0.7315028260640738
2022-03-31 04:00:00+00:00,76.78,77.35,75.02,75.14,4791653.0,52586.0,75.770834,72.47583333333334,51.08070998449266,1.1881649395477183,0.7281533104004972,0.46001162914722105
2022-04-01 04:00:00+00:00,75.67,75.99,73.19,73.97,4349173.0,54323.0,73.976885,72.56916666666667,48.655796877979704,0.9586864797002477,0.7742599442604473,0.18442653543980037
2022-04-04 04:00:00+00:00,74.32,75.46,73.52,74.38,3441213.0,46037.0,74.358866,72.65583333333332,49.559449988282545,0.8006770142391417,0.7795433582561863,0.021133655982955468
2022-04-05 04:00:00+00:00,73.58,74.13,69.97,70.09,5965215.0,70983.0,70.540033,72.59916666666666,41.35741158038625,0.32553367788938203,0.6887414221828254,-0.3632077442934434
2022-04-06 04:00:00+00:00,68.95,70.15,68.17,68.28,7233996.0,88902.0,68.803798,72.53150000000001,38.46495706190371,-0.19482686971100804,0.5120277638040588,-0.7068546335150668
2022-04-07 04:00:00+00:00,68.25,69.21,66.59,68.19,4606590.0,62052.0,67.900184,72.42833333333334,38.32143996969823,-0.6074759953841209,0.2881270119664229,-0.8956030073505438
2022-04-08 04:00:00+00:00,67.61,67.87,66.12,66.32,3421180.0,54979.0,66.735643,72.234,35.368599286934554,-1.0730275782290448,0.015896093927329324,-1.0889236721563742
2022-04-11 04:00:00+00:00,65.4755,66.67,65.19,65.83,3452982.0,51189.0,66.031671,72.084,34.61591445927665,-1.4646360539254601,-0.28021033564322856,-1.1844257182822315
2022-04-12 04:00:00+00:00,67.05,67.72,65.1,65.47,3264166.0,51447.0,66.094442,72.003,34.04270874087713,-1.7834787507938756,-0.580864018673358,-1.2026147321205176
2022-04-13 04:00:00+00:00,65.79,66.97,65.26,66.76,3743538.0,45378.0,66.603623,71.90366666666665,38.00428715196308,-1.910053755453788,-0.846701966029444,-1.063351789424344
2022-04-14 04:00:00+00:00,67.04,67.085,65.13,65.22,4114969.0,48813.0,65.657456,71.77633333333333,35.28001844358906,-2.110304214883044,-1.0994224158001642,-1.0108817990828798
2022-04-18 04:00:00+00:00,65.0,68.21,65.0,67.24,6747106.0,58568.0,67.115742,71.759,41.23090518452193,-2.082006948454307,-1.2959393223309927,-0.7860676261233142
2022-04-19 04:00:00+00:00,67.5,69.18,67.0,68.9,3962952.0,43349.0,68.68262,71.88433333333333,45.65330346476287,-1.903688498136006,-1.4174891574919954,-0.4861993406440106
2022-04-20 04:00:00+00:00,69.69,70.87,68.87,69.15,3726393.0,47272.0,69.42811,71.905,46.30858853896844,-1.7223428348024612,-1.4784598929540886,-0.24388294184837256
2022-04-21 04:00:00+00:00,70.04,70.885,67.23,67.62,3875030.0,50154.0,68.200915,71.79633333333332,42.89944778337815,-1.6826863426203147,-1.5193051828873338,-0.16338115973298084
2022-04-22 04:00:00+00:00,67.51,67.85,65.95,66.07,4731589.0,57406.0,66.459486,71.67033333333333,39.71004942183749,-1.7560872522483066,-1.5666615967595283,-0.18942565548877832
2022-04-25 04:00:00+00:00,65.74,68.21,65.54,68.1,4874195.0,61069.0,67.463811,71.639,45.432000264859184,-1.6316453751505975,-1.5796583524377423,-0.05198702271285516
2022-04-26 04:00:00+00:00,67.12,67.3457,65.14,65.17,5053651.0,51688.0,65.491777,71.54033333333334,39.59141364356072,-1.749286122437013,-1.6135839064375967,-0.13570221599941634
2022-04-27 04:00:00+00:00,63.53,66.36,63.34,64.39,4612807.0,70697.0,64.835177,71.29933333333334,38.18410644596306,-1.8837421367219633,-1.66761555249447,-0.2161265842274933
2022-04-28 04:00:00+00:00,65.79,68.97,64.75,68.18,4829220.0,55781.0,67.616754,71.08033333333333,47.87875315103076,-1.665281838663475,-1.6671488097282712,0.0018669710647962745
2022-04-29 04:00:00+00:00,67.4,68.48,64.95,65.2,4804745.0,46601.0,65.733734,70.73833333333333,42.265899836172295,-1.7128667123935628,-1.6762923902613296,-0.03657432213223322
2022-05-02 04:00:00+00:00,65.64,67.91,64.974,67.86,5538381.0,67719.0,66.783045,70.424,48.11310822589435,-1.518434727852835,-1.6447208577796308,0.1262861299267959
2022-05-03 04:00:00+00:00,67.5,68.635,66.58,68.19,3993563.0,55822.0,67.841297,70.14466666666665,48.80582185532716,-1.3224730906445359,-1.580271304352612,0.2577982137080761
2022-05-04 04:00:00+00:00,68.3,70.81,66.39,70.7,5218568.0,58936.0,69.218231,69.955,53.85232310681619,-0.9536430547617556,-1.4549456544344408,0.5013025996726852
2022-05-05 04:00:00+00:00,69.3,70.07,67.115,68.1,7360128.0,79286.0,68.317734,69.766,48.51714019292037,-0.861213333716691,-1.3361991902908907,0.4749858565741998
2022-05-06 04:00:00+00:00,67.46,68.65,66.3,67.56,4111624.0,55555.0,67.539744,69.42866666666667,47.46535583678893,-0.822059411715955,-1.2333712345759036,0.4113118228599486
2022-05-09 04:00:00+00:00,66.22,67.31,64.1,64.31,6499800.0,77747.0,65.012708,69.00033333333334,41.61767557753307,-1.0412743228354202,-1.1949518522278069,0.15367752939238666
2022-05-10 04:00:00+00:00,68.63,69.41,65.74,68.25,8539156.0,96797.0,67.886534,68.69366666666666,49.70699535391652,-0.8868555287229185,-1.1333325875268292,0.2464770588039107
2022-05-11 04:00:00+00:00,67.33,67.94,64.45,64.56,6400537.0,68932.0,65.376473,68.18633333333334,43.61226997793683,-1.0501245016692735,-1.116690970355318,0.06656646868604454
2022-05-12 04:00:00+00:00,64.14,65.54,63.52,65.43,6024835.0,71402.0,64.860953,67.821,45.31475903562941,-1.0966728479757393,-1.1126873458794022,0.01601449790366294
2022-05-13 04:00:00+00:00,66.59,67.73,65.91,67.1,4486486.0,70197.0,67.038465,67.553,48.52736889545094,-0.9874252805751098,-1.0876349328185437,0.10020965224343392
2022-05-16 04:00:00+00:00,66.38,66.95,65.62,65.94,4266834.0,55204.0,66.284537,67.28533333333334,46.484582332953494,-0.983115359898548,-1.0667310182345446,0.0836156583359966
2022-05-17 04:00:00+00:00,67.42,69.3,67.19,69.2,4967038.0,61496.0,68.750721,67.11266666666667,52.532142175696656,-0.7084780675177598,-0.9950804280911877,0.2866023605734279
2022-05-18 04:00:00+00:00,68.4,69.005,65.72,66.14,6081570.0,56043.0,66.493946,66.98100000000001,47.14648077456484,-0.7293351396693737,-0.941931370406825,0.21259623073745126
2022-05-19 04:00:00+00:00,65.69,67.9,65.22,66.01,4038508.0,55422.0,66.509994,66.90533333333333,46.9263719157441,-0.7477350094215609,-0.9030920982097721,0.1553570887882112
2022-05-20 04:00:00+00:00,67.44,67.49,64.06,66.67,4510316.0,75818.0,65.629858,66.85466666666667,48.247381108726266,-0.7009800924533636,-0.8626696970584905,0.16168960460512694
2022-05-23 04:00:00+00:00,66.655,68.24,65.69,67.0,5591220.0,67067.0,66.687985,66.87733333333334,48.93181603783556,-0.630035583803604,-0.8161428744075133,0.1861072906039093
2022-05-24 04:00:00+00:00,66.04,67.57,65.82,67.1,5420546.0,67544.0,66.828534,66.91966666666666,49.151273653283255,-0.5592951786358071,-0.764773335253172,0.2054781566173649
2022-05-25 04:00:00+00:00,66.35,68.72,66.3,68.06,4501670.0,63970.0,67.822016,67.006,51.314279816592204,-0.42091685346289864,-0.6960020388951175,0.2750851854322188
2022-05-26 04:00:00+00:00,67.975,70.49,67.62,70.06,4724484.0,58285.0,69.861861,67.116,55.55593087400071,-0.14815985392898767,-0.5864336019018915,0.43827374797290386
2022-05-27 04:00:00+00:00,70.77,72.82,70.64,72.79,5113158.0,65615.0,72.32901,67.36833333333333,60.6017080530023,0.2850048591409262,-0.412145909693328,0.6971507688342542
2022-05-31 04:00:00+00:00,72.47,73.3,70.79,72.65,7117079.0,65707.0,72.484724,67.54866666666666,60.22410570557316,0.6099629122966661,-0.2077241452953292,0.8176870575919953
2022-06-01 04:00:00+00:00,72.87,73.18,70.12,71.16,3985704.0,59069.0,71.38573,67.624,56.20984888063742,0.7387481344295423,-0.018429689350354883,0.7571778237798972
2022-06-02 04:00:00+00:00,70.38,73.36,70.38,73.32,3864313.0,57074.0,72.627063,67.76299999999999,60.337190655295466,1.003537147389153,0.1859636779975467,0.8175734693916064
2022-06-03 04:00:00+00:00,72.08,72.2,71.0,71.24,3391758.0,42914.0,71.411888,67.88366666666667,54.96474001008166,1.033630680079554,0.3554970784139482,0.6781336016656059
2022-06-06 04:00:00+00:00,72.43,72.65,69.825,70.23,3814982.0,61451.0,70.734311,68.02233333333334,52.51934311229808,0.96485916660248,0.4773694960516546,0.48748967055082537
2022-06-07 04:00:00+00:00,69.77,70.9,69.02,70.68,3051199.0,42670.0,70.250009,68.10833333333333,53.51173753899356,0.9358802410394986,0.5690716450492235,0.36680859599027515
2022-06-08 04:00:00+00:00,70.33,70.37,68.34,68.91,4448130.0,49496.0,69.18276,68.233,49.15942726611996,0.7613140715409941,0.6075201303475777,0.15379394119341638
2022-06-09 04:00:00+00:00,68.18,69.35,66.55,66.63,4885806.0,66288.0,67.711673,68.30766666666666,44.17522323266849,0.4339894194092153,0.5728139881599053,-0.13882456875068994
2022-06-10 04:00:00+00:00,65.28,65.81,63.67,64.15,5782820.0,65873.0,64.395651,68.17333333333333,39.485683931624436,-0.025242025074760477,0.45320278551297216,-0.47844481058773264
2022-06-13 04:00:00+00:00,62.13,62.97,59.84,59.98,7316927.0,78214.0,60.531184,67.99933333333334,33.11919170003617,-0.7174006550827272,0.21908209739383233,-0.9364827524765595
2022-06-14 04:00:00+00:00,60.71,61.49,60.0,60.95,5203108.0,71279.0,60.833816,67.76899999999999,35.715677676413534,-1.1741357565980053,-0.059561473404535215,-1.1145742831934702
2022-06-15 04:00:00+00:00,61.58,62.73,60.34,61.55,4620669.0,63473.0,61.648419,67.54766666666667,37.336237744853534,-1.4707329357726735,-0.3417957658781629,-1.1289371698945105
2022-06-16 04:00:00+00:00,59.84,59.84,56.615,57.13,8195063.0,90338.0,57.290534,67.09533333333333,31.113701360753467,-2.0389417463993027,-0.6812249619823909,-1.3577167844169118
2022-06-17 04:00:00+00:00,57.7,58.14,56.24,57.6,9709427.0,82366.0,57.585697,66.74533333333333,32.40378988056648,-2.423390908612191,-1.0296581513083511,-1.39373275730384
2022-06-21 04:00:00+00:00,59.29,59.88,58.73,59.35,5082168.0,60457.0,59.314594,66.47166666666666,37.12536609074217,-2.5573793871708546,-1.3352023984808519,-1.2221769886900027
2022-06-22 04:00:00+00:00,58.29,59.605,57.89,58.96,4534763.0,57235.0,58.944386,66.29333333333334,36.513260267424506,-2.66432330185733,-1.6010265791561475,-1.0632967227011823
2022-06-23 04:00:00+00:00,59.56,59.56,57.304,57.91,3389949.0,56731.0,57.967235,65.94866666666665,34.84741115692616,-2.8015092942543305,-1.8411231221757842,-0.9603861720785463
2022-06-24 04:00:00+00:00,59.07,61.08,58.72,60.58,5695879.0,54143.0,60.300935,65.816,42.08335355557365,-2.664073712294673,-2.005713240199562,-0.6583604720951111
2022-06-27 04:00:00+00:00,61.35,61.41,60.09,60.67,3142124.0,41652.0,60.72955,65.65733333333333,42.315913745225735,-2.518856960476775,-2.108341984255005,-0.41051497622177013
2022-06-28 04:00:00+00:00,62.18,62.92,59.39,59.45,9569135.0,67844.0,60.013137,65.40233333333333,39.97277365337264,-2.4737001667678626,-2.1814136207575765,-0.29228654601028614
2022-06-29 04:00:00+00:00,58.84,59.06,57.31,58.05,3938476.0,53193.0,57.973571,65.13933333333333,37.41262269385731,-2.521811508827618,-2.2494931983715847,-0.27231831045603316
2022-06-30 04:00:00+00:00,57.2,59.08,56.55,58.08,5312530.0,58064.0,58.125059,64.76866666666668,37.504991328685264,-2.5283738251556045,-2.305269323728389,-0.2231045014272155
2022-07-01 04:00:00+00:00,57.2,57.99,55.29,56.16,4656187.0,54431.0,56.115464,64.43599999999999,34.04224539963056,-2.6578642573196234,-2.375788310446636,-0.2820759468729874
2022-07-05 04:00:00+00:00,54.96,56.16,54.33,56.14,4536174.0,64173.0,55.508599,64.107,34.00702343075669,-2.730623265341933,-2.4467553014256955,-0.28386796391623736
2022-07-06 04:00:00+00:00,56.24,56.86,55.37,56.15,4865204.0,55969.0,56.217474,63.75633333333334,34.043769081968605,-2.755712251509358,-2.508546691442428,-0.24716556006693002
2022-07-07 04:00:00+00:00,57.61,58.99,57.395,58.75,4190266.0,54238.0,58.466775,63.48133333333333,42.939857918251285,-2.536557328973757,-2.514148818948694,-0.022408510025063055
2022-07-08 04:00:00+00:00,58.03,59.62,57.5,59.45,4484000.0,52253.0,58.998913,63.22633333333333,45.08731901226865,-2.280107662269536,-2.4673405876128625,0.18723292534332625
2022-07-11 04:00:00+00:00,58.56,59.38,58.1,58.87,4279086.0,42171.0,58.861176,62.92,43.62239010231092,-2.099469232090783,-2.393766316508447,0.2942970844176638
2022-07-12 04:00:00+00:00,59.27,60.34,58.91,59.2,3726164.0,44995.0,59.546673,62.558,44.72286040986815,-1.9076930348613814,-2.2965516601790337,0.38885862531765225
2022-07-13 04:00:00+00:00,58.19,59.71,57.85,59.34,2944122.0,45534.0,59.195523,62.10966666666666,45.21146789191363,-1.7245328457516038,-2.1821478972935475,0.4576150515419437
2022-07-14 04:00:00+00:00,59.12,61.12,58.25,60.93,3376242.0,45097.0,60.201399,61.719,50.55680223199835,-1.4345408702866678,-2.0326264918921715,0.5980856216055037
2022-07-15 04:00:00+00:00,61.3,62.455,60.59,62.38,3924815.0,42450.0,61.973281,61.42633333333333,54.88004322976298,-1.0753216203322395,-1.841165517580185,0.7658438972479455
2022-07-18 04:00:00+00:00,62.938,63.6,61.36,61.75,3554758.0,42091.0,62.218924,61.04066666666667,52.72299336588225,-0.8318840698513341,-1.639309228034415,0.8074251581830809
2022-07-19 04:00:00+00:00,62.73,64.91,62.7101,64.52,4696030.0,49396.0,64.314475,60.81666666666667,60.14112707424452,-0.410707822952034,-1.393588947017939,0.982881124065905
2022-07-20 04:00:00+00:00,64.0,65.97,63.23,65.55,3609653.0,45187.0,65.32069,60.66066666666667,62.497515419336146,0.006119240264823134,-1.1136473095613866,1.1197665498262097
2022-07-21 04:00:00+00:00,65.94,66.23,64.57,66.2,3163636.0,43415.0,65.710977,60.51133333333333,63.946071329317505,0.38447526711261304,-0.8140227942265867,1.1984980613391998
2022-07-22 04:00:00+00:00,66.35,66.43,64.31,64.72,4063472.0,46092.0,64.847983,60.37166666666666,58.41356434771087,0.5584638890917901,-0.5395254575629114,1.0979893466547015
2022-07-25 04:00:00+00:00,64.68,64.955,63.585,64.6,2750627.0,35508.0,64.345101,60.304,57.97558117245022,0.6788428505957995,-0.29585179593116917,0.9746946465269687
2022-07-26 04:00:00+00:00,64.41,64.74,63.39,63.49,3028463.0,40050.0,63.720943,60.282000000000004,53.94626352342757,0.6768737423656574,-0.10130668827180386,0.7781804306374613
2022-07-27 04:00:00+00:00,64.84,67.23,64.48,66.67,5927200.0,59453.0,66.192544,60.504999999999995,62.077740328215555,0.9212925465458568,0.10321315869172827,0.8180793878541285
2022-07-28 04:00:00+00:00,66.75,67.61,65.515,67.37,2929251.0,41320.0,66.983073,60.71900000000001,63.60125475819305,1.1581301561281094,0.3141965581790045,0.8439335979491049
2022-07-29 04:00:00+00:00,67.1,69.28,66.45,68.86,3875882.0,47221.0,68.562795,60.962666666666664,66.6706454990497,1.4493490222551912,0.5412270509942418,0.9081219712609494
2022-08-01 04:00:00+00:00,68.1,69.61,67.5,69.16,3277311.0,45153.0,69.000667,61.36366666666667,67.26911657119125,1.6849267775142494,0.7699669962982434,0.914959781216006
2022-08-02 04:00:00+00:00,68.79,70.33,68.49,69.27,4438569.0,59373.0,69.459794,61.75266666666666,67.4995585702203,1.859069727902238,0.9877875426190423,0.8712821852831956
2022-08-03 04:00:00+00:00,72.25,73.57,70.52,73.22,6170643.0,77166.0,72.62516,62.215,74.45467535560279,2.2894202476888097,1.2481140836329958,1.0413061640558139
2022-08-04 04:00:00+00:00,73.43,73.68,72.03,72.76,3399192.0,50439.0,72.726028,62.675,72.5086416600213,2.5638040424197186,1.5112520753903405,1.0525519670293781
2022-08-05 04:00:00+00:00,71.57,72.54,70.39,71.46,4005648.0,63331.0,71.288379,63.12666666666667,67.16574901764042,2.645856257181322,1.7381729117485367,0.9076833454327851
2022-08-08 04:00:00+00:00,71.16,71.81,69.68,70.9,3131227.0,42108.0,70.705874,63.470666666666666,64.94568084627035,2.6353176076961944,1.9176018509380683,0.717715756758126
2022-08-09 04:00:00+00:00,69.89,70.1,67.1,68.0,5176896.0,65173.0,68.054059,63.715,54.8371512318666,2.365689690205599,2.007219418791575,0.3584702714140242
2022-08-10 04:00:00+00:00,69.79,70.865,68.71,70.69,4192715.0,45965.0,70.425694,64.08966666666667,60.914235883347246,2.3420702142205982,2.0741895778773793,0.2678806363432189
2022-08-11 04:00:00+00:00,71.12,72.35,70.77,71.37,3732050.0,51587.0,71.400582,64.53366666666668,62.29541326795436,2.3511196821614533,2.129575598734194,0.22154408342725906
2022-08-12 04:00:00+00:00,71.94,73.99,71.67,73.71,4405593.0,48117.0,73.50631,65.05466666666666,66.66128823812684,2.5180830011218234,2.2072770792117202,0.31080592191010314
2022-08-15 04:00:00+00:00,73.37,74.63,73.17,74.28,4328840.0,48784.0,73.976535,65.65866666666666,67.64410863168774,2.6656687011492295,2.298955403599222,0.3667132975500076
2022-08-16 04:00:00+00:00,74.12,74.79,73.36,74.09,4169423.0,53569.0,74.152899,66.257,66.93576013979057,2.735763837055046,2.3863170902903867,0.34944674676465937
2022-08-17 04:00:00+00:00,73.05,73.06,69.835,71.69,6446331.0,77914.0,71.333059,66.775,58.589715410267765,2.5680518912598274,2.422664050484275,0.14538784077555222
2022-08-18 04:00:00+00:00,71.83,73.38,71.15,72.69,4246091.0,56696.0,72.691444,67.23966666666666,60.78383871322939,2.487160174283389,2.435563275244098,0.05159689903929099
2022-08-19 04:00:00+00:00,71.56,72.14,70.51,70.84,4797248.0,55527.0,71.022305,67.61933333333334,54.98001659644106,2.2478614196803903,2.3980229041313565,-0.15016148445096622
2022-08-22 04:00:00+00:00,69.37,69.76,67.825,68.09,4842318.0,54048.0,68.38067,67.92666666666666,47.69043062825828,1.8153867667044778,2.281495676645981,-0.4661089099415032
2022-08-23 04:00:00+00:00,68.21,69.92,68.11,69.12,6817782.0,64897.0,69.352035,68.25733333333334,50.345905964520654,1.5380304230144617,2.1328026259196773,-0.5947722029052156
2022-08-24 04:00:00+00:00,68.73,69.03,67.76,68.52,4729916.0,47207.0,68.404286,68.56333333333333,48.79205644056074,1.2553377842486242,1.957309657585467,-0.7019718733368427
2022-08-25 04:00:00+00:00,68.86,70.7,68.735,70.58,3631633.0,44096.0,70.169058,68.88499999999999,54.037140924201815,1.1838795882440536,1.8026236437171843,-0.6187440554731307
2022-08-26 04:00:00+00:00,70.31,70.63,65.92,65.96,5610696.0,62753.0,66.778653,69.00433333333334,43.32031459701448,0.7458553083174593,1.5912699766372393,-0.8454146683197801
2022-08-29 04:00:00+00:00,65.49,66.06,64.59,64.71,3834208.0,57367.0,65.149585,69.10300000000001,40.95374040573289,0.29445901711210354,1.3319077847322123,-1.0374487676201087
2022-08-30 04:00:00+00:00,65.49,65.66,63.54,65.09,5724464.0,79493.0,64.731533,69.122,41.99122224690147,-0.03224131379934647,1.0590779650259006,-1.091319278825247
2022-08-31 04:00:00+00:00,65.21,65.97,64.13,65.25,6790232.0,67566.0,65.107217,69.112,42.4497403314303,-0.2750721563789966,0.7922479407449212,-1.0673200971239178
2022-09-01 04:00:00+00:00,63.76,65.01,62.86,64.93,5225213.0,69185.0,64.086458,69.06966666666668,41.73914720048234,-0.4877165811194004,0.5362550363720568,-1.0239716174914573
2022-09-02 04:00:00+00:00,65.77,66.74,64.135,64.5,4489094.0,64461.0,65.116814,69.06233333333333,40.75196418744676,-0.6830623089801833,0.29239156730160887,-0.9754538762817921
2022-09-06 04:00:00+00:00,64.535,65.105,63.17,63.75,3776808.0,52469.0,63.930131,69.034,39.018548575613025,-0.8881558301362986,0.05628208781402738,-0.944437917950326
2022-09-07 04:00:00+00:00,64.11,65.55,63.79,65.03,3701049.0,50599.0,64.876942,69.08533333333334,43.440303023596385,-0.9366119412399598,-0.14229671799677007,-0.7943152232431898
2022-09-08 04:00:00+00:00,64.465,66.02,63.95,65.74,4172473.0,58123.0,65.317367,69.05433333333333,45.78843173046633,-0.9072643138568992,-0.2952902371687959,-0.6119740766881033
2022-09-09 04:00:00+00:00,66.46,67.63,66.35,66.96,3565932.0,49480.0,66.977112,69.04066666666667,49.656088652262696,-0.776610026717961,-0.3915541950786289,-0.3850558316393321
2022-09-12 04:00:00+00:00,67.34,67.91,66.77,67.42,3506832.0,47074.0,67.350288,68.99266666666668,51.07345845126163,-0.6287001433274213,-0.4389833847283874,-0.18971675859903392
2022-09-13 04:00:00+00:00,64.72,65.32,62.94,63.16,6522167.0,66168.0,63.595472,68.79266666666666,39.876708589175664,-0.8454807173852288,-0.5202828512597557,-0.3251978661254731
2022-09-14 04:00:00+00:00,63.72,66.09,63.15,65.69,7271495.0,108203.0,65.071492,68.67333333333333,47.27018306461,-0.8038645777737088,-0.5769991965625463,-0.2268653812111625
2022-09-15 04:00:00+00:00,65.32,66.61,63.96,64.6,4388621.0,59874.0,65.018735,68.386,44.718739071231774,-0.8490500572487463,-0.6314093686997864,-0.2176406885489599
2022-09-16 04:00:00+00:00,64.01,65.76,63.26,65.7,6226471.0,52946.0,65.140358,68.15066666666667,47.78190584764844,-0.7870267143046874,-0.6625328378207667,-0.12449387648392074
2022-09-19 04:00:00+00:00,64.92,66.93,64.815,66.89,4066303.0,58658.0,66.541747,67.99833333333332,50.9484421203919,-0.6345351867638698,-0.6569333076093873,0.02239812084551751
2022-09-20 04:00:00+00:00,66.21,66.79,65.09,65.37,5180646.0,59385.0,65.616141,67.81400000000001,47.025781114542056,-0.6290841587844227,-0.6513634778443944,0.022279319059971714
2022-09-21 04:00:00+00:00,65.56,67.61,64.68,64.73,3946857.0,49314.0,65.859319,67.705,45.43941413269135,-0.6686984911790574,-0.654830480511327,-0.013868010667730468
2022-09-22 04:00:00+00:00,64.65,64.7,62.89,63.31,4300077.0,48355.0,63.372951,67.459,42.049985108529334,-0.8053912189391923,-0.6849426281969,-0.1204485907422923
2022-09-23 04:00:00+00:00,62.69,62.895,60.75,62.18,4725591.0,60858.0,61.688923,67.15266666666668,39.52346031872705,-0.9934508635496684,-0.7466442752674537,-0.2468065882822147
2022-09-26 04:00:00+00:00,62.19,63.27,61.27,61.46,4642689.0,64439.0,61.900813,66.74433333333334,37.95849250417442,-1.1869055610245596,-0.8346965324188749,-0.3522090286056847
2022-09-27 04:00:00+00:00,62.49,63.04,61.28,62.51,3425079.0,47082.0,62.253213,66.352,41.590725880319575,-1.2411859586356542,-0.9159944176622308,-0.3251915409734234
2022-09-28 04:00:00+00:00,62.24,64.24,61.95,63.9,4100197.0,51258.0,63.556684,66.01233333333333,46.09027219589992,-1.158685575469022,-0.9645326492235891,-0.1941529262454329
2022-09-29 04:00:00+00:00,63.08,63.09,60.765,61.99,5469467.0,60829.0,61.723505,65.689,41.37381657290538,-1.2332088014727276,-1.0182678796734168,-0.2149409217993108
2022-09-30 04:00:00+00:00,61.39,63.0,60.96,61.03,4279433.0,51936.0,61.573181,65.30033333333333,39.20240693452182,-1.3541234793790622,-1.085438999614546,-0.26868447976451626
2022-10-03 04:00:00+00:00,62.21,64.31,61.44,63.66,5630522.0,50114.0,63.584217,65.06099999999999,47.35413431014376,-1.223625024982276,-1.113076204688092,-0.110548820294184
2022-10-04 04:00:00+00:00,65.875,66.77,65.17,66.7,4514318.0,51231.0,66.503305,65.01466666666667,54.884135766078266,-0.8649310789451121,-1.0634471795394962,0.19851610059438407
2022-10-05 04:00:00+00:00,65.67,67.92,65.15,67.39,3603148.0,44672.0,66.956651,64.957,56.408174604204284,-0.5190035590704554,-0.9545584554456881,0.4355548963752327
2022-10-06 04:00:00+00:00,67.18,68.39,66.89,67.12,3174600.0,42991.0,67.332829,64.91033333333333,55.61645856815957,-0.26360161547555094,-0.8163670874516608,0.5527654719761098
2022-10-07 04:00:00+00:00,65.1,65.52,63.48,63.82,6359453.0,64512.0,64.015156,64.685,46.943998093081646,-0.32374423385020634,-0.7178425167313699,0.39409828288116355
2022-10-10 04:00:00+00:00,63.87,64.01,60.84,61.23,5129642.0,62071.0,61.534684,64.52733333333333,41.47735679375894,-0.5737848125329208,-0.6890309758916802,0.11524616335875937
2022-10-11 04:00:00+00:00,60.0,61.15,58.65,59.55,6885603.0,70051.0,59.527408,64.35533333333333,38.35716556501722,-0.8971637865716957,-0.7306575380276833,-0.16650624854401241
2022-10-12 04:00:00+00:00,58.96,59.53,57.76,57.84,4845774.0,52035.0,58.255231,64.11366666666667,35.43519101265622,-1.2767095492907146,-0.8398679402802895,-0.436841609010425
2022-10-13 04:00:00+00:00,55.87,60.4,54.77,59.44,7895086.0,95821.0,58.323973,63.919999999999995,40.03791767038784,-1.4318897388934673,-0.9582723000029252,-0.4736174388905421
2022-10-14 04:00:00+00:00,60.1,60.34,57.195,57.31,4598981.0,52422.0,57.680415,63.666000000000004,36.32535739233688,-1.707066357654675,-1.1080311115332753,-0.5990352461213997
2022-10-17 04:00:00+00:00,59.92,60.3599,58.2,58.94,4196522.0,47869.0,58.952226,63.480666666666664,40.845793631934015,-1.77317833693877,-1.2410605566143742,-0.5321177803243957
2022-10-18 04:00:00+00:00,60.86,61.49,58.17,59.27,3179736.0,50120.0,59.292796,63.331333333333326,41.74744741935434,-1.7784435248457982,-1.3485371502606591,-0.42990637458513903
2022-10-19 04:00:00+00:00,58.5,60.09,58.41,59.32,3498185.0,42308.0,59.198916,63.141,41.89196846348481,-1.7583129054015032,-1.430492301288828,-0.3278206041126752
2022-10-20 04:00:00+00:00,58.57,60.98,58.57,59.26,3989084.0,52576.0,59.62291,62.925,41.75808632299595,-1.727289623439141,-1.4898517657188906,-0.2374378577202505
2022-10-21 04:00:00+00:00,59.25,62.03,58.84,61.85,5010158.0,56978.0,61.18261,62.754666666666665,49.29171180300584,-1.4766897344550856,-1.4872193594661296,0.010529625011044041
2022-10-24 04:00:00+00:00,62.14,62.665,60.89,62.43,3273964.0,43221.0,62.150598,62.58833333333334,50.82569133816534,-1.217254610784316,-1.433226409729767,0.21597179894545082
2022-10-25 04:00:00+00:00,62.65,65.32,62.51,64.48,6425349.0,77468.0,64.431541,62.632333333333335,55.90327935108208,-0.8365888630561145,-1.3138989003950365,0.4773100373389221
2022-10-26 04:00:00+00:00,62.9,64.58,62.1,62.57,5340273.0,65284.0,62.969132,62.52833333333333,50.6551230435821,-0.6811773642598808,-1.1873545931680054,0.5061772289081246
2022-10-27 04:00:00+00:00,63.52,64.0,61.11,61.24,7152168.0,74464.0,61.783919,62.416333333333334,47.32354706119666,-0.6577503795704089,-1.081433750448486,0.42368337087807717
2022-10-28 04:00:00+00:00,61.61,63.305,60.99,63.0,11221042.0,95316.0,62.849982,62.32633333333333,51.837728585645536,-0.4915013131661752,-0.9634472629920239,0.4719459498258487
2022-10-31 04:00:00+00:00,62.24,62.46,60.74,61.74,5511923.0,68700.0,61.776355,62.15466666666667,48.62506499670896,-0.45616086155982316,-0.8619899827055838,0.40582912114576064
2022-11-01 04:00:00+00:00,63.15,63.48,61.82,62.36,4695923.0,54368.0,62.529118,62.05433333333333,50.25865344401503,-0.37381536971371077,-0.7643550601072092,0.39053969039349845
2022-11-02 04:00:00+00:00,62.8,64.21,60.59,60.64,6048204.0,74580.0,62.004168,61.918,45.89841263969476,-0.4422476439685994,-0.6999335768794873,0.2576859329108879
2022-11-03 04:00:00+00:00,59.95,60.58,58.61,59.46,5458213.0,69774.0,59.85841,61.78966666666667,43.13367256732379,-0.5849538685960027,-0.6769376352227904,0.09198376662678764
2022-11-04 04:00:00+00:00,66.44,66.5,62.13,63.86,11233049.0,122607.0,63.453566,61.845666666666666,54.20972998072221,-0.33909744779302287,-0.609369597736837,0.2702721499438141
2022-11-07 05:00:00+00:00,64.48,65.795,63.1,65.53,6304714.0,72539.0,64.856198,61.981333333333325,57.58636405906125,-0.009391164283066189,-0.48937391104608285,0.47998274676301667
2022-11-08 05:00:00+00:00,66.89,68.63,65.85,67.76,6803590.0,94912.0,67.67456,62.15633333333333,61.652830419763355,0.4269244842137141,-0.3061142319941235,0.7330387162078376
2022-11-09 05:00:00+00:00,66.8,67.39,65.61,66.5,5482446.0,62553.0,66.529776,62.243,58.25430834335951,0.6633891719623151,-0.1122135512028358,0.7756027231651509
2022-11-10 05:00:00+00:00,70.68,74.22,70.1,73.92,10552064.0,114435.0,72.927882,62.64066666666667,69.0677996232186,1.4330023698056635,0.19682963299886405,1.2361727368067994
2022-11-11 05:00:00+00:00,74.23,76.28,73.05,75.83,4963814.0,69760.0,75.558881,63.134,71.14014690057431,2.172009833987147,0.5918656731965206,1.5801441607906264
2022-11-14 05:00:00+00:00,75.12,76.99,74.8,74.89,4908497.0,61829.0,75.557742,63.50833333333333,68.70069629711624,2.651266282175058,1.0037457949922282,1.64752048718283
2022-11-15 05:00:00+00:00,77.67,78.12,75.59,76.94,4943227.0,60464.0,76.972347,63.849666666666664,71.03352877593986,3.1600710061721315,1.4350108372282089,1.7250601689439227
2022-11-16 05:00:00+00:00,75.12,75.63,72.905,73.64,6007470.0,69563.0,73.779988,64.058,62.905549301742056,3.259447117495526,1.7998980932816724,1.4595490242138536
2022-11-17 05:00:00+00:00,71.94,74.13,71.84,73.79,3296615.0,47145.0,73.449276,64.28033333333333,63.1121655025079,3.3121270096435182,2.1023438765540416,1.2097831330894766
2022-11-18 05:00:00+00:00,75.12,75.25,73.51,74.17,2763676.0,39202.0,74.275697,64.62533333333333,63.66432641993643,3.345968782584052,2.351068857760044,0.9948999248240078
2022-11-21 05:00:00+00:00,73.495,73.65,71.61,72.25,4204446.0,63895.0,72.464373,64.99266666666666,58.86947676585118,3.1811899006134325,2.517093066330722,0.6640968342827107
2022-11-22 05:00:00+00:00,72.88,75.29,72.65,75.18,5455133.0,64456.0,74.184327,65.51366666666667,63.399653242163524,3.2495689543331707,2.6635882439312115,0.5859807104019592
2022-11-23 05:00:00+00:00,75.09,77.49,74.96,76.62,5039246.0,66897.0,76.595049,66.13966666666666,65.41573873581808,3.3809819570556385,2.807066986556097,0.5739149704995414
2022-11-25 05:00:00+00:00,76.26,76.73,75.63,75.67,1753429.0,21163.0,76.031159,66.68066666666667,62.952085044098006,3.3696276776267524,2.919579124770228,0.45004855285652434
2022-11-28 05:00:00+00:00,74.78,76.48,73.74,74.34,4811214.0,57285.0,74.574331,67.24833333333332,59.56960790024517,3.2162346931439885,2.97891023844498,0.2373244546990083
2022-11-29 05:00:00+00:00,74.77,74.945,73.33,74.22,2624461.0,41555.0,74.230136,67.75766666666667,59.26022072673932,3.049830107658707,2.9930942122877253,0.05673589537098156
2022-11-30 05:00:00+00:00,74.72,79.28,73.64,79.19,7846704.0,66455.0,78.080194,68.42166666666667,66.9226731955498,3.2811674824761212,3.0507088663254045,0.23045861615071672
2022-12-01 05:00:00+00:00,79.75,79.91,77.35,78.32,4118318.0,55501.0,78.515683,69.055,64.63107715522693,3.355620782034194,3.1116912494671625,0.24392953256703143
2022-12-02 05:00:00+00:00,76.26,77.39,76.03,77.31,4036717.0,57764.0,76.840144,69.65666666666667,61.97776996980274,3.29514264599527,3.1483815287727843,0.14676111722248564
2022-12-05 05:00:00+00:00,76.73,77.11,75.92,76.58,3433567.0,40696.0,76.55785,70.14766666666667,60.058625377278055,3.1519743896001415,3.1491001009382558,0.002874288661885771
2022-12-06 05:00:00+00:00,76.42,76.635,74.53,75.14,3428923.0,45896.0,75.305106,70.57133333333333,56.351786132750696,2.8890137968164993,3.0970828401139046,-0.20806904329740528
2022-12-07 05:00:00+00:00,74.67,75.82,74.42,75.23,3012129.0,41194.0,75.192445,70.92966666666666,56.53236175048867,2.6572467933898025,3.0091156307690845,-0.351868837379282
2022-12-08 05:00:00+00:00,75.83,77.14,75.25,76.82,3677557.0,51993.0,76.578737,71.40466666666666,59.70406920462113,2.5722185508943625,2.9217362147941404,-0.3495176638997779
2022-12-09 05:00:00+00:00,75.91,77.385,75.35,75.88,3210367.0,41648.0,76.3993,71.89266666666667,57.05358377633545,2.4013021950828914,2.8176494108518906,-0.41634721576899913
2022-12-12 05:00:00+00:00,75.53,77.4,75.37,77.33,4292957.0,47191.0,76.89996,72.37033333333333,60.00323829318755,2.3556976177937656,2.7252590522402658,-0.36956143444650014
2022-12-13 05:00:00+00:00,80.04,80.5,76.37,77.41,5404105.0,63546.0,77.685217,72.89266666666667,60.16579580237197,2.2995037453559206,2.640107990863397,-0.3406042455074765
2022-12-14 05:00:00+00:00,77.42,78.37,75.51,76.11,3688889.0,55029.0,76.601659,73.35100000000001,56.17067516155519,2.125568332530193,2.5372000591967563,-0.4116317266665632
2022-12-15 05:00:00+00:00,74.72,75.0,72.53,72.71,6189968.0,76831.0,73.059325,73.75333333333334,47.32053537345244,1.6938460765267678,2.3685292626627588,-0.674683186135991
2022-12-16 05:00:00+00:00,72.16,72.96,71.51,72.67,9386835.0,64113.0,72.526494,74.19366666666669,47.22626183358521,1.3331081713784982,2.1614450444059066,-0.8283368730274083
2022-12-19 05:00:00+00:00,72.95,72.95,70.49,71.48,5084798.0,61560.0,71.328164,74.44766666666668,44.39275713255036,0.9403578676711106,1.9172276090589475,-0.9768697413878369
2022-12-20 05:00:00+00:00,70.63,72.13,70.28,71.22,2666573.0,41966.0,71.454941,74.63733333333333,43.774775784848266,0.6011904460465729,1.6540201764564728,-1.0528297304099
2022-12-21 05:00:00+00:00,71.76,73.04,71.58,72.96,3209481.0,43965.0,72.703961,74.81066666666668,48.90141447094673,0.46741323028894044,1.4166987872229664,-0.9492855569340259
2022-12-22 05:00:00+00:00,71.37,71.37,68.45,69.91,7644483.0,67697.0,69.487587,74.92433333333334,41.720407750316355,0.11397053155813808,1.1561531360900008,-1.0421826045318627
2022-12-23 05:00:00+00:00,69.39,69.99,68.69,69.93,2501261.0,32788.0,69.59882,74.79133333333334,41.7807810796733,-0.16264663162478143,0.8923931825470444,-1.0550398141718258
2022-12-27 05:00:00+00:00,69.44,69.67,68.32,69.03,3642293.0,35615.0,69.058912,74.56466666666667,39.78354545926813,-0.4493108291997032,0.6240523801976948,-1.0733632093973982
2022-12-28 05:00:00+00:00,68.55,69.61,67.69,67.87,2674344.0,42523.0,68.142075,74.33066666666667,37.308085666482135,-0.7613205471948845,0.346977794719179,-1.1082983419140635
2022-12-29 05:00:00+00:00,68.79,70.77,68.72,70.45,3825228.0,52320.0,70.389375,74.11433333333335,45.43967994882848,-0.7912846220094139,0.11932531137346042,-0.9106099333828743
2022-12-30 05:00:00+00:00,69.33,70.33,68.81,70.25,2430829.0,33756.0,69.920919,74.00133333333333,44.9529175450733,-0.8216976763853552,-0.0688792861783027,-0.7528183902070524
2023-01-03 05:00:00+00:00,71.29,71.58,68.405,69.1,3535368.0,46244.0,69.228767,73.845,42.15651920259569,-0.92789938364416,-0.2406833056714742,-0.6872160779726858
2023-01-04 05:00:00+00:00,70.61,71.61,69.58,70.79,5211799.0,57862.0,70.727444,73.73233333333333,47.34080478938074,-0.8657166826800449,-0.3656899810731884,-0.5000267016068565
2023-01-05 05:00:00+00:00,69.86,70.78,68.98,69.1,4014851.0,51846.0,69.53505,73.62733333333333,43.173664740946016,-0.9419471399568238,-0.4809414128499155,-0.4610057271069083
2023-01-06 05:00:00+00:00,70.68,73.26,69.74,72.77,4858571.0,61925.0,72.289392,73.547,52.87474719329677,-0.6981738840915312,-0.5243879070982387,-0.17378597699329257
2023-01-09 05:00:00+00:00,74.0,75.39,73.58,74.09,2053168.0,44876.0,74.631743,73.46266666666666,55.79761263895828,-0.3939278986233745,-0.4982959054032659,0.10436800677989139
