timestamp,open,high,low,close,volume,trade_count,vwap,30sma,rsi,macd,signal,histogram
2022-01-03 05:00:00+00:00,1355.01,1360.765,1287.69,1332.94,488423.0,25026.0,1318.78928,,,,,
2022-01-04 05:00:00+00:00,1322.02,1338.945,1231.495,1241.38,911736.0,39658.0,1259.033106,,,,,
2022-01-05 05:00:00+00:00,1205.23,1214.375,1112.52,1130.01,1033399.0,50771.0,1156.843223,,,,,
2022-01-06 05:00:00+00:00,1105.6,1160.33,1101.19,1156.78,773641.0,29783.0,1140.749715,,,,,
2022-01-07 05:00:00+00:00,1116.88,1144.5079,1072.91,1085.36,1102287.0,46202.0,1097.514255,,,,,
2022-01-10 05:00:00+00:00,1048.42,1057.76,1001.01,1053.31,1370693.0,48599.0,1027.973597,,,,,
2022-01-11 05:00:00+00:00,1056.63,1175.6,1052.11,1166.07,1125981.0,45048.0,1141.685404,,,,,
2022-01-12 05:00:00+00:00,1186.8,1227.31,1151.01,1210.91,1034588.0,37351.0,1193.761311,,,,,
2022-01-13 05:00:00+00:00,1208.54,1208.54,1124.14,1131.01,709994.0,36317.0,1160.536753,,,,,
2022-01-14 05:00:00+00:00,1103.51,1143.3626,1101.9364,1122.74,477118.0,23387.0,1122.825365,,,,,
2022-01-18 05:00:00+00:00,1092.1,1148.255,1087.26,1100.75,461239.0,21882.0,1110.287188,,,,,
2022-01-19 05:00:00+00:00,1108.0,1120.91,1057.23,1060.94,820289.0,31024.0,1081.87801,,,,,
2022-01-20 05:00:00+00:00,1079.31,1148.8699,1077.97,1091.31,708891.0,28562.0,1114.72811,,,,,
2022-01-21 05:00:00+00:00,1080.73,1115.21,1046.47,1052.56,852641.0,35353.0,1071.605356,,,,,
2022-01-24 05:00:00+00:00,1009.0,1028.88,957.6,1026.63,1349671.0,61007.0,999.70302,,29.18495766455102,,,
2022-01-25 05:00:00+00:00,998.54,1034.0,982.95,1001.65,748552.0,33082.0,1006.099547,,28.1555503333841,,,
2022-01-26 05:00:00+00:00,1036.0,1047.1,965.66,975.64,620343.0,29925.0,1008.290036,,27.084329810781668,,,
2022-01-27 05:00:00+00:00,1002.34,1033.13,981.045,992.5,713568.0,28321.0,1001.080279,,28.97081583316242,,,
2022-01-28 05:00:00+00:00,992.5,1050.78,971.6,1048.63,640965.0,31442.0,1019.795919,,35.00012300163303,,,
2022-01-31 05:00:00+00:00,1055.87,1138.57,1055.87,1132.06,554961.0,29719.0,1116.169148,,42.77554759233404,,,
2022-02-01 05:00:00+00:00,1145.0,1150.0,1097.98,1138.11,474718.0,24778.0,1122.316635,,43.30517785284739,,,
2022-02-02 05:00:00+00:00,1153.25,1153.47,1078.03,1082.6,389067.0,21172.0,1097.369001,,39.676678962291824,,,
2022-02-03 05:00:00+00:00,1037.29,1047.205,994.19,999.74,691655.0,35067.0,1013.491116,,34.96687936438245,,,
2022-02-04 05:00:00+00:00,1004.8,1055.29,984.0,1035.33,624693.0,25743.0,1023.126341,,38.3518500003387,,,
2022-02-07 05:00:00+00:00,1040.0,1077.21,1033.119,1035.14,383752.0,19729.0,1048.126553,,38.34037673642278,,,
2022-02-08 05:00:00+00:00,1021.91,1056.73,1015.0,1050.87,338890.0,17647.0,1044.098026,,39.94225494205268,-35.9847244425564,,
2022-02-09 05:00:00+00:00,1088.99,1134.72,1068.8,1133.2,604657.0,23283.0,1110.265858,,47.61344190032095,-27.355205144139745,,
2022-02-10 05:00:00+00:00,1092.64,1156.76,1085.93,1122.42,526475.0,25602.0,1130.363441,,46.771046548499925,-21.14238854117366,,
2022-02-11 05:00:00+00:00,1114.24,1145.0,1079.4,1091.09,485001.0,20303.0,1106.487728,,44.316998610568355,-18.533117544078777,,
2022-02-14 05:00:00+00:00,1091.12,1136.36,1075.0501,1119.01,457855.0,19749.0,1117.563547,1097.3563333333334,46.98651160580841,-14.050376819356643,,
2022-02-15 05:00:00+00:00,1146.31,1176.865,1145.87,1170.3,459035.0,20591.0,1162.490043,1091.9350000000002,51.57897158868469,-6.286629792074564,,
2022-02-16 05:00:00+00:00,1166.24,1166.24,1095.54,1133.84,545931.0,22764.0,1119.141559,1088.3503333333333,48.37112330715226,-3.040769530904072,,
2022-02-17 05:00:00+00:00,1110.64,1125.05,1017.02,1021.07,707990.0,28733.0,1052.445557,1084.719,40.0702340544576,-9.458961411401106,,
2022-02-18 05:00:00+00:00,1030.61,1030.61,936.01,937.26,1144743.0,48690.0,963.606137,1077.4016666666666,35.23125733310688,-21.065362897130626,-17.435281791423954,-3.6300811057066724
2022-02-22 05:00:00+00:00,913.0,938.0,873.4,887.86,1248536.0,56108.0,903.211862,1070.8183333333334,32.72284729004876,-33.8593770196012,-20.720100837059405,-13.139276182541792
2022-02-23 05:00:00+00:00,993.0,996.1498,918.38,920.57,1932768.0,48537.0,945.139203,1066.3936666666666,35.97348472426074,-40.887970682282,-24.753674806103923,-16.13429587617808
2022-02-24 05:00:00+00:00,861.77,1037.98,858.99,1033.59,1273008.0,48941.0,966.026655,1061.9776666666667,45.730484897513904,-36.91290337318833,-27.185520519520807,-9.727382853667521
2022-02-25 05:00:00+00:00,1042.63,1118.332,1026.925,1111.39,1135718.0,44885.0,1091.505892,1058.6603333333335,51.239039703237594,-27.17160672505861,-27.182737760628367,0.011131035569757586
2022-02-28 05:00:00+00:00,1093.39,1151.0,1093.39,1126.65,798932.0,25788.0,1126.42637,1058.515,52.262569274649465,-18.012566824386568,-25.34870357338001,7.336136748993443
2022-03-01 05:00:00+00:00,1129.73,1176.755,1111.63,1124.52,518077.0,24697.0,1140.112605,1058.5743333333335,52.09818491632856,-10.801323975433888,-22.439227653790788,11.6379036783569
2022-03-02 05:00:00+00:00,1126.28,1148.46,1064.3,1140.9,681793.0,27242.0,1118.597584,1059.9126666666666,53.314294300702166,-3.7217311567337674,-18.695728354379384,14.973997197645616
2022-03-03 05:00:00+00:00,1152.0,1154.29,1088.0497,1096.76,396874.0,22944.0,1105.960935,1061.1066666666668,49.65586759186332,-1.653768336877647,-15.287336350879036,13.633568014001389
2022-03-04 05:00:00+00:00,1084.9,1107.325,1048.89,1055.78,776852.0,30329.0,1067.226016,1059.9223333333334,46.46780279207072,-3.2837830126386507,-12.88662568323096,9.60284267059231
2022-03-07 05:00:00+00:00,1067.99,1069.88,956.37,957.87,641716.0,35799.0,990.171859,1056.766,39.879858027204634,-12.333922339657647,-12.776085014516298,0.44216267485865046
2022-03-08 05:00:00+00:00,950.0,976.67,913.84,914.78,941488.0,38775.0,938.326846,1053.0376666666666,37.36888483336439,-22.721308737297704,-14.765129759072579,-7.956178978225125
2022-03-09 05:00:00+00:00,955.55,993.53,936.0,984.76,1076733.0,35386.0,959.920359,1052.4746666666667,43.58172786951738,-25.018191997701706,-16.815742206798404,-8.202449790903302
2022-03-10 05:00:00+00:00,961.07,962.72,913.415,931.29,618359.0,29616.0,935.036447,1050.9963333333333,40.29284014967719,-30.798049913998852,-19.612203748238496,-11.185846165760356
2022-03-11 05:00:00+00:00,955.29,955.29,891.63,891.69,560240.0,27698.0,903.788802,1047.636,38.005351034959645,-38.134428054527916,-23.316648609496383,-14.817779445031533
2022-03-14 04:00:00+00:00,887.92,928.4765,877.685,882.47,573512.0,27098.0,895.969949,1042.0973333333334,37.47194513965766,-44.18322086486239,-27.489963060569586,-16.693257804292806
2022-03-15 04:00:00+00:00,884.12,954.73,884.02,952.34,601691.0,27330.0,931.998599,1036.1066666666668,43.89788693806851,-42.8451158488582,-30.56099361822731,-12.284122230630889
2022-03-16 04:00:00+00:00,975.78,1076.14,975.78,1075.97,897923.0,40289.0,1038.088571,1034.0353333333333,53.0852182592325,-31.446257322372162,-30.738046359056284,-0.708210963315878
2022-03-17 04:00:00+00:00,1068.54,1150.42,1045.73,1149.09,708670.0,39130.0,1117.332875,1036.2516666666666,57.516482276949326,-16.324231327861867,-27.855283352817402,11.531052024955535
2022-03-18 04:00:00+00:00,1133.28,1191.4674,1120.51,1185.53,802509.0,31825.0,1173.310695,1042.4446666666668,59.56617887622221,-1.3835644509335907,-22.560939572440642,21.17737512150705
2022-03-21 04:00:00+00:00,1160.0,1182.5,1121.3728,1153.84,522325.0,26750.0,1152.30274,1046.395,56.99101962370795,7.809876144390955,-16.486776429074325,24.29665257346528
2022-03-22 04:00:00+00:00,1154.72,1222.1188,1154.72,1215.07,594866.0,26728.0,1207.034591,1052.3926666666669,60.540633868665864,19.808157224552815,-9.227789698348897,29.03594692290171
2022-03-23 04:00:00+00:00,1195.74,1258.165,1172.0,1212.45,585130.0,28573.0,1218.156936,1057.7786666666666,60.311260952745734,28.773783059727293,-1.6274751467336586,30.401258206460952
2022-03-24 04:00:00+00:00,1211.57,1239.9117,1174.42,1236.44,476951.0,23053.0,1218.336251,1061.22,61.740637148120804,37.3839596193684,6.174811806486753,31.209147812881646
2022-03-25 04:00:00+00:00,1226.32,1234.99,1150.695,1166.33,580452.0,24301.0,1173.276595,1062.6836666666666,55.45493435972493,38.11097590262716,12.562044625714835,25.548931276912327
2022-03-28 04:00:00+00:00,1160.51,1230.0,1160.51,1225.16,1073593.0,45148.0,1205.749732,1067.1526666666666,59.20780325951031,42.939253892045144,18.637486478980897,24.301767413064248
2022-03-29 04:00:00+00:00,1245.67,1267.67,1221.985,1256.5,495740.0,22989.0,1250.495459,1071.7356666666667,61.08853229532097,48.732813526010204,24.65655188838676,24.076261637623446
2022-03-30 04:00:00+00:00,1239.3,1255.5075,1192.81,1209.85,363682.0,19124.0,1220.462857,1073.0539999999999,56.884370406561395,48.99519997967491,29.524281506644392,19.470918473030515
2022-03-31 04:00:00+00:00,1212.45,1223.93,1188.32,1189.48,407257.0,16881.0,1200.291729,1074.9086666666667,55.10115221990509,47.01746628975775,33.02291846326707,13.994547826490681
2022-04-01 04:00:00+00:00,1213.63,1251.5625,1205.17,1224.13,369427.0,19451.0,1227.469874,1081.6773333333333,57.53948873034055,47.696250819996294,35.95758493461291,11.738665885383384
2022-04-04 04:00:00+00:00,1240.0,1275.8197,1227.0,1265.01,389764.0,20228.0,1259.369178,1092.6023333333333,60.28016779474902,50.945597664827346,38.9551874806558,11.990410184171544
2022-04-05 04:00:00+00:00,1263.99,1265.2999,1204.73,1218.15,308984.0,17999.0,1226.407482,1103.612,55.83151552467926,49.1726859601813,40.9986871765609,8.173998783620398
2022-04-06 04:00:00+00:00,1190.0,1190.0,1137.16,1163.97,502127.0,25413.0,1159.603472,1111.7253333333333,51.13284131449995,42.90122880172407,41.379195501593536,1.5220333001305377
2022-04-07 04:00:00+00:00,1163.95,1192.49,1145.82,1172.26,246196.0,14661.0,1172.838584,1116.3476666666668,51.80123454784646,38.1601016399502,40.73537672926487,-2.5752750893146725
2022-04-08 04:00:00+00:00,1157.94,1178.9,1139.12,1160.27,341846.0,14990.0,1161.227787,1117.9769999999999,50.72067350997278,33.05420313269224,39.19914200995034,-6.144938877258106
2022-04-11 04:00:00+00:00,1136.17,1154.5,1116.15,1125.69,403951.0,18120.0,1133.631627,1117.945,47.63449362769091,25.91865070526569,36.543043749013414,-10.624393043747723
2022-04-12 04:00:00+00:00,1165.43,1185.87,1113.85,1115.98,449943.0,18933.0,1140.293409,1117.6603333333333,46.77385990559254,19.258162043261564,33.08606740786305,-13.827905364601484
2022-04-13 04:00:00+00:00,1115.0,1144.035,1104.0328,1135.75,326863.0,16730.0,1129.565681,1117.4886666666669,48.80210769526582,15.397458253449258,29.548345576980292,-14.150887323531034
2022-04-14 04:00:00+00:00,1120.0,1129.7399,1059.11,1060.34,509380.0,21818.0,1079.360753,1116.2746666666667,42.196938637021375,6.181608181619822,24.8749980979082,-18.69338991628838
2022-04-18 04:00:00+00:00,1050.0,1081.6,1031.2,1070.04,351232.0,16363.0,1061.91464,1116.75,43.26073028769771,-0.3354436772963254,19.832909742867297,-20.168353420163623
2022-04-19 04:00:00+00:00,1055.45,1139.34,1055.45,1130.35,342084.0,16672.0,1120.891319,1122.4993333333334,49.48551000809315,-0.6265191373897778,15.741023966815883,-16.36754310420566
2022-04-20 04:00:00+00:00,1137.8,1137.8,1078.57,1080.16,380975.0,18270.0,1095.699435,1128.012,45.055538054326654,-4.85119057606812,11.622581058239083,-16.473771634307205
2022-04-21 04:00:00+00:00,1100.0,1111.22,1010.82,1014.01,406099.0,18204.0,1034.691251,1128.987,39.976047938208296,-13.382757195248587,6.621513407541549,-20.004270602790136
2022-04-22 04:00:00+00:00,1010.0,1029.9425,967.3258,979.82,525948.0,21042.0,989.659374,1130.6046666666666,37.615602852326745,-22.64193039038696,0.7688246479558476,-23.410755038342806
2022-04-25 04:00:00+00:00,972.8,1043.3894,968.89,1041.92,454070.0,20641.0,1020.858854,1135.6123333333335,44.07480309936372,-24.68439451318318,-4.321819184271957,-20.36257532891122
2022-04-26 04:00:00+00:00,1017.23,1038.82,1006.49,1019.84,632175.0,23267.0,1023.848243,1140.1913333333332,42.39406524278538,-27.764679572203704,-9.010391261858308,-18.754288310345395
2022-04-27 04:00:00+00:00,1006.29,1066.135,1005.86,1024.74,417104.0,20109.0,1035.999371,1142.6046666666666,42.91432286603691,-29.47071852645422,-13.10245671477749,-16.36826181167673
2022-04-28 04:00:00+00:00,1044.0,1056.95,1002.79,1040.0,432231.0,21410.0,1032.831713,1141.4056666666665,44.59259420568931,-29.254188151277503,-16.332803002077494,-12.92138514920001
2022-04-29 04:00:00+00:00,1029.18,1050.49,965.82,973.63,541595.0,24492.0,998.015891,1135.557,39.19535582560622,-34.04563371885956,-19.875369145433908,-14.170264573425655
2022-05-02 04:00:00+00:00,972.12,1006.87,958.61,1002.79,409771.0,17873.0,987.741531,1129.4656666666667,42.48888155464822,-35.08547701290422,-22.91739071892797,-12.168086293976252
2022-05-03 04:00:00+00:00,998.91,1034.76,981.01,996.64,324269.0,15894.0,1000.500029,1124.2256666666665,41.97251091658016,-35.99093284712262,-25.5320991445669,-10.458833702555722
2022-05-04 04:00:00+00:00,981.6,1028.99,925.0,1023.21,543390.0,25010.0,968.636675,1117.830333333333,45.078025035315946,-34.17063832581675,-27.259806980816872,-6.910831344999881
2022-05-05 04:00:00+00:00,993.0,994.49,900.4205,913.22,792915.0,38548.0,927.680198,1107.856,36.3947299209146,-41.12920371994085,-30.03368632864167,-11.095517391299175
2022-05-06 04:00:00+00:00,960.01,986.0,883.67,927.55,1173861.0,42788.0,931.439711,1097.5596666666668,38.068549353136866,-44.969228416534634,-33.02079474622027,-11.948433670314365
2022-05-09 04:00:00+00:00,892.94,899.4286,764.005,771.05,1243507.0,58874.0,806.929595,1084.3836666666668,29.07093556227609,-59.949655419090504,-38.406566880794315,-21.54308853829619
2022-05-10 04:00:00+00:00,808.08,836.13,766.115,774.44,1013241.0,37323.0,792.777738,1069.3596666666667,29.459861909858745,-70.73284289494939,-44.87182208362533,-25.861020811324053
2022-05-11 04:00:00+00:00,771.8,774.99,674.53,679.68,1111179.0,46400.0,713.533295,1050.1323333333335,25.286039364733185,-85.93433914646346,-53.08432549619296,-32.8500136502705
2022-05-12 04:00:00+00:00,655.0,747.1199,640.0,722.93,1223365.0,46779.0,702.859802,1033.9016666666666,30.150265706851854,-93.41489217375829,-61.150438831706026,-32.26445334205226
2022-05-13 04:00:00+00:00,751.0,805.875,738.83,794.96,870014.0,34753.0,786.56626,1020.751,37.4536774064541,-92.46518423589794,-67.41338791254441,-25.05179632335353
2022-05-16 04:00:00+00:00,774.21,823.0,767.06,787.81,711046.0,25165.0,793.913853,1006.207,37.03967251426922,-91.23774714229341,-72.17825975849422,-19.059487383799194
2022-05-17 04:00:00+00:00,815.01,835.32,772.78,834.88,690457.0,26157.0,815.766758,991.8693333333334,41.615126489305425,-85.48146170266273,-74.83890014732792,-10.642561555334808
2022-05-18 04:00:00+00:00,802.01,824.85,745.774,749.3,608823.0,27793.0,773.836381,976.241,36.43125619511191,-86.82429833312108,-77.23597978448656,-9.588318548634518
2022-05-19 04:00:00+00:00,752.6,823.325,752.6,801.57,946637.0,36542.0,801.966737,964.1610000000001,41.2453039357318,-82.71724101130803,-78.33223202985086,-4.385008981457176
2022-05-20 04:00:00+00:00,824.71,832.95,732.0,775.65,1061041.0,39495.0,772.792229,950.9406666666666,39.6420935200199,-80.62450674480135,-78.79068697284096,-1.8338197719603926
2022-05-23 04:00:00+00:00,775.93,782.83,736.9,774.3,845385.0,25883.0,768.880073,938.075,39.555853225923805,-78.17379463577402,-78.66730850542757,0.4935138696535546
2022-05-24 04:00:00+00:00,745.12,745.12,690.5,699.86,913683.0,36873.0,706.701172,923.8806666666666,35.03045589991886,-81.30108520977524,-79.19406384629711,-2.1070213634781254
2022-05-25 04:00:00+00:00,703.62,734.53,696.795,723.0,760847.0,28602.0,721.581268,910.7813333333335,37.42694252162993,-80.97880762291254,-79.5510126016202,-1.42779502129234
2022-05-26 04:00:00+00:00,725.22,788.79,718.01,783.44,729577.0,26946.0,770.049941,899.0376666666667,43.30894880416386,-74.98205102211807,-78.63722028571978,3.6551692636017066
2022-05-27 04:00:00+00:00,802.36,818.64,785.01,811.44,467687.0,19715.0,804.435368,890.741,45.84855521743459,-67.19562290443446,-76.34890080946272,9.153277905028261
2022-05-31 04:00:00+00:00,807.0,812.18,765.75,786.33,503671.0,23329.0,788.356436,881.284,43.94722845490826,-62.332459873150356,-73.54561262220025,11.213152749049897
2022-06-01 04:00:00+00:00,797.56,806.84,741.955,762.24,557692.0,23710.0,766.283186,869.0136666666666,42.14164581737946,-59.73365738569805,-70.78322157489981,11.04956418920176
2022-06-02 04:00:00+00:00,770.0,837.8084,770.0,836.74,544369.0,21829.0,818.677784,860.8996666666667,49.1056582305261,-51.07381318742989,-66.84133989740583,15.76752670997594
2022-06-03 04:00:00+00:00,815.19,826.15,787.62,788.9,463712.0,18004.0,797.726446,853.396,45.33235807887106,-47.523293508588154,-62.9777306196423,15.454437111054148
2022-06-06 04:00:00+00:00,818.37,824.83,794.01,803.99,393800.0,14767.0,808.241736,847.535,46.722990679314115,-42.996210643300856,-58.981426624374016,15.98521598107316
2022-06-07 04:00:00+00:00,797.43,835.0,782.96,824.68,631309.0,20830.0,820.338145,840.2936666666667,48.65168840095484,-37.30888121159933,-54.64691754181908,17.33803633021975
2022-06-08 04:00:00+00:00,824.12,848.19,813.48,824.62,526899.0,19352.0,830.557607,833.7863333333333,48.64618857949016,-32.43261021853857,-50.20405607716298,17.77144585862441
2022-06-09 04:00:00+00:00,803.49,810.0,746.18,748.405,676149.0,26580.0,769.161723,824.5751666666667,42.131008590992074,-34.322396645986146,-47.02772419092762,12.705327544941476
2022-06-10 04:00:00+00:00,730.63,735.86,689.0224,691.69,916326.0,35091.0,699.242155,812.9648333333333,38.047394563084964,-39.93613362879,-45.6094060785001,5.6732724497100975
2022-06-13 04:00:00+00:00,643.96,659.96,615.225,626.94,1213934.0,45058.0,629.250685,801.4084999999999,33.9960614280824,-49.04449014091517,-46.296422890983116,-2.748067249932056
2022-06-14 04:00:00+00:00,630.96,634.67,600.685,616.4,762769.0,29500.0,616.167177,788.5288333333334,33.373108522196986,-56.46255304766953,-48.3296489223204,-8.132904125349128
2022-06-15 04:00:00+00:00,629.32,683.845,629.12,672.69,1005724.0,31132.0,659.611914,777.7304999999999,39.725477423790245,-57.14060742706192,-50.09184062326871,-7.048766803793214
2022-06-16 04:00:00+00:00,633.1,641.675,609.0501,612.7,626321.0,26197.0,619.96115,764.0468333333333,35.80725175105199,-61.806198665308784,-52.43471223167673,-9.371486433632057
2022-06-17 04:00:00+00:00,625.24,648.615,614.0,635.22,751213.0,21368.0,632.980214,754.7801666666668,38.26875037128366,-62.96076503527081,-54.53992279239555,-8.42084224287526
2022-06-21 04:00:00+00:00,654.8,673.585,645.87,656.7,790654.0,24845.0,659.214752,745.7518333333334,40.60808075356455,-61.43433395720376,-55.918805025357194,-5.515528931846568
2022-06-22 04:00:00+00:00,639.95,695.68,638.12,677.4,719309.0,21721.0,679.185862,742.6301666666666,42.85548798033707,-57.88702375122875,-56.3124487705315,-1.5745749806972498
2022-06-23 04:00:00+00:00,684.49,710.0001,674.75,698.64,636889.0,20210.0,693.582061,740.1034999999999,45.14903443367334,-52.75375195166157,-55.60070940675752,2.8469574550959464
2022-06-24 04:00:00+00:00,713.91,745.9,712.47,739.56,600301.0,24061.0,731.014487,742.0995,49.36547110582442,-44.86650194400454,-53.453867914206924,8.587365970202384
2022-06-27 04:00:00+00:00,745.39,752.6594,711.52,717.31,656675.0,19007.0,724.315945,741.9121666666667,47.23908626695014,-39.95066217226179,-50.7532267658179,10.802564593556113
2022-06-28 04:00:00+00:00,721.0,726.72,659.09,665.0,658689.0,21755.0,676.992958,737.5801666666667,42.59387837044441,-39.81682004713855,-48.56594542208204,8.749125374943489
2022-06-29 04:00:00+00:00,657.71,672.09,638.18,660.13,449520.0,18028.0,656.253748,733.3241666666667,42.1780452852873,-39.64669507677536,-46.78209535302071,7.135400276245349
2022-06-30 04:00:00+00:00,646.38,653.32,611.46,636.87,700619.0,24429.0,635.510297,726.7238333333333,40.16132653684087,-40.917090668920764,-45.60909441620072,4.692003747279955
2022-07-01 04:00:00+00:00,642.62,665.95,631.87,659.95,521014.0,17781.0,652.477659,723.7454999999999,43.07010118463317,-39.60498361810676,-44.408272256581924,4.803288638475166
2022-07-05 04:00:00+00:00,649.02,719.82,627.86,713.57,757928.0,25351.0,687.204266,720.8121666666666,49.24313426030127,-33.8482617564365,-42.296270156552836,8.448008400116336
2022-07-06 04:00:00+00:00,722.09,728.41,697.01,704.55,664158.0,18806.0,709.139641,718.4421666666668,48.29445400067067,-29.67181856844479,-39.77137983893123,10.09956127048644
2022-07-07 04:00:00+00:00,705.53,727.17,700.74,721.62,490375.0,18297.0,718.809921,716.6861666666666,50.247882038068965,-24.699826685335097,-36.75706920821201,12.057242522876912
2022-07-08 04:00:00+00:00,702.22,720.59,682.2001,708.63,395693.0,15886.0,703.751653,716.9784999999999,48.73885869873531,-21.559151259134296,-33.717485618396466,12.15833435926217
2022-07-11 04:00:00+00:00,696.32,696.33,654.56,659.92,503576.0,20671.0,664.338196,714.8758333333334,43.467348977275996,-22.73851779120912,-31.521692052959,8.783174261749881
2022-07-12 04:00:00+00:00,663.2,678.4084,643.59,653.63,578672.0,17516.0,657.639584,710.5488333333334,42.82324434477176,-23.905160882820837,-29.998385818931368,6.093224936110531
2022-07-13 04:00:00+00:00,633.0,666.2,615.54,655.75,627493.0,20436.0,648.188721,705.3591666666667,43.1291257468353,-24.377657198096927,-28.87424009476448,4.4965828966675545
2022-07-14 04:00:00+00:00,648.34,665.0,630.2301,655.69,586873.0,16573.0,650.596161,701.0044999999999,43.12209448156493,-24.474824884446093,-27.994357052700806,3.519532168254713
2022-07-15 04:00:00+00:00,658.0,698.505,657.72,689.99,749482.0,22915.0,685.657884,698.5961666666667,48.31005270836067,-21.535855694156226,-26.702656780991894,5.166801086835669
2022-07-18 04:00:00+00:00,700.2,723.66,680.82,691.84,687808.0,22036.0,701.516437,693.7661666666667,48.582464824942406,-18.840243300690872,-25.130174084931692,6.28993078424082
2022-07-19 04:00:00+00:00,713.81,725.63,694.64,724.75,463877.0,16059.0,716.22409,691.6278333333333,53.29766133802719,-13.888293496116148,-22.881797967168588,8.99350447105244
2022-07-20 04:00:00+00:00,725.17,784.45,724.65,779.68,819257.0,25559.0,767.647938,690.8175,59.90654917110667,-5.4684092504109,-19.39912022381705,13.93071097340615
2022-07-21 04:00:00+00:00,771.52,790.76,765.9321,789.2,453364.0,17482.0,781.246335,689.6348333333333,60.93824930949058,1.9501144093343328,-15.129273297186774,17.079387706521107
2022-07-22 04:00:00+00:00,783.0,802.42,752.96,763.92,512052.0,19486.0,767.537508,687.6115000000001,56.76131805429236,5.72348634321645,-10.958721369106131,16.68220771232258
2022-07-25 04:00:00+00:00,766.0,773.9699,751.0,762.78,361763.0,13362.0,762.558857,688.0906666666666,56.57300126603975,8.523666788927812,-7.062243737499344,15.585910526427156
2022-07-26 04:00:00+00:00,740.49,743.85,720.8408,727.79,550376.0,17909.0,731.507164,689.294,50.98214362962797,7.829179482417658,-4.0839590935159436,11.913138575933601
2022-07-27 04:00:00+00:00,743.96,794.945,740.74,791.67,579666.0,20629.0,775.650031,694.7850000000001,58.95686301374659,12.29168453307284,-0.808830368198187,13.100514901271026
2022-07-28 04:00:00+00:00,792.72,811.57,766.6,803.75,631091.0,20469.0,793.531487,701.0300000000001,60.27309528311086,16.611519720531305,2.675239649547712,13.936280070983592
2022-07-29 04:00:00+00:00,818.21,825.0,794.155,813.71,667494.0,22121.0,810.477281,705.7306666666667,61.37301228656513,20.601230825001267,6.2604378846384225,14.340792940362844
2022-08-01 04:00:00+00:00,805.54,838.97,785.0,813.97,497174.0,19308.0,813.009237,712.4396666666667,61.40305414675245,23.513041737905155,9.710958655291769,13.802083082613386
2022-08-02 04:00:00+00:00,798.76,849.0,798.76,837.59,511119.0,18763.0,832.748856,719.1853333333332,64.13223037317613,27.410636706842297,13.250894265601875,14.159742441240422
2022-08-03 04:00:00+00:00,852.56,892.97,848.84,890.87,856271.0,34937.0,890.781007,726.991,69.39009734181555,34.40219246077493,17.481153904636486,16.92103855613844
2022-08-04 04:00:00+00:00,994.5,1084.9899,993.0,1034.83,1851153.0,64312.0,1035.827433,738.9053333333334,78.5426703300781,50.97184790945971,24.17929270560113,26.79255520385858
2022-08-05 04:00:00+00:00,1015.4625,1056.54,1007.24,1024.81,849590.0,31399.0,1025.829096,749.7776666666667,76.82091554728568,62.573579695073704,31.85815010349565,30.715429591578054
2022-08-08 04:00:00+00:00,1042.08,1074.5,1018.0,1024.25,618763.0,26367.0,1041.978067,759.2673333333333,76.71969294914798,70.90549400351676,39.66761888349987,31.237875120016895
2022-08-09 04:00:00+00:00,1015.8,1015.8,972.73,995.5,544717.0,22501.0,990.978547,768.5403333333333,71.51014359103237,74.3318599830261,46.60046710340512,27.731392879620984
2022-08-10 04:00:00+00:00,1050.0,1076.76,1041.57,1064.23,720289.0,28458.0,1057.609466,781.848,75.74956021412284,81.65198307257867,53.61077029723983,28.041212775338842
2022-08-11 04:00:00+00:00,1076.88,1090.6036,1021.03,1032.47,486647.0,21308.0,1048.673842,794.2593333333334,70.52692581285008,83.92305406214177,59.67322705022022,24.249827011921553
2022-08-12 04:00:00+00:00,1050.0,1083.595,1042.66,1081.08,508511.0,18214.0,1069.211548,809.0663333333333,73.5345191192657,88.62371590225939,65.46332482062806,23.16039108163133
2022-08-15 04:00:00+00:00,1073.0,1095.34,1067.09,1082.66,399947.0,18152.0,1082.505422,823.1566666666666,73.6287169889328,91.42265362996113,70.65519058249467,20.767463047466464
2022-08-16 04:00:00+00:00,1070.41,1079.9999,1040.4601,1053.75,644596.0,22123.0,1054.779055,834.4959999999999,68.80318164109637,90.26748913024073,74.57765029204388,15.689838838196849
2022-08-17 04:00:00+00:00,1030.0,1039.31,990.0,997.9,837346.0,32367.0,1002.413834,844.2743333333333,60.54747797984282,83.87848572869052,76.43781737937321,7.440668349317306
2022-08-18 04:00:00+00:00,995.0,995.0,975.46,977.52,540790.0,20586.0,982.330237,852.8043333333334,57.8210307948308,76.29122111803224,76.40849812710502,-0.11727700907277949
2022-08-19 04:00:00+00:00,950.0,952.065,904.21,909.76,877904.0,31874.0,918.786196,859.5086666666666,49.79277402126164,64.0720112821258,73.94120075810918,-9.869189475983376
2022-08-22 04:00:00+00:00,880.88,894.9299,860.0,878.09,804430.0,27261.0,876.679406,866.7810000000001,46.54022918710169,51.24200914536573,69.40136243556049,-18.15935329019476
2022-08-23 04:00:00+00:00,889.0,908.16,875.705,887.04,516926.0,20826.0,889.342406,874.5613333333333,47.582293774533916,41.32001876305674,63.785093701059736,-22.465074938003
2022-08-24 04:00:00+00:00,881.29,917.44,879.5,898.0,490577.0,22589.0,903.919288,882.6363333333334,48.895989334899085,33.9497981642329,57.81803459369437,-23.86823642946147
2022-08-25 04:00:00+00:00,909.02,919.84,896.1,919.18,528135.0,17730.0,910.724748,891.4193333333334,51.429315056384475,29.47808916898066,52.15004550875163,-22.671956339770972
2022-08-26 04:00:00+00:00,920.0,934.595,877.79,877.8,538037.0,23507.0,891.749507,897.6796666666667,46.57185945554737,22.337712159378725,46.18757883887705,-23.849866679498327
2022-08-29 04:00:00+00:00,854.01,891.62,853.28,875.17,358158.0,18738.0,878.590577,903.7906666666665,46.272720427816786,16.27903829533875,40.205870730169394,-23.926832434830644
2022-08-30 04:00:00+00:00,890.0,903.45,849.25,862.1,571985.0,20431.0,863.027069,908.369,44.734917570562246,10.30407685433488,34.225511955002496,-23.921435100667615
2022-08-31 04:00:00+00:00,868.11,886.29,851.6315,855.36,486783.0,19026.0,862.899225,910.8916666666667,43.92423867780703,4.967750063185576,28.373959576639113,-23.406209513453536
2022-09-01 04:00:00+00:00,833.28,860.0,812.46,858.79,688997.0,26818.0,837.537503,913.2113333333333,44.47568637782736,1.0038729468926704,22.899942250689826,-21.896069303797155
2022-09-02 04:00:00+00:00,872.0,883.24,847.15,855.91,492768.0,24197.0,861.181113,916.2776666666666,44.08368276405873,-2.342912519683182,17.851371296615223,-20.194283816298405
2022-09-06 04:00:00+00:00,855.33,871.64,831.35,857.93,644475.0,22221.0,856.541717,919.4493333333334,44.45348352844498,-4.777198426320297,13.32565735202812,-18.102855778348417
2022-09-07 04:00:00+00:00,858.14,893.64,848.39,887.69,542571.0,19333.0,877.158443,924.7793333333334,49.72842864656362,-4.255944382502435,9.80933700512201,-14.065281387624445
2022-09-08 04:00:00+00:00,867.86,930.65,866.0,922.54,830678.0,26623.0,912.350485,929.1416666666665,55.10509086546779,-1.0189966913914077,7.643670265819327,-8.662666957210735
2022-09-09 04:00:00+00:00,932.54,976.2,932.54,970.99,1190220.0,32251.0,965.154323,934.7163333333334,61.30174623889786,5.393643199836674,7.193664852622796,-1.8000216527861221
2022-09-12 04:00:00+00:00,974.83,1011.99,974.83,1002.01,704367.0,22924.0,998.729698,940.9929999999999,64.66456445243699,12.830855157923224,8.321102913682882,4.509752244240342
2022-09-13 04:00:00+00:00,946.37,969.99,935.0,943.9,720195.0,27171.0,951.718965,945.3240000000001,55.01917321930787,13.875954496504619,9.43207323024723,4.443881266257389
2022-09-14 04:00:00+00:00,947.08,970.86,925.0,960.33,360954.0,15353.0,952.046795,949.4153333333335,56.97334374916053,15.847289254692328,10.71511643513625,5.132172819556077
2022-09-15 04:00:00+00:00,942.34,982.83,942.34,965.78,681814.0,20590.0,964.342346,951.9123333333333,57.63089250986963,17.645944244672023,12.101281997043406,5.544662247628617
2022-09-16 04:00:00+00:00,932.95,933.5,904.88,919.11,629022.0,21432.0,919.459122,948.0550000000001,50.5120218697973,15.13109052748041,12.707243703130807,2.423846824349603
2022-09-19 04:00:00+00:00,900.2,933.7,900.2,933.1,485492.0,15467.0,922.8786,944.9979999999999,52.409768253400266,14.104340857002853,12.986663133905218,1.1176777230976356
2022-09-20 04:00:00+00:00,922.58,929.81,903.11,905.69,506761.0,15308.0,911.779676,941.0459999999999,48.486606155993805,10.952621418799595,12.579854790884093,-1.6272333720844987
2022-09-21 04:00:00+00:00,905.89,931.48,887.3614,887.5,639307.0,17677.0,903.943607,937.4459999999999,46.02442107955378,6.907455233098403,11.445374879326957,-4.537919646228554
2022-09-22 04:00:00+00:00,876.13,884.9,843.69,850.0,637353.0,23963.0,855.320928,930.3050000000001,41.36130339357409,0.6679950564595174,9.289898914753469,-8.621903858293951
2022-09-23 04:00:00+00:00,833.75,840.4299,808.0,815.01,562135.0,22486.0,819.853648,923.0563333333333,37.53945573667619,-7.0193084443992575,6.028057442922924,-13.047365887322181
2022-09-26 04:00:00+00:00,817.08,833.98,797.09,799.58,604090.0,19826.0,810.921503,913.673,35.961399738978315,-14.193015649409631,1.9838428244564126,-16.176858473866044
2022-09-27 04:00:00+00:00,821.28,830.0,790.15,804.69,501706.0,19576.0,808.622414,904.4073333333333,36.90731687434095,-19.2440624265613,-2.26173822574713,-16.98232420081417
2022-09-28 04:00:00+00:00,805.37,871.3211,801.295,865.24,742581.0,22752.0,847.88049,898.1236666666666,46.91359381558247,-18.15193027274495,-5.4397766351466945,-12.712153637598254
2022-09-29 04:00:00+00:00,843.1,850.5294,818.92,829.68,504943.0,19526.0,832.235978,892.5163333333333,42.63687071493324,-19.926106730321862,-8.33704265418173,-11.589064076140133
2022-09-30 04:00:00+00:00,818.11,858.55,811.55,827.78,627697.0,20591.0,838.550718,887.525,42.414384998091684,-21.2406198326363,-10.917758089872644,-10.322861742763655
2022-10-03 04:00:00+00:00,859.42,893.97,832.0,882.3,955404.0,26904.0,874.345342,886.6096666666667,50.41072895256371,-17.679276880516454,-12.270061848001406,-5.409215032515048
2022-10-04 04:00:00+00:00,909.89,955.5551,909.89,948.25,879384.0,26626.0,941.540749,888.9483333333334,58.00696360128751,-9.426609019106195,-11.701371282222365,2.2747622631161697
2022-10-05 04:00:00+00:00,919.88,944.3,910.05,933.76,473989.0,19173.0,927.129721,890.5056666666666,55.9780358955324,-4.009315292712245,-10.162960084320341,6.153644791608096
2022-10-06 04:00:00+00:00,926.88,962.07,926.59,929.18,374261.0,16497.0,940.47996,891.545,55.31939957904655,-0.08466276869739886,-8.147300621195752,8.062637852498353
2022-10-07 04:00:00+00:00,905.22,906.4199,874.01,881.99,609959.0,21438.0,885.333294,890.3053333333334,48.931140270209795,-0.7732721841423427,-6.67249493378507,5.899222749642727
2022-10-10 04:00:00+00:00,883.0,885.255,854.41,872.6,430200.0,15446.0,870.946264,890.132,47.74952941295949,-2.0530285958539025,-5.748601666198836,3.695573070344934
2022-10-11 04:00:00+00:00,858.03,863.19,817.25,834.67,652048.0,22199.0,837.580536,888.782,43.210335760720604,-6.058045401657978,-5.810490413290665,-0.2475549883673125
2022-10-12 04:00:00+00:00,830.33,837.59,800.61,820.65,547289.0,18968.0,818.090892,887.4003333333333,41.63484303860962,-10.245246085388885,-6.6974415477103095,-3.5478045376785756
2022-10-13 04:00:00+00:00,777.28,831.13,760.06,822.06,862309.0,30037.0,802.353908,886.2903333333333,41.86441907802727,-13.296582848022467,-8.017269807772742,-5.2793130402497255
2022-10-14 04:00:00+00:00,834.4,845.49,754.76,756.88,728275.0,29028.0,779.29787,882.8933333333334,35.00901946669467,-20.73524745865552,-10.560865337949298,-10.174382120706223
2022-10-17 04:00:00+00:00,793.79,853.7225,793.79,850.66,1057853.0,32102.0,838.939864,882.7183333333335,48.16181452634102,-18.84593628512107,-12.217879527383653,-6.628056757737417
2022-10-18 04:00:00+00:00,901.498,911.52,841.8779,853.29,661606.0,22574.0,867.028557,882.5636666666667,48.47673330456405,-16.941137658732487,-13.162531153653422,-3.7786065050790647
2022-10-19 04:00:00+00:00,834.38,837.03,801.65,815.45,718585.0,21330.0,816.104921,880.1556666666667,44.30618473575371,-18.274288163314168,-14.184882555585572,-4.089405607728596
2022-10-20 04:00:00+00:00,810.16,852.2606,804.01,820.47,630240.0,19712.0,825.862651,876.7533333333334,44.982421197716945,-18.710069462763613,-15.089919937021183,-3.6201495257424305
2022-10-21 04:00:00+00:00,811.52,847.78,797.01,844.9,596466.0,19231.0,827.110799,872.5503333333332,48.27400488605666,-16.889441484124063,-15.449824246441759,-1.4396172376823042
2022-10-24 04:00:00+00:00,838.74,839.21,792.457,827.16,536061.0,20457.0,815.815031,866.722,46.11639174314165,-16.68570797967277,-15.697000993087961,-0.988706986584809
2022-10-25 04:00:00+00:00,832.38,878.8199,832.38,862.97,609919.0,18930.0,865.158487,864.0243333333333,50.88818503058525,-13.479299017727499,-15.25346059801587,1.7741615802883715
2022-10-26 04:00:00+00:00,855.6,880.67,830.0,833.36,548710.0,20683.0,849.976077,859.7919999999999,47.168582403234865,-13.175596280958644,-14.837887734604426,1.662291453645782
2022-10-27 04:00:00+00:00,836.95,858.39,829.61,836.82,552317.0,18027.0,841.949038,855.4933333333333,47.650106210093995,-12.511491899946577,-14.372608567672858,1.8611166677262805
2022-10-28 04:00:00+00:00,825.03,881.93,820.31,881.75,643294.0,23704.0,859.023789,854.2479999999999,53.56825051473932,-8.264441551290929,-13.150975164396472,4.886533613105543
2022-10-31 04:00:00+00:00,874.55,905.65,860.0,901.62,931818.0,29235.0,888.535248,853.1986666666667,55.940474502795226,-3.257727556745408,-11.172325642866259,7.914598086120851
2022-11-01 04:00:00+00:00,933.16,945.16,910.01,919.34,776183.0,25199.0,924.259862,853.6536666666666,58.0012358075859,2.115597966693258,-8.514740920954356,10.630338887647614
2022-11-02 04:00:00+00:00,910.0,913.9052,847.0,851.28,740750.0,26425.0,878.791407,852.4463333333334,48.59905478523212,0.8720712632142522,-6.637378484120635,7.509449747334887
2022-11-03 04:00:00+00:00,848.72,910.76,840.0,870.88,779829.0,30348.0,881.154211,853.1423333333332,51.059472350464546,1.4513928344118767,-5.019624220414133,6.471017054826009
2022-11-04 04:00:00+00:00,947.1,1018.0,919.62,938.57,1339600.0,44387.0,960.134305,857.261,58.45558457059848,7.288509246781473,-2.5579975269750115,9.846506773756484
2022-11-07 05:00:00+00:00,957.0,967.01,914.86,940.78,680609.0,22870.0,945.442131,861.9676666666668,58.67516740693844,11.954984963062202,0.3445989710324313,11.610385992029771
2022-11-08 05:00:00+00:00,946.13,957.5228,909.77,937.08,556357.0,20799.0,933.727719,866.3806666666666,58.121288147405096,15.179659840911086,3.3116111450081624,11.868048695902923
2022-11-09 05:00:00+00:00,921.2,934.5,896.07,897.62,569544.0,21643.0,910.37229,867.4600000000002,52.436261243452456,14.3853206729475,5.526353050596031,8.85896762235147
2022-11-10 05:00:00+00:00,964.45,1006.18,922.875,935.53,1263314.0,44567.0,949.5844,870.9883333333333,56.807339993661834,16.62319943681723,7.745722327840271,8.87747710897696
2022-11-11 05:00:00+00:00,943.33,989.02,932.86,974.89,838900.0,28682.0,966.480016,875.8919999999999,60.83200699641983,21.326914144272678,10.461960691126754,10.864953453145924
2022-11-14 05:00:00+00:00,966.16,982.74,950.3,959.58,509001.0,18122.0,966.289438,878.4680000000001,58.54678782381665,23.547808412002496,13.079130235301903,10.468678176700593
2022-11-15 05:00:00+00:00,1009.735,1039.39,995.545,1020.68,711511.0,26786.0,1021.248969,880.8823333333332,64.30918149378441,29.893548269488747,16.44201384213927,13.451534427349475
2022-11-16 05:00:00+00:00,988.0,1004.0,964.09,972.82,690471.0,25686.0,981.894565,882.1843333333334,57.55957461828904,30.70672282142823,19.294955637997063,11.411767183431166
2022-11-17 05:00:00+00:00,940.0,949.99,910.8401,927.13,721780.0,27918.0,927.037046,882.116,51.953563149919646,27.349104902618137,20.90578549092128,6.443319411696859
2022-11-18 05:00:00+00:00,944.42,966.69,936.0,962.08,636182.0,19783.0,952.413126,884.7856666666667,55.52210912657236,27.194856049959412,22.163599602728908,5.031256447230504
2022-11-21 05:00:00+00:00,948.45,968.15,944.61,963.03,293092.0,13634.0,956.415532,887.8,55.61860132566884,26.83987639559757,23.098854961302642,3.741021434294929
2022-11-22 05:00:00+00:00,961.0,963.5,915.795,957.16,431896.0,17142.0,945.19164,891.8829999999999,54.82711647943252,25.78762878724467,23.63660972649105,2.1510190607536224
2022-11-23 05:00:00+00:00,967.0,975.46,945.63,962.43,387319.0,14530.0,962.220746,896.609,55.440204635277674,25.089741016743005,23.927235984541444,1.1625050322015618
2022-11-25 05:00:00+00:00,957.99,957.99,946.48,951.57,178860.0,7738.0,951.971442,900.9259999999999,53.81919280058142,23.3907150880965,23.81993180525246,-0.42921671715595977
2022-11-28 05:00:00+00:00,941.1,956.69,920.85,921.34,504206.0,18017.0,932.416765,906.4079999999999,49.482065347716905,19.381498590289766,22.93224516225992,-3.550746571970155
2022-11-29 05:00:00+00:00,927.2,927.955,882.1,889.26,688833.0,25213.0,897.756644,907.6946666666666,45.309218264747,13.46041445565163,21.037879020938263,-7.577464565286633
2022-11-30 05:00:00+00:00,893.65,934.17,879.105,930.985,837233.0,27176.0,912.704399,910.2845,51.0869344321676,11.99648341619843,19.229599899990298,-7.233116483791868
2022-12-01 05:00:00+00:00,936.76,955.0,921.6799,941.01,502270.0,18450.0,938.250112,914.4698333333333,52.38838507946821,11.512531936100231,17.686186307212285,-6.173654371112054
2022-12-02 05:00:00+00:00,920.01,957.0,912.0,945.07,485828.0,15781.0,943.468541,918.6231666666666,52.934559410487566,11.3260453698,16.41415811972983,-5.088112749929831
2022-12-05 05:00:00+00:00,933.19,935.94,876.935,881.9,597147.0,22406.0,896.334173,919.8565000000001,44.40016872233157,6.011663639851918,14.33365922375425,-8.321995583902332
2022-12-06 05:00:00+00:00,891.37,893.86,852.0,863.09,413981.0,17534.0,866.336735,921.0541666666667,42.217497579508844,0.27895244242984063,11.52271786748937,-11.243765425059529
2022-12-07 05:00:00+00:00,855.62,880.46,845.02,863.81,590394.0,21062.0,857.97361,921.0821666666667,42.33435310124953,-4.1582310021876765,8.38652809355396,-12.544759095741636
2022-12-08 05:00:00+00:00,872.0,903.9199,865.04,884.24,433638.0,18350.0,888.024447,922.7781666666667,45.69056032854553,-5.957525940253618,5.517717286792444,-11.475243227046061
2022-12-09 05:00:00+00:00,878.37,908.2466,872.06,896.48,409557.0,17694.0,897.204968,924.7668333333334,47.65615931677193,-6.322927661641302,3.1495882971056948,-9.472515958746996
2022-12-12 05:00:00+00:00,885.28,894.37,868.495,880.25,518156.0,21508.0,879.995858,924.7168333333334,45.31421869540881,-7.83185576060157,0.9532994855642418,-8.785155246165813
2022-12-13 05:00:00+00:00,931.48,942.09,867.3,870.65,878499.0,30288.0,894.376897,923.6845,43.93877695017129,-9.690624433455355,-1.1754852982396775,-8.515139135215676
2022-12-14 05:00:00+00:00,864.06,887.99,855.0,867.3,576668.0,20212.0,870.328932,921.9498333333335,43.44322631968949,-11.303726676477936,-3.201133573887329,-8.102593102590607
2022-12-15 05:00:00+00:00,852.07,854.9,818.22,835.09,652056.0,26041.0,834.162272,921.4101666666667,38.900413076269686,-15.00819451159282,-5.562545761428428,-9.445648750164391
2022-12-16 05:00:00+00:00,830.0,849.61,825.0,843.98,730533.0,19891.0,839.476966,920.5135000000001,40.74221921035075,-17.030348006208783,-7.8561062103845,-9.174241795824283
2022-12-19 05:00:00+00:00,844.24,895.8,843.52,884.27,723840.0,29445.0,880.620902,918.7035000000001,48.34234100076421,-15.206561165737526,-9.326197201455106,-5.88036396428242
2022-12-20 05:00:00+00:00,881.18,907.0799,874.87,875.91,540260.0,20268.0,885.997241,916.5411666666666,46.99547344543605,-14.271268784562153,-10.315211518076516,-3.9560572664856366
2022-12-21 05:00:00+00:00,877.58,908.99,873.0,900.1,409859.0,18013.0,897.016356,915.3085,51.22963562341547,-11.44616770205073,-10.54140275487136,-0.9047649471793697
2022-12-22 05:00:00+00:00,882.97,885.39,863.47,873.26,470462.0,17758.0,872.314665,914.4964999999999,46.76574342557968,-11.24341138154125,-10.681804480205338,-0.561606901335912
2022-12-23 05:00:00+00:00,864.3,879.73,853.08,878.32,288078.0,13119.0,869.050584,912.5895,47.69112427068492,-10.552779946594569,-10.655999573483186,0.10321962688861674
2022-12-27 05:00:00+00:00,872.99,874.38,848.125,854.3,294073.0,14789.0,859.906001,908.5698333333333,43.79888494822013,-11.807552697601068,-10.886310198306763,-0.9212424992943049
2022-12-28 05:00:00+00:00,856.44,867.99,838.25,839.57,475520.0,20089.0,849.933617,904.5695,41.55892277487187,-13.831120491721776,-11.475272256989767,-2.3558482347320098
2022-12-29 05:00:00+00:00,849.47,874.075,838.045,866.28,444056.0,20438.0,861.193558,899.4228333333334,46.865450720981265,-13.128204997181456,-11.805858805028105,-1.3223461921533506
2022-12-30 05:00:00+00:00,846.81,851.0578,830.01,846.24,365279.0,17907.0,841.33786,895.2035,43.66209391556007,-14.026511034254668,-12.24998925087342,-1.7765217833812486
2023-01-03 05:00:00+00:00,867.58,874.06,815.855,826.11,774891.0,22537.0,833.445807,891.8361666666667,40.655965445375564,-16.176277746670962,-13.03524695003293,-3.1410307966380326
2023-01-04 05:00:00+00:00,842.0,849.29,821.98,837.44,405079.0,15149.0,837.366859,887.6815,43.03332393442846,-16.77240519660768,-13.78267859934788,-2.989726597259798
2023-01-05 05:00:00+00:00,827.87,859.96,818.01,856.09,414090.0,18981.0,846.208192,884.1168333333334,46.810580352252984,-15.560568808989842,-14.138256641276275,-1.4223121677135673
2023-01-06 05:00:00+00:00,856.09,879.42,847.01,873.47,342966.0,14458.0,871.322936,881.3271666666667,50.129200446770376,-13.047357179842038,-13.920076748989429,0.8727195691473906
2023-01-09 05:00:00+00:00,891.26,920.0,881.995,904.84,343152.0,16735.0,906.154228,879.4075,55.523248116248105,-8.4271787560956,-12.821497150410664,4.394318394315064
