timestamp,open,high,low,close,volume,trade_count,vwap,30sma,rsi,macd,signal,histogram
2022-01-03 05:00:00+00:00,93.905,95.835,93.48,95.75,18713226.0,162927.0,95.03152,,,,,
2022-01-04 05:00:00+00:00,95.6,96.59,93.54,96.34,19720799.0,192779.0,95.385484,,,,,
2022-01-05 05:00:00+00:00,95.38,98.45,94.35,94.4,26948203.0,251743.0,96.865195,,,,,
2022-01-06 05:00:00+00:00,95.1046,96.71,94.12,95.65,22302021.0,214849.0,95.696253,,,,,
2022-01-07 05:00:00+00:00,96.09,97.19,93.94,94.45,14843361.0,153898.0,95.088918,,,,,
2022-01-10 05:00:00+00:00,94.26,95.67,91.04,93.89,20239713.0,206397.0,92.809892,,,,,
2022-01-11 05:00:00+00:00,92.455,94.27,91.65,94.2,14924886.0,143075.0,93.487898,,,,,
2022-01-12 05:00:00+00:00,95.16,96.23,93.78,95.11,13330407.0,132699.0,95.066755,,,,,
2022-01-13 05:00:00+00:00,96.5,98.105,95.3031,95.62,23637423.0,205996.0,96.742131,,,,,
2022-01-14 05:00:00+00:00,94.44,97.43,94.4,97.36,18365562.0,161115.0,96.351115,,,,,
2022-01-18 05:00:00+00:00,95.53,95.95,92.54,92.87,19894171.0,192178.0,94.0021,,,,,
2022-01-19 05:00:00+00:00,93.7024,94.78,89.77,90.0,19008694.0,182564.0,91.365352,,,,,
2022-01-20 05:00:00+00:00,90.28,90.33,84.93,85.07,24647057.0,240779.0,87.527603,,,,,
2022-01-21 05:00:00+00:00,84.22,85.14,81.52,81.93,29728350.0,295469.0,82.905845,,,,,
2022-01-24 05:00:00+00:00,80.27,83.04,77.64,82.95,29296735.0,269032.0,80.843527,,24.862529457973295,,,
2022-01-25 05:00:00+00:00,80.92,82.42,79.65,80.72,22093871.0,200461.0,81.048146,,22.719491993373822,,,
2022-01-26 05:00:00+00:00,83.245,84.785,80.61,81.97,20692136.0,206266.0,82.866012,,26.54170704134367,,,
2022-01-27 05:00:00+00:00,83.51,83.695,78.3901,78.72,22596077.0,211728.0,80.341865,,23.31317823959145,,,
2022-01-28 05:00:00+00:00,77.37,79.28,75.52,79.27,24383714.0,242443.0,77.414542,,24.976353419531407,,,
2022-01-31 05:00:00+00:00,78.96,82.31,78.02,82.27,21866195.0,177406.0,81.019357,,33.45412385113805,,,
2022-02-01 05:00:00+00:00,82.28,82.39,80.42,81.45,15199022.0,155707.0,81.273483,,32.377163866544876,,,
2022-02-02 05:00:00+00:00,82.92,84.7,82.54,84.51,19837669.0,174581.0,83.868063,,40.12353525386405,,,
2022-02-03 05:00:00+00:00,82.67,85.18,81.71,81.97,19546597.0,182916.0,83.186521,,36.39651534591594,,,
2022-02-04 05:00:00+00:00,81.222,82.19,79.84,81.17,15622240.0,152864.0,81.112911,,35.28480611866901,,,
2022-02-07 05:00:00+00:00,81.36,82.04,80.48,80.87,11770013.0,107058.0,81.152496,,34.85486326066051,,,
2022-02-08 05:00:00+00:00,81.15,84.4,81.0,84.12,18289543.0,161701.0,83.322374,,42.96308832936911,-4.538823827173005,,
2022-02-09 05:00:00+00:00,84.6,88.78,83.56,88.12,21995899.0,201214.0,86.802972,,51.04001891396899,-3.8144945861746606,,
2022-02-10 05:00:00+00:00,89.19,94.64,88.48,91.02,33240401.0,286068.0,92.074831,,55.91430211380199,-2.972191111475965,,
2022-02-11 05:00:00+00:00,91.28,94.5799,88.95,89.76,29998517.0,264332.0,91.656714,,53.425582263813745,-2.37890843344735,,
2022-02-14 05:00:00+00:00,91.99,93.17,88.71,89.86,22585458.0,197173.0,90.972782,88.04633333333332,53.60209077516863,-1.8789985468614105,,
2022-02-15 05:00:00+00:00,91.01,96.5,91.01,96.0,26726742.0,231562.0,94.433428,88.05466666666666,62.899313213054874,-0.9761175981475247,,
2022-02-16 05:00:00+00:00,94.42,96.49,93.57,96.06,14932544.0,161633.0,95.191226,88.04533333333332,62.97738416483838,-0.25282206740988045,,
2022-02-17 05:00:00+00:00,95.04,96.0,93.49,93.73,17537877.0,180148.0,94.479097,88.023,57.88347199831794,0.13087468251173107,,
2022-02-18 05:00:00+00:00,94.53,94.68,88.895,90.8,18694145.0,199156.0,91.013551,87.86133333333333,52.16900450364695,0.1962681511681552,-1.8316903707788788,2.027958521947034
2022-02-22 05:00:00+00:00,89.84,93.97,88.67,90.57,23862571.0,239517.0,91.094366,87.732,51.737217900244055,0.22691809782297412,-1.4199686770585083,1.6468867748814824
2022-02-23 05:00:00+00:00,91.47,91.87,87.07,87.31,19135407.0,198898.0,88.779274,87.51266666666668,45.93404211654535,-0.011711352493890104,-1.1383172121455847,1.1266058596516946
2022-02-24 05:00:00+00:00,84.13,88.94,83.79,88.83,24472315.0,262780.0,86.386334,87.33366666666667,48.8167534496848,-0.07728472408123821,-0.9261107145327154,0.8488259904514772
2022-02-25 05:00:00+00:00,87.9635,90.48,87.28,90.1,14246698.0,150746.0,89.373215,87.16666666666667,51.15989568852807,-0.026468593853877564,-0.746182290396948,0.7197136965430704
2022-02-28 05:00:00+00:00,88.45,89.75,87.1598,88.86,16391592.0,150156.0,88.451728,86.94133333333335,48.81034226767525,-0.08527112893099797,-0.614000058103758,0.52872892917276
2022-03-01 05:00:00+00:00,88.56,89.84,84.66,86.26,19682405.0,171108.0,86.555894,86.57133333333333,44.22415711512669,-0.33777714782124235,-0.5587554760472548,0.2209783282260125
2022-03-02 05:00:00+00:00,87.17,94.07,87.03,93.3,26980000.0,235356.0,91.863932,86.58566666666667,56.21932170242118,0.029835255017687246,-0.44103732983426647,0.4708725848519537
2022-03-03 05:00:00+00:00,91.65,92.19,88.385,89.18,21412139.0,199104.0,90.003524,86.55833333333334,49.50886226239335,-0.011150301219814196,-0.35505992411137605,0.34390962289156185
2022-03-04 05:00:00+00:00,87.395,87.42,80.515,81.91,27493140.0,275215.0,82.935574,86.453,40.3553176492118,-0.6230774429874089,-0.4086634278865826,-0.21441401510082625
2022-03-07 05:00:00+00:00,81.76,82.97,75.625,75.7,25899703.0,244023.0,77.605035,86.24533333333333,34.48942416517984,-1.5907915575576226,-0.6450890538207906,-0.945702503736832
2022-03-08 05:00:00+00:00,76.25,80.25,73.93,77.16,27346496.0,266587.0,77.334093,86.05233333333332,36.81480800953357,-2.2143762164652543,-0.9589464863496835,-1.2554297301155708
2022-03-09 05:00:00+00:00,79.97,80.49,77.54,79.44,18667675.0,171180.0,79.249575,86.00966666666666,40.37426426149782,-2.4958242971881504,-1.266322048517377,-1.2295022486707734
2022-03-10 05:00:00+00:00,77.735,77.735,73.81,75.72,21124687.0,196133.0,75.283386,85.80133333333333,36.73783849058021,-2.9846417473592197,-1.6099859882857457,-1.374655759073474
2022-03-11 05:00:00+00:00,76.68,76.7,72.635,72.82,22139339.0,196286.0,73.600486,85.60466666666666,34.155183079585015,-3.5649444020817356,-2.000977671044944,-1.5639667310367917
2022-03-14 04:00:00+00:00,71.75,72.47,68.96,69.4,24011703.0,209741.0,70.209606,85.27566666666667,31.355674498774263,-4.251791844931802,-2.4511405058223157,-1.800651339109486
2022-03-15 04:00:00+00:00,70.048,73.53,68.34,73.11,22402199.0,191507.0,71.749218,84.97033333333334,37.35426456991393,-4.445512299074366,-2.8500148644727257,-1.5954974346016404
2022-03-16 04:00:00+00:00,76.47,79.71,76.15,79.67,35002216.0,272625.0,78.355415,84.911,46.291482008897624,-4.023321631532781,-3.084676217884737,-0.938645413648044
2022-03-17 04:00:00+00:00,78.2,80.58,77.2,80.52,21206004.0,181363.0,79.106435,84.778,47.33980011125417,-3.5788893805354434,-3.1835188504148784,-0.395370530120565
2022-03-18 04:00:00+00:00,79.1,81.2,78.06,79.41,28220652.0,193409.0,79.652881,84.69266666666665,46.07505073187463,-3.278449418864767,-3.2025049641048566,-0.07594445475991041
2022-03-21 04:00:00+00:00,78.99,79.89,75.53,78.35,30649057.0,242641.0,77.289576,84.59866666666667,44.842967714210715,-3.0902591421271666,-3.180055799709319,0.0897966575821525
2022-03-22 04:00:00+00:00,77.7,79.73,77.51,79.12,16552635.0,150073.0,78.968094,84.54033333333334,45.973162346951426,-2.8461754877928342,-3.1132797373260224,0.2671042495331881
2022-03-23 04:00:00+00:00,77.86,78.22,75.075,75.65,27732861.0,235329.0,76.446283,84.258,41.81494389788537,-2.8993159239947914,-3.0704869746597763,0.17117105066498484
2022-03-24 04:00:00+00:00,75.9,78.535,75.32,78.21,23100657.0,184073.0,77.370163,83.92766666666667,45.71589727665323,-2.703693007355355,-2.997128181198892,0.293435173843537
2022-03-25 04:00:00+00:00,78.265,78.3,75.13,78.1,22379729.0,180983.0,77.113556,83.497,45.57450727881165,-2.5283908019272445,-2.9033807053445626,0.3749899034173181
2022-03-28 04:00:00+00:00,78.59,80.18,77.27,79.86,51165750.0,387538.0,78.951149,83.16699999999999,48.32816520359039,-2.221833338393239,-2.767071231954298,0.5452378935610591
2022-03-29 04:00:00+00:00,82.1,82.55,79.26,82.05,41575699.0,334624.0,81.625972,82.90666666666668,51.60902818686375,-1.7816320967253745,-2.5699834049085135,0.788351308183139
2022-03-30 04:00:00+00:00,84.3,86.24,78.6,79.16,70087027.0,506982.0,82.281141,82.34533333333334,47.33754814338431,-1.6469828948861647,-2.3853833029040437,0.738400408017879
2022-03-31 04:00:00+00:00,77.67,79.96,76.83,77.89,34528032.0,252978.0,78.337938,81.73966666666666,45.553268955302585,-1.6240300114521773,-2.2331126446136706,0.6090826331614934
2022-04-01 04:00:00+00:00,78.43,78.91,74.06,76.18,33487923.0,279604.0,75.603871,81.15466666666667,43.19255680158467,-1.7239497750129829,-2.131280070693533,0.40733029568055024
2022-04-04 04:00:00+00:00,76.9,78.18,76.5103,77.67,24282176.0,186942.0,77.350201,80.71700000000001,45.826955903222206,-1.6637279399109133,-2.037769644537009,0.37404170462609576
2022-04-05 04:00:00+00:00,76.71,78.02,74.3,74.61,21112395.0,187410.0,75.241285,80.18499999999999,41.563976282673856,-1.8416882920114261,-1.9985533740318926,0.15686508202046645
2022-04-06 04:00:00+00:00,73.175,74.885,71.47,73.79,26656604.0,259509.0,73.006416,79.73433333333332,40.47734702064576,-2.0255411229504574,-2.003950923815606,-0.021590199134851495
2022-04-07 04:00:00+00:00,73.67,74.68,72.13,73.27,21326004.0,171308.0,73.43515,79.21566666666666,39.767336174656805,-2.187983755475898,-2.0407574901476644,-0.14722626532823346
2022-04-08 04:00:00+00:00,72.5,72.85,70.83,72.14,19439732.0,159701.0,72.04528,78.617,38.19925819757977,-2.3804617865944095,-2.1086983494370135,-0.27176343715739604
2022-04-11 04:00:00+00:00,70.55,72.91,70.09,72.03,21029807.0,177065.0,71.760807,78.056,38.04200356012661,-2.51291082195398,-2.189540843940407,-0.32336997801357326
2022-04-12 04:00:00+00:00,72.79,73.59,71.57,71.96,18598028.0,153322.0,72.478138,77.57933333333334,37.934980236790096,-2.593628318922839,-2.2703583389368935,-0.32326997998594553
2022-04-13 04:00:00+00:00,72.365,73.75,71.86,72.38,18807244.0,151606.0,72.832553,76.882,39.04306781527956,-2.59380723171698,-2.335048117492911,-0.25875911422406883
2022-04-14 04:00:00+00:00,72.56,72.81,70.09,70.13,18515202.0,154801.0,71.081813,76.24700000000001,35.39710036721807,-2.7438755282740175,-2.4168135996491324,-0.32706192862488503
2022-04-18 04:00:00+00:00,70.25,72.1,70.05,71.15,17426130.0,137548.0,71.231318,75.88833333333332,38.213937320282184,-2.7488136463369415,-2.483213608986694,-0.2656000373502474
2022-04-19 04:00:00+00:00,70.96,73.41,70.77,72.73,15075303.0,119295.0,72.471941,75.78933333333333,42.403308438787164,-2.5953171445761285,-2.505634316104581,-0.08968282847154763
2022-04-20 04:00:00+00:00,73.806,76.2295,72.89,73.2,18957726.0,160736.0,74.106841,75.65733333333334,43.627780560934156,-2.4079872113495497,-2.4861048951535745,0.07811768380402473
2022-04-21 04:00:00+00:00,73.97,74.49,70.65,70.92,17545940.0,148115.0,72.112961,75.37333333333335,39.26666988754914,-2.415657637324756,-2.472015443587811,0.056357806263054755
2022-04-22 04:00:00+00:00,70.64,70.98,69.31,69.41,18606372.0,172379.0,69.929191,75.163,36.653451820986305,-2.5145942088173,-2.4805311966337085,-0.034063012183591646
2022-04-25 04:00:00+00:00,68.42,70.17,67.93,70.12,19914644.0,167970.0,69.344303,75.07300000000001,38.71857757503326,-2.506814095783625,-2.4857877764636918,-0.02102631931993315
2022-04-26 04:00:00+00:00,68.685,69.16,67.04,67.08,18519379.0,164803.0,67.806249,74.99566666666666,33.65889450493998,-2.714658006132936,-2.5315618223975407,-0.18309618373539527
2022-04-27 04:00:00+00:00,66.13,68.48,65.862,66.47,16074904.0,168873.0,66.827162,74.77433333333333,32.734514052275784,-2.895223371721343,-2.604294132262301,-0.29092923945904214
2022-04-28 04:00:00+00:00,67.65,70.81,67.06,70.18,20919582.0,160772.0,69.050742,74.458,42.989488863827994,-2.707743548501739,-2.6249840155101887,-0.08275953299155026
2022-04-29 04:00:00+00:00,69.1,71.335,68.02,68.19,16719462.0,151261.0,69.283818,74.047,39.510016619503965,-2.6887466095291046,-2.637736534313972,-0.051010075215132566
2022-05-02 04:00:00+00:00,68.16,70.74,67.58,70.6,15208152.0,174388.0,69.174451,73.75333333333333,45.28566649210332,-2.450971268629985,-2.6003834811771744,0.1494122125471895
2022-05-03 04:00:00+00:00,70.47,71.96,70.2,71.26,13409617.0,153310.0,71.30518,73.51700000000001,46.784210423573654,-2.1840991779696566,-2.517126620535671,0.33302744256601446
2022-05-04 04:00:00+00:00,71.77,73.9,70.16,73.62,16913541.0,176575.0,72.199473,73.33366666666667,51.86130686086724,-1.7618592302674472,-2.3660731424820263,0.6042139122145791
2022-05-05 04:00:00+00:00,72.31,72.56,70.36,71.29,16423154.0,171098.0,71.427842,73.18833333333333,47.08506133011504,-1.5968352344293493,-2.212225560871491,0.6153903264421419
2022-05-06 04:00:00+00:00,70.55,71.91,68.89,70.35,15019032.0,172308.0,70.485671,72.92633333333333,45.273536768756806,-1.5243311324544209,-2.0746466751880774,0.5503155427336566
2022-05-09 04:00:00+00:00,69.2,71.4,67.48,67.93,21448097.0,222671.0,68.69382,72.58733333333335,40.90978099338059,-1.643203062446105,-1.988357952639683,0.34515489019357815
2022-05-10 04:00:00+00:00,69.57,70.59,67.61,68.91,17440721.0,184886.0,69.087425,72.22233333333334,43.29344306284616,-1.6394337419273768,-1.918573110497222,0.2791393685698451
2022-05-11 04:00:00+00:00,68.66,70.88,66.82,66.96,16992053.0,188149.0,68.523621,71.71933333333332,39.848848721486796,-1.7733531205303308,-1.8895291125038438,0.11617599197351303
2022-05-12 04:00:00+00:00,66.0,68.9011,65.87,67.71,26793771.0,271579.0,67.168599,71.33766666666666,41.76791354286259,-1.7982374984041058,-1.8712707896838963,0.07303329127979041
2022-05-13 04:00:00+00:00,69.095,72.63,68.02,71.92,22816356.0,201100.0,71.265755,71.13866666666668,51.18296347982023,-1.461400614990069,-1.789296754745131,0.32789613975506215
2022-05-16 04:00:00+00:00,71.51,72.04,70.32,70.47,13235418.0,128576.0,71.102414,70.94833333333332,48.28720124090048,-1.2965124514606572,-1.6907398940882363,0.39422744262757914
2022-05-17 04:00:00+00:00,72.25,74.73,72.1499,74.48,17479947.0,161341.0,73.654102,70.842,55.7442683507313,-0.8326654577956276,-1.5191250068297149,0.6864595490340872
2022-05-18 04:00:00+00:00,73.18,74.22,70.09,71.05,20366624.0,186429.0,71.671997,70.72333333333334,49.20786343256906,-0.7333817395931419,-1.3619763533824003,0.6285946137892584
2022-05-19 04:00:00+00:00,70.76,71.7,69.05,69.39,16047338.0,169120.0,70.309953,70.57666666666665,46.37379693753757,-0.7796593764476967,-1.2455129579954596,0.4658535815477629
2022-05-20 04:00:00+00:00,70.6,70.69,66.11,68.9,20084312.0,190773.0,67.886069,70.431,45.54003594749729,-0.8461200961890398,-1.1656343856341758,0.31951428944513593
2022-05-23 04:00:00+00:00,68.77,70.1999,68.52,69.59,12291048.0,111582.0,69.375468,70.346,46.98548050779307,-0.8335053313574576,-1.0992085747788323,0.26570324342137464
2022-05-24 04:00:00+00:00,68.36,68.41,66.01,66.62,18634067.0,175497.0,66.706057,70.16566666666668,41.838080890365404,-1.0510464092659504,-1.089576141676256,0.03852973241030555
2022-05-25 04:00:00+00:00,65.925,68.85,65.9,67.87,16075015.0,145865.0,67.422196,70.02933333333334,44.589486601659324,-1.109791739145649,-1.0936192611701347,-0.016172477975514354
2022-05-26 04:00:00+00:00,66.39,71.0399,66.35,70.6,14853067.0,138212.0,69.88611,69.97,50.13738242189233,-0.9253923054144053,-1.059973870018989,0.1345815646045836
2022-05-27 04:00:00+00:00,71.76,73.435,71.64,73.32,13021541.0,112340.0,72.805082,70.07633333333334,54.974489576931575,-0.5533939763609936,-0.9586578912873899,0.40526391492639624
2022-05-31 04:00:00+00:00,73.47,74.4797,71.93,73.84,15229099.0,132047.0,73.584875,70.166,55.85614725159478,-0.21415432851161142,-0.8097571787322343,0.5956028502206229
2022-06-01 04:00:00+00:00,74.498,75.39,72.55,73.55,13457830.0,136240.0,73.867843,70.19333333333334,55.20689419838141,0.030938322407550345,-0.6416180785042774,0.6725564009118278
2022-06-02 04:00:00+00:00,73.13,75.41,73.13,75.37,11291051.0,115526.0,74.578759,70.26566666666666,58.46952544660096,0.36779509082104767,-0.43973544463921244,0.8075305354602601
2022-06-03 04:00:00+00:00,71.69,71.69,69.1101,69.94,29706602.0,249529.0,70.158643,70.233,47.38099244002971,0.19436042116414853,-0.31291627147854023,0.5072766926426888
2022-06-06 04:00:00+00:00,70.742,72.14,70.01,70.45,13076905.0,124153.0,70.942546,70.26766666666667,48.371346201737516,0.09694738458208008,-0.23094354026641617,0.32789092484849625
2022-06-07 04:00:00+00:00,68.65,70.87,68.12,70.76,14223074.0,126272.0,69.762689,70.289,48.999689123794575,0.04425116065503687,-0.17590460008212555,0.22015576073716242
2022-06-08 04:00:00+00:00,69.84,70.4,67.76,68.6,16281363.0,151358.0,68.864227,70.33966666666667,44.899324533029024,-0.16984703371122123,-0.17469308680794468,0.004846053096723452
2022-06-09 04:00:00+00:00,67.94,68.69,66.0,66.02,15027371.0,140740.0,67.238624,70.32466666666666,40.53597130669495,-0.5414641713633017,-0.2480473037190161,-0.29341686764428565
2022-06-10 04:00:00+00:00,64.84,65.56,62.28,62.62,26502284.0,229805.0,63.260127,70.07266666666668,35.6228934074242,-1.097671738795981,-0.41797219073440905,-0.6796995480615718
2022-06-13 04:00:00+00:00,60.02,60.96,58.58,58.84,24075098.0,195617.0,59.282373,69.761,31.108588050246766,-1.822476280359524,-0.6988730086594321,-1.1236032717000919
2022-06-14 04:00:00+00:00,59.36,59.8721,57.72,58.7,17001482.0,153354.0,58.717124,69.36433333333335,30.95213885799201,-2.3807422171359747,-1.0352468503547407,-1.345495366781234
2022-06-15 04:00:00+00:00,59.33,60.075,57.55,59.12,19210572.0,191539.0,59.008407,68.95966666666666,32.05608911491409,-2.7574948203980227,-1.3796964443633972,-1.3777983760346255
2022-06-16 04:00:00+00:00,57.0,57.0,54.25,55.01,22687938.0,189069.0,55.285759,68.33933333333333,27.4337512558524,-3.3491101668808483,-1.7735791888668875,-1.5755309780139608
2022-06-17 04:00:00+00:00,55.9,56.32,53.6,55.75,24135814.0,164529.0,55.394903,67.82133333333334,29.40746651629611,-3.7154286273231634,-2.161949076558143,-1.5534795507650205
2022-06-21 04:00:00+00:00,56.815,57.92,56.34,56.8,15487655.0,126563.0,56.990718,67.36966666666666,32.22433067396361,-3.8763285193811186,-2.504824965122738,-1.3715035542583807
2022-06-22 04:00:00+00:00,55.96,57.14,55.6,56.34,13502486.0,123586.0,56.402663,66.98333333333333,31.628882188651616,-3.994910161085997,-2.80284200431539,-1.192068156770607
2022-06-23 04:00:00+00:00,56.61,56.83,54.955,56.22,13316525.0,103960.0,55.99964,66.56033333333333,31.46553805207884,-4.051862613577455,-3.052646126167803,-0.9992164874096523
2022-06-24 04:00:00+00:00,57.15,59.0,57.13,58.44,15479335.0,129668.0,58.297742,66.27633333333333,37.85924388671876,-3.8732143913006496,-3.2167597791943727,-0.6564546121062769
2022-06-27 04:00:00+00:00,59.575,60.045,58.37,58.78,16133267.0,117535.0,59.102228,65.97866666666667,38.800914893866135,-3.661986132920802,-3.305805049939659,-0.35618108298114315
2022-06-28 04:00:00+00:00,58.98,60.59,57.81,57.86,19369886.0,150564.0,58.776673,65.51,37.159978621513126,-3.528152185381934,-3.350274477028114,-0.1778777083538201
2022-06-29 04:00:00+00:00,57.23,57.52,55.32,56.02,17325227.0,163375.0,56.030651,65.02833333333334,34.057706915667,-3.529870292747418,-3.3861936401719754,-0.1436766525754427
2022-06-30 04:00:00+00:00,54.99,56.405,54.22,55.28,29691618.0,217583.0,54.936623,64.38833333333334,32.86922541449208,-3.550021285210441,-3.4189591691796686,-0.13106211603077256
2022-07-01 04:00:00+00:00,53.29,53.96,51.4,53.65,43674181.0,319732.0,52.875266,63.80833333333333,30.356370388123878,-3.6553815068243622,-3.4662436367086076,-0.18913787011575467
2022-07-05 04:00:00+00:00,52.175,56.89,52.09,56.73,33766111.0,264313.0,55.383936,63.38633333333333,39.73222599617424,-3.4505739139939706,-3.4631096921656805,0.012535778171709921
2022-07-06 04:00:00+00:00,56.85,58.12,56.4619,57.37,23565024.0,200800.0,57.362043,63.002,41.494762816826224,-3.199735214038604,-3.4104347965402653,0.2106995825016611
2022-07-07 04:00:00+00:00,59.1,59.31,57.84,58.85,22945542.0,178838.0,58.656246,62.644,45.46651995896756,-2.8486822700389425,-3.298084291240001,0.4494020212010583
2022-07-08 04:00:00+00:00,58.221,60.43,58.1019,59.14,19283045.0,150786.0,59.269396,62.39466666666667,46.23670448422796,-2.518043270950443,-3.1420760871820894,0.6240328162316464
2022-07-11 04:00:00+00:00,58.11,58.605,57.71,57.81,13768886.0,107534.0,58.045043,62.059333333333335,43.221805233286666,-2.3363968383774036,-2.9809402374211524,0.6445433990437488
2022-07-12 04:00:00+00:00,58.41,60.08,58.1,59.18,21529338.0,188969.0,59.174398,61.67866666666667,47.05173882452374,-2.058167903018152,-2.796385770540552,0.7382178675224003
2022-07-13 04:00:00+00:00,57.37,59.4193,57.36,58.86,13987599.0,142025.0,58.652476,61.196666666666665,46.266697961847754,-1.842254430551293,-2.6055595025427003,0.7633050719914074
2022-07-14 04:00:00+00:00,57.935,59.66,57.32,59.35,14803838.0,135890.0,58.563341,60.71366666666666,47.705507548331155,-1.6130087819741163,-2.4070493584289836,0.7940405764548673
2022-07-15 04:00:00+00:00,61.48,61.7,59.4,61.53,20317786.0,156178.0,60.870125,60.313,53.65169682082628,-1.2411153674823225,-2.1738625602396513,0.9327471927573288
2022-07-18 04:00:00+00:00,62.09,62.325,60.14,60.45,13233041.0,117185.0,61.187449,59.81566666666666,50.58309778185879,-1.021755964476128,-1.9434412410869468,0.9216852766108188
2022-07-19 04:00:00+00:00,61.465,62.755,61.38,62.4,19103244.0,143315.0,62.129968,59.56433333333334,55.52883183937095,-0.6826936861723993,-1.6912917301040375,1.0085980439316382
2022-07-20 04:00:00+00:00,62.22,63.52,61.85,63.3,15176088.0,121561.0,62.786678,59.326,57.63621071771338,-0.3374717452088305,-1.4205277331249961,1.0830559879161656
2022-07-21 04:00:00+00:00,62.6,63.68,61.93,63.64,12924682.0,116224.0,62.94726,59.08866666666667,58.43749548397638,-0.03603037556263189,-1.1436282616125235,1.1075978860498916
2022-07-22 04:00:00+00:00,61.285,62.92,61.01,61.29,22103401.0,185005.0,61.651149,58.845,51.22555130352695,0.013087852799067434,-0.9122850387302054,0.9253728915292728
2022-07-25 04:00:00+00:00,61.35,61.83,59.7,60.15,14474829.0,122534.0,60.326718,58.64933333333333,48.1228915698516,-0.03951852501212727,-0.7377317359865898,0.6982132109744625
2022-07-26 04:00:00+00:00,60.31,60.685,59.55,59.66,11044824.0,101462.0,60.010797,58.550666666666665,46.810490392574124,-0.11937231361049783,-0.6140598515113714,0.4946875379008736
2022-07-27 04:00:00+00:00,60.49,62.39,59.61,61.89,14513018.0,123650.0,61.141616,58.65233333333334,53.08169125917785,-0.002683717058104662,-0.4917846246207181,0.48910090756261343
2022-07-28 04:00:00+00:00,62.25,62.3,60.19,62.07,10120280.0,104432.0,61.594549,58.76466666666667,53.5576737915097,0.10312853057762084,-0.3728019935810503,0.47593052415867115
2022-07-29 04:00:00+00:00,61.35,62.09,60.7727,61.86,14193664.0,125704.0,61.555141,58.855999999999995,52.88360964084447,0.1681024735335015,-0.26462110015813994,0.43272357369164144
2022-08-01 04:00:00+00:00,62.5,63.99,62.0,62.54,13353182.0,127114.0,62.886018,59.107,54.86455088419397,0.27133730093730435,-0.1574294199390511,0.4287667208763555
2022-08-02 04:00:00+00:00,61.75,63.3,60.88,62.47,11535836.0,108015.0,62.205873,59.330999999999996,54.61001694143738,0.3435430796617851,-0.05723492001888386,0.40077799968066896
2022-08-03 04:00:00+00:00,62.5,64.53,62.4383,64.25,12290125.0,104237.0,63.846246,59.57933333333334,59.726587342104665,0.5381938398628847,0.061850831957469855,0.47634300790541484
2022-08-04 04:00:00+00:00,64.12,64.99,63.65,64.85,11338439.0,112193.0,64.420183,59.86300000000001,61.30978804431907,0.7324279814465058,0.19596626185527705,0.5364617195912287
2022-08-05 04:00:00+00:00,62.86,63.215,61.795,62.46,15039387.0,139314.0,62.443658,60.071000000000005,52.462714568708776,0.6856036994228916,0.2938937493688,0.3917099500540916
2022-08-08 04:00:00+00:00,61.99,62.62,60.98,61.45,11464767.0,121323.0,61.683395,60.17133333333334,49.229717441332006,0.5605350602371786,0.34722201154247573,0.21331304869470286
2022-08-09 04:00:00+00:00,58.995,60.54,57.74,59.15,33082915.0,259995.0,58.81271,60.18366666666667,42.7664916232205,0.2726831627527915,0.3323142417845389,-0.059631079031747414
2022-08-10 04:00:00+00:00,60.0,61.5602,59.39,61.4,17418395.0,155283.0,60.783755,60.30166666666666,49.72074044614167,0.22353785090316336,0.31055896360826385,-0.08702111270510049
2022-08-11 04:00:00+00:00,62.0,64.1009,62.0,62.32,18298541.0,170011.0,62.900332,60.51166666666666,52.27427860010435,0.2558765626915971,0.2996224834249305,-0.04374592073333339
2022-08-12 04:00:00+00:00,62.66,65.415,62.23,65.04,16189901.0,142768.0,64.44665,60.836999999999996,58.91746544145269,0.495277245002292,0.3387534357404028,0.1565238092618892
2022-08-15 04:00:00+00:00,64.7,65.1199,63.89,64.7,9689080.0,95431.0,64.509039,61.205333333333336,57.833787344300276,0.6500751898895558,0.40101778657023346,0.24905740331932236
2022-08-16 04:00:00+00:00,64.12,64.56,63.22,63.86,9275386.0,93626.0,63.892525,61.443,55.13559232121501,0.6969388197597652,0.4602019932081398,0.23673682655162542
2022-08-17 04:00:00+00:00,62.81,62.81,60.76,61.62,14737369.0,146481.0,61.503444,61.584666666666664,48.621241241175824,0.547023557467071,0.47756630605992606,0.06945725140714493
2022-08-18 04:00:00+00:00,61.75,63.415,61.25,62.98,11303931.0,110174.0,62.797456,61.72233333333334,52.30575881931197,0.5318247216825682,0.48841798918445456,0.043406732498113665
2022-08-19 04:00:00+00:00,61.835,62.25,60.28,60.51,14050335.0,127129.0,60.829347,61.768,45.871705697795065,0.31681908428238614,0.4540982082040409,-0.13727912392165476
2022-08-22 04:00:00+00:00,59.562,59.61,57.965,58.31,13096754.0,117923.0,58.581736,61.784666666666666,41.03051176740628,-0.030741675324975404,0.3571302314982377,-0.3878719068232131
2022-08-23 04:00:00+00:00,58.35,59.29,57.76,57.86,12760846.0,127749.0,58.304522,61.74066666666667,40.09831366212293,-0.33859421717888694,0.21798534176281276,-0.5565795589416997
2022-08-24 04:00:00+00:00,57.88,58.565,57.36,58.31,9961297.0,97399.0,58.104355,61.72233333333334,41.528942303166446,-0.5400331691478684,0.06638163958067653,-0.6064148087285449
2022-08-25 04:00:00+00:00,58.6,61.27,58.58,61.2,12171626.0,109093.0,60.564723,61.784000000000006,49.81801117916286,-0.46116017517315555,-0.0391267233700899,-0.4220334518030657
2022-08-26 04:00:00+00:00,61.07,61.22,57.61,57.63,15754011.0,138406.0,58.536351,61.653999999999996,41.913518906580094,-0.678896032598395,-0.16708058521575092,-0.5118154473826442
2022-08-29 04:00:00+00:00,57.31,58.0,56.52,57.01,11607551.0,103642.0,57.213099,61.53933333333334,40.70556722922796,-0.8912087866198988,-0.31190622549658054,-0.5793025611233182
2022-08-30 04:00:00+00:00,57.48,57.8,55.58,56.3,12742358.0,131714.0,56.330639,61.336,39.30845046465519,-1.1040326390684285,-0.47033150821095016,-0.6337011308574784
2022-08-31 04:00:00+00:00,55.99,57.155,55.81,56.53,14167084.0,129203.0,56.445311,61.11033333333333,40.02656217359718,-1.2398458267239079,-0.6242343719135417,-0.6156114548103662
2022-09-01 04:00:00+00:00,55.26,57.4,54.79,57.31,17593890.0,167894.0,56.010868,60.89933333333333,42.51084566044728,-1.2699006509357602,-0.7533676277179855,-0.5165330232177747
2022-09-02 04:00:00+00:00,58.3,58.8,56.0,56.33,12800346.0,126009.0,57.119223,60.734,40.25466151144419,-1.357152713769139,-0.8741246449282163,-0.48302806884092275
2022-09-06 04:00:00+00:00,56.33,56.69,55.125,55.23,12126764.0,131257.0,55.613683,60.57,37.82784105169708,-1.4977957520144543,-0.9988588663454641,-0.4989368856689902
2022-09-07 04:00:00+00:00,55.31,55.72,54.01,55.0,17000371.0,148679.0,55.03487,60.41466666666667,37.32120399895961,-1.6092648474828408,-1.1209400625729393,-0.4883247849099015
2022-09-08 04:00:00+00:00,54.49,55.915,53.74,55.39,18395281.0,171018.0,55.068145,60.198,38.81755566398024,-1.647147872736042,-1.22618162460556,-0.4209662481304821
2022-09-09 04:00:00+00:00,56.17,57.68,56.17,57.44,13929807.0,120212.0,57.214309,60.04366666666667,46.101456025864046,-1.4945246261653438,-1.2798502249175168,-0.214674401247827
2022-09-12 04:00:00+00:00,57.46,58.14,57.03,57.94,10711515.0,105250.0,57.739285,59.913000000000004,47.73579576791366,-1.3180303489243101,-1.2874862497188755,-0.03054409920543466
2022-09-13 04:00:00+00:00,55.7,56.24,53.14,53.62,22338776.0,186009.0,54.300774,59.61566666666666,37.23136179392693,-1.5093464525226565,-1.3318582902796317,-0.17748816224302488
2022-09-14 04:00:00+00:00,53.89,54.2302,52.455,53.11,19979423.0,172319.0,53.270362,59.30366666666667,36.218091834777994,-1.6827212179911868,-1.4020308758219426,-0.28069034216924416
2022-09-15 04:00:00+00:00,52.7,53.45,51.98,52.69,15587123.0,147758.0,52.82209,58.91833333333334,35.3645051559411,-1.8328841115293102,-1.4882015229634162,-0.34468258856589395
2022-09-16 04:00:00+00:00,51.9,53.01,51.49,52.85,24858734.0,150246.0,52.55689,58.51833333333333,35.983475061632944,-1.9168820012069858,-1.5739376186121303,-0.3429443825948555
2022-09-19 04:00:00+00:00,51.97,52.77,51.88,52.1,19251428.0,154973.0,52.284662,58.172999999999995,34.32417646369581,-2.0206765643310263,-1.6632854077559096,-0.35739115657511666
2022-09-20 04:00:00+00:00,51.53,51.59,50.59,50.8,19373809.0,162341.0,51.057732,57.818,31.603808581818512,-2.182673141544086,-1.767162954513545,-0.4155101870305411
2022-09-21 04:00:00+00:00,49.72,52.51,49.72,50.1,31110445.0,256955.0,51.07061,57.516333333333336,30.215161751381572,-2.3405602246421324,-1.8818424085392627,-0.45871781610286977
2022-09-22 04:00:00+00:00,49.8,50.37,49.345,49.66,21315652.0,175029.0,49.790979,57.125,29.34241632970378,-2.472687594879723,-2.000011445807355,-0.4726761490723681
2022-09-23 04:00:00+00:00,49.28,50.15,48.45,50.1,24591711.0,198300.0,49.47334,56.717666666666666,31.474001601722847,-2.5129276986854734,-2.1025946963829787,-0.4103330023024947
2022-09-26 04:00:00+00:00,49.925,50.46,48.81,48.88,19277461.0,156736.0,49.388287,56.179,28.87307110273359,-2.613139430172197,-2.2047036431408227,-0.4084357870313742
2022-09-27 04:00:00+00:00,49.82,50.65,49.395,50.58,17329834.0,154164.0,50.147396,55.708333333333336,36.720278291079566,-2.526260992674082,-2.269015113047475,-0.2572458796266073
2022-09-28 04:00:00+00:00,50.11,51.19,50.1,51.0,17778044.0,162930.0,50.706671,55.27966666666667,38.524815959572166,-2.3959002682220074,-2.294392144082382,-0.10150812413962562
2022-09-29 04:00:00+00:00,50.04,50.3,49.22,50.01,25582107.0,196498.0,49.734045,54.89266666666666,35.92429569961247,-2.3454364497114426,-2.304601005208194,-0.040835444503248386
2022-09-30 04:00:00+00:00,50.54,52.06,49.81,50.1,38904452.0,274939.0,50.816908,54.46333333333333,36.344968473000876,-2.271991162277679,-2.2980790366220916,0.0260878743444124
2022-10-03 04:00:00+00:00,51.01,53.085,50.64,51.72,24632356.0,212890.0,52.073786,54.17033333333333,43.53142837984553,-2.0593261517551866,-2.2503284596487108,0.19100230789352413
2022-10-04 04:00:00+00:00,53.56,54.81,52.6616,53.96,24275473.0,196286.0,53.981303,54.025333333333336,51.658275589108754,-1.6905507030352211,-2.138372908326013,0.44782220529079186
2022-10-05 04:00:00+00:00,52.882,55.2,52.17,54.73,20418268.0,179316.0,54.007255,53.921,54.10351885935601,-1.3209340329208814,-1.9748851332449868,0.6539511003241054
2022-10-06 04:00:00+00:00,54.4,55.1075,53.3,54.62,17147446.0,151626.0,54.394935,53.797999999999995,53.68574089589757,-1.0250698721997296,-1.7849220810359354,0.7598522088362059
2022-10-07 04:00:00+00:00,53.56,54.645,52.51,52.91,21977713.0,173140.0,53.221109,53.52166666666666,47.54008701857985,-0.9179960155412701,-1.6115368679370026,0.6935408523957325
2022-10-10 04:00:00+00:00,53.07,53.13,50.765,51.38,17227359.0,153906.0,51.580741,53.31333333333334,42.81720140046569,-0.9456960308027007,-1.4783687005101422,0.5326726697074415
2022-10-11 04:00:00+00:00,50.64,54.78,50.33,53.71,32782814.0,248485.0,53.137902,53.20333333333333,50.82861367929519,-0.770752213348807,-1.3368454030778754,0.5660931897290684
2022-10-12 04:00:00+00:00,53.6,53.77,52.39,52.75,18087127.0,157902.0,53.123875,53.085,47.85379786575827,-0.7014856644792431,-1.209773455358149,0.5082877908789059
2022-10-13 04:00:00+00:00,51.352,55.92,50.74,54.86,27525368.0,245645.0,54.04103,53.029333333333334,54.19870769301363,-0.47090377388936133,-1.0619995190643916,0.5910957451750303
2022-10-14 04:00:00+00:00,55.235,55.44,52.6,52.72,20400263.0,186096.0,53.265305,52.876333333333335,47.840761400456,-0.4555942724427169,-0.9407184697400567,0.4851241972973398
2022-10-17 04:00:00+00:00,54.6,54.99,52.85,53.5,18261725.0,156326.0,53.623782,52.782000000000004,50.136771685015255,-0.3761854690592372,-0.8278118696038927,0.4516264005446555
2022-10-18 04:00:00+00:00,55.01,55.14,51.66,52.55,19790679.0,179281.0,52.745795,52.69266666666667,47.40002355845326,-0.3854670565045595,-0.739342906984026,0.35387585047946657
2022-10-19 04:00:00+00:00,52.09,53.43,52.06,53.03,14786102.0,132805.0,52.875827,52.626999999999995,48.91726575960312,-0.350055570240869,-0.6614854396353947,0.31142986939452577
2022-10-20 04:00:00+00:00,53.5,55.1,53.17,53.7,15711842.0,146284.0,54.04058,52.57066666666667,51.04015645810137,-0.2648749975813942,-0.5821633512245946,0.3172883536432004
2022-10-21 04:00:00+00:00,53.49,56.28,53.335,56.05,20199202.0,169081.0,55.525065,52.52433333333333,57.68289542424084,-0.007655175724742946,-0.4672617161246243,0.45960654039988136
2022-10-24 04:00:00+00:00,56.23,56.81,55.0702,56.24,15287420.0,146753.0,56.051338,52.467666666666666,58.176970645933864,0.20911425935639016,-0.3319865210284214,0.5411007803848116
2022-10-25 04:00:00+00:00,56.68,57.03,55.34,55.87,17313001.0,146738.0,56.080901,52.542666666666676,56.78652121012655,0.34704912434182233,-0.19617939195437264,0.543228516296195
2022-10-26 04:00:00+00:00,56.08,57.44,54.96,55.45,23481317.0,219026.0,56.082907,52.620666666666665,55.174485569814,0.417658501474655,-0.0734118132685671,0.4910703147432221
2022-10-27 04:00:00+00:00,55.37,56.23,52.12,52.21,27335831.0,224606.0,53.637253,52.60466666666666,44.64548158063919,0.20975805904055278,-0.016777838806743127,0.22653589784729591
2022-10-28 04:00:00+00:00,51.83,54.44,51.46,54.04,19142834.0,166688.0,53.457665,52.64433333333333,50.402522895227335,0.1904655977712153,0.024670848508848563,0.16579474926236673
2022-10-31 04:00:00+00:00,53.91,54.93,53.169,54.1,15929014.0,147681.0,54.193051,52.711000000000006,50.58399036605163,0.17796619822662052,0.055329918452402954,0.12263627977421757
2022-11-01 04:00:00+00:00,55.09,55.44,54.11,54.86,11731807.0,112727.0,54.862926,52.84633333333333,52.93309245277844,0.22677189717912682,0.08961831419774774,0.13715358298137909
2022-11-02 04:00:00+00:00,54.735,56.27,53.42,53.45,17086211.0,153995.0,54.763823,52.958,48.34168142093952,0.1499470528008331,0.10168406191836481,0.048262990882468285
2022-11-03 04:00:00+00:00,52.71,54.365,51.91,53.48,12769249.0,122583.0,53.43472,53.08533333333333,48.444148344476204,0.09044101173179797,0.09943545188105145,-0.008994440149253477
2022-11-04 04:00:00+00:00,55.26,56.91,54.815,56.16,18878991.0,158434.0,55.910953,53.287333333333336,56.70587177827976,0.25657797657250825,0.13086395681934282,0.12571401975316543
2022-11-07 05:00:00+00:00,56.43,56.8199,55.46,56.56,11411267.0,107818.0,56.229064,53.54333333333333,57.793015330665085,0.41572713162921815,0.1878365917813179,0.22789053984790025
2022-11-08 05:00:00+00:00,57.38,57.87,56.48,57.49,14177715.0,146838.0,57.4041,53.77366666666667,60.2897270957532,0.6098670436351341,0.27224268215208114,0.33762436148305297
2022-11-09 05:00:00+00:00,56.22,56.65,55.51,55.97,19952451.0,186492.0,56.04133,53.93933333333334,54.60438118188259,0.6337673502650105,0.344547615774667,0.2892197344903435
2022-11-10 05:00:00+00:00,58.6,60.38,58.06,60.27,24980454.0,197632.0,59.551927,54.281333333333336,64.73556249019548,0.9882901848010661,0.4732961295799469,0.5149940552211192
2022-11-11 05:00:00+00:00,60.65,63.18,59.88,62.52,17579438.0,180724.0,61.682623,54.69533333333334,68.67501415512157,1.4342748536278762,0.6654918743895328,0.7687829792383434
2022-11-14 05:00:00+00:00,61.94,62.75,60.985,61.78,14047936.0,132600.0,62.073722,55.03066666666667,66.06117421870955,1.7083166898468605,0.8740568374809984,0.8342598523658621
2022-11-15 05:00:00+00:00,63.495,64.44,62.42,63.1,16307984.0,164598.0,63.508783,55.33533333333333,68.37354583386248,2.008852981017313,1.1010160661882613,0.9078369148290515
2022-11-16 05:00:00+00:00,60.53,61.38,58.115,58.87,25901919.0,205409.0,59.469813,55.473333333333336,55.357273453362005,1.8839870783045214,1.2576102686115134,0.626376809693008
2022-11-17 05:00:00+00:00,57.3,58.99,56.51,58.74,14215119.0,141104.0,58.12329,55.610666666666674,55.010669807639765,1.7543173587625418,1.356951686641719,0.39736567212082274
2022-11-18 05:00:00+00:00,59.56,59.66,58.1,58.58,9703731.0,111363.0,58.685701,55.79966666666667,54.557900066715234,1.6199685202750942,1.4095550533683943,0.21041346690669993
2022-11-21 05:00:00+00:00,58.02,58.02,56.82,57.16,9968440.0,108280.0,57.218369,55.992333333333335,50.57907887103136,1.382971925787487,1.4042384278522129,-0.0212665020647258
2022-11-22 05:00:00+00:00,57.55,58.68,56.98,58.62,8955745.0,88167.0,58.036106,56.156,54.27167071452252,1.2979977058808174,1.382990283457934,-0.08499257757711653
2022-11-23 05:00:00+00:00,58.24,59.06,57.75,58.93,8996842.0,97972.0,58.609623,56.362,55.03981374325147,1.2413598104453243,1.3546641888554123,-0.113304378410088
2022-11-25 05:00:00+00:00,58.67,59.13,58.39,58.41,4360454.0,48312.0,58.723662,56.480333333333334,53.41883433052523,1.1413573589167143,1.3120028228676728,-0.17064546395095848
2022-11-28 05:00:00+00:00,57.32,57.76,55.47,55.75,15518925.0,143189.0,56.250033,56.58133333333333,45.96188264216836,0.8378072061929771,1.2171636995327337,-0.37935649333975663
2022-11-29 05:00:00+00:00,55.71,56.515,54.7743,55.12,12874235.0,136671.0,55.40459,56.63533333333333,44.38167482524453,0.5401789417377074,1.0817667479737285,-0.5415878062360211
2022-11-30 05:00:00+00:00,53.58,57.68,52.61,57.65,31433312.0,238292.0,55.553367,56.80533333333334,51.581073270279674,0.5026618805064942,0.9659457744802817,-0.46328389397378755
2022-12-01 05:00:00+00:00,57.83,57.92,55.1,55.49,21764196.0,214312.0,55.79801,56.88733333333334,46.095130584487535,0.2952321387383776,0.831803047331901,-0.5365709085935234
2022-12-02 05:00:00+00:00,54.34,55.42,53.38,54.68,15946484.0,166187.0,54.312979,56.919999999999995,44.19681750212987,0.06473610585751999,0.6783896590370249,-0.6136535531795049
2022-12-05 05:00:00+00:00,54.37,55.2659,53.695,54.04,13806856.0,114722.0,54.277986,56.852999999999994,42.70049456033877,-0.16764381854608956,0.509182963520402,-0.6768267820664916
2022-12-06 05:00:00+00:00,53.862,54.625,53.24,53.68,17987970.0,149521.0,53.824171,56.76766666666666,41.84235549745791,-0.3765153397335794,0.33204330286960576,-0.7085586426031851
2022-12-07 05:00:00+00:00,53.12,54.24,52.44,53.82,11360009.0,113706.0,53.503567,56.69933333333333,42.32775778799852,-0.5247022541712596,0.1606941914614327,-0.6853964456326923
2022-12-08 05:00:00+00:00,54.555,55.695,54.0501,55.2,13609135.0,129514.0,55.150625,56.691,47.02161090907629,-0.5247381301076572,0.02360772714761472,-0.548345857255272
2022-12-09 05:00:00+00:00,54.68,55.855,54.52,54.87,9932167.0,99255.0,55.236429,56.77966666666667,46.05629123255349,-0.5451111026492015,-0.09013603881174852,-0.45497506383745295
2022-12-12 05:00:00+00:00,53.52,55.38,53.335,55.35,13250562.0,144326.0,54.447224,56.82333333333334,47.7369531554542,-0.51657014264444,-0.17542285957828682,-0.34114728306615316
2022-12-13 05:00:00+00:00,57.185,57.89,54.645,55.24,14169321.0,157409.0,55.799383,56.86133333333333,47.372699579446945,-0.49709708118606244,-0.23975770389984197,-0.25733937728622047
2022-12-14 05:00:00+00:00,55.24,56.1,54.06,54.59,11168829.0,112992.0,54.947238,56.852333333333334,45.17893282460484,-0.5280273369530235,-0.2974116305104783,-0.2306157064425452
2022-12-15 05:00:00+00:00,53.56,53.72,51.85,52.04,17788826.0,157317.0,52.291083,56.80533333333334,37.78617107401105,-0.7496618411926264,-0.38786167264690796,-0.3618001685457184
2022-12-16 05:00:00+00:00,51.735,52.54,51.62,52.07,22902954.0,137120.0,52.034169,56.75833333333333,37.91488454227674,-0.9123707907684775,-0.4927634962712219,-0.4196072944972556
2022-12-19 05:00:00+00:00,52.17,52.29,51.1,51.72,16579516.0,128292.0,51.655875,56.61033333333333,36.95430448055841,-1.0573721525071846,-0.6056852275184145,-0.45168692498877017
2022-12-20 05:00:00+00:00,51.34,51.97,50.45,50.68,16985518.0,172241.0,51.046117,56.414333333333325,34.183001537319,-1.2418903458636308,-0.7329262511874578,-0.508964094676173
2022-12-21 05:00:00+00:00,50.925,51.745,50.745,51.19,20400478.0,170773.0,51.137039,56.20433333333333,36.69032616497707,-1.3316195247512894,-0.852664905900224,-0.4789546188510654
2022-12-22 05:00:00+00:00,49.5,49.97,48.43,49.43,40959621.0,281354.0,49.220612,55.98633333333333,32.13997234192445,-1.5271438726005826,-0.9875606992402958,-0.5395831733602868
2022-12-23 05:00:00+00:00,49.0,50.55,48.985,50.2,17596659.0,156704.0,49.932071,55.650666666666666,35.886311555770476,-1.6015046138203815,-1.110349482156313,-0.49115513166406854
2022-12-27 05:00:00+00:00,49.61,50.31,48.517,50.02,15189559.0,133650.0,49.706181,55.234,35.394392114160155,-1.655872663336524,-1.2194541183923553,-0.43641854494416865
2022-12-28 05:00:00+00:00,49.84,51.085,48.825,49.12,12518743.0,114220.0,49.58328,54.812,32.96147929929586,-1.7513932415803808,-1.3258419430299604,-0.4255512985504204
2022-12-29 05:00:00+00:00,49.4,50.925,49.34,50.65,13204261.0,103900.0,50.448181,54.397000000000006,40.45477135860616,-1.6842211220668162,-1.3975177788373316,-0.28670334322948454
2022-12-30 05:00:00+00:00,49.445,50.02,49.125,49.98,11985395.0,104136.0,49.577259,54.10066666666667,38.4290666858248,-1.665847283450013,-1.4511836797598678,-0.21466360369014525
2023-01-03 05:00:00+00:00,50.56,50.96,49.55,50.37,12407233.0,125996.0,50.311361,53.821666666666665,40.302913156746556,-1.6013567001069333,-1.4812182838292811,-0.1201384162776522
2023-01-04 05:00:00+00:00,53.05,54.52,52.73,54.2,25054210.0,208485.0,53.692011,53.675666666666665,54.83882679889083,-1.2270537450648362,-1.4303853760763923,0.20333163101155605
2023-01-05 05:00:00+00:00,53.89,55.39,53.89,54.71,17993660.0,152794.0,54.698153,53.594,56.36254513493128,-0.8791291649598989,-1.3201341338530936,0.44100496889319474
2023-01-06 05:00:00+00:00,55.43,57.29,54.03,56.77,21069764.0,174090.0,56.23217,53.532333333333334,61.94732879635019,-0.43218963165875834,-1.1425452334142265,0.7103556017554682
2023-01-09 05:00:00+00:00,56.82,57.515,55.65,56.36,15715899.0,166494.0,56.668259,53.44666666666667,60.29339544953459,-0.10980464537828283,-0.9359971158070379,0.8261924704287551
