timestamp,open,high,low,close,volume,trade_count,vwap,30sma,rsi,macd,signal,histogram
2022-01-03 05:00:00+00:00,358.06,360.0,342.1099,346.37,788004.0,20413.0,346.712876,,,,,
2022-01-04 05:00:00+00:00,347.12,356.415,344.07,354.98,862804.0,23791.0,353.765905,,,,,
2022-01-05 05:00:00+00:00,354.0,354.94,341.44,342.56,783469.0,23050.0,346.628509,,,,,
2022-01-06 05:00:00+00:00,341.1,343.51,337.52,342.19,766393.0,15909.0,341.653578,,,,,
2022-01-07 05:00:00+00:00,340.78,341.73,331.27,332.6,1009702.0,20064.0,334.041364,,,,,
2022-01-10 05:00:00+00:00,329.35,330.605,322.08,330.17,956627.0,23042.0,327.057305,,,,,
2022-01-11 05:00:00+00:00,325.8066,327.02,318.19,325.47,883145.0,21129.0,323.885431,,,,,
2022-01-12 05:00:00+00:00,328.0,328.3183,318.39,324.3,1131737.0,25806.0,323.554595,,,,,
2022-01-13 05:00:00+00:00,326.86,327.26,316.45,317.83,915983.0,21964.0,319.499175,,,,,
2022-01-14 05:00:00+00:00,323.07,325.73,309.99,316.12,1509966.0,38812.0,315.729662,,,,,
2022-01-18 05:00:00+00:00,310.41,317.44,310.41,313.76,967044.0,26567.0,314.31805,,,,,
2022-01-19 05:00:00+00:00,314.63,317.99,311.06,312.43,765349.0,21545.0,313.907831,,,,,
2022-01-20 05:00:00+00:00,314.36,318.6,306.5,306.99,1341176.0,26675.0,312.467538,,,,,
2022-01-21 05:00:00+00:00,306.4,307.13,296.083,296.81,6753787.0,40642.0,298.032247,,,,,
2022-01-24 05:00:00+00:00,294.985,310.22,293.06,309.05,1390717.0,37573.0,301.66987,,26.385725132877766,,,
2022-01-25 05:00:00+00:00,303.12,305.7021,296.99,299.97,854686.0,20961.0,300.771541,,23.480136523501812,,,
2022-01-26 05:00:00+00:00,302.39,305.49,290.0,292.07,986974.0,26442.0,296.357444,,21.28406906774491,,,
2022-01-27 05:00:00+00:00,295.95,298.35,285.0,285.98,906511.0,26344.0,288.826009,,19.75051737508474,,,
2022-01-28 05:00:00+00:00,286.19,293.51,281.07,293.49,819354.0,24629.0,288.318664,,26.758725355022662,,,
2022-01-31 05:00:00+00:00,292.91,302.05,291.895,301.93,896184.0,22380.0,299.278245,,33.759929184349474,,,
2022-02-01 05:00:00+00:00,304.76,311.8,299.12,306.19,1223389.0,27712.0,304.502955,,37.03175555855488,,,
2022-02-02 05:00:00+00:00,314.885,324.87,304.58,324.22,1524922.0,34453.0,319.253442,,48.60295594089971,,,
2022-02-03 05:00:00+00:00,323.02,333.71,321.5265,327.65,1255933.0,30885.0,328.885648,,50.46773793825084,,,
2022-02-04 05:00:00+00:00,324.44,327.04,307.88,309.58,919324.0,21705.0,311.566168,,41.85261894354408,,,
2022-02-07 05:00:00+00:00,308.74,312.69,304.92,305.89,613569.0,15902.0,308.008962,,40.33829806942299,,,
2022-02-08 05:00:00+00:00,306.66,313.9,304.83,310.57,707968.0,16767.0,309.395133,,43.147907141800395,-6.037389988572954,,
2022-02-09 05:00:00+00:00,314.43,317.44,311.45,315.9,554928.0,16462.0,315.012646,,46.25229666602822,-5.156945594100364,,
2022-02-10 05:00:00+00:00,310.19,316.46,304.85,307.17,641581.0,20190.0,309.087094,,42.18881079201094,-5.104780377985435,,
2022-02-11 05:00:00+00:00,307.96,308.24,293.78,295.65,811305.0,21833.0,298.036529,,37.50616765925473,-5.924710418032305,,
2022-02-14 05:00:00+00:00,296.32,298.075,291.87,293.95,656554.0,17888.0,295.091308,314.728,36.85606216731588,-6.635200216723945,,
2022-02-15 05:00:00+00:00,299.54,302.39,294.78,297.61,569369.0,14490.0,297.10951,313.10266666666666,39.29565726956363,-6.824271139154973,,
2022-02-16 05:00:00+00:00,294.77,297.8,289.42,297.27,550266.0,15737.0,294.69225,311.179,39.14435767069456,-6.921756663690303,,
2022-02-17 05:00:00+00:00,294.96,295.65,289.09,289.74,664952.0,17234.0,291.592214,309.41833333333335,35.85199763791968,-7.5199375542671305,,
2022-02-18 05:00:00+00:00,290.62,293.235,287.17,287.96,563580.0,15943.0,289.308964,307.61066666666665,35.10044317294391,-8.044894804100636,-6.463320750736449,-1.5815740533641867
2022-02-22 05:00:00+00:00,287.65,293.09,283.23,286.6,688791.0,21550.0,287.454686,306.07733333333334,34.50527973719379,-8.47299641232803,-6.865255883054766,-1.607740529273264
2022-02-23 05:00:00+00:00,287.49,289.39,281.75,282.48,796253.0,20235.0,284.708352,304.48766666666666,32.69657018702031,-9.04050626022888,-7.300305958489589,-1.740200301739292
2022-02-24 05:00:00+00:00,280.05,295.4,277.58,294.65,837088.0,22238.0,288.887347,303.4603333333333,42.315380435276985,-8.411284559749731,-7.522501678741618,-0.8887828810081135
2022-02-25 05:00:00+00:00,292.74,305.06,292.25,303.81,783841.0,20947.0,301.833419,302.7773333333334,48.30404888089044,-7.091737249576681,-7.43634879290863,0.34461154333194877
2022-02-28 05:00:00+00:00,300.4,315.515,300.31,314.03,1365925.0,26326.0,312.300007,302.65066666666667,54.03747501063662,-5.161815713121143,-6.981442176951133,1.81962646382999
2022-03-01 05:00:00+00:00,311.78,315.175,305.72,310.12,1430294.0,21368.0,310.547398,302.4506666666667,51.67613638020779,-3.9028536465178263,-6.365724470864472,2.4628708243466457
2022-03-02 05:00:00+00:00,312.35,320.34,310.57,317.97,690543.0,19225.0,317.424752,302.591,55.84765846845191,-2.245799564175968,-5.541739489526772,3.2959399253508037
2022-03-03 05:00:00+00:00,318.23,327.17,318.23,324.45,933177.0,25619.0,323.47777,302.9916666666667,58.99443384061765,-0.4050215844018794,-4.514395908501794,4.109374324099915
2022-03-04 05:00:00+00:00,325.61,328.36,317.38,318.31,643428.0,18711.0,319.534947,303.36899999999997,54.99487345832152,0.551998446297489,-3.501117037541938,4.053115483839427
2022-03-07 05:00:00+00:00,318.25,319.47,301.3,302.01,880212.0,23318.0,306.890624,303.5423333333334,46.066189917435324,-0.00477501621776355,-2.8018486332771033,2.7970736170593398
2022-03-08 05:00:00+00:00,300.0,307.885,296.23,299.35,841722.0,22445.0,301.693812,303.21900000000005,44.78825687513029,-0.6531328570349615,-2.372105478028675,1.7189726209937137
2022-03-09 05:00:00+00:00,305.5,309.1348,299.96,306.87,833484.0,21286.0,305.945302,303.44899999999996,49.08822221948591,-0.5537763749739497,-2.00843965741773,1.4546632824437804
2022-03-10 05:00:00+00:00,302.92,311.42,300.81,309.74,558968.0,20221.0,307.873534,304.03799999999995,50.66734791202165,-0.24067626652185936,-1.654886979238556,1.4142107127166967
2022-03-11 05:00:00+00:00,313.86,317.52,305.13,306.38,590910.0,18155.0,308.205765,304.718,48.760531284966746,-0.2606613523042256,-1.37604185385169,1.1153805015474645
2022-03-14 04:00:00+00:00,306.84,307.46,296.12,298.38,544312.0,17366.0,299.790997,304.88100000000003,44.4693493687232,-0.9115253214806103,-1.2831385473774743,0.3716132258968641
2022-03-15 04:00:00+00:00,301.68,310.315,297.67,308.97,872353.0,18820.0,305.760326,305.1156666666667,50.6595187739141,-0.5662874019295714,-1.139768318287894,0.5734809163583225
2022-03-16 04:00:00+00:00,310.91,323.42,310.91,323.4,710277.0,20949.0,319.808908,305.68933333333337,57.59589619425609,0.8617626763731323,-0.7394621193556887,1.601224795728821
2022-03-17 04:00:00+00:00,321.9,323.23,316.94,322.78,455556.0,13392.0,321.023325,305.6413333333333,57.22366305795903,1.9213259835746612,-0.2073044987696187,2.12863048234428
2022-03-18 04:00:00+00:00,323.17,329.03,317.34,328.3,939556.0,19250.0,325.756763,305.66299999999995,59.71968511997073,3.169914603364191,0.4681393216571432,2.7017752817070475
2022-03-21 04:00:00+00:00,325.03,326.9927,315.03,319.79,633515.0,19983.0,319.78461,306.0033333333333,54.44520532042647,3.433168768688006,1.061145211063316,2.37202355762469
2022-03-22 04:00:00+00:00,320.72,325.23,318.51,322.92,469003.0,14094.0,322.439817,306.57099999999997,55.98499820681311,3.8499842113925524,1.6189130111291634,2.231071200263389
2022-03-23 04:00:00+00:00,320.84,320.95,313.41,314.69,438265.0,14806.0,315.942512,306.7083333333333,51.094608463731014,3.476150336458602,1.9903604761950513,1.4857898602635506
2022-03-24 04:00:00+00:00,318.185,318.185,313.735,316.67,374033.0,13805.0,316.126146,306.73400000000004,52.1769372955468,3.3015950175051785,2.252607384457077,1.0489876330481014
2022-03-25 04:00:00+00:00,316.82,318.13,305.21,313.76,635202.0,17818.0,311.008367,306.95366666666666,50.4111374823818,2.895073385647038,2.3811005846950692,0.5139728009519686
2022-03-28 04:00:00+00:00,314.6,319.21,309.355,315.93,1171126.0,33269.0,314.200658,307.6296666666667,51.7231948768158,2.716686655437343,2.4482177988435243,0.2684688565938185
2022-03-29 04:00:00+00:00,318.1,320.58,312.0,320.15,755112.0,24368.0,317.013038,308.503,54.25787093240028,2.88260375677811,2.5350949904304416,0.34750876634766836
2022-03-30 04:00:00+00:00,317.88,318.85,308.91,311.32,619631.0,18186.0,311.919881,308.96,48.51779152130667,2.275358138093111,2.4831476199629754,-0.20778948186986446
2022-03-31 04:00:00+00:00,313.27,317.62,298.28,298.68,1143037.0,28469.0,302.770397,309.007,41.71457855104907,0.7653468056408883,2.139587457098558,-1.3742406514576695
2022-04-01 04:00:00+00:00,299.37,300.33,276.74,278.5,1952758.0,46007.0,281.749627,308.6323333333333,33.611354784911285,-2.0362329768289555,1.3044233703130552,-3.3406563471420108
2022-04-04 04:00:00+00:00,278.07,280.86,272.56,277.71,1433515.0,39385.0,275.936213,308.29066666666665,33.33832853342412,-4.271017900680533,0.1893351161143375,-4.460353016794871
2022-04-05 04:00:00+00:00,276.98,281.63,266.96,269.32,2195775.0,39337.0,270.410207,307.7146666666667,30.504331130340148,-6.642532950414022,-1.1770384971913346,-5.4654944532226875
2022-04-06 04:00:00+00:00,265.78,268.98,258.8,262.56,1366613.0,41497.0,263.20564,307.0506666666667,28.408872720789972,-8.964118440086509,-2.7344544857703696,-6.229663954316139
2022-04-07 04:00:00+00:00,261.78,265.67,257.2,263.99,975073.0,26312.0,262.495356,306.0286666666667,29.511952802728672,-10.566795180541192,-4.300922624724534,-6.2658725558166575
2022-04-08 04:00:00+00:00,262.63,262.63,257.325,259.91,1787710.0,36260.0,259.739154,304.5653333333333,28.177922716011224,-12.027504362600666,-5.846238972299761,-6.181265390300905
2022-04-11 04:00:00+00:00,258.91,262.7,257.63,258.09,866517.0,24788.0,259.449759,302.7006666666667,27.579038717256566,-13.180054241848381,-7.313002026209485,-5.867052215638896
2022-04-12 04:00:00+00:00,259.82,265.01,257.01,260.0,1162677.0,28977.0,260.22084,301.03,29.277814539776315,-13.780484440782118,-8.606498509124012,-5.173985931658105
2022-04-13 04:00:00+00:00,260.68,268.06,260.53,266.58,1214718.0,30664.0,265.801178,299.317,34.93974771082863,-13.568964118684278,-9.598991631036066,-3.969972487648212
2022-04-14 04:00:00+00:00,265.45,268.43,262.46,264.75,1585889.0,33496.0,265.824997,297.327,34.12156943463091,-13.394593904861836,-10.35811208580122,-3.036481819060615
2022-04-18 04:00:00+00:00,263.35,267.39,261.3,265.39,938612.0,19701.0,263.982924,295.563,34.69750187610563,-13.05427998913359,-10.897345666467695,-2.1569343226658955
2022-04-19 04:00:00+00:00,266.13,275.15,265.0,273.82,1321976.0,29830.0,272.204906,294.6233333333333,41.90226613089796,-11.966406921379189,-11.111157917449994,-0.8552490039291953
2022-04-20 04:00:00+00:00,276.12,280.95,274.61,276.9,1309881.0,32257.0,277.547677,293.875,44.319405374182274,-10.73201740195475,-11.035329814350945,0.30331241239619544
2022-04-21 04:00:00+00:00,278.08,284.58,273.85,275.08,1089085.0,26335.0,277.796252,292.81533333333334,43.17628208245724,-9.787786098679703,-10.785821071216697,0.9980349725369937
2022-04-22 04:00:00+00:00,274.23,275.24,268.56,269.03,768331.0,21823.0,271.550155,291.4583333333333,39.52658274928101,-9.419083099262707,-10.5124734768259,1.0933903775631926
2022-04-25 04:00:00+00:00,267.99,280.12,267.99,279.82,1311280.0,33661.0,276.354183,290.573,47.97331543489003,-8.162132508844707,-10.042405283229662,1.8802727743849559
2022-04-26 04:00:00+00:00,277.03,281.23,272.08,272.11,1383558.0,34694.0,274.65787,289.69733333333335,43.31740818676793,-7.699369140182853,-9.573798054620301,1.8744289144374484
2022-04-27 04:00:00+00:00,275.24,281.19,263.54,271.99,2044014.0,47933.0,269.55459,288.46466666666663,43.2470567948591,-7.258635798465605,-9.110765603389362,1.8521298049237576
2022-04-28 04:00:00+00:00,279.13,294.44,274.9,292.26,1476316.0,35789.0,288.974215,287.4266666666666,56.19017540920464,-5.213632345000917,-8.331338951711674,3.1177066067107564
2022-04-29 04:00:00+00:00,288.19,293.7478,279.19,280.12,1089741.0,28418.0,284.049427,286.0046666666667,48.98472927556023,-4.52044009690178,-7.569159180749695,3.0487190838479155
2022-05-02 04:00:00+00:00,280.54,285.45,273.37,280.04,921147.0,29335.0,278.9064,284.39599999999996,48.94019215433663,-3.9322075367455227,-6.841768851948862,2.909561315203339
2022-05-03 04:00:00+00:00,280.89,284.155,277.08,281.54,686870.0,21154.0,281.580892,283.12100000000004,49.86069616427743,-3.306871969252711,-6.134789475409631,2.82791750615692
2022-05-04 04:00:00+00:00,281.13,293.615,281.13,291.02,825048.0,23543.0,288.97778,282.05766666666665,55.34046757370966,-2.023012228689936,-5.312434026065693,3.2894217973757574
2022-05-05 04:00:00+00:00,285.15,287.55,277.29,283.3,994301.0,25623.0,282.501676,281.0113333333333,50.50018457685639,-1.6099253980075332,-4.571932300454061,2.962006902446528
2022-05-06 04:00:00+00:00,281.64,284.04,271.09,280.34,805574.0,23494.0,278.251714,279.80033333333336,48.73994391403213,-1.5040604976380223,-3.9583579398908535,2.454297442252831
2022-05-09 04:00:00+00:00,275.81,277.905,269.69,271.08,931084.0,28233.0,273.030816,278.37766666666664,43.61785252857901,-2.1426670799965564,-3.595219767911994,1.4525526879154378
2022-05-10 04:00:00+00:00,276.23,278.905,266.345,274.16,1017602.0,25939.0,272.368966,276.9853333333333,45.66326204957451,-2.3728840082831653,-3.3507526159862286,0.9778686077030634
2022-05-11 04:00:00+00:00,272.48,278.73,268.88,270.83,736009.0,21432.0,272.37184,275.34133333333335,43.81264592380089,-2.791853008983196,-3.2389726945856223,0.4471196856024262
2022-05-12 04:00:00+00:00,268.36,273.34,261.38,269.65,1122220.0,27702.0,268.133343,273.95233333333334,43.14536907877741,-3.182420140483316,-3.227662183765161,0.04524204328184478
2022-05-13 04:00:00+00:00,271.62,278.17,270.48,272.95,748602.0,20477.0,274.588609,273.0946666666667,45.638881702584406,-3.18890527039963,-3.2199108010920545,0.03100553069242462
2022-05-16 04:00:00+00:00,271.4,271.77,261.82,262.48,757263.0,21609.0,264.762563,272.56066666666663,39.69108491643606,-3.992859087053091,-3.374500458284262,-0.6183586287688292
2022-05-17 04:00:00+00:00,266.83,272.07,264.38,271.72,544613.0,17434.0,269.009486,272.361,46.337698019985,-3.8401407486812786,-3.467628516363665,-0.37251223231761355
2022-05-18 04:00:00+00:00,265.99,266.18,234.81,236.47,1835548.0,42175.0,242.045782,271.26599999999996,31.895801315464368,-6.488693153105885,-4.07184144371211,-2.416851709393775
2022-05-19 04:00:00+00:00,233.12,245.26,231.31,238.47,1482355.0,35489.0,238.402633,270.46299999999997,33.168502733870085,-8.330280442576964,-4.92352924348508,-3.4067511990918833
2022-05-20 04:00:00+00:00,241.16,244.34,233.92,243.18,1057080.0,27975.0,239.630966,269.76933333333335,36.192623458296275,-9.302461020452256,-5.799315598878516,-3.5031454215737403
2022-05-23 04:00:00+00:00,245.19,251.12,243.25,250.06,1016246.0,26158.0,248.654474,269.441,40.43273980000274,-9.40929809975114,-6.521312099053041,-2.887986000698099
2022-05-24 04:00:00+00:00,247.82,248.09,241.02,246.48,760444.0,22477.0,244.696862,269.054,38.981160004154,-9.671357941369877,-7.151321267516408,-2.5200366738534683
2022-05-25 04:00:00+00:00,243.9,253.31,243.625,251.36,824371.0,25838.0,250.264087,268.76599999999996,42.035994001512805,-9.377172826497201,-7.596491579312567,-1.780681247184634
2022-05-26 04:00:00+00:00,252.64,263.13,252.64,260.96,758077.0,23807.0,259.40137,268.57866666666666,47.59425182630179,-8.274011578930299,-7.731995579236114,-0.5420159996941853
2022-05-27 04:00:00+00:00,262.29,266.34,261.6175,264.14,921586.0,27209.0,263.78133,268.55833333333334,49.32762521105082,-7.061745512273262,-7.597945565843544,0.5362000535702816
2022-05-31 04:00:00+00:00,260.31,262.04,253.4,258.28,1397553.0,25735.0,258.021554,268.3213333333333,46.28920327059373,-6.498953061048837,-7.378147064884603,0.8791940038357655
2022-06-01 04:00:00+00:00,258.19,263.14,255.39,257.42,1107963.0,27187.0,258.314234,267.77466666666663,45.84291485061666,-6.0525606498496245,-7.113029781877608,1.0604691320279835
2022-06-02 04:00:00+00:00,257.43,268.44,257.43,267.48,664980.0,23706.0,265.71034,267.46066666666667,51.70825284060974,-4.83134083309983,-6.656691992122053,1.8253511590222233
2022-06-03 04:00:00+00:00,264.89,270.81,262.87,268.19,678041.0,22336.0,268.135666,267.231,52.102524388664236,-3.762848488545444,-6.077923291406732,2.3150748028612878
2022-06-06 04:00:00+00:00,267.66,270.37,260.17,269.05,981258.0,23312.0,267.983249,267.2316666666667,52.60725445344642,-2.8142251588969316,-5.425183664904773,2.610958506007841
2022-06-07 04:00:00+00:00,264.94,272.1,259.39,267.04,774856.0,20496.0,266.482618,266.8056666666667,51.247984767361075,-2.1992726908372333,-4.780001470091265,2.5807287792540317
2022-06-08 04:00:00+00:00,263.99,264.645,252.58,253.88,825478.0,23855.0,256.436739,266.19800000000004,43.3503488825278,-2.742209957276657,-4.372443167528344,1.6302332102516868
2022-06-09 04:00:00+00:00,252.45,258.73,251.35,252.27,680485.0,19515.0,254.844073,265.54066666666665,42.487691934861516,-3.26477094998819,-4.150908724020313,0.8861377740321235
2022-06-10 04:00:00+00:00,247.49,250.99,243.49,247.18,842781.0,21913.0,247.172155,264.038,39.7917231270125,-4.0430193522552145,-4.129330849667294,0.08631149741207977
2022-06-13 04:00:00+00:00,242.97,245.58,238.02,239.7,1057766.0,25285.0,241.268512,262.6906666666667,36.16048697853867,-5.203378991042655,-4.344140477942366,-0.8592385131002889
2022-06-14 04:00:00+00:00,242.82,245.96,236.58,239.47,775685.0,20566.0,239.464116,261.33833333333337,36.05154467702851,-6.071542480223229,-4.689620878398539,-1.3819216018246898
2022-06-15 04:00:00+00:00,241.22,246.92,238.3,242.25,687123.0,19302.0,243.156384,260.0286666666667,38.46471585154603,-6.460769801031688,-5.043850662925169,-1.4169191381065191
2022-06-16 04:00:00+00:00,236.79,238.67,232.5,234.95,1021944.0,25708.0,234.909754,258.1596666666667,34.755791300511376,-7.274429157208914,-5.489966361781918,-1.7844627954269958
2022-06-17 04:00:00+00:00,235.3,238.2,231.695,232.1,1481256.0,23417.0,233.29367,256.45300000000003,33.4016617152007,-8.056362508547636,-6.003245591135062,-2.0531169174125736
2022-06-21 04:00:00+00:00,236.5,240.27,235.035,238.35,744736.0,18469.0,238.343153,255.0533333333333,39.01328049397965,-8.07860245608029,-6.418316964124108,-1.6602854919561825
2022-06-22 04:00:00+00:00,235.31,238.27,233.82,235.7,622505.0,15428.0,236.12587,253.87399999999997,37.56786783449783,-8.215359082140566,-6.7777253877274,-1.437633694413166
2022-06-23 04:00:00+00:00,237.86,248.03,235.55,247.62,764703.0,24666.0,243.208764,252.98933333333335,47.06768667266171,-7.2779990702831014,-6.877780124238541,-0.40021894604456065
2022-06-24 04:00:00+00:00,250.26,262.43,250.0,257.72,1295108.0,27592.0,257.59666,252.55233333333334,53.521143287661545,-5.654962034551062,-6.6332165063010455,0.9782544717499837
2022-06-27 04:00:00+00:00,263.56,265.95,258.495,260.06,872459.0,23863.0,261.616797,252.2326666666667,54.8932632916701,-4.132241142914239,-6.133021433623685,2.0007802907094456
2022-06-28 04:00:00+00:00,259.36,264.69,250.02,250.72,693708.0,20239.0,253.118951,251.4916666666667,48.71186006101721,-3.6372063572396485,-5.633858418346878,1.9966520611072296
2022-06-29 04:00:00+00:00,252.32,256.83,245.88,255.29,708177.0,20786.0,253.314831,251.252,51.58465772522467,-2.843350541030361,-5.0757568428835755,2.2324063018532145
2022-06-30 04:00:00+00:00,252.9899,259.705,249.11,256.28,972029.0,22209.0,255.777496,250.73733333333334,52.20916341714703,-2.1100065193161583,-4.482606778170092,2.372600258853933
2022-07-01 04:00:00+00:00,254.86,261.63,252.0,261.01,810834.0,21576.0,258.944111,251.55533333333335,55.18357609427819,-1.1340816416846167,-3.8129017508729968,2.67882010918838
2022-07-05 04:00:00+00:00,257.69,259.64,252.4,259.02,713050.0,23087.0,257.187689,252.24033333333333,53.67013372877173,-0.5152905650025446,-3.1533795136989062,2.6380889486963617
2022-07-06 04:00:00+00:00,262.45,266.78,258.54,264.19,587004.0,18335.0,262.947609,252.9406666666667,56.971787301898935,0.3878111681814289,-2.445141377322839,2.832952545504268
2022-07-07 04:00:00+00:00,266.29,274.125,265.52,273.69,798936.0,25040.0,271.546827,253.72833333333335,62.289774968642284,1.8487847634887657,-1.5863561491605183,3.435140912649284
2022-07-08 04:00:00+00:00,272.9,275.91,266.88,273.02,669090.0,18187.0,272.533007,254.61299999999997,61.71049444646067,2.9189061300288586,-0.6853036933226428,3.6042098233515016
2022-07-11 04:00:00+00:00,269.64,271.365,267.95,269.53,572941.0,17176.0,269.442901,255.21866666666668,58.65077754372062,3.4456518601667767,0.14088741737524102,3.3047644427915355
2022-07-12 04:00:00+00:00,265.19,271.38,262.205,262.81,957069.0,24581.0,265.592431,255.28033333333332,53.18285451123268,3.2830093198455756,0.7693117978693079,2.5136975219762676
2022-07-13 04:00:00+00:00,254.39,259.36,247.56,249.32,1014942.0,28818.0,251.522147,254.78633333333335,44.26199049554975,2.042044260393368,1.02385829037412,1.018185970019248
2022-07-14 04:00:00+00:00,246.2,251.8,243.5,250.9,670123.0,19765.0,248.48256,254.54033333333334,45.416835778052146,1.172546914550253,1.0535960152093466,0.1189508993409063
2022-07-15 04:00:00+00:00,254.27,258.82,252.885,255.31,728839.0,20080.0,254.987314,254.47,48.61690099301267,0.8297493140800043,1.0088266749834782,-0.17907736090347393
2022-07-18 04:00:00+00:00,257.58,264.076,256.9,261.5,739932.0,21338.0,261.392384,254.27066666666667,52.799829403671644,1.0455090366280615,1.0161631473123949,0.029345889315666618
2022-07-19 04:00:00+00:00,264.03,271.89,261.66,270.65,495031.0,15554.0,269.450021,254.35266666666666,58.2148182012059,1.9325514513124062,1.1994408081123973,0.733110643200009
2022-07-20 04:00:00+00:00,270.23,276.98,268.8,276.62,626327.0,17517.0,274.454001,254.605,61.3318770750922,3.081743640010245,1.575901374491967,1.5058422655182782
2022-07-21 04:00:00+00:00,276.99,284.73,275.88,282.18,1086101.0,28401.0,282.616096,255.10966666666667,64.02357233751101,4.390521068306157,2.138825313254805,2.251695755051352
2022-07-22 04:00:00+00:00,282.5,284.09,277.525,278.96,882956.0,20350.0,280.367584,255.94566666666665,61.359650721515244,5.109015964340756,2.732863443471995,2.376152520868761
2022-07-25 04:00:00+00:00,277.81,280.485,272.93,275.55,809923.0,20203.0,274.747694,256.7216666666667,58.57985414543567,5.341694119760007,3.254629578729597,2.0870645410304096
2022-07-26 04:00:00+00:00,274.58,278.1,269.38,273.1,915937.0,21731.0,273.41861,257.58566666666667,56.5959888599292,5.267676217370365,3.657238906457751,1.610437310912614
2022-07-27 04:00:00+00:00,272.98,274.09,262.6,273.48,1764866.0,38801.0,269.967529,258.7116666666667,56.84013293319442,5.1799678754142064,3.9617847002490425,1.218183175165164
2022-07-28 04:00:00+00:00,276.81,294.515,276.07,293.16,1173144.0,31706.0,288.67339,260.5013333333333,67.14683487817408,6.62213407045806,4.493854574290846,2.128279496167214
2022-07-29 04:00:00+00:00,291.44,304.34,290.9692,303.51,1315442.0,25294.0,301.27161,262.54333333333335,71.06087246171148,8.502211470330508,5.295525953498778,3.2066855168317296
2022-08-01 04:00:00+00:00,300.0,306.35,298.94,303.79,873776.0,22043.0,303.546263,264.838,71.16097169781729,9.900651467719683,6.21655105634296,3.6841004113767237
2022-08-02 04:00:00+00:00,303.225,303.225,293.88,294.16,1131744.0,23688.0,297.195296,266.90666666666664,63.07956508088778,10.115262275158841,6.996293300106137,3.118968975052704
2022-08-03 04:00:00+00:00,295.98,297.48,292.09,295.7,727472.0,17074.0,295.413105,268.8183333333333,63.787802848681366,10.290980004347261,7.655230640954363,2.6357493633928986
2022-08-04 04:00:00+00:00,295.77,299.21,293.255,299.08,529947.0,14783.0,297.735038,270.931,65.35849020814672,10.581004094117702,8.240385331587031,2.3406187625306707
2022-08-05 04:00:00+00:00,294.73,303.34,294.28,303.17,651545.0,16470.0,300.144866,272.78266666666667,67.21178270787485,11.013917508107511,8.795091766891128,2.218825741216383
2022-08-08 04:00:00+00:00,304.33,309.81,303.15,306.91,752403.0,20637.0,306.809009,274.4223333333333,68.8527497053672,11.525927533220738,9.341258920157049,2.184668613063689
2022-08-09 04:00:00+00:00,305.51,307.48,299.28,301.92,868378.0,17441.0,302.99944,275.8176666666667,64.23364074045762,11.39766270921291,9.752539677968223,1.6451230312446867
2022-08-10 04:00:00+00:00,309.18,317.13,306.665,315.38,889833.0,25037.0,314.796923,277.973,70.06697344383103,12.241014625341165,10.250234667442811,1.9907799578983543
2022-08-11 04:00:00+00:00,317.45,323.7246,314.78,315.39,852063.0,23948.0,317.550043,279.9763333333333,70.07087893445038,12.763059407204082,10.752799615395066,2.010259791809016
2022-08-12 04:00:00+00:00,317.16,319.0,311.62,314.31,723270.0,20699.0,313.629682,281.91066666666666,69.02343692636643,12.940467035077234,11.1903330993315,1.7501339357457333
2022-08-15 04:00:00+00:00,314.32,316.2,309.31,312.29,695209.0,22812.0,312.015336,283.62,67.00591681083469,12.770852304378764,11.506436940340953,1.264415364037811
2022-08-16 04:00:00+00:00,311.3,313.4892,308.31,310.07,519762.0,17314.0,310.518666,285.32166666666666,64.76538789968677,12.315332474864249,11.668216047245613,0.6471164276186361
2022-08-17 04:00:00+00:00,304.65,305.85,296.4,303.22,951008.0,25565.0,301.451958,286.6226666666667,58.28881973894816,11.271659303878607,11.588904698572213,-0.3172453946936056
2022-08-18 04:00:00+00:00,302.66,306.83,302.11,303.31,509557.0,17043.0,303.788453,287.60999999999996,58.347755243042656,10.33269417784851,11.337662594427472,-1.0049684165789632
2022-08-19 04:00:00+00:00,300.02,300.54,295.06,297.04,668491.0,22205.0,297.088738,288.41066666666666,52.75532539949648,8.979115299302464,10.86595313540247,-1.8868378361000069
2022-08-22 04:00:00+00:00,292.54,294.965,289.94,291.91,801819.0,22365.0,291.645063,289.1566666666667,48.64698143498024,7.407062157429607,10.174174939807898,-2.767112782378291
2022-08-23 04:00:00+00:00,291.55,294.56,290.17,291.95,478794.0,15109.0,291.931167,290.128,48.680540501671366,6.0941765088690545,9.35817525362013,-3.263998744751076
2022-08-24 04:00:00+00:00,293.33,294.955,290.49,291.37,586775.0,16279.0,292.488207,291.5296666666666,48.18879247391805,4.949845285536753,8.476509260003455,-3.526663974466702
2022-08-25 04:00:00+00:00,293.95,300.98,291.61,300.91,610696.0,19377.0,297.954701,293.19666666666666,56.052486516129804,4.757906631523838,7.732788734307531,-2.9748821027836936
2022-08-26 04:00:00+00:00,299.04,302.66,285.16,285.65,818683.0,23043.0,289.550648,294.208,44.43485700127373,3.3359842486758,6.853427837181186,-3.517443588505386
2022-08-29 04:00:00+00:00,283.88,284.5887,279.26,279.79,624143.0,19729.0,281.525007,294.8176666666667,40.92686284141822,1.716461193753048,5.8260345084955585,-4.10957331474251
2022-08-30 04:00:00+00:00,280.55,281.76,272.84,276.3,914970.0,25100.0,276.32602,295.00600000000003,38.95442049832397,0.14963872971100045,4.690755352738647,-4.541116623027647
2022-08-31 04:00:00+00:00,278.75,278.75,268.86,271.41,1097569.0,24448.0,271.489267,294.8323333333334,36.313631745168195,-1.4697194826264308,3.458660385665632,-4.928379868292063
2022-09-01 04:00:00+00:00,269.06,277.94,267.25,277.71,919505.0,26714.0,274.794242,294.68333333333334,41.7888273075369,-2.2191343842283686,2.323101431686832,-4.5422358159152
2022-09-02 04:00:00+00:00,280.64,281.31,269.89,272.23,641791.0,21770.0,274.391141,294.459,38.67424582022708,-3.2181445278284286,1.21485223978378,-4.432996767612209
2022-09-06 04:00:00+00:00,274.08,276.765,270.36,272.0,827861.0,26378.0,273.098,294.34066666666666,38.5443985725953,-3.982518349420161,0.17537812194299185,-4.157896471363153
2022-09-07 04:00:00+00:00,272.43,272.43,259.655,263.98,1356983.0,36670.0,264.929615,294.0366666666667,34.22886403268036,-5.175773983437409,-0.8948522991330884,-4.280921684304321
2022-09-08 04:00:00+00:00,262.0,262.46,255.81,259.78,1183798.0,32920.0,259.222108,293.58,32.195883252965984,-6.3867204319302004,-1.993225925692511,-4.39349450623769
2022-09-09 04:00:00+00:00,261.46,269.06,261.46,268.79,755377.0,21592.0,267.39281,292.7676666666667,40.37703651668922,-6.543938071838454,-2.9033683549216995,-3.6405697169167546
2022-09-12 04:00:00+00:00,269.47,278.55,269.21,276.0,810893.0,23827.0,275.149758,291.85066666666665,45.99275872651592,-6.017382797443645,-3.526171243426089,-2.491211554017556
2022-09-13 04:00:00+00:00,266.89,269.3867,259.65,260.6,1078939.0,27994.0,262.725525,290.41100000000006,37.80273097355753,-6.764755356850117,-4.173888066110894,-2.5908672907392223
2022-09-14 04:00:00+00:00,261.84,261.86,257.14,259.73,615355.0,22034.0,259.50888,289.2633333333334,37.39757470113037,-7.342614138643171,-4.80763328061735,-2.534980858025821
2022-09-15 04:00:00+00:00,260.3,262.3,254.921,256.36,778846.0,21298.0,257.460817,287.952,35.79712203204218,-7.980507894878258,-5.442208203469532,-2.538299691408726
2022-09-16 04:00:00+00:00,248.88,255.0,244.54,254.03,1987087.0,34485.0,252.14264,286.45033333333333,34.691681336132234,-8.575205192271824,-6.06880760122999,-2.506397591041834
2022-09-19 04:00:00+00:00,251.99,258.95,251.41,258.28,817393.0,21046.0,257.616468,284.954,38.426737968808936,-8.604381648152582,-6.575922410614509,-2.0284592375380734
2022-09-20 04:00:00+00:00,255.8,257.16,250.87,253.58,734783.0,19349.0,253.506623,283.1763333333334,35.976325978164866,-8.904113838393641,-7.041560696170336,-1.8625531422233053
2022-09-21 04:00:00+00:00,256.54,259.69,251.5,251.6,734396.0,20541.0,254.93393,281.499,34.964773711494686,-9.195424086150638,-7.472333374166397,-1.7230907119842405
2022-09-22 04:00:00+00:00,249.6,250.46,243.56,244.38,673169.0,22211.0,245.769549,279.1323333333333,31.48802263695879,-9.894821869024042,-7.956831073137927,-1.9379907958861153
2022-09-23 04:00:00+00:00,241.25,248.255,240.0,248.03,1112899.0,31334.0,244.704038,276.887,35.006487624164464,-10.038853500973005,-8.373235558704943,-1.665617942268062
2022-09-26 04:00:00+00:00,248.02,253.04,246.43,247.88,683687.0,20750.0,249.122652,274.67266666666666,34.92710373288695,-10.049261719725365,-8.708440790909028,-1.3408209288163366
2022-09-27 04:00:00+00:00,250.84,253.365,246.86,249.75,927907.0,24030.0,249.759582,272.588,36.84972663487202,-9.793721016813691,-8.925496836089962,-0.868224180723729
2022-09-28 04:00:00+00:00,250.59,257.69,248.54,256.18,694450.0,19845.0,254.88478,270.7916666666667,43.077489533311194,-8.968967235138564,-8.934190915899684,-0.034776319238879694
2022-09-29 04:00:00+00:00,252.93,255.31,251.87,254.18,675846.0,19736.0,253.669138,269.157,41.69997455110028,-8.380126326588112,-8.82337799803737,0.4432516714492589
2022-09-30 04:00:00+00:00,254.6,256.98,248.52,248.77,795029.0,18469.0,251.105014,267.339,38.14650459792793,-8.254850670868109,-8.70967253260352,0.45482186173541095
2022-10-03 04:00:00+00:00,251.06,263.48,251.06,261.87,1015360.0,23462.0,260.266675,266.1666666666667,49.39234223843629,-7.017613611020579,-8.371260748286932,1.3536471372663534
2022-10-04 04:00:00+00:00,268.6,273.96,266.615,273.16,1386700.0,33079.0,271.574702,265.5416666666667,56.699202284333644,-5.067668750900509,-7.710542348809648,2.642873597909139
2022-10-05 04:00:00+00:00,263.12,275.5975,263.12,272.49,770490.0,18125.0,272.226634,264.89300000000003,56.18079868936188,-3.535630256494187,-6.875559930346556,3.339929673852369
2022-10-06 04:00:00+00:00,271.7,278.93,270.75,277.18,962400.0,22711.0,275.913567,264.41999999999996,59.00627190920252,-1.9208920599479598,-5.884626356266837,3.9637342963188775
2022-10-07 04:00:00+00:00,271.11,272.38,259.14,260.04,1153841.0,28192.0,263.439748,263.05766666666665,47.06287532987044,-2.0011867257883864,-5.1079384301711475,3.106751704382761
2022-10-10 04:00:00+00:00,262.33,269.07,258.82,267.85,1302900.0,29820.0,266.312878,262.46433333333334,51.84575199350066,-1.4182701622640934,-4.370004776589736,2.951734614325643
2022-10-11 04:00:00+00:00,264.75,271.4,264.19,267.76,1373266.0,30709.0,268.283501,262.06333333333333,51.78768471291175,-0.9525860152036216,-3.6865210243125137,2.733935009108892
2022-10-12 04:00:00+00:00,270.49,275.91,266.08,274.65,1019526.0,20818.0,273.894068,262.0083333333333,55.8631830045175,-0.027248452518563226,-2.9546665099537237,2.9274180574351605
2022-10-13 04:00:00+00:00,263.34,273.39,256.805,268.55,1621937.0,38033.0,267.990837,261.913,51.696600292360884,0.21143195645140622,-2.321446816672698,2.532878773124104
2022-10-14 04:00:00+00:00,272.83,274.165,259.195,259.54,804033.0,20850.0,261.940058,261.30733333333336,46.21376363060635,-0.32272364286217226,-1.9217021819105928,1.5989785390484206
2022-10-17 04:00:00+00:00,266.81,271.67,266.38,267.11,961330.0,22887.0,268.076724,261.13666666666666,50.923263326567266,-0.13366921334591098,-1.5640955881976564,1.4304263748517454
2022-10-18 04:00:00+00:00,273.83,277.445,266.43,268.63,855359.0,23444.0,269.662515,261.02433333333335,51.835202244250716,0.13722721107109237,-1.2238310283439067,1.361058239414999
2022-10-19 04:00:00+00:00,266.75,267.62,258.73,260.76,792912.0,20072.0,261.50761,260.91700000000003,46.96872525366711,-0.27990211123545805,-1.035045244922217,0.7551431336867589
2022-10-20 04:00:00+00:00,259.5,265.08,250.3776,257.65,1107885.0,27774.0,258.080113,260.846,45.16423366252039,-0.851614234282124,-0.9983590427941984,0.1467448085120744
2022-10-21 04:00:00+00:00,257.49,260.78,253.27,260.43,1211246.0,28813.0,257.715152,260.56733333333335,47.11995509297605,-1.0680654505233633,-1.0123003243400315,-0.05576512618333185
2022-10-24 04:00:00+00:00,262.63,270.91,260.455,269.22,849631.0,22775.0,267.579454,260.34133333333335,52.84641891042815,-0.5242814695098446,-0.9146965533739941,0.3904150838641496
2022-10-25 04:00:00+00:00,269.39,278.07,269.29,274.03,1070384.0,28042.0,274.424907,260.789,55.675096128940226,0.2914385323612123,-0.6734695362269529,0.9649080685881652
2022-10-26 04:00:00+00:00,286.64,286.64,263.55,274.5,1589549.0,37352.0,272.881803,261.28133333333335,55.95314496525456,0.9647070405808904,-0.3458342208653843,1.3105412614462746
2022-10-27 04:00:00+00:00,272.36,276.74,261.21,264.41,1232993.0,27271.0,265.690895,261.54966666666667,48.86618889770046,0.6763025152192768,-0.14140687364845209,0.8177093888677288
2022-10-28 04:00:00+00:00,266.27,271.805,262.8575,270.6,674130.0,21169.0,269.304017,262.10200000000003,52.81463927417076,0.9364265763722415,0.07415981635568664,0.8622667600165548
2022-10-31 04:00:00+00:00,267.53,277.8,264.01,274.6,878718.0,22689.0,273.843801,262.646,55.220927473847034,1.4486442701374358,0.34905670711203646,1.0995875630253993
2022-11-01 04:00:00+00:00,277.3,281.59,269.29,272.87,1100008.0,24802.0,273.734545,263.28900000000004,53.939718901415404,1.6954399644533282,0.6183333585802948,1.0771066058730334
2022-11-02 04:00:00+00:00,271.2,274.49,259.87,260.39,1053303.0,23766.0,266.278397,263.582,45.702039495707915,0.8739216057041403,0.669451008005064,0.20447059769907638
2022-11-03 04:00:00+00:00,256.32,265.655,252.62,263.03,832850.0,22208.0,261.085054,264.20366666666666,47.52762002408455,0.4309209359638544,0.6217449935968221,-0.19082405763296773
2022-11-04 04:00:00+00:00,266.3,272.02,264.67,271.91,734470.0,17167.0,269.476189,264.9996666666667,53.224413104381334,0.787305927637874,0.6548571804050325,0.1324487472328415
2022-11-07 05:00:00+00:00,274.05,284.015,273.12,281.98,835717.0,20861.0,279.111687,266.1363333333333,58.7002253930725,1.8608576341899834,0.8960572711620227,0.9648003630279607
2022-11-08 05:00:00+00:00,284.69,291.54,282.21,290.06,1428527.0,35053.0,288.694846,267.48,62.494199158433005,3.3253114483354693,1.381908106596712,1.9434033417387573
2022-11-09 05:00:00+00:00,286.13,291.43,280.78,281.86,900915.0,24749.0,284.678708,268.336,56.79225535339223,3.7806492064456165,1.861656326566493,1.9189928798791236
2022-11-10 05:00:00+00:00,300.29,306.25,296.31,305.63,1440384.0,32923.0,302.409372,270.05100000000004,66.37080423425687,5.990493327968466,2.6874237268468875,3.303069601121578
2022-11-11 05:00:00+00:00,310.31,319.0,307.96,314.11,1266642.0,29998.0,314.012788,272.229,69.0102209115362,8.330052188671914,3.815949419211893,4.51410276946002
2022-11-14 05:00:00+00:00,311.52,321.1904,310.8319,314.27,867193.0,21853.0,316.697968,273.97566666666665,69.05956404412296,10.080874063141323,5.068934347997779,5.011939715143544
2022-11-15 05:00:00+00:00,320.32,323.33,315.0,318.09,886276.0,22038.0,318.644744,275.47333333333336,70.27641527530457,11.642448191991775,6.383637116796578,5.258811075195197
2022-11-16 05:00:00+00:00,315.54,315.785,306.61,307.17,752877.0,20213.0,308.597683,276.6293333333333,62.686622989886416,11.862115122663909,7.4793327179700455,4.382782404693863
2022-11-17 05:00:00+00:00,301.0,301.0,291.67,298.77,1050709.0,25619.0,296.893268,277.34900000000005,57.538812880051694,11.228952574071798,8.229256689190397,2.999695884881401
2022-11-18 05:00:00+00:00,302.76,303.89,294.125,298.34,966573.0,18699.0,297.771096,278.6256666666667,57.27950200518681,10.570617784444664,8.697528908241251,1.873088876203413
2022-11-21 05:00:00+00:00,298.32,300.4,295.98,298.6,501726.0,15950.0,298.445143,279.65066666666667,57.40450289361792,9.955106279358574,8.949044382464717,1.0060618968938577
2022-11-22 05:00:00+00:00,301.7,301.7,294.26,295.9,856379.0,22467.0,296.713572,280.58866666666665,55.585581033864436,9.144034800680174,8.988042466107808,0.15599233457236572
2022-11-23 05:00:00+00:00,296.23,300.52,292.71,297.03,593275.0,15703.0,297.118632,281.3346666666667,56.21094523308454,8.494516863816159,8.889337345649478,-0.3948204818333192
2022-11-25 05:00:00+00:00,294.81,297.58,293.72,293.99,227121.0,8536.0,294.945378,282.18266666666665,54.00778921231953,7.646324555859223,8.640734787691427,-0.9944102318322035
2022-11-28 05:00:00+00:00,292.01,296.51,287.9,288.32,678996.0,19777.0,290.498689,283.142,50.0662690472368,6.442341128760631,8.20105605590527,-1.7587149271446378
2022-11-29 05:00:00+00:00,291.1,292.83,287.185,292.07,592219.0,18110.0,291.098652,283.97400000000005,52.53359531624901,5.724777576147687,7.705800359953753,-1.9810227838060657
2022-11-30 05:00:00+00:00,291.48,303.58,286.825,302.61,1116590.0,22892.0,298.476986,285.1066666666666,58.70920496758172,5.938141999870936,7.35226868793719,-1.4141266880662542
2022-12-01 05:00:00+00:00,302.28,302.31,293.62,300.89,855544.0,23956.0,299.451021,286.4443333333334,57.396841851829365,5.900428747803687,7.06190069991049,-1.1614719521068029
2022-12-02 05:00:00+00:00,295.55,305.04,293.05,302.85,556234.0,18282.0,301.323639,287.95099999999996,58.53433492329379,5.959993251194817,6.841519210167355,-0.8815259589725386
2022-12-05 05:00:00+00:00,298.05,301.098,287.77,289.76,702666.0,21509.0,291.773027,288.92866666666663,49.104637934331585,4.894523921929306,6.452120152519746,-1.5575962305904403
2022-12-06 05:00:00+00:00,288.61,288.72,284.01,287.12,590680.0,16842.0,286.346067,289.5253333333333,47.44458230951844,3.793378163422858,5.920371754700369,-2.126993591277511
2022-12-07 05:00:00+00:00,285.42,289.44,284.895,286.65,343485.0,12521.0,286.78141,289.94599999999997,47.139048305126295,2.849934869283402,5.306284377616977,-2.4563495083335747
2022-12-08 05:00:00+00:00,285.11,289.75,285.0,287.27,534607.0,18218.0,287.404352,290.3716666666667,47.61826432100439,2.1277506944529705,4.670577640984176,-2.5428269465312052
2022-12-09 05:00:00+00:00,286.47,293.92,285.0,292.23,1053749.0,26405.0,290.816816,291.299,51.41307756697047,1.933358526771599,4.12313381814166,-2.1897752913700614
2022-12-12 05:00:00+00:00,293.0,304.19,290.99,301.8,913046.0,26860.0,300.323886,292.339,57.76999538110748,2.5224431985109277,3.802995694215514,-1.2805524957045864
2022-12-13 05:00:00+00:00,319.52,321.79,302.225,304.65,1186077.0,29416.0,307.627531,293.3406666666667,59.470643712266785,3.1825814091498614,3.6789128372023834,-0.49633142805252195
2022-12-14 05:00:00+00:00,304.31,312.93,303.6202,309.4,1277798.0,26550.0,309.079844,294.55833333333334,62.202688009936416,4.04243235584255,3.751616740930417,0.29081561491213304
2022-12-15 05:00:00+00:00,304.75,305.79,296.99,299.14,1121298.0,30266.0,300.627147,295.85,53.77116698668511,3.8515756063186473,3.771608514008063,0.07996709231058441
2022-12-16 05:00:00+00:00,294.245,301.95,292.38,294.88,2126425.0,32744.0,295.81891,296.91166666666663,50.69834448542005,3.3183223056224733,3.680951272330945,-0.3626289667084719
2022-12-19 05:00:00+00:00,294.99,295.055,287.95,290.19,811944.0,22438.0,290.328669,297.52099999999996,47.48128977384356,2.4885845651269847,3.4424779308901536,-0.953893365763169
2022-12-20 05:00:00+00:00,288.59,289.05,282.395,284.21,656752.0,18658.0,284.83446,297.5953333333334,43.67573549483322,1.3331081637116426,3.0206039774544515,-1.6874958137428089
2022-12-21 05:00:00+00:00,288.98,290.75,283.065,287.31,782021.0,23572.0,286.91466,297.5036666666667,46.08800597161197,0.6599217162926152,2.5484675252220845,-1.8885458089294693
2022-12-22 05:00:00+00:00,284.0,284.89,277.49,281.97,591949.0,18977.0,281.171298,297.5073333333333,42.695816932251006,-0.3010069444064811,1.9785726312963714,-2.2795795757028525
2022-12-23 05:00:00+00:00,282.0,287.31,281.0,286.1,430462.0,12267.0,285.803888,296.85633333333334,46.00584987288254,-0.7209823116846223,1.4386616427001726,-2.159643954384795
2022-12-27 05:00:00+00:00,286.37,288.69,284.6,286.77,526692.0,13085.0,286.692045,295.945,46.54528772923563,-0.9883592255158078,0.9532574690569766,-1.9416166945727844
2022-12-28 05:00:00+00:00,286.84,288.5,282.0,282.25,329433.0,12649.0,283.189501,294.87766666666664,43.3954564771488,-1.547149010135513,0.45317617321847875,-2.0003251833539917
2022-12-29 05:00:00+00:00,285.35,290.6,284.28,286.58,431599.0,13771.0,287.544465,293.82733333333334,47.08938527955859,-1.621902841274732,0.0381603703198366,-1.6600632115945686
2022-12-30 05:00:00+00:00,283.03,286.58,280.18,283.78,515704.0,16225.0,283.007537,293.04766666666666,45.04240518522329,-1.8853492577938482,-0.3465415553029004,-1.538807702490948
2023-01-03 05:00:00+00:00,286.01,286.5,279.99,282.52,440748.0,14486.0,282.446981,292.506,44.11310625853004,-2.170780504265565,-0.7113893450954334,-1.4593911591701316
2023-01-04 05:00:00+00:00,285.24,290.34,284.21,288.79,728817.0,19435.0,287.779399,292.1876666666667,49.67703735266579,-1.869499794187675,-0.9430114349138817,-0.9264883592737932
2023-01-05 05:00:00+00:00,285.02,285.91,280.24,281.48,588958.0,16920.0,282.03066,291.617,44.15740858789936,-2.19528271598773,-1.1934656911286514,-1.0018170248590788
2023-01-06 05:00:00+00:00,285.71,302.04,284.81,300.7,1055094.0,26046.0,297.313239,291.77700000000004,57.52160782821564,-0.8922889058198393,-1.133230334066889,0.24094142824704967
2023-01-09 05:00:00+00:00,304.38,312.74,302.78,308.12,725200.0,19674.0,310.133763,292.14666666666665,61.36563429863957,0.7306525569136397,-0.7604537558707833,1.491106312784423
