timestamp,open,high,low,close,volume,trade_count,vwap,30sma,rsi,macd,signal,histogram
2022-01-03 05:00:00+00:00,558.44,560.395,537.84,544.21,1300426.0,28044.0,544.506162,,,,,
2022-01-04 05:00:00+00:00,537.45,544.33,513.34,524.0,1597147.0,39764.0,521.5889,,,,,
2022-01-05 05:00:00+00:00,513.2526,520.49,501.66,505.28,1173140.0,37111.0,510.326466,,,,,
2022-01-06 05:00:00+00:00,501.0,541.0,497.01,532.91,2756707.0,49308.0,529.631744,,,,,
2022-01-07 05:00:00+00:00,526.8593,548.2,524.3,525.49,2262091.0,37706.0,532.313743,,,,,
2022-01-10 05:00:00+00:00,513.7943,524.5774,492.0,522.61,2494049.0,52207.0,507.177843,,,,,
2022-01-11 05:00:00+00:00,514.72,529.7,511.84,526.05,1206558.0,24865.0,522.090113,,,,,
2022-01-12 05:00:00+00:00,528.61,537.8,518.28,532.02,1010265.0,21266.0,528.363957,,,,,
2022-01-13 05:00:00+00:00,532.02,534.0781,496.02,498.6,1635188.0,41242.0,506.660807,,,,,
2022-01-14 05:00:00+00:00,491.55,501.18,486.4,499.11,1365734.0,30656.0,495.312929,,,,,
2022-01-18 05:00:00+00:00,489.62,520.0,489.46,502.37,1652492.0,34057.0,508.579443,,,,,
2022-01-19 05:00:00+00:00,504.37,527.3924,502.61,519.61,2051272.0,42770.0,520.90302,,,,,
2022-01-20 05:00:00+00:00,520.81,536.88,519.08,519.67,1678526.0,37884.0,525.173134,,,,,
2022-01-21 05:00:00+00:00,515.65,517.81,482.56,483.63,2581537.0,63017.0,495.145623,,,,,
2022-01-24 05:00:00+00:00,474.52,508.19,455.76,504.21,2847648.0,73076.0,482.954703,,39.8672611206809,,,
2022-01-25 05:00:00+00:00,499.04,499.72,475.14,475.47,1894567.0,53614.0,482.345457,,34.463160731731946,,,
2022-01-26 05:00:00+00:00,484.0,500.79,473.0,476.24,1903486.0,41665.0,485.739118,,34.7184813579763,,,
2022-01-27 05:00:00+00:00,485.49,504.43,484.28,485.22,1662163.0,36387.0,491.612204,,37.763673190157796,,,
2022-01-28 05:00:00+00:00,487.65,500.335,480.19,496.17,1370556.0,33756.0,492.172756,,41.3559580588204,,,
2022-01-31 05:00:00+00:00,496.17,519.16,496.17,517.4,1684843.0,34241.0,510.917655,,47.66339505824123,,,
2022-02-01 05:00:00+00:00,517.86,520.0,503.23,512.86,1403763.0,30226.0,510.479593,,46.511326579563814,,,
2022-02-02 05:00:00+00:00,516.85,518.29,505.4,509.4,1054099.0,27886.0,510.349264,,45.60658243937482,,,
2022-02-03 05:00:00+00:00,497.44,509.22,490.77,492.41,1049535.0,25264.0,497.291025,,41.352811875225754,,,
2022-02-04 05:00:00+00:00,491.17,519.2,488.01,515.5,1486202.0,30690.0,511.627499,,48.39708241119799,,,
2022-02-07 05:00:00+00:00,512.71,521.76,509.52,510.98,701435.0,20248.0,512.993227,,47.201864288802625,,,
2022-02-08 05:00:00+00:00,510.33,517.945,505.01,513.25,1321783.0,23871.0,512.803991,,47.8977794955084,-2.6884706407768704,,
2022-02-09 05:00:00+00:00,518.66,537.24,518.66,534.49,1060624.0,32326.0,530.290827,,54.00646624785678,-0.274206693850374,,
2022-02-10 05:00:00+00:00,521.57,537.66,521.0,527.75,856811.0,22582.0,529.391675,,51.92597289418825,1.082771688429375,,
2022-02-11 05:00:00+00:00,531.92,536.0,506.71,510.18,1048485.0,27177.0,517.11299,,46.858351873794064,0.7319966695495168,,
2022-02-14 05:00:00+00:00,505.88,527.2499,505.88,521.02,1095095.0,25916.0,521.289817,511.2703333333333,50.09437201187855,1.3135604391502511,,
2022-02-15 05:00:00+00:00,527.02,535.63,521.8,526.4,1177521.0,26891.0,527.192274,510.6766666666667,51.667461674020046,2.183406008619272,,
2022-02-16 05:00:00+00:00,518.86,529.98,514.555,526.41,944842.0,27508.0,522.950187,510.75699999999995,51.670511103273036,2.8408245487032673,,
2022-02-17 05:00:00+00:00,519.63,523.55,497.0,499.14,1197502.0,34785.0,504.174204,510.5523333333333,43.59318871659552,1.1481373701512894,,
2022-02-18 05:00:00+00:00,499.05,500.93,481.4,482.17,1629259.0,40600.0,488.051342,508.861,39.45932892629274,-1.5448584235307408,0.5325734407161096,-2.0774318642468503
2022-02-22 05:00:00+00:00,476.51,486.9655,466.57,475.51,3115248.0,79843.0,479.040702,507.195,37.93878963655099,-4.168432239965,-0.4076276954201124,-3.7608045445448877
2022-02-23 05:00:00+00:00,506.2,511.36,472.03,477.61,4339627.0,103765.0,491.377203,505.695,38.74037910971013,-6.008913922470811,-1.5278849408302522,-4.481028981640558
2022-02-24 05:00:00+00:00,467.06,540.67,466.5,539.94,5013928.0,112623.0,523.628232,506.1580000000001,56.64115876124043,-2.4102153669130644,-1.7043510260468147,-0.7058643408662497
2022-02-25 05:00:00+00:00,530.44,570.99,530.44,569.75,3552394.0,81711.0,558.099524,507.4156666666667,62.3131665977967,2.814750343189644,-0.800530752199523,3.6152810953891668
2022-02-28 05:00:00+00:00,576.8765,595.3,569.01,594.25,3650344.0,83319.0,586.443828,510.60400000000004,66.22389384805851,8.830723473974444,1.1257200930352704,7.705003380939174
2022-03-01 05:00:00+00:00,591.39,598.96,571.69,576.75,2667719.0,67388.0,586.919643,513.192,61.328508013427644,12.04744631462961,3.3100653373541387,8.737380977275471
2022-03-02 05:00:00+00:00,583.37,585.86,567.9,582.06,1685949.0,41876.0,579.209796,515.8483333333334,62.24059961910701,14.853967670531688,5.6188458039896485,9.23512186654204
2022-03-03 05:00:00+00:00,582.79,591.0,569.0306,573.41,1411389.0,38478.0,577.624243,517.6416666666667,59.767624234359005,16.193504713810626,7.733777585953844,8.459727127856782
2022-03-04 05:00:00+00:00,569.01,577.48,551.51,557.51,1792317.0,41952.0,557.757383,518.903,55.40953394921696,15.790082115652467,9.345038491893568,6.445043623758899
2022-03-07 05:00:00+00:00,559.53,563.1,530.78,533.51,2300667.0,50664.0,542.545217,520.5656666666667,49.53780752930498,13.379536409224784,10.151938075359812,3.2275983338649716
2022-03-08 05:00:00+00:00,531.0,543.59,522.0101,525.15,1524159.0,46702.0,531.176555,521.2636666666666,47.64385986987648,10.671564286989792,10.255863317685808,0.4157009693039839
2022-03-09 05:00:00+00:00,538.7,561.55,537.01,554.91,1676705.0,43808.0,551.805887,523.9116666666666,54.336691489677264,10.80233753268044,10.365158160684736,0.437179371995704
2022-03-10 05:00:00+00:00,549.65,559.95,543.74,551.85,1045365.0,31749.0,551.152832,526.432,53.57828116345042,10.537589078077076,10.399644344163203,0.13794473391387285
2022-03-11 05:00:00+00:00,559.22,559.22,545.05,546.03,1143556.0,31705.0,551.401211,528.459,52.08911130941301,9.745805085688858,10.268876492468335,-0.5230714067794775
2022-03-14 04:00:00+00:00,538.38,545.23,515.55,525.31,1542415.0,40060.0,527.619942,529.4303333333334,47.07287870263297,7.361520703211681,9.687405334617004,-2.325884631405323
2022-03-15 04:00:00+00:00,529.33,541.97,509.12,540.06,1242777.0,34365.0,530.211117,530.1856666666666,50.711706107684606,6.586237831433664,9.067171833980337,-2.4809340025466735
2022-03-16 04:00:00+00:00,545.7,555.65,527.83,553.92,1888021.0,43529.0,546.544358,531.5543333333334,53.91777269878285,7.009406660309196,8.65561879924611,-1.6462121389369138
2022-03-17 04:00:00+00:00,552.17,567.36,545.0,564.16,1743907.0,36225.0,560.432709,533.3796666666666,56.1853867800053,8.077936008740949,8.540082241145077,-0.46214623240412855
2022-03-18 04:00:00+00:00,567.58,577.52,559.63,577.02,2142803.0,34879.0,573.453875,536.2,58.91938551856628,9.848915572227497,8.801848907361562,1.0470666648659357
2022-03-21 04:00:00+00:00,574.96,578.245,560.61,577.2,1520164.0,38305.0,572.924739,538.2566666666667,58.95798879636177,11.138555793509227,9.269190284591096,1.869365508918131
2022-03-22 04:00:00+00:00,580.0,609.21,580.0,597.42,2390551.0,53729.0,597.26817,541.138,63.14736296239887,13.635014020513381,10.142355031775553,3.492658988737828
2022-03-23 04:00:00+00:00,588.69,619.74,586.0,604.04,1947639.0,48407.0,605.327447,544.1643333333334,64.42761370694564,15.963634978758591,11.306611021172161,4.65702395758643
2022-03-24 04:00:00+00:00,605.0,622.99,600.76,622.16,1833481.0,40745.0,616.337633,547.0866666666666,67.73194886330813,19.05160142776822,12.855609102491373,6.195992325276846
2022-03-25 04:00:00+00:00,624.45,624.45,603.21,622.4,2239436.0,34875.0,614.111869,550.2416666666667,67.77464676269688,21.2729813929152,14.539083560576138,6.733897832339061
2022-03-28 04:00:00+00:00,617.2,629.49,616.96,625.25,2575150.0,58549.0,624.170881,554.0773333333333,68.3108903502982,22.998302090475818,16.230927266556073,6.767374823919745
2022-03-29 04:00:00+00:00,622.54,623.76,596.54,616.51,2514167.0,56408.0,611.040206,557.2603333333333,64.75235527207565,23.390752185824113,17.662892250409683,5.727859935414429
2022-03-30 04:00:00+00:00,613.65,627.59,612.7,615.75,1479102.0,32528.0,618.912684,560.2386666666666,64.4380075974041,23.37103927265457,18.80452165485866,4.56651761779591
2022-03-31 04:00:00+00:00,615.42,635.89,614.54,622.51,1605241.0,39251.0,626.01634,563.4419999999999,66.01823087244473,23.62851731193598,19.769320786274125,3.8591965256618543
2022-04-01 04:00:00+00:00,621.3,630.13,605.54,611.11,1341537.0,37762.0,615.69317,567.1743333333333,61.08837963992523,22.651572558530233,20.345771140725347,2.3058014178048865
2022-04-04 04:00:00+00:00,616.16,629.76,613.5,628.1,1162052.0,33854.0,624.690701,572.0386666666667,65.25287188885024,22.983350058756287,20.873286924331534,2.1100631344247525
2022-04-05 04:00:00+00:00,628.0,631.24,610.86,621.14,1227231.0,30145.0,620.63423,576.893,62.31084312906381,22.426157501283797,21.183861039721986,1.2422964615618106
2022-04-06 04:00:00+00:00,607.53,613.65,601.12,606.8,1238248.0,38159.0,606.288687,581.1993333333334,56.64418264347218,20.59011025538598,21.065110882854786,-0.47500062746880545
2022-04-07 04:00:00+00:00,603.8,620.865,603.8,616.75,983248.0,27661.0,614.601212,583.7596666666667,59.40295937441238,19.710698763524306,20.79422845898869,-1.0835296954643852
2022-04-08 04:00:00+00:00,612.56,614.22,603.465,608.23,941953.0,23531.0,609.351788,585.0423333333333,56.11054234002996,18.117419688549944,20.258866704900942,-2.141447016350998
2022-04-11 04:00:00+00:00,601.905,618.9518,597.5,610.9,1100666.0,31289.0,610.196751,585.5973333333334,56.916430519941514,16.875649248743116,19.58222321366938,-2.706573964926264
2022-04-12 04:00:00+00:00,615.44,626.63,609.99,611.89,895530.0,29007.0,617.258079,586.7686666666667,57.230020537872484,15.789411448339024,18.82366086060331,-3.0342494122642876
2022-04-13 04:00:00+00:00,615.05,635.68,610.51,629.01,1225325.0,33047.0,628.560513,588.3336666666667,62.335494560788554,16.124132129522877,18.283755114387226,-2.159622984864349
2022-04-14 04:00:00+00:00,630.0,634.66,624.31,626.78,954420.0,27880.0,628.344164,590.1126666666667,61.30888284126499,16.024735146068338,17.83195112072345,-1.8072159746551115
2022-04-18 04:00:00+00:00,621.17,629.834,616.37,617.79,648112.0,23454.0,621.745698,592.122,57.21777184978787,15.047090955087583,17.27497908759628,-2.2278881325086957
2022-04-19 04:00:00+00:00,615.98,631.62,611.37,628.56,802014.0,22195.0,626.783378,595.2903333333333,60.60898958915479,14.968798885742672,16.813743047225557,-1.8449441614828856
2022-04-20 04:00:00+00:00,629.43,640.9,619.6217,626.17,823929.0,28641.0,628.642179,598.6576666666666,59.4821914593285,14.546219072030908,16.360238252186626,-1.814019180155718
2022-04-21 04:00:00+00:00,630.91,639.3599,588.6,592.0,1721163.0,49218.0,609.160557,599.894,46.24476852548674,11.323557177276257,15.352902037204554,-4.0293448599282975
2022-04-22 04:00:00+00:00,590.4,597.18,569.09,571.58,1462153.0,37829.0,576.893137,600.5516666666666,40.45123281226575,7.040690368824244,13.690459703528493,-6.649769334704249
2022-04-25 04:00:00+00:00,572.5,600.745,572.47,599.73,1761535.0,47331.0,590.610671,602.3416666666667,49.789802299711,5.850516198455125,12.122471002513821,-6.271954804058696
2022-04-26 04:00:00+00:00,593.0,598.85,580.23,580.79,907794.0,29670.0,585.817278,604.191,44.7094569719078,3.340487817699227,10.366074365550903,-7.025586547851676
2022-04-27 04:00:00+00:00,578.09,593.57,569.19,578.67,1020274.0,30717.0,579.69955,605.478,44.16622702683102,1.1667563191845147,8.526210756277626,-7.359454437093111
2022-04-28 04:00:00+00:00,587.83,595.65,572.33,588.74,793226.0,26100.0,586.247697,606.6386666666666,47.433402549333515,0.25369880531479794,6.871708366085061,-6.618009560770263
2022-04-29 04:00:00+00:00,585.89,592.87,557.43,561.28,1215889.0,34467.0,569.893144,606.5426666666666,40.47761715212998,-2.655092110740611,4.9663482707199265,-7.621440381460538
2022-05-02 04:00:00+00:00,558.26,572.87,553.99,571.95,996701.0,29686.0,564.100932,606.3736666666666,43.91894941542642,-4.052633801544744,3.162551856266993,-7.215185657811737
2022-05-03 04:00:00+00:00,571.49,572.2299,544.16,557.94,1500693.0,42069.0,555.009585,605.7316666666666,40.59978737123612,-6.218996849308155,1.2862421151519632,-7.505238964460118
2022-05-04 04:00:00+00:00,558.96,561.91,518.44,553.27,2613576.0,68051.0,537.483247,604.26,39.52743245637309,-8.217953689016781,-0.6145970456817857,-7.603356643334996
2022-05-05 04:00:00+00:00,552.02,554.5672,517.42,529.64,1790669.0,49748.0,527.940586,601.78,34.55411595829885,-11.575450316264096,-2.8067676997982476,-8.76868261646585
2022-05-06 04:00:00+00:00,519.11,528.3,500.6427,504.87,1951636.0,49444.0,510.271678,597.8703333333334,30.256625239096607,-16.050008069050364,-5.455415773648671,-10.594592295401693
2022-05-09 04:00:00+00:00,492.12,492.12,454.59,459.51,3014567.0,76104.0,467.416641,592.4406666666667,24.297213923831137,-22.991271173722794,-8.962586853663495,-14.028684320059298
2022-05-10 04:00:00+00:00,479.47,492.87,465.761,484.04,2040836.0,50773.0,481.08577,587.7336666666667,32.087312896353865,-26.21076481785383,-12.412222446501563,-13.798542371352266
2022-05-11 04:00:00+00:00,472.92,499.8,458.24,466.67,2113010.0,47133.0,479.409085,582.7389999999999,29.75255260862251,-29.82010297416332,-15.893798552033916,-13.926304422129403
2022-05-12 04:00:00+00:00,460.32,488.67,450.305,478.51,2047759.0,43258.0,475.084162,578.1643333333334,33.3144176795732,-31.36360035618179,-18.98775891286349,-12.3758414433183
2022-05-13 04:00:00+00:00,489.34,499.58,485.37,491.7,1546191.0,34141.0,491.449602,573.8040000000001,37.13835225429678,-31.163279497578856,-21.422863029806564,-9.740416467772292
2022-05-16 04:00:00+00:00,491.82,504.47,466.38,468.18,1851459.0,45767.0,477.499695,569.0396666666668,33.45443848985393,-32.52743518388604,-23.64377746062246,-8.883657723263582
2022-05-17 04:00:00+00:00,482.56,486.44,459.42,473.27,1593698.0,38313.0,471.414599,563.8786666666666,34.958083448028574,-32.819495220919976,-25.478921012681962,-7.340574208238014
2022-05-18 04:00:00+00:00,466.21,475.0,433.93,438.6,2606369.0,56443.0,445.76462,557.794,29.987697896781825,-35.44000385140629,-27.47113758042683,-7.968866270979458
2022-05-19 04:00:00+00:00,427.39,444.43,421.5482,436.37,4027872.0,85621.0,442.296893,552.1129999999999,29.695238896128487,-37.26712595390802,-29.430335255123072,-7.836790698784949
2022-05-20 04:00:00+00:00,488.04,492.9694,460.4418,478.68,5876973.0,115764.0,476.14026,547.5106666666667,41.377099343051356,-34.898778587447396,-30.524023921587936,-4.374754665859459
2022-05-23 04:00:00+00:00,483.685,504.95,482.15,500.27,2952102.0,64305.0,494.759336,543.912,46.28211587411313,-30.923249698198163,-30.603869076909984,-0.3193806212881789
2022-05-24 04:00:00+00:00,491.78,495.635,470.11,477.14,2224834.0,47560.0,478.238207,539.4533333333334,42.2076385901149,-29.30124558612897,-30.343344378753784,1.042098792624813
2022-05-25 04:00:00+00:00,474.4,514.624,474.4,505.51,2154623.0,56814.0,502.283551,535.9073333333333,48.22799330850735,-25.43339341187385,-29.3613541853778,3.9279607735039477
2022-05-26 04:00:00+00:00,503.527,508.65,496.64,502.09,1774067.0,46788.0,502.67812,531.6766666666666,47.58446408074509,-22.38600617094039,-27.96628458249032,5.58027841154993
2022-05-27 04:00:00+00:00,511.69,517.0,503.0,506.8,1222739.0,36993.0,508.30776,527.6773333333333,48.60164404383695,-19.367614387634205,-26.2465505435191,6.878936155884894
2022-05-31 04:00:00+00:00,504.5,507.165,495.34,502.78,2291852.0,38674.0,502.272486,523.8436666666666,47.749917425172896,-17.10274772678025,-24.41778998017133,7.315042253391081
2022-06-01 04:00:00+00:00,507.22,522.75,499.57,501.54,1302273.0,34827.0,506.982479,519.6096666666666,47.47355352283254,-15.232293816119352,-22.580690747360936,7.348396931241584
2022-06-02 04:00:00+00:00,498.81,521.61,498.38,517.34,1260842.0,36051.0,515.409856,515.982,51.33825913960736,-12.332852218694256,-20.531123041627602,8.198270822933345
2022-06-03 04:00:00+00:00,510.08,518.58,502.26,512.59,828075.0,26410.0,509.752958,513.3349999999999,50.143785095415424,-10.29958199599713,-18.48481483250151,8.18523283650438
2022-06-06 04:00:00+00:00,516.36,519.49,505.95,514.02,585685.0,21758.0,513.99361,511.41633333333334,50.51705095112238,-8.475115787376922,-16.48287502347659,8.00775923609967
2022-06-07 04:00:00+00:00,508.15,528.9,507.62,527.0,963092.0,27370.0,523.514956,508.992,53.8915030299956,-5.9136665836160205,-14.36903333550448,8.455366751888459
2022-06-08 04:00:00+00:00,525.51,534.8202,521.8652,524.88,806701.0,23505.0,526.286944,507.1283333333333,53.25274620821089,-4.008557759203768,-12.296938220244337,8.28838046104057
2022-06-09 04:00:00+00:00,520.75,528.47,514.0601,516.15,979829.0,23719.0,522.39112,505.0443333333333,50.59341566390463,-3.1666798168955665,-10.470886539574584,7.304206722679018
2022-06-10 04:00:00+00:00,506.83,508.22,490.2977,495.22,1511748.0,36227.0,496.758645,501.92699999999996,44.81518146769006,-4.140630946803412,-9.20483542102035,5.064204474216938
2022-06-13 04:00:00+00:00,474.45,485.77,465.22,477.73,1585714.0,42646.0,477.458468,499.142,40.63838908432672,-6.251725069132306,-8.614213350642743,2.362488281510437
2022-06-14 04:00:00+00:00,481.78,489.31,476.0,481.63,1063860.0,28051.0,482.136013,496.1313333333334,41.937870783933946,-7.523360349371387,-8.396042750388473,0.8726824010170855
2022-06-15 04:00:00+00:00,486.89,495.88,478.69,487.02,1019006.0,27646.0,487.270416,493.7673333333333,43.76994000329203,-8.003947986602896,-8.317623797631358,0.3136758110284621
2022-06-16 04:00:00+00:00,473.45,479.85,459.7463,466.31,1367095.0,39054.0,465.739081,490.8686666666667,38.71512152781042,-9.941343451823002,-8.642367728469686,-1.2989757233533155
2022-06-17 04:00:00+00:00,468.26,482.645,467.71,475.36,1445934.0,30679.0,475.223985,489.0593333333333,41.87414001836596,-10.624016896632781,-9.038697562102305,-1.5853193345304764
2022-06-21 04:00:00+00:00,482.62,501.345,482.06,499.36,1975247.0,40723.0,495.421325,488.8756666666667,49.33298383759195,-9.123273676507836,-9.055612784983412,-0.06766089152442412
2022-06-22 04:00:00+00:00,493.47,509.6,492.465,494.32,1245211.0,32356.0,500.608752,490.036,47.94168820032126,-8.245560057589387,-8.893602239504608,0.6480421819152209
2022-06-23 04:00:00+00:00,498.09,506.07,494.18,503.07,1080583.0,26634.0,502.163122,490.6703333333333,50.549150260734244,-6.76592049795147,-8.46806589119398,1.7021453932425104
2022-06-24 04:00:00+00:00,509.48,514.59,501.605,510.75,2260891.0,38059.0,509.193194,492.13966666666664,52.784523979637,-4.916904654953555,-7.7578336439458955,2.8409289889923404
2022-06-27 04:00:00+00:00,514.22,514.5899,498.555,501.88,1482192.0,29961.0,503.36062,492.91866666666664,49.974733406204656,-4.11979076479912,-7.0302250681165415,2.9104343033174214
2022-06-28 04:00:00+00:00,505.32,509.5,484.66,491.91,1066749.0,29634.0,493.681093,492.9256666666667,46.94952848217161,-4.243649788013727,-6.472910012095979,2.2292602240822523
2022-06-29 04:00:00+00:00,492.0,495.0,482.51,491.8,714048.0,22267.0,490.155441,493.71299999999997,46.91578378780641,-4.30110458069737,-6.038548925816258,1.7374443451188881
2022-06-30 04:00:00+00:00,488.22,499.55,482.08,493.94,1445789.0,31005.0,492.959651,494.402,47.70329074194519,-4.126391331880313,-5.656117407029069,1.5297260751487558
2022-07-01 04:00:00+00:00,495.0,510.425,492.441,508.25,1174774.0,29487.0,504.325655,496.72366666666665,52.750977120100224,-2.800944868198769,-5.08508289926301,2.2841380310642405
2022-07-05 04:00:00+00:00,504.0,522.41,500.49,521.14,1360651.0,38804.0,516.550839,499.5493333333333,56.79616133773739,-0.7023079537110561,-4.208527910152619,3.506219956441563
2022-07-06 04:00:00+00:00,525.55,525.67,511.7,514.96,1417223.0,29795.0,515.82759,500.75866666666667,54.39180313329831,0.4569353035510062,-3.2754352674118943,3.7323705709629005
2022-07-07 04:00:00+00:00,514.96,523.5399,511.56,517.25,1294717.0,31880.0,517.348577,501.32466666666664,55.149471990379034,1.5426451455250003,-2.3118191848245155,3.854464330349516
2022-07-08 04:00:00+00:00,511.95,525.49,506.19,524.22,798832.0,23227.0,520.114705,502.894,57.465581111313476,2.931703908945906,-1.2631145660704313,4.194818475016337
2022-07-11 04:00:00+00:00,518.73,520.12,511.0,515.91,624027.0,19818.0,515.657186,503.24066666666664,53.892269746859526,3.3236820978489163,-0.34575523328656166,3.669437331135478
2022-07-12 04:00:00+00:00,520.47,526.72,488.96,492.58,1371405.0,36801.0,497.74439,502.92366666666663,45.36380380171706,1.7318281763587606,0.06976144864250278,1.6620667277162577
2022-07-13 04:00:00+00:00,483.92,499.68,479.79,493.41,1077457.0,25503.0,493.511657,502.4773333333333,45.69307044081853,0.5311240706173521,0.16203397303747266,0.36909009757987943
2022-07-14 04:00:00+00:00,489.64,491.78,478.0,490.0,1585113.0,23703.0,487.957411,502.0513333333333,44.50634520717617,-0.6876740073352607,-0.007907623037074013,-0.6797663842981867
2022-07-15 04:00:00+00:00,490.59,511.778,490.59,508.96,1092846.0,27982.0,505.601017,502.2986666666667,51.974902653758114,-0.1222574130549674,-0.03077758104065269,-0.09147983201431471
2022-07-18 04:00:00+00:00,515.75,519.17,504.89,505.84,796164.0,23836.0,512.410411,501.91533333333336,50.76416080697461,0.0732371541225234,-0.009974634008017472,0.08321178813054088
2022-07-19 04:00:00+00:00,508.69,515.6,504.2711,513.6,668346.0,22120.0,511.962539,501.949,53.65580605651538,0.8445991408955251,0.16094012097269106,0.6836590199228341
2022-07-20 04:00:00+00:00,511.09,512.69,497.04,504.2,1534769.0,39287.0,505.044974,501.62166666666667,49.83750003611954,0.6894599665336614,0.2666440900848851,0.4228158764487763
2022-07-21 04:00:00+00:00,502.1,514.92,499.285,514.34,1711971.0,27096.0,511.384808,501.19966666666664,53.66779127921111,1.36894397560593,0.48710406718909416,0.8818399084168359
2022-07-22 04:00:00+00:00,519.1,524.0104,507.345,511.17,810980.0,20587.0,513.08606,500.7426666666667,52.32270904208832,1.6328252479491425,0.7162483033411038,0.9165769446080387
2022-07-25 04:00:00+00:00,511.96,514.0,499.81,505.27,712345.0,21852.0,504.458186,500.38,49.819967578130104,1.3503068687542168,0.8430600164237264,0.5072468523304904
2022-07-26 04:00:00+00:00,501.64,502.58,463.21,465.22,2399351.0,55586.0,471.943976,499.38,36.91264585589062,-2.081299347068068,0.2581881437253675,-2.3394874907934358
2022-07-27 04:00:00+00:00,475.52,483.43,467.04,478.08,1234917.0,33451.0,475.937373,499.39166666666665,42.099873841153304,-3.7202922586431555,-0.5375079367483371,-3.182784321894818
2022-07-28 04:00:00+00:00,478.1,494.375,471.31,492.21,1235786.0,30293.0,487.538824,499.7443333333333,47.23363948789031,-3.834827533995224,-1.1969718561977145,-2.6378556777975093
2022-07-29 04:00:00+00:00,492.21,499.32,487.515,499.1,1182364.0,30604.0,496.266368,500.14700000000005,49.58116891836572,-3.331231780678479,-1.6238238410938675,-1.7074079395846116
2022-08-01 04:00:00+00:00,499.76,511.78,495.25,507.66,1246069.0,34687.0,506.233951,501.5253333333333,52.41370237317404,-2.2158649451092174,-1.7422320618969376,-0.4736328832122798
2022-08-02 04:00:00+00:00,502.3,518.47,502.01,510.69,993464.0,26832.0,511.918985,502.70300000000003,53.411437208449236,-1.0750406158727515,-1.6087937726921004,0.533753156819349
2022-08-03 04:00:00+00:00,518.32,530.3299,515.05,529.07,1093948.0,30559.0,525.610869,503.6933333333333,59.02387643932035,1.297229620604412,-1.027589094032798,2.3248187146372103
2022-08-04 04:00:00+00:00,511.02,514.0,484.07,501.7,2806396.0,64037.0,498.003489,503.93933333333337,49.467259778905095,0.957700835843184,-0.6305311080576017,1.5882319439007857
2022-08-05 04:00:00+00:00,498.0,502.0,488.6,501.37,1685647.0,40773.0,495.619231,503.8826666666667,49.363481599944656,0.6544494992257341,-0.37353498660093454,1.0279844858266687
2022-08-08 04:00:00+00:00,503.96,515.79,500.01,501.07,1083492.0,27581.0,506.759625,503.56000000000006,49.26230155015188,0.38546968279644034,-0.22173405272145957,0.6072037355178999
2022-08-09 04:00:00+00:00,498.74,504.8392,492.0,500.37,1411823.0,31875.0,499.490578,503.50966666666665,49.009875498730224,0.11449723764189912,-0.15448779464878784,0.26898503229068693
2022-08-10 04:00:00+00:00,514.72,523.9,512.0,521.84,1129332.0,29558.0,519.994143,504.5073333333333,56.3908802350109,1.6135986297556428,0.1991294902320983,1.4144691395235445
2022-08-11 04:00:00+00:00,530.0,537.09,512.41,516.51,1189664.0,35591.0,523.346059,505.331,54.28987049720633,2.34453449389315,0.6282104909643087,1.7163240029288411
2022-08-12 04:00:00+00:00,528.45,529.62,521.1,526.88,835419.0,24694.0,524.999543,506.42900000000003,57.5998324027974,3.7177231681445164,1.2461130264003502,2.4716101417441663
2022-08-15 04:00:00+00:00,520.45,529.36,520.45,527.77,938851.0,24424.0,526.543188,507.07966666666664,57.88172073316672,4.822213175969409,1.961333056314162,2.8608801196552474
2022-08-16 04:00:00+00:00,525.69,526.36,515.13,524.55,1219600.0,31835.0,522.179613,507.1933333333334,56.420233743642,5.375734257017882,2.644213296454906,2.731520960562976
2022-08-17 04:00:00+00:00,517.6,519.2031,506.855,514.51,1092042.0,31927.0,513.285135,507.17833333333334,52.01054955772555,4.947231009896029,3.104816839143131,1.8424141707528983
2022-08-18 04:00:00+00:00,517.22,521.15,512.43,517.85,1028859.0,27737.0,517.064175,507.1983333333333,53.31769038067313,4.821569138106611,3.4481672989358274,1.3734018391707834
2022-08-19 04:00:00+00:00,513.05,519.05,508.01,513.51,1163935.0,33913.0,513.832342,506.84133333333335,51.360062718827415,4.321958621598014,3.622925563468265,0.6990330581297495
2022-08-22 04:00:00+00:00,506.12,514.38,500.6111,508.05,3201793.0,73921.0,516.873505,506.57933333333335,48.92624394041345,3.4457172354833574,3.5874838978712837,-0.14176666238792635
2022-08-23 04:00:00+00:00,559.52,572.6,552.0,569.51,6139025.0,128857.0,564.574625,509.1436666666667,67.56075566900788,7.622727918892224,4.394532702075472,3.2281952168167516
2022-08-24 04:00:00+00:00,570.5,572.0,563.01,564.81,1592507.0,45767.0,566.764567,511.5236666666667,65.58993368990724,10.433517167501577,5.602329595160693,4.831187572340884
2022-08-25 04:00:00+00:00,570.0,578.79,568.28,575.58,1304473.0,38725.0,573.897956,514.3763333333334,67.90067499340572,13.375947294845105,7.157053135097575,6.21889415974753
2022-08-26 04:00:00+00:00,573.92,577.5,560.68,560.69,1244736.0,39242.0,565.644518,516.1006666666667,61.728797302723365,14.341031328577515,8.593848773793564,5.747182554783951
2022-08-29 04:00:00+00:00,555.0,566.3599,552.59,558.99,1351135.0,33745.0,559.712357,517.8723333333334,61.046547787417516,14.798108205962421,9.834700660227336,4.963407545735086
2022-08-30 04:00:00+00:00,564.15,568.878,554.42,559.68,1152732.0,34335.0,560.251759,519.4083333333333,61.23382855694322,15.042620195868494,10.876284567355567,4.166335628512927
2022-08-31 04:00:00+00:00,566.99,572.9999,553.68,556.81,1176841.0,33196.0,560.300516,521.162,59.9428992321787,14.833817678605442,11.667791189605543,3.166026488999899
2022-09-01 04:00:00+00:00,548.45,553.04,534.26,545.15,1454720.0,43437.0,542.202954,522.189,54.88077685754991,13.571037157346836,12.048440383153801,1.522596774193035
2022-09-02 04:00:00+00:00,547.9,553.525,537.65,539.2,1182412.0,35253.0,544.255137,523.1233333333333,52.44679708288945,11.952379630351174,12.029228232593276,-0.07684860224210155
2022-09-06 04:00:00+00:00,533.98,535.855,518.33,530.54,1475994.0,42184.0,527.720294,523.9656666666666,49.037897810436434,9.857164990906085,11.594815584255839,-1.7376505933497537
2022-09-07 04:00:00+00:00,530.54,541.39,526.42,540.0,1126358.0,29344.0,535.488708,526.4583333333334,52.65783658808683,8.857926569791971,11.047437781363065,-2.1895112115710944
2022-09-08 04:00:00+00:00,539.46,549.18,535.01,547.25,996272.0,28880.0,544.475042,528.764,55.27958646117171,8.552450011143833,10.548440227319219,-1.995990216175386
2022-09-09 04:00:00+00:00,556.0,568.25,553.1001,564.77,1285791.0,36076.0,563.446697,531.1826666666667,60.912825856748505,9.61325954483948,10.361404090823273,-0.7481445459837932
2022-09-12 04:00:00+00:00,566.16,569.9982,561.81,568.08,1314769.0,32727.0,567.11829,533.482,61.88955685488615,10.598870894090055,10.40889745147663,0.1899734426134252
2022-09-13 04:00:00+00:00,553.98,556.3208,548.12,548.88,1461074.0,41476.0,551.194275,534.856,53.53311941229695,9.718664733028845,10.270850907787073,-0.5521861747582282
2022-09-14 04:00:00+00:00,183.75,183.9599,178.84,182.06,5666854.0,84388.0,181.283986,523.9016666666668,14.169505856962132,-20.34370379467464,4.1479399672947315,-24.49164376196937
2022-09-15 04:00:00+00:00,181.11,181.96,178.16,179.62,5202411.0,66310.0,179.66033,512.2533333333333,14.095260887907969,-43.859648324417606,-5.453577691047736,-38.40607063336987
2022-09-16 04:00:00+00:00,176.75,177.24,171.54,174.09,7019340.0,76004.0,173.957558,501.33299999999997,13.917274614284722,-62.22513593804052,-16.807889340446295,-45.41724659759423
2022-09-19 04:00:00+00:00,171.19,175.76,171.0,175.35,3746086.0,35078.0,174.49483,490.46566666666666,14.183173147307599,-75.80441955625747,-28.607195383608534,-47.19722417264894
2022-09-20 04:00:00+00:00,174.9,176.695,173.686,175.02,3928179.0,40287.0,175.120423,479.5973333333333,14.170827234245593,-85.60591618527343,-40.00693954394151,-45.598976641331916
2022-09-21 04:00:00+00:00,176.4,177.43,171.11,171.12,2988621.0,36661.0,173.926132,468.62233333333336,14.015554413728637,-92.62069655062476,-50.52969094527816,-42.091005605346595
2022-09-22 04:00:00+00:00,169.55,171.74,165.32,166.18,3650670.0,53434.0,166.834273,456.767,13.809152233091226,-97.45517465395557,-59.91478768701365,-37.54038696694192
2022-09-23 04:00:00+00:00,164.25,165.94,160.54,161.57,3465649.0,56366.0,162.157409,444.93566666666663,13.607756991895798,-100.50002018045171,-68.03183418570127,-32.46818599475044
2022-09-26 04:00:00+00:00,162.16,166.82,161.89,163.17,3843488.0,57401.0,164.313419,432.81199999999995,14.07613847147617,-101.61264821197489,-74.747996990956,-26.86465122101889
2022-09-27 04:00:00+00:00,165.64,166.74,162.6601,163.66,2952804.0,45286.0,164.291579,420.675,14.229502558636128,-101.28729811459871,-80.05585721568454,-21.231440898914173
2022-09-28 04:00:00+00:00,163.71,167.7159,163.1,166.8,3356363.0,50588.0,165.877567,408.75,15.273139048368975,-99.6276386580835,-83.97021350416433,-15.657425153919164
2022-09-29 04:00:00+00:00,164.9,166.78,161.64,165.58,2916837.0,49348.0,164.582467,397.11899999999997,15.195773252593682,-97.28929989690397,-86.63403078271227,-10.655269114191697
2022-09-30 04:00:00+00:00,164.69,167.87,163.72,163.79,3152971.0,41932.0,164.962966,385.317,15.075114399862144,-94.49135015641397,-88.20549465745262,-6.285855498961354
2022-10-03 04:00:00+00:00,166.0,170.96,165.56,169.69,3773022.0,55697.0,168.744139,373.85633333333334,17.403118295566202,-90.75174451749541,-88.71474462946118,-2.036999888034231
2022-10-04 04:00:00+00:00,173.435,175.45,172.5,173.84,3357884.0,53780.0,174.003691,362.716,19.08334325302512,-86.45659201386985,-88.26311410634291,1.8065220924730596
2022-10-05 04:00:00+00:00,170.79,176.57,170.5,175.65,2212511.0,40664.0,174.525699,349.5873333333333,19.849163772951556,-81.96179626870602,-87.00285053881554,5.0410542701095125
2022-10-06 04:00:00+00:00,175.3,179.0,174.45,174.75,2382514.0,41482.0,175.96343,336.5853333333333,19.749075210868583,-77.5779899581793,-85.11787842268829,7.539888464508991
2022-10-07 04:00:00+00:00,172.14,173.78,169.3483,169.91,2833626.0,45365.0,170.60132,323.063,19.188704502884903,-73.64540108288708,-82.82338295472805,9.17798187184097
2022-10-10 04:00:00+00:00,169.51,170.48,161.61,163.14,3392536.0,54392.0,164.042314,309.8113333333333,18.40215625803603,-70.2651060827819,-80.31172758033881,10.046621497556913
2022-10-11 04:00:00+00:00,161.25,161.61,155.67,157.37,4752069.0,81045.0,158.451199,296.424,17.734918319724443,-67.2762697598188,-77.70463601623482,10.428366256416012
2022-10-12 04:00:00+00:00,156.0,157.8,153.17,155.31,3282955.0,54819.0,154.986649,282.94499999999994,17.491078462023793,-64.33223822747087,-75.03015645848203,10.697918231011158
2022-10-13 04:00:00+00:00,150.95,159.33,148.01,157.89,5097147.0,69537.0,156.021706,269.6476666666666,18.993298739162086,-61.08671793030405,-72.24146875284643,11.154750822542383
2022-10-14 04:00:00+00:00,159.08,160.005,154.41,154.83,3024344.0,44137.0,155.673444,256.637,18.56164493374615,-58.09188900311861,-69.41155280290087,11.319663799782262
2022-10-17 04:00:00+00:00,158.85,160.94,158.24,158.54,2800526.0,48901.0,159.122819,243.94833333333335,20.90858336024617,-54.787542817966255,-66.48675080591394,11.699207987947688
2022-10-18 04:00:00+00:00,163.28,166.79,161.68,163.37,3168512.0,52459.0,163.954937,231.70933333333335,23.98013418496471,-51.189008994066626,-63.42720244354449,12.238193449477862
2022-10-19 04:00:00+00:00,161.13,163.92,159.35,160.11,2249019.0,38370.0,160.996974,219.04633333333334,23.321801232755007,-48.046351337232835,-60.351032222282164,12.30468088504933
2022-10-20 04:00:00+00:00,159.5,162.23,157.36,158.57,3332919.0,47911.0,159.446797,206.09033333333335,23.000568086220554,-45.159467402821946,-57.312719258390125,12.153251855568179
2022-10-21 04:00:00+00:00,158.18,162.67,156.29,162.03,7396262.0,53448.0,161.087662,192.66566666666668,25.483975649146274,-42.10701454933397,-54.271578316578896,12.164563767244928
2022-10-24 04:00:00+00:00,161.41,162.56,157.42,161.34,4245360.0,46993.0,160.756643,179.10766666666666,25.308673381200563,-39.29068237581109,-51.27539912842534,11.984716752614254
2022-10-25 04:00:00+00:00,162.86,167.08,162.05,166.19,4242225.0,50520.0,165.485498,166.35133333333334,29.00544584611484,-36.24950266862581,-48.27021983646544,12.020717167839628
2022-10-26 04:00:00+00:00,164.0,169.58,163.0,166.73,2460408.0,41789.0,167.195212,165.84033333333335,29.424282378117354,-33.410635346259824,-45.298302938424314,11.88766759216449
2022-10-27 04:00:00+00:00,169.54,170.49,165.81,168.14,2510444.0,42603.0,168.009227,165.45766666666665,30.575982198570514,-30.69322493305276,-42.377287337350005,11.684062404297244
2022-10-28 04:00:00+00:00,167.9,171.48,166.2419,171.08,1882512.0,34860.0,169.825866,165.35733333333334,33.02999720713744,-27.979889424892775,-39.497807754858556,11.51791832996578
2022-10-31 04:00:00+00:00,170.28,172.995,169.5,171.59,3017227.0,44788.0,171.736404,165.232,33.46933329147943,-25.4945138623755,-36.697148976361945,11.202635113986446
2022-11-01 04:00:00+00:00,173.94,176.1,169.58,170.77,2171002.0,41452.0,171.537945,165.0903333333333,33.09342095254097,-23.322159631202396,-34.02215110733004,10.699991476127643
2022-11-02 04:00:00+00:00,171.56,171.56,161.41,161.78,4650360.0,67922.0,164.506949,164.779,29.21877482694795,-22.071544098161326,-31.632029705496297,9.560485607334972
2022-11-03 04:00:00+00:00,154.275,154.69,146.22,149.7,11184091.0,155458.0,149.98031,164.22966666666667,24.98555095115428,-21.803836269161508,-29.66639101822934,7.862554749067833
2022-11-04 04:00:00+00:00,150.85,151.78,140.075,142.21,10130798.0,138992.0,143.290873,163.58433333333332,22.78164118447961,-21.943109778986013,-28.121734770380677,6.178624991394663
2022-11-07 05:00:00+00:00,142.85,145.33,140.52,144.45,5439774.0,64486.0,143.598419,162.96033333333332,24.91473750444385,-21.623473813418485,-26.82208257898824,5.198608765569755
2022-11-08 05:00:00+00:00,149.24,155.365,147.1234,154.17,5964498.0,98539.0,152.703451,162.64399999999998,33.49931539918248,-20.351240805484736,-25.527914224287542,5.176673418802807
2022-11-09 05:00:00+00:00,153.32,154.29,151.15,151.57,3529000.0,53652.0,152.338632,162.1363333333333,32.43119797425628,-19.329961488095222,-24.28832367704908,4.958362188953856
2022-11-10 05:00:00+00:00,164.99,166.81,158.21,163.46,5993364.0,87487.0,162.051821,162.06566666666666,41.60139617774806,-17.361039384863034,-22.902866818611873,5.541827433748839
2022-11-11 05:00:00+00:00,164.025,168.12,162.9,165.32,4023778.0,67370.0,165.315988,162.11666666666667,42.906764095883524,-15.472213926377833,-21.41673624016507,5.944522313787235
2022-11-14 05:00:00+00:00,165.68,165.79,161.5128,161.73,3603454.0,55565.0,163.003191,161.85133333333334,41.00174640293963,-14.102425160597363,-19.953874024251526,5.851448863654163
2022-11-15 05:00:00+00:00,166.4,167.05,161.8203,162.38,4972613.0,71466.0,163.444395,161.46933333333334,41.50812158349551,-12.8166655844378,-18.52643233628878,5.709766751850982
2022-11-16 05:00:00+00:00,160.0,160.6,155.87,159.09,5944580.0,68385.0,158.511259,160.91733333333335,39.65298306043045,-11.925695368535656,-17.206284942738158,5.2805895742025015
2022-11-17 05:00:00+00:00,156.0,157.5125,151.49,156.56,8320284.0,117387.0,157.405931,160.311,38.23769678442076,-11.293559782076358,-16.023739910605798,4.73018012852944
2022-11-18 05:00:00+00:00,171.275,173.0,166.07,167.48,13394997.0,151516.0,169.261683,160.23000000000002,47.02622504592903,-9.798484211122997,-14.778688770709238,4.980204559586241
2022-11-21 05:00:00+00:00,166.51,173.57,165.07,170.62,6730343.0,81854.0,171.139402,160.47933333333333,49.26194882363346,-8.264980738596932,-13.475947164286778,5.210966425689845
2022-11-22 05:00:00+00:00,171.385,172.07,169.25,171.67,3549222.0,49135.0,170.833461,160.95600000000002,50.02154778145803,-6.885569405551166,-12.157871612539656,5.27230220698849
2022-11-23 05:00:00+00:00,172.0,175.63,170.09,173.1,2921689.0,44609.0,173.685891,161.54899999999998,51.095369011801445,-5.612291929169999,-10.848755675865725,5.236463746695726
2022-11-25 05:00:00+00:00,173.1,174.015,171.91,172.77,1067885.0,18021.0,172.870208,162.04500000000002,50.82398734613607,-4.577076904322411,-9.594419921557062,5.017343017234651
2022-11-28 05:00:00+00:00,172.04,173.8925,169.83,171.39,2148396.0,32068.0,171.295783,162.597,49.63671106701111,-3.8239360511874736,-8.440323147483145,4.6163870962956715
2022-11-29 05:00:00+00:00,172.0,172.45,169.11,170.51,2432841.0,32095.0,170.149352,162.99599999999998,48.85298830508596,-3.260490242592425,-7.404356566505001,4.143866323912576
2022-11-30 05:00:00+00:00,165.47,170.275,163.75,169.9,8075419.0,79780.0,168.001514,163.21366666666665,48.28388188098343,-2.830548480957077,-6.489594949395417,3.6590464684383397
2022-12-01 05:00:00+00:00,171.15,178.97,169.34,178.4,5330366.0,79710.0,176.669528,163.82333333333332,55.979312826028455,-1.783379881602258,-5.548351935836785,3.7649720542345273
2022-12-02 05:00:00+00:00,175.07,176.64,171.87,172.69,3272037.0,56912.0,173.321344,164.294,50.53886808589249,-1.39812380083589,-4.718306308836606,3.320182508000716
2022-12-05 05:00:00+00:00,172.3,173.23,168.46,169.99,3521265.0,41086.0,170.051596,164.5593333333333,48.15563618020366,-1.2957365717359153,-4.033792361416468,2.738055789680553
2022-12-06 05:00:00+00:00,170.21,171.58,165.909,166.69,2676541.0,44224.0,167.160235,164.73766666666668,45.341338765260254,-1.4640002917090555,-3.519833947474986,2.0558336557659302
2022-12-07 05:00:00+00:00,167.6,168.745,163.96,164.69,2384013.0,38328.0,165.235201,164.68766666666667,43.67539459284424,-1.7386912370816106,-3.163605405396311,1.4249141683147006
2022-12-08 05:00:00+00:00,164.86,165.06,158.67,160.78,4438048.0,66079.0,161.677577,164.48933333333335,40.539402941726095,-2.245999627477971,-2.980084249812643,0.734084622334672
2022-12-09 05:00:00+00:00,160.25,161.45,158.81,158.9,2492060.0,47428.0,159.582832,164.18133333333333,39.086196718141984,-2.767839538728964,-2.9376353075959076,0.16979576886694359
2022-12-12 05:00:00+00:00,159.35,161.83,157.87,161.78,3060970.0,46449.0,160.566285,163.87133333333335,42.48739729930743,-2.915402551375962,-2.933188756351919,0.017786204975956732
2022-12-13 05:00:00+00:00,168.22,168.99,159.77,160.75,3560776.0,53523.0,162.729604,163.51000000000002,41.59292799229315,-3.079955879787434,-2.962542181039022,-0.11741369874841201
2022-12-14 05:00:00+00:00,160.65,162.69,158.5,160.23,1873024.0,33628.0,160.889322,163.15866666666668,41.12224025564898,-3.21526169686436,-3.01308608420409,-0.20217561266027007
2022-12-15 05:00:00+00:00,158.0,159.13,151.32,152.59,4769192.0,68854.0,153.331009,162.85233333333332,34.87726760212928,-3.8940880584275988,-3.189286479048792,-0.7048015793788069
2022-12-16 05:00:00+00:00,151.59,152.9,150.36,151.0,4638336.0,47905.0,151.166825,162.89566666666667,33.72924907625564,-4.508392608844105,-3.4531077050078545,-1.0552849038362502
2022-12-19 05:00:00+00:00,151.89,152.09,148.28,150.52,3137981.0,51072.0,149.792958,163.1726666666667,33.37212502367832,-4.976598252516908,-3.7578058145096653,-1.2187924380072426
2022-12-20 05:00:00+00:00,148.65,150.7,147.735,149.28,4103339.0,51423.0,149.221446,163.3336666666667,32.41723463003542,-5.3856300445395675,-4.083370660515646,-1.3022593840239214
2022-12-21 05:00:00+00:00,148.33,148.55,142.83,147.42,4214435.0,65140.0,146.607315,163.10866666666666,30.985053790507095,-5.793097915274814,-4.425316111467479,-1.3677818038073344
2022-12-22 05:00:00+00:00,145.41,145.48,141.53,143.15,4362262.0,69827.0,143.232308,162.828,27.933969767031854,-6.386947695306418,-4.817642428235267,-1.569305267071151
2022-12-23 05:00:00+00:00,143.12,143.32,140.54,141.27,2966581.0,52481.0,141.203117,162.08833333333334,26.687931211897123,-6.929400398233696,-5.239994022234953,-1.6894063759987432
2022-12-27 05:00:00+00:00,140.53,141.3388,139.01,139.21,2994179.0,54862.0,139.953578,161.218,25.353398980908963,-7.439761913082862,-5.679947600404534,-1.7598143126783272
2022-12-28 05:00:00+00:00,139.18,139.63,136.74,137.33,3275973.0,58208.0,137.688013,160.40466666666669,24.165745705166913,-7.904805699211607,-6.12491922016595,-1.7798864790456577
2022-12-29 05:00:00+00:00,138.41,141.59,138.1,140.2,3635225.0,57658.0,140.296142,159.66533333333334,29.58833630535983,-7.9501271191220155,-6.489960799957163,-1.4601663191648528
2022-12-30 05:00:00+00:00,138.5,139.79,137.29,139.54,3360455.0,51306.0,138.651492,159.01366666666667,29.073481046995298,-7.947685187494898,-6.78150567746471,-1.1661795100301875
2023-01-03 05:00:00+00:00,141.32,143.445,137.51,138.45,3908826.0,63177.0,139.098129,158.41,28.200726444169035,-7.942151649183103,-7.01363487180839,-0.9285167773747132
2023-01-04 05:00:00+00:00,139.68,141.24,137.03,138.54,4273598.0,60398.0,138.69995,157.4453333333333,28.391869332926063,-7.840127918036444,-7.178933481054001,-0.6611944369824432
2023-01-05 05:00:00+00:00,137.62,137.68,132.7,135.11,5732138.0,91656.0,134.736107,156.26166666666668,25.595247624025518,-7.944466841861299,-7.332040153215461,-0.6124266886458383
2023-01-06 05:00:00+00:00,136.01,136.98,133.52,134.85,3707050.0,59730.0,134.743153,155.03433333333334,25.39108095729722,-7.956419368027667,-7.456915996177902,-0.499503371849765
2023-01-09 05:00:00+00:00,137.0,139.69,135.52,136.25,3164249.0,48205.0,137.47309,153.806,28.689590932177865,-7.763431525359948,-7.518219102014312,-0.2452124233456363
