timestamp,open,high,low,close,volume,trade_count,vwap,30sma,rsi,macd,signal,histogram
2022-01-03 05:00:00+00:00,88.26,89.26,87.94,88.48,1412018.0,18257.0,88.475139,,,,,
2022-01-04 05:00:00+00:00,88.94,93.0,88.43,92.74,2443019.0,27077.0,91.997342,,,,,
2022-01-05 05:00:00+00:00,93.08,94.78,92.8,93.09,2159134.0,31383.0,93.828814,,,,,
2022-01-06 05:00:00+00:00,93.58,94.8,92.61,94.01,1846692.0,25759.0,93.988514,,,,,
2022-01-07 05:00:00+00:00,93.7,94.36,93.13,93.42,1670141.0,21504.0,93.702402,,,,,
2022-01-10 05:00:00+00:00,93.02,94.09,91.79,92.36,1853320.0,23255.0,92.405635,,,,,
2022-01-11 05:00:00+00:00,92.32,92.58,90.74,92.38,1461851.0,18270.0,92.004044,,,,,
2022-01-12 05:00:00+00:00,92.42,92.72,91.33,92.54,1150590.0,17625.0,92.22865,,,,,
2022-01-13 05:00:00+00:00,92.89,95.77,92.86,95.32,1931461.0,26310.0,95.072598,,,,,
2022-01-14 05:00:00+00:00,94.89,96.59,94.19,96.5,2154945.0,21954.0,95.725162,,,,,
2022-01-18 05:00:00+00:00,95.76,96.63,94.73,95.97,1803520.0,22670.0,95.798593,,,,,
2022-01-19 05:00:00+00:00,96.29,96.29,93.97,94.16,1434927.0,21384.0,94.622296,,,,,
2022-01-20 05:00:00+00:00,94.28,94.565,92.12,92.3,1375045.0,21809.0,92.992666,,,,,
2022-01-21 05:00:00+00:00,92.53,93.23,91.37,91.56,1808353.0,25920.0,92.008678,,,,,
2022-01-24 05:00:00+00:00,90.54,91.71,88.7,91.15,3472366.0,44641.0,90.434096,,58.008398320335935,,,
2022-01-25 05:00:00+00:00,91.54,96.0,87.635,93.95,4801066.0,60412.0,92.956094,,64.44062365675433,,,
2022-01-26 05:00:00+00:00,95.14,97.56,92.74,93.88,2721792.0,37326.0,94.8645,,64.17595904865962,,,
2022-01-27 05:00:00+00:00,94.21,95.685,92.41,93.22,1850667.0,31007.0,93.629225,,61.60677516054465,,,
2022-01-28 05:00:00+00:00,92.8506,93.71,91.3,93.66,1844166.0,27624.0,92.876848,,62.67944084781158,,,
2022-01-31 05:00:00+00:00,92.97,93.195,91.56,92.99,1927759.0,31370.0,92.535601,,59.93352981333813,,,
2022-02-01 05:00:00+00:00,92.82,95.46,92.13,95.33,1950531.0,28037.0,94.698548,,65.60148918212633,,,
2022-02-02 05:00:00+00:00,94.65,96.3,93.964,96.09,1983408.0,24831.0,95.643515,,67.22327543547274,,,
2022-02-03 05:00:00+00:00,96.01,96.585,94.58,94.84,2004785.0,26479.0,95.220325,,62.04217411078876,,,
2022-02-04 05:00:00+00:00,94.37,95.2655,92.82,94.53,1344709.0,20038.0,94.33798,,60.79082971954347,,,
2022-02-07 05:00:00+00:00,94.53,94.94,93.51,94.3,1241319.0,14980.0,94.295636,,59.82669946128969,,,
2022-02-08 05:00:00+00:00,95.0,95.19,92.995,93.66,1784822.0,24085.0,93.778032,,57.11235755837226,0.5049535717563742,,
2022-02-09 05:00:00+00:00,94.58,94.98,93.82,94.68,1352734.0,16905.0,94.449345,,60.21077460044582,0.5170119966143716,,
2022-02-10 05:00:00+00:00,93.89,95.0,92.48,92.99,1439895.0,20318.0,93.38546,,53.33542655224897,0.3857527910573566,,
2022-02-11 05:00:00+00:00,93.08,94.69,92.31,92.81,1259178.0,19166.0,93.214443,,52.64589292017776,0.2641593645832785,,
2022-02-14 05:00:00+00:00,93.0,93.58,91.97,92.98,1144565.0,20151.0,92.877493,93.52966666666666,53.260482238569416,0.17944474994308734,,
2022-02-15 05:00:00+00:00,93.78,95.28,93.38,94.32,1597733.0,21199.0,94.395109,93.72433333333333,57.89881821194097,0.21792253334528766,,
2022-02-16 05:00:00+00:00,94.19,95.35,93.215,94.94,1217222.0,20618.0,94.443624,93.79766666666667,59.88254964207253,0.29504418662797605,,
2022-02-17 05:00:00+00:00,94.51,95.39,93.42,93.64,1565847.0,21264.0,94.061972,93.816,54.12397957760058,0.248401103739738,,
2022-02-18 05:00:00+00:00,93.4,94.84,93.17,93.81,1454295.0,18891.0,93.854579,93.80933333333333,54.73696242246034,0.2225878495824105,0.3150309052499867,-0.09244305566757621
2022-02-22 05:00:00+00:00,93.93,94.825,92.99,93.61,1433100.0,21434.0,93.749105,93.81566666666666,53.82575247839616,0.18387276043256406,0.2887992762865022,-0.10492651585393814
2022-02-23 05:00:00+00:00,93.86,94.02,91.18,91.28,1577347.0,21768.0,91.76887,93.77966666666666,44.52616546745694,-0.034423936313700665,0.22415463376646164,-0.2585785700801623
2022-02-24 05:00:00+00:00,90.77,92.25,89.43,91.95,2270349.0,30653.0,90.920342,93.76533333333333,47.3434426578988,-0.1516145228093393,0.14900080245130146,-0.3006153252606407
2022-02-25 05:00:00+00:00,92.45,93.15,91.12,91.71,1921665.0,26308.0,91.911161,93.73766666666667,46.43374674590328,-0.26084800769555727,0.06703104042192971,-0.32787904811748697
2022-02-28 05:00:00+00:00,90.46,92.13,90.2,91.81,1576504.0,22407.0,91.432861,93.62066666666666,46.891648879814255,-0.3354799630030527,-0.013471160263066766,-0.32200880273998594
2022-03-01 05:00:00+00:00,91.49,91.92,88.48,89.29,1838623.0,24535.0,89.422069,93.38033333333333,38.06175588132523,-0.5911548002040377,-0.12900788825126094,-0.4621469119527767
2022-03-02 05:00:00+00:00,89.82,92.165,89.53,91.64,2205999.0,34719.0,91.357329,93.236,47.912050162049255,-0.597268649290811,-0.22266004045917098,-0.37460860883164004
2022-03-03 05:00:00+00:00,91.95,92.7,90.65,91.66,1473689.0,23616.0,91.563018,93.15266666666668,47.987862838999334,-0.593656780064876,-0.296859388380312,-0.296797391684564
2022-03-04 05:00:00+00:00,90.94,90.94,87.035,87.96,2278146.0,37222.0,87.920666,93.008,37.20060648166039,-0.8792183437190317,-0.413331179448056,-0.46588716427097576
2022-03-07 05:00:00+00:00,87.79,87.93,82.97,83.19,2357709.0,33619.0,84.583752,92.729,28.352159194586847,-1.4734421517817538,-0.6253533739147956,-0.8480887778669581
2022-03-08 05:00:00+00:00,83.81,86.43,83.28,83.51,2467157.0,28234.0,84.229258,92.47433333333333,29.56258107015367,-1.896683686283538,-0.8796194363885441,-1.0170642498949938
2022-03-09 05:00:00+00:00,85.12,88.29,84.82,87.32,2669774.0,34430.0,87.208453,92.25333333333334,42.103886595081306,-1.9027369262916665,-1.0842429343691686,-0.8184939919224978
2022-03-10 05:00:00+00:00,85.73,86.55,84.765,86.15,1688563.0,23994.0,85.97286,91.99566666666666,39.762574138060614,-1.9791292148873083,-1.2632201904727967,-0.7159090244145117
2022-03-11 05:00:00+00:00,86.69,87.65,85.375,85.56,1310338.0,18460.0,85.810214,91.74033333333333,38.59699565185961,-2.0634920710247684,-1.423274566583191,-0.6402175044415774
2022-03-14 04:00:00+00:00,86.56,87.85,86.26,87.16,2036675.0,18219.0,87.083691,91.52366666666667,43.439119023946134,-1.9784374190410148,-1.5343071370747559,-0.4441302819662589
2022-03-15 04:00:00+00:00,87.78,88.38,86.63,87.67,1472543.0,19686.0,87.608503,91.34633333333335,44.929843616811844,-1.8485691028823368,-1.5971595302362722,-0.25140957264606456
2022-03-16 04:00:00+00:00,88.34,90.99,88.1,90.31,1883790.0,25627.0,90.155859,91.17900000000002,51.98457471941166,-1.5151558169701929,-1.5807587875830564,0.06560297061286358
2022-03-17 04:00:00+00:00,88.96,91.38,88.55,90.27,1822518.0,20569.0,90.286696,90.985,51.87613895437901,-1.2398587318028973,-1.5125787764270247,0.27272004462412736
2022-03-18 04:00:00+00:00,89.51,89.68,87.33,88.67,3166436.0,30129.0,88.64465,90.77933333333334,47.599115699754684,-1.1376760157111079,-1.4375982242838414,0.29992220857273355
2022-03-21 04:00:00+00:00,88.76,89.63,87.52,88.72,1447782.0,20800.0,88.524021,90.58566666666667,47.744107666201266,-1.0406647593347884,-1.3582115312940308,0.3175467719592424
2022-03-22 04:00:00+00:00,89.26,90.1418,88.68,89.16,1279457.0,20090.0,89.22146,90.41433333333333,49.07936954886378,-0.9176996466828626,-1.2701091543717973,0.35240950768893464
2022-03-23 04:00:00+00:00,88.71,89.07,87.72,87.93,1418323.0,19267.0,88.133298,90.22333333333334,45.57361294245528,-0.9090210011956543,-1.1978915237365688,0.2888705225409145
2022-03-24 04:00:00+00:00,88.0,90.0,87.47,88.95,1416628.0,19179.0,88.987887,90.03233333333333,48.83735280999705,-0.810494757566687,-1.1204121705025925,0.30991741293590547
2022-03-25 04:00:00+00:00,88.89,89.54,88.21,88.97,762929.0,14130.0,88.798086,89.89833333333334,48.902055742754186,-0.7224699825574845,-1.040823732913571,0.3183537503560865
2022-03-28 04:00:00+00:00,88.66,89.42,87.47,89.3,2256695.0,32411.0,88.946783,89.78133333333334,50.025086467109354,-0.6189466405125899,-0.9564483144333749,0.337501673920785
2022-03-29 04:00:00+00:00,89.32,91.245,89.32,90.95,1508117.0,21956.0,90.699877,89.71366666666668,55.313432820872194,-0.39916115440318833,-0.8449908824273376,0.4458297280241492
2022-03-30 04:00:00+00:00,90.93,90.93,88.82,89.4,1255686.0,18967.0,89.469022,89.54966666666665,49.964559195285965,-0.3460624270593229,-0.7452051913537346,0.39914276429441176
2022-03-31 04:00:00+00:00,89.63,89.66,88.03,88.07,1983431.0,24228.0,88.43153,89.32066666666667,45.86603460069743,-0.40661399478638316,-0.6774869520402644,0.2708729572538813
2022-04-01 04:00:00+00:00,88.59,89.16,84.45,85.22,1975653.0,25721.0,85.462492,89.03999999999999,38.56567398714527,-0.6767713313841028,-0.6773438279090321,0.0005724965249293001
2022-04-04 04:00:00+00:00,84.54,85.18,81.99,84.51,2325164.0,29858.0,84.253985,88.73,36.98627489421256,-0.9373587451699734,-0.7293468113612204,-0.20801193380875305
2022-04-05 04:00:00+00:00,82.81,83.73,81.83,82.84,2702611.0,33600.0,82.622515,88.37100000000001,33.51004292997949,-1.2640598956270281,-0.836289428214382,-0.4277704674126461
2022-04-06 04:00:00+00:00,82.46,83.65,81.8,83.46,1684328.0,28593.0,82.730291,88.11033333333334,35.91808216077072,-1.4561584050093046,-0.9602632235733666,-0.495895181435938
2022-04-07 04:00:00+00:00,83.08,83.86,82.29,83.23,1420363.0,24845.0,83.220826,87.81966666666668,35.40580754101724,-1.608416115721809,-1.089893802003055,-0.518522313718754
2022-04-08 04:00:00+00:00,83.4,83.78,82.69,83.06,1351940.0,24110.0,83.104254,87.53133333333334,35.00837138260198,-1.7229380700894836,-1.2165026556203409,-0.5064354144691428
2022-04-11 04:00:00+00:00,82.92,85.02,82.5,82.58,1567171.0,24621.0,83.119268,87.22366666666667,33.85288313312,-1.831319224422117,-1.3394659693806963,-0.49185325504142074
2022-04-12 04:00:00+00:00,82.21,83.735,82.03,82.41,1781878.0,26355.0,82.628156,86.99433333333333,33.432012604808534,-1.9089247530368993,-1.4533577261119368,-0.45556702692496254
2022-04-13 04:00:00+00:00,82.32,83.37,82.195,83.24,1392362.0,21223.0,83.008605,86.71433333333334,37.51645141042953,-1.881761850919844,-1.5390385510735183,-0.34272329984632566
2022-04-14 04:00:00+00:00,83.34,84.3,83.195,83.71,4467214.0,30246.0,83.6863,86.44933333333333,39.77008679629477,-1.801542917911675,-1.5915394244411496,-0.2100034934705255
2022-04-18 04:00:00+00:00,83.2,84.38,83.14,83.84,1354487.0,19542.0,83.865698,86.312,40.410292294904714,-1.7077925525302078,-1.6147900500589611,-0.09300250247124664
2022-04-19 04:00:00+00:00,84.0,86.13,83.73,85.9,1234636.0,18185.0,85.544003,86.40233333333335,49.55970703326376,-1.4505489038406836,-1.5819418208153058,0.1313929169746222
2022-04-20 04:00:00+00:00,86.75,87.91,86.75,87.6,1317411.0,23315.0,87.577728,86.53866666666666,55.616098258402516,-1.0968617271883119,-1.484925802089907,0.3880640749015951
2022-04-21 04:00:00+00:00,88.08,89.09,87.67,88.1,1399569.0,22702.0,88.220522,86.56466666666665,57.242235075704414,-0.7673705007263294,-1.3414147418171916,0.5740442410908622
2022-04-22 04:00:00+00:00,87.16,87.59,85.55,85.69,1630201.0,26898.0,86.396068,86.54933333333334,48.09547044786164,-0.6927278532050991,-1.2116773640947731,0.518949510889674
2022-04-25 04:00:00+00:00,85.36,86.63,83.43,86.35,2741517.0,36904.0,85.478485,86.57566666666666,50.43144833126309,-0.5737032392986805,-1.0840825391355546,0.5103792998368741
2022-04-26 04:00:00+00:00,86.0,88.14,82.275,83.82,2946828.0,38393.0,84.145569,86.46433333333333,42.52979417241367,-0.675735769835839,-1.0024131852756115,0.32667741543977247
2022-04-27 04:00:00+00:00,84.45,85.65,83.53,84.34,1980317.0,25250.0,84.482049,86.35333333333332,44.4560794851624,-0.7064936126232197,-0.9432292707451332,0.23673565812191344
2022-04-28 04:00:00+00:00,84.91,85.605,83.53,85.06,1980405.0,28363.0,84.834612,86.17833333333333,47.09999405297054,-0.6651045309025108,-0.8876043227766088,0.22249979187409807
2022-04-29 04:00:00+00:00,84.5,85.84,82.84,83.05,1861459.0,27034.0,83.582639,85.93766666666667,41.20350742409421,-0.7854395292022218,-0.8671713640617316,0.08173183485950974
2022-05-02 04:00:00+00:00,83.47,84.8,82.49,84.01,1759788.0,27063.0,83.873172,85.78233333333333,44.76049311259193,-0.7941870118677912,-0.8525744936229436,0.058387481755152404
2022-05-03 04:00:00+00:00,84.37,86.28,84.24,85.08,1528843.0,24901.0,85.376721,85.661,48.50016712124734,-0.7066337631087123,-0.8233863475200973,0.11675258441138503
2022-05-04 04:00:00+00:00,85.3,88.25,84.77,88.01,1781605.0,22533.0,86.686216,85.62266666666667,57.070674676330825,-0.39625291279193675,-0.7379596605744653,0.3417067477825285
2022-05-05 04:00:00+00:00,87.0,87.25,84.24,85.2,1830971.0,26291.0,85.231136,85.53166666666667,48.70012165973134,-0.3727208743637931,-0.6649119033323309,0.29219102896853777
2022-05-06 04:00:00+00:00,85.01,85.28,82.88,84.5,1392906.0,24047.0,84.130152,85.38333333333334,46.856436316021664,-0.40587701662818176,-0.613104925991501,0.20722790936331925
2022-05-09 04:00:00+00:00,83.8,85.95,83.53,85.35,1708234.0,31143.0,85.098702,85.26266666666666,49.36328351226804,-0.359422404252669,-0.5623684216437347,0.20294601739106566
2022-05-10 04:00:00+00:00,86.67,86.68,83.27,83.75,1676183.0,24530.0,84.065369,85.07766666666666,45.0549850768985,-0.4465656862461884,-0.5392078745642255,0.09264218831803706
2022-05-11 04:00:00+00:00,83.35,84.6,82.33,82.61,1692110.0,21164.0,83.126508,84.79966666666665,42.22709516780109,-0.6006914406713406,-0.5515045877856486,-0.04918685288569202
2022-05-12 04:00:00+00:00,82.43,83.72,81.97,83.49,1149761.0,21210.0,83.032256,84.60266666666666,45.09204750656052,-0.6444003201705897,-0.5700837342626368,-0.07431658590795287
2022-05-13 04:00:00+00:00,83.8,84.775,83.26,83.75,1436178.0,22029.0,83.806315,84.45866666666667,45.944960528238916,-0.6505608346481182,-0.5861791543397331,-0.06438168030838509
2022-05-16 04:00:00+00:00,84.04,84.04,81.93,83.28,1531165.0,22492.0,83.104346,84.394,44.5963757450816,-0.6854665273624363,-0.6060366289442738,-0.0794298984181625
2022-05-17 04:00:00+00:00,84.51,85.31,83.8,85.1,1554817.0,23294.0,84.89344,84.41366666666666,50.63846631023774,-0.5598175227669486,-0.5967928077088088,0.0369752849418602
2022-05-18 04:00:00+00:00,84.73,84.9,81.01,81.18,1902083.0,31650.0,82.206159,84.35833333333333,40.41513469348427,-0.7677014362859751,-0.6309745334242421,-0.13672690286173295
2022-05-19 04:00:00+00:00,80.44,82.47,79.68,81.42,1575651.0,25675.0,81.209935,84.29033333333332,41.197869816407355,-0.9026794148403496,-0.6853155097074637,-0.21736390513288595
2022-05-20 04:00:00+00:00,81.43,81.84,78.18,79.81,1643621.0,23614.0,79.535818,84.17633333333333,37.62697181101441,-1.1265774958747983,-0.7735679069409306,-0.3530095889338677
2022-05-23 04:00:00+00:00,80.95,82.8,80.8563,81.86,1877227.0,25492.0,81.981346,84.13633333333333,44.25277602912094,-1.1256249668177531,-0.8439793189162952,-0.28164564790145796
2022-05-24 04:00:00+00:00,81.58,82.39,80.56,82.24,1621083.0,26771.0,81.662695,84.125,45.41039631833688,-1.0817376581056237,-0.891530986754161,-0.19020667135146274
2022-05-25 04:00:00+00:00,82.28,83.86,81.96,83.52,1418759.0,25046.0,83.12022,84.162,49.23444227025777,-0.9329172577402005,-0.8998082409513689,-0.0331090167888316
2022-05-26 04:00:00+00:00,84.0,85.045,83.79,84.14,2064376.0,23068.0,84.157928,84.192,51.024068232319024,-0.7562298528072944,-0.8710925633225541,0.11486271051525976
2022-05-27 04:00:00+00:00,85.07,85.87,84.92,85.67,2337012.0,32136.0,85.30077,84.25733333333332,55.21940999748459,-0.4871302637253052,-0.7943001034031043,0.3071698396777991
2022-05-31 04:00:00+00:00,85.47,87.56,84.36,86.83,2310172.0,31849.0,86.570946,84.357,58.14669897333929,-0.17821029776391129,-0.6710821422752657,0.49287184451135446
2022-06-01 04:00:00+00:00,87.06,88.875,85.5,88.54,2638610.0,38737.0,87.772524,84.445,62.08172133238829,0.20226215759346644,-0.4964132823015194,0.6986754398949858
2022-06-02 04:00:00+00:00,89.03,89.6,87.68,88.95,1680534.0,24657.0,88.771135,84.49000000000001,62.98043476117131,0.5307546834991683,-0.29097968914138184,0.8217343726405502
2022-06-03 04:00:00+00:00,88.51,88.76,87.76,88.29,1832472.0,24352.0,88.277172,84.49633333333334,60.49481038614093,0.7294225635278622,-0.08689923860753304,0.8163218021353952
2022-06-06 04:00:00+00:00,89.0,89.29,88.48,88.64,1658810.0,20741.0,88.750127,84.59466666666667,61.36559915391908,0.9046817565585741,0.11141696042568838,0.7932647961328857
2022-06-07 04:00:00+00:00,88.34,89.39,86.87,88.98,2765373.0,32099.0,88.833308,84.68233333333335,62.23641718931907,1.0588058336446409,0.3008947350694789,0.757911098575162
2022-06-08 04:00:00+00:00,88.6,89.84,88.13,89.38,2956444.0,39166.0,89.300986,84.86766666666668,63.284905614174676,1.199400984254595,0.4805959849065021,0.7188049993480928
2022-06-09 04:00:00+00:00,89.11,89.88,88.0,88.03,1487227.0,21707.0,88.580167,84.99066666666666,57.48399889347928,1.1881931850543594,0.6221154249360736,0.5660777601182858
2022-06-10 04:00:00+00:00,86.92,86.95,84.92,85.1,1724872.0,26560.0,85.361363,84.99199999999999,47.341282164195434,0.9321392889851836,0.6841201977458957,0.2480190912392879
2022-06-13 04:00:00+00:00,83.65,84.54,82.55,82.98,1897786.0,27085.0,83.398577,84.98966666666666,41.61920131534958,0.5517877830735927,0.6576537148114352,-0.10586593173784253
2022-06-14 04:00:00+00:00,83.58,84.78,83.03,84.16,1700690.0,25571.0,83.957934,84.99466666666667,45.563205334598464,0.341634463250287,0.5944498644992056,-0.25281540124891855
2022-06-15 04:00:00+00:00,84.99,86.95,84.58,85.85,2502634.0,34029.0,85.766642,85.02033333333334,50.70012223157569,0.3079059709300367,0.5371410857853718,-0.2292351148553351
2022-06-16 04:00:00+00:00,84.59,84.76,81.0,81.57,1792355.0,27392.0,81.694518,84.80566666666667,40.32247461656499,-0.06345288739414912,0.4170222911494676,-0.4804751785436167
2022-06-17 04:00:00+00:00,81.52,82.42,80.56,81.92,2862936.0,29381.0,81.722679,84.69633333333333,41.37917245019222,-0.32576022212228395,0.26846578849511726,-0.5942260106174012
2022-06-21 04:00:00+00:00,83.96,84.7,82.67,84.51,1359035.0,21732.0,84.10854,84.69666666666667,48.62822116298966,-0.3209496128964986,0.1505827082167941,-0.4715323211132927
2022-06-22 04:00:00+00:00,83.48,84.21,82.83,83.57,1424112.0,21716.0,83.624457,84.63733333333334,46.386244642139516,-0.38850882660396735,0.042764401252641804,-0.43127322785660915
2022-06-23 04:00:00+00:00,83.76,84.116,80.79,81.58,1962287.0,27237.0,81.809494,84.56500000000001,41.97424492944318,-0.5957588222254344,-0.08494024344297345,-0.510818578782461
2022-06-24 04:00:00+00:00,82.18,84.53,82.03,84.21,2190025.0,23982.0,83.999746,84.61833333333334,48.892804245815256,-0.541544330792405,-0.17626106091285976,-0.3652832698795453
2022-06-27 04:00:00+00:00,84.74,85.02,83.2,83.82,1466928.0,19243.0,83.82865,84.62933333333334,47.97923446722432,-0.5240082553871304,-0.2458104998077139,-0.27819775557941645
2022-06-28 04:00:00+00:00,84.05,85.5,83.13,83.21,1256777.0,23262.0,83.690398,84.61133333333333,46.51523176591709,-0.552958529580863,-0.30724010576234373,-0.24571842381851927
2022-06-29 04:00:00+00:00,83.38,83.57,82.17,83.13,1244934.0,19835.0,83.002049,84.60633333333334,46.315631557898755,-0.5757206130137718,-0.36093620721262937,-0.2147844058011424
2022-06-30 04:00:00+00:00,82.18,83.5,81.3,82.34,1893227.0,23511.0,82.398005,84.51433333333334,44.29430946166053,-0.650013178518023,-0.4187516014737081,-0.23126157704431488
2022-07-01 04:00:00+00:00,82.23,83.41,81.38,82.89,1129109.0,17165.0,82.570822,84.57133333333333,46.05930948864339,-0.6569374030183042,-0.46638876178262734,-0.19054864123567683
2022-07-05 04:00:00+00:00,81.2,81.93,80.03,81.86,1671033.0,24380.0,81.224617,84.58600000000001,43.292872545299595,-0.7370411412676106,-0.5205192376796239,-0.21652190358798662
2022-07-06 04:00:00+00:00,81.86,82.06,80.41,81.32,1234470.0,19078.0,81.256558,84.63633333333333,41.87290738826828,-0.8344780741835365,-0.5833110049804064,-0.25116706920313003
2022-07-07 04:00:00+00:00,81.67,83.45,81.5,82.24,1572326.0,22617.0,82.265904,84.64900000000002,45.172343469492084,-0.8279175165059058,-0.6322323072855064,-0.19568520922039945
2022-07-08 04:00:00+00:00,82.56,82.56,80.41,81.07,1515568.0,21162.0,81.222059,84.60999999999999,41.91395765498709,-0.90667585431963,-0.6871210166923312,-0.21955483762729888
2022-07-11 04:00:00+00:00,79.56,80.26,79.065,79.29,2195765.0,31155.0,79.497706,84.469,37.48404503697293,-1.100042918369482,-0.7697053970277614,-0.33033752134172056
2022-07-12 04:00:00+00:00,79.33,81.5,79.12,80.32,1669617.0,31602.0,80.639732,84.34166666666667,41.347074945987536,-1.1568399865752639,-0.8471323149372619,-0.30970767163800195
2022-07-13 04:00:00+00:00,78.8,81.09,78.8,79.32,1911858.0,28033.0,79.86307,84.13000000000001,38.83784868007884,-1.2679278321886187,-0.9312914183875334,-0.33663641380108533
2022-07-14 04:00:00+00:00,78.13,79.18,77.0,79.08,1911763.0,27808.0,78.504037,83.87166666666667,38.2380755767901,-1.3596584481855416,-1.0169648243471352,-0.3426936238384064
2022-07-15 04:00:00+00:00,80.07,80.45,78.89,80.05,6313612.0,28625.0,80.022788,83.58866666666667,42.12803629446004,-1.3386535638733363,-1.0813025722523755,-0.25735099162096087
2022-07-18 04:00:00+00:00,80.6,81.3815,79.86,80.31,1453290.0,20119.0,80.369353,83.30066666666666,43.16140201314791,-1.2862006936700539,-1.1222821965359113,-0.16391849713414253
2022-07-19 04:00:00+00:00,81.18,84.23,81.18,84.04,2464248.0,29735.0,83.649066,83.159,55.451139315542974,-0.932897724779508,-1.0844053021846307,0.15150757740512266
2022-07-20 04:00:00+00:00,83.24,84.99,83.15,84.34,1480284.0,24582.0,84.240712,83.01566666666666,56.270121806153654,-0.6215304673891495,-0.9918303352255345,0.370299867836385
2022-07-21 04:00:00+00:00,84.01,85.05,83.665,84.5,1096713.0,17272.0,84.368144,82.86633333333333,56.72703956107788,-0.35773526040365766,-0.8650113202611592,0.5072760598575016
2022-07-22 04:00:00+00:00,84.88,85.2,84.23,84.73,1222037.0,16958.0,84.705396,82.71133333333333,57.41585088342178,-0.12863377048164182,-0.7177358103052558,0.589102039823614
2022-07-25 04:00:00+00:00,84.56,86.25,84.56,86.03,1732186.0,25454.0,85.850974,82.64466666666667,61.17741381449787,0.15603131444848373,-0.5429823853545079,0.6990136998029917
2022-07-26 04:00:00+00:00,87.5,88.01,83.93,86.97,3440506.0,49506.0,86.511647,82.70700000000001,63.675940116844224,0.4522671352404757,-0.34393248123551123,0.7961996164759869
2022-07-27 04:00:00+00:00,87.34,89.45,86.77,89.07,1908237.0,26458.0,88.442558,82.91000000000001,68.54616671298764,0.8467280531232007,-0.10580037436376882,0.9525284274869694
2022-07-28 04:00:00+00:00,89.35,91.02,88.85,90.98,1624874.0,24450.0,90.238118,83.13733333333333,72.19739532091444,1.2984939796339319,0.17505849643577134,1.1234354831981606
2022-07-29 04:00:00+00:00,90.87,91.83,90.18,91.52,1763510.0,23107.0,91.229527,83.32633333333334,73.14649431077282,1.6807209137419363,0.47619097989700443,1.204529933844932
2022-08-01 04:00:00+00:00,91.07,91.7,90.285,90.83,1532262.0,23674.0,90.811194,83.63499999999999,69.86460991187461,1.905990210678496,0.7621508260533028,1.1438393846251933
2022-08-02 04:00:00+00:00,89.78,91.35,89.73,90.23,1427309.0,22022.0,90.508077,83.912,67.04752861563372,2.0128993155640984,1.0123005239554619,1.0005987916086365
2022-08-03 04:00:00+00:00,90.69,91.09,89.81,90.84,1516413.0,22491.0,90.72691,84.123,68.44078672034425,2.12238195539679,1.2343168102437276,0.8880651451530623
2022-08-04 04:00:00+00:00,91.09,91.15,90.43,90.88,2179852.0,16212.0,90.865568,84.36666666666665,68.53473521309888,2.1871631466571984,1.4248860775264218,0.7622770691307765
2022-08-05 04:00:00+00:00,90.07,91.21,89.62,91.13,864920.0,15256.0,90.849675,84.68499999999999,69.15281408790932,2.2329357250332293,1.5864960070277834,0.646439718005446
2022-08-08 04:00:00+00:00,91.86,92.54,91.24,91.59,1113114.0,15587.0,91.65181,84.931,70.30851878793361,2.2800460274642234,1.7252060111150713,0.554840016349152
2022-08-09 04:00:00+00:00,91.58,91.94,90.99,91.3701,728436.0,14224.0,91.301916,85.18267,68.97808116212201,2.2734304977168307,1.8348509084354232,0.4385795892814075
2022-08-10 04:00:00+00:00,92.92,93.315,92.59,93.25,2281653.0,16041.0,93.16711,85.51733666666668,73.58067353418205,2.3923028832683997,1.9463413034020187,0.44596157986638096
2022-08-11 04:00:00+00:00,93.2,94.18,92.59,93.0,1949217.0,24057.0,93.197555,85.84633666666667,72.04974040698691,2.4382307878085783,2.044719200283331,0.3935115875252473
2022-08-12 04:00:00+00:00,93.75,93.84,92.97,93.73,1508221.0,19669.0,93.63021,86.22600333333334,73.7661540598062,2.504661701191253,2.1367077004649158,0.3679540007263373
2022-08-15 04:00:00+00:00,93.4,95.1,93.4,94.24,1363055.0,23396.0,94.421667,86.60433666666667,74.92470252896618,2.568849320494593,2.2231360244708513,0.34571329602374146
2022-08-16 04:00:00+00:00,93.75,95.13,93.4855,94.78,1026149.0,19065.0,94.629028,87.03500333333334,76.12688291762657,2.632941052763641,2.3050970301294096,0.3278440226342316
2022-08-17 04:00:00+00:00,93.65,94.19,93.4255,93.52,1241390.0,19596.0,93.719796,87.44167,67.94181717218812,2.5526375261623286,2.3546051293359933,0.19803239682633533
2022-08-18 04:00:00+00:00,93.68,94.34,93.4,94.22,1185446.0,18257.0,93.971664,87.84100333333332,69.87939851099677,2.51647222724489,2.3869785489177726,0.12949367832711722
2022-08-19 04:00:00+00:00,93.45,93.64,92.8,93.03,1266288.0,17994.0,93.125644,88.23967,62.91752285815714,2.3645310702327293,2.3824890531807643,-0.017957982948034967
2022-08-22 04:00:00+00:00,92.19,92.19,90.32,90.48,2564618.0,20021.0,90.74056,88.61267000000001,51.15626361215647,2.015123826759009,2.309016007896413,-0.29389218113740423
2022-08-23 04:00:00+00:00,90.62,91.55,90.38,90.63,1719593.0,22407.0,90.854575,88.95633666666666,51.72789257959082,1.730373150798016,2.1932874364767336,-0.4629142856787176
2022-08-24 04:00:00+00:00,90.88,91.61,89.92,91.49,1766349.0,21369.0,91.045285,89.36200333333333,54.980962731904,1.5561625283123703,2.0658624548438613,-0.509699926531491
2022-08-25 04:00:00+00:00,91.75,92.48,91.44,92.45,1673035.0,25834.0,91.990744,89.80766999999999,58.354767343259184,1.478519875045123,1.9483939388841138,-0.4698740638389909
2022-08-26 04:00:00+00:00,92.45,92.99,89.83,89.97,1765271.0,26692.0,90.822254,90.13833666666667,48.28727030416343,1.2030047492654177,1.7993161009603749,-0.5963113516949572
2022-08-29 04:00:00+00:00,89.3,89.685,88.76,88.88,1392370.0,21460.0,89.161276,90.42400333333333,44.64185586015408,0.8864842974520855,1.6167497402587172,-0.7302654428066317
2022-08-30 04:00:00+00:00,88.63,88.91,87.2,88.05,1194686.0,20683.0,87.969913,90.55766999999999,42.03926642982818,0.5621849771145406,1.4058367876298818,-0.8436518105153412
2022-08-31 04:00:00+00:00,87.26,88.29,86.98,87.51,1563573.0,22157.0,87.508108,90.66333666666668,40.38946428282302,0.2586207235496545,1.1763935748138363,-0.9177728512641818
2022-09-01 04:00:00+00:00,86.98,87.54,86.64,87.47,1052932.0,19982.0,87.212695,90.76233666666667,40.26341561379545,0.01464735424895025,0.9440443307008591,-0.9293969764519089
2022-09-02 04:00:00+00:00,88.18,88.7714,86.21,86.47,1050077.0,19821.0,87.149472,90.82033666666666,37.14260626688999,-0.2564388735991656,0.7039476898408542,-0.9603865634400198
2022-09-06 04:00:00+00:00,86.475,87.3,85.96,86.83,1306815.0,22602.0,86.651113,90.84700333333333,38.97636371573458,-0.43718803930809713,0.47572054401106395,-0.912908583319161
2022-09-07 04:00:00+00:00,86.7,88.89,86.13,88.57,1693136.0,21534.0,88.090497,90.90033666666666,47.021229890613995,-0.43501501484291794,0.2935734322402676,-0.7285884470831856
2022-09-08 04:00:00+00:00,87.64,87.64,84.73,86.33,2658924.0,42445.0,86.215091,90.80900333333332,39.75518646068826,-0.6070445254204202,0.11344984070813006,-0.7204943661285502
2022-09-09 04:00:00+00:00,88.2,89.47,88.02,88.48,2288739.0,33749.0,88.477724,90.72567,48.05260345945717,-0.563397623161535,-0.021919652065802944,-0.541477971095732
2022-09-12 04:00:00+00:00,88.74,89.73,88.48,89.43,1377520.0,24192.0,89.316863,90.65600333333333,51.24772903538003,-0.4469973707004584,-0.10693519579273406,-0.3400621749077244
2022-09-13 04:00:00+00:00,88.14,88.33,85.64,86.06,2059532.0,29831.0,86.693582,90.49700333333334,41.49709568770773,-0.619538513408159,-0.20945585931581906,-0.41008265409233996
2022-09-14 04:00:00+00:00,86.16,86.7,85.57,86.39,1670462.0,28009.0,86.245839,90.36900333333332,42.64783445492025,-0.7213352660890138,-0.31183174067045805,-0.4095035254185557
2022-09-15 04:00:00+00:00,86.38,87.2,85.17,85.64,2102020.0,26273.0,85.996719,90.19566999999999,40.68895435735442,-0.8526992715673174,-0.42000524684983,-0.4326940247174874
2022-09-16 04:00:00+00:00,84.86,85.67,83.89,85.14,2973442.0,26421.0,84.959311,90.00433666666667,39.390010469777756,-0.9857884579498375,-0.5331618890698315,-0.45262656888000596
2022-09-19 04:00:00+00:00,84.63,87.32,84.63,87.29,1498965.0,22433.0,86.77702,89.87633666666667,47.19609173434035,-0.907316584512202,-0.6079928281583057,-0.2993237563538963
2022-09-20 04:00:00+00:00,86.66,86.89,85.63,86.54,1380584.0,20081.0,86.377662,89.70800333333334,45.01796949868882,-0.895325041682014,-0.6654592708630473,-0.22986577081896664
2022-09-21 04:00:00+00:00,87.01,87.71,85.46,85.46,1313133.0,21964.0,86.38973,89.511,42.01127534471559,-0.9618806700437545,-0.7247435506991888,-0.23713711934456572
2022-09-22 04:00:00+00:00,85.49,86.08,84.48,84.9,1233766.0,19888.0,84.95842,89.23266666666667,40.500792400411626,-1.0477361547141442,-0.7893420715021799,-0.2583940832119642
2022-09-23 04:00:00+00:00,84.16,84.32,82.58,83.81,1778360.0,28307.0,83.373197,88.92633333333333,37.662347303183495,-1.1900134016243982,-0.8694763375266237,-0.3205370640977745
2022-09-26 04:00:00+00:00,83.44,84.71,82.98,83.0,1892715.0,26304.0,83.409641,88.56866666666666,35.66217238381259,-1.352538157447242,-0.9660887015107473,-0.3864494559364946
2022-09-27 04:00:00+00:00,83.49,83.93,81.96,82.96,1610834.0,25774.0,82.868654,88.19266666666667,35.56173320146421,-1.4676497107848405,-1.066400903365566,-0.4012488074192746
2022-09-28 04:00:00+00:00,83.57,85.68,83.23,85.33,1814481.0,24346.0,84.88267,87.87766666666667,45.37780181301546,-1.3520516433338372,-1.1235310513592203,-0.22852059197461694
2022-09-29 04:00:00+00:00,84.87,84.96,83.37,84.87,2109699.0,29597.0,84.448306,87.58933333333333,43.977510030964936,-1.2827705176291033,-1.155378944613197,-0.1273915730159063
2022-09-30 04:00:00+00:00,85.07,85.52,83.6,83.69,2107480.0,25622.0,84.253824,87.23833333333333,40.52300676854219,-1.3080030200811876,-1.1859037597067952,-0.12209926037439245
2022-10-03 04:00:00+00:00,84.81,86.98,84.39,86.48,1752934.0,25257.0,86.34951,87.02,50.43644489149891,-1.0903019548219248,-1.166783398729821,0.07648144390789624
2022-10-04 04:00:00+00:00,87.62,90.14,87.52,89.91,2612660.0,29626.0,89.265257,87.00099999999999,59.39654538715676,-0.6336951150339303,-1.060165741990643,0.4264706269567127
2022-10-05 04:00:00+00:00,89.48,91.62,88.635,90.91,2309633.0,33677.0,90.739325,87.01033333333335,61.5774048915109,-0.1889610369660204,-0.8859248009857185,0.6969637640196981
2022-10-06 04:00:00+00:00,90.65,92.055,89.67,89.7,1833426.0,24731.0,90.389046,86.95066666666666,57.54952510404243,0.0651065288930539,-0.695718535009964,0.7608250639030179
2022-10-07 04:00:00+00:00,88.76,89.09,87.47,87.68,1878616.0,26451.0,87.916274,86.79166666666667,51.493867493068045,0.10228075822544724,-0.5361186763628818,0.638399434588329
2022-10-10 04:00:00+00:00,88.51,88.77,87.21,87.88,1142593.0,18589.0,87.949562,86.722,52.03205546377547,0.14619468994483498,-0.3996560031013385,0.5458506930461735
2022-10-11 04:00:00+00:00,87.77,90.26,87.55,89.07,1653278.0,24476.0,89.060095,86.72833333333334,55.2159751814486,0.2738629305803215,-0.26495221636500654,0.5388151469453281
2022-10-12 04:00:00+00:00,89.74,90.269,88.512,88.55,1343233.0,21480.0,89.082587,86.74499999999999,53.543503212394185,0.3292854788778641,-0.14610467731643245,0.47539015619429653
2022-10-13 04:00:00+00:00,87.08,90.63,86.5,90.24,1708293.0,25975.0,89.559118,86.836,57.996455904841426,0.5037699770724942,-0.016129746438647133,0.5198997235111413
2022-10-14 04:00:00+00:00,90.08,90.337,87.89,88.27,1584849.0,23200.0,88.417205,86.86266666666667,51.76740059424783,0.47758239044922846,0.082612680938928,0.39496970951030047
2022-10-17 04:00:00+00:00,90.06,90.53,88.55,88.85,1962892.0,29092.0,89.018571,86.94200000000001,53.3558180943543,0.49789032240593656,0.16566820923232972,0.33222211317360684
2022-10-18 04:00:00+00:00,90.42,91.405,89.27,90.7,1644201.0,28388.0,90.369425,87.07099999999998,58.096126357606394,0.6557054790967243,0.26367566320520863,0.39202981589151564
2022-10-19 04:00:00+00:00,90.61,91.59,90.03,90.74,1538669.0,22075.0,90.824123,87.14333333333335,58.1950521952551,0.7750682887080558,0.3659541883057781,0.4091141004022777
2022-10-20 04:00:00+00:00,91.0,91.0,87.32,87.57,1833469.0,28892.0,88.215223,87.18466666666667,48.435997216839304,0.6068759795578842,0.41413854655619936,0.19273743300168483
2022-10-21 04:00:00+00:00,87.8,90.64,87.7,90.17,2092556.0,32749.0,89.617074,87.241,55.08840616986554,0.675592820200265,0.46642940128501253,0.20916341891525247
2022-10-24 04:00:00+00:00,91.09,92.25,90.86,92.02,2215145.0,33344.0,91.86305,87.32733333333333,59.128876788863415,0.8693100848607997,0.54700553800017,0.3223045468606297
2022-10-25 04:00:00+00:00,94.9,94.99,89.7,91.74,3208165.0,45636.0,92.039763,87.51666666666667,58.27435731526969,0.988840020593571,0.6353724345188503,0.35346758607472073
2022-10-26 04:00:00+00:00,93.44,94.0,91.83,92.8,3958059.0,41355.0,92.950524,87.73033333333333,60.59599890363265,1.155778403055507,0.7394536282261817,0.4163247748293253
2022-10-27 04:00:00+00:00,93.6,95.0,92.83,94.13,2346680.0,38692.0,94.012062,88.01333333333334,63.35137144757394,1.379496185291444,0.8674621396392341,0.5120340456522099
2022-10-28 04:00:00+00:00,94.53,96.51,94.12,96.3,2092381.0,30818.0,95.926521,88.38533333333334,67.36153845692081,1.7121583088632804,1.0364013734840434,0.675756935379237
2022-10-31 04:00:00+00:00,95.55,97.12,95.3,96.83,2189557.0,30221.0,96.479658,88.70333333333333,68.27462576353076,1.995558453441049,1.2282327894754446,0.7673256639656045
2022-11-01 04:00:00+00:00,97.19,97.55,95.6,96.95,1592527.0,26493.0,96.739187,89.05033333333333,68.48957059531486,2.204426846447106,1.423471600869777,0.780955245577329
2022-11-02 04:00:00+00:00,96.46,98.89,95.48,95.7,1993825.0,33504.0,96.678288,89.39166666666667,63.65180908116786,2.2432334011219837,1.5874239609202183,0.6558094402017653
2022-11-03 04:00:00+00:00,94.78,97.91,93.86,96.98,2612668.0,34257.0,96.773959,89.79433333333333,66.27851438674881,2.3501817456550356,1.7399755178671819,0.6102062277878537
2022-11-04 04:00:00+00:00,98.48,99.65,98.21,99.12,2404795.0,31401.0,99.032714,90.30466666666666,70.16093234376241,2.5779027364355755,1.9075609615808606,0.6703417748547149
2022-11-07 05:00:00+00:00,99.57,99.885,98.505,99.14,2225610.0,31294.0,99.083645,90.84266666666666,70.19546888066999,2.7285342507344694,2.0717556194115825,0.6567786313228869
2022-11-08 05:00:00+00:00,99.31,101.07,98.95,100.55,2441938.0,39313.0,100.367006,91.429,72.60299204430072,2.927934619478762,2.2429914194250187,0.6849432000537434
2022-11-09 05:00:00+00:00,99.67,101.51,99.38,99.76,3038339.0,33510.0,100.139793,91.91,69.22881593555633,2.987773260295782,2.3919477875991717,0.5958254726966103
2022-11-10 05:00:00+00:00,102.71,102.83,100.33,101.91,3045820.0,40359.0,101.548514,92.47800000000001,72.91769863611574,3.1721166596789487,2.5479815620151274,0.6241350976638214
2022-11-11 05:00:00+00:00,101.91,103.145,101.53,102.62,2378558.0,37500.0,102.47508,93.109,74.02510988038091,3.3370339479742626,2.7057920392069548,0.6312419087673078
2022-11-14 05:00:00+00:00,102.31,103.88,101.42,102.34,1683833.0,25755.0,102.883371,93.63766666666668,72.76151041312194,3.4058775903939704,2.8458091494443583,0.5600684409496122
2022-11-15 05:00:00+00:00,102.96,103.91,101.91,102.78,1807816.0,28128.0,102.864174,94.06666666666666,73.52626984130949,3.456101212342233,2.967867562023933,0.4882336503182998
2022-11-16 05:00:00+00:00,102.78,104.585,102.39,103.4,2282507.0,34373.0,103.57668,94.48299999999999,74.60810389267733,3.505523124554216,3.07539867452999,0.43012445002422606
2022-11-17 05:00:00+00:00,100.92,103.58,100.64,103.51,2090511.0,34557.0,102.537162,94.94333333333334,74.80482392446632,3.5130699432438774,3.1629329282727676,0.35013701497110983
2022-11-18 05:00:00+00:00,104.61,104.97,103.33,103.87,3114856.0,27142.0,103.865962,95.483,75.47450155901014,3.507665656539288,3.231879473926072,0.2757861826132162
2022-11-21 05:00:00+00:00,103.93,104.83,103.68,104.36,1363057.0,23379.0,104.335738,96.03233333333333,76.39419986286907,3.5025464500722734,3.2860128691553125,0.21653358091696084
2022-11-22 05:00:00+00:00,104.61,106.245,104.5,106.02,1951657.0,30447.0,105.772923,96.59733333333334,79.23508912855023,3.591042268936306,3.3470187491115113,0.24402351982479464
2022-11-23 05:00:00+00:00,106.23,107.18,105.145,105.89,1846021.0,26770.0,105.896853,97.17533333333334,78.43895303055591,3.609082670964412,3.3994315334820917,0.20965113748232023
2022-11-25 05:00:00+00:00,106.06,106.2,104.94,105.03,673359.0,11666.0,105.374672,97.66833333333332,73.19914297751343,3.5134837532261685,3.4222419774309074,0.09124177579526105
2022-11-28 05:00:00+00:00,104.7,104.94,103.07,103.61,1885913.0,32089.0,103.91548,98.17966666666666,65.42740695891699,3.285268262083946,3.3948472343615155,-0.10957897227756952
2022-11-29 05:00:00+00:00,103.77,104.95,103.57,104.26,1656824.0,26400.0,104.243052,98.69333333333334,67.14689124477482,3.120879848658163,3.340053757220845,-0.21917390856268204
2022-11-30 05:00:00+00:00,104.16,106.41,103.41,105.91,3057554.0,32485.0,105.358704,99.20033333333335,71.07907422385485,3.0881438569580837,3.2896717771682926,-0.20152792021020893
2022-12-01 05:00:00+00:00,106.12,106.79,105.545,105.95,1846574.0,28693.0,105.939264,99.70733333333332,71.16916393920417,3.0304943608174995,3.237836293898134,-0.20734193308063453
2022-12-02 05:00:00+00:00,104.41,106.11,104.07,105.79,2040311.0,25722.0,105.454939,100.31466666666667,70.22681730209119,2.9380282956267934,3.177874694243866,-0.2398463986170727
2022-12-05 05:00:00+00:00,105.06,105.07,103.18,103.36,1552153.0,23464.0,103.659335,100.75433333333334,57.72545929413494,2.638255414971681,3.0699508383894294,-0.43169542341774836
2022-12-06 05:00:00+00:00,103.53,104.1,102.86,103.67,2313512.0,37189.0,103.592922,101.14266666666667,58.734664971492464,2.3980543783903556,2.935571546389615,-0.5375171679992592
2022-12-07 05:00:00+00:00,103.95,105.23,103.895,104.49,1992816.0,31048.0,104.480422,101.56766666666665,61.362208524079854,2.2479475334518355,2.798046743802059,-0.5500992103502234
2022-12-08 05:00:00+00:00,104.72,105.52,103.14,103.61,1564865.0,26262.0,103.890582,101.92800000000001,57.15609851609041,2.0345253896002617,2.6453424729616994,-0.6108170833614377
2022-12-09 05:00:00+00:00,103.8,104.02,101.04,101.26,3092021.0,34261.0,101.648545,102.16566666666668,47.7443284679107,1.6566644462453155,2.447606867618423,-0.7909424213731073
2022-12-12 05:00:00+00:00,101.755,103.38,100.855,102.96,2099271.0,33018.0,102.414551,102.38766666666668,53.685734770139725,1.4773527163091558,2.2535560373565695,-0.7762033210474137
2022-12-13 05:00:00+00:00,105.42,105.615,100.7097,102.22,2662449.0,41191.0,102.1221,102.56733333333334,50.96910587238711,1.2609990507886977,2.055044640042995,-0.7940455892542975
2022-12-14 05:00:00+00:00,104.63,105.47,102.21,102.76,2379878.0,40407.0,103.406367,102.76100000000001,52.84432533109073,1.1201977567109793,1.8680752633765922,-0.7478775066656129
2022-12-15 05:00:00+00:00,99.98,99.98,97.46,97.93,2781931.0,42227.0,98.045512,102.83533333333334,38.61758383934425,0.6118184208186364,1.616823894865001,-1.0050054740463648
2022-12-16 05:00:00+00:00,97.08,98.69,96.49,98.23,4938389.0,42177.0,97.855827,102.877,39.70340592540281,0.2304748565631627,1.3395540872046336,-1.109079230641471
2022-12-19 05:00:00+00:00,98.27,99.97,98.27,99.11,1989478.0,36182.0,99.170423,102.87666666666668,42.894493900744884,-0.0007256551078143048,1.0714981387421443,-1.0722237938499586
2022-12-20 05:00:00+00:00,99.35,100.31,98.95,99.41,2166985.0,27250.0,99.487451,102.88566666666667,43.98289733772579,-0.15792576362373723,0.825613358268968,-0.9835391218927052
2022-12-21 05:00:00+00:00,100.13,101.45,99.905,101.04,1690308.0,23093.0,100.468479,102.902,49.6032723071487,-0.14926002797524518,0.6306386810201253,-0.7798987089953705
2022-12-22 05:00:00+00:00,100.7,100.98,98.45,99.82,2570601.0,20814.0,100.116297,102.90400000000001,45.89187569605618,-0.23809160229079396,0.4568926243579415,-0.6949842266487354
2022-12-23 05:00:00+00:00,99.77,101.09,99.3,100.55,1537128.0,16940.0,100.236324,102.85866666666666,48.38065967344126,-0.24674207672845228,0.31616568414066276,-0.5629077608691151
2022-12-27 05:00:00+00:00,100.74,101.16,100.07,100.32,1040105.0,19217.0,100.461234,102.782,47.637194618746825,-0.2690552167952376,0.19912150395348271,-0.4681767207487203
2022-12-28 05:00:00+00:00,100.7,100.83,99.155,99.25,1022917.0,18517.0,99.55746,102.679,44.23182499297607,-0.36882699073022707,0.08553180501674075,-0.4543587957469678
2022-12-29 05:00:00+00:00,99.86,99.99,98.35,98.59,1374363.0,23773.0,98.787621,102.53933333333335,42.22666203182782,-0.4954421755427916,-0.03066299109516571,-0.4647791844476259
2022-12-30 05:00:00+00:00,97.99,99.32,97.6,98.97,1261167.0,22355.0,98.579095,102.39166666666667,43.80619112558091,-0.558682651671802,-0.13626692321049297,-0.42241572846130904
2023-01-03 05:00:00+00:00,98.88,99.23,97.67,98.43,1973561.0,30319.0,98.41919,102.22233333333332,42.04693388246486,-0.64494020246606,-0.23800157906160638,-0.40693862340445364
2023-01-04 05:00:00+00:00,99.07,99.35,97.77,98.21,1766254.0,27316.0,98.385316,102.03366666666666,41.31889239274208,-0.7227210163081139,-0.3349454665109079,-0.387775549797206
2023-01-05 05:00:00+00:00,97.93,98.24,96.96,97.78,1736900.0,26603.0,97.787885,101.81433333333334,39.865930703256396,-0.8097262577364006,-0.42990162475600646,-0.37982463298039415
2023-01-06 05:00:00+00:00,98.49,100.61,98.49,100.32,1594812.0,26248.0,100.077731,101.62433333333333,50.85859583700196,-0.6660440251490201,-0.47713010483460916,-0.1889139203144109
2023-01-09 05:00:00+00:00,100.26,101.165,99.53,99.79,1806967.0,26761.0,100.182815,101.421,48.85185938610362,-0.5881614323794508,-0.49933637034357753,-0.08882506203587331
