timestamp,open,high,low,close,volume,trade_count,vwap,30sma,rsi,macd,signal,histogram
2022-01-03 05:00:00+00:00,58.3198,58.87,55.03,56.1,6945465.0,63774.0,56.182538,,,,,
2022-01-04 05:00:00+00:00,54.11,54.11,49.04,49.82,16360977.0,157574.0,50.350635,,,,,
2022-01-05 05:00:00+00:00,48.98,51.88,48.05,48.5201,9302200.0,93920.0,49.943417,,,,,
2022-01-06 05:00:00+00:00,49.045,53.68,47.67,52.13,14501942.0,111891.0,51.497237,,,,,
2022-01-07 05:00:00+00:00,53.05,58.1365,52.7,55.9,12494099.0,119936.0,56.131285,,,,,
2022-01-10 05:00:00+00:00,56.345,57.75,54.2,56.99,9159406.0,81867.0,56.397037,,,,,
2022-01-11 05:00:00+00:00,57.44,61.42,56.51,60.02,9553496.0,92604.0,60.159818,,,,,
2022-01-12 05:00:00+00:00,62.5,63.78,60.0,60.38,8843890.0,83046.0,61.212192,,,,,
2022-01-13 05:00:00+00:00,58.3,59.8,57.45,57.62,5214758.0,55410.0,58.446048,,,,,
2022-01-14 05:00:00+00:00,58.88,61.78,58.6401,60.41,7020283.0,65046.0,60.224314,,,,,
2022-01-18 05:00:00+00:00,58.32,63.44,58.21,61.53,7817426.0,75830.0,61.619074,,,,,
2022-01-19 05:00:00+00:00,62.16,66.35,62.155,64.35,11305973.0,116857.0,64.568466,,,,,
2022-01-20 05:00:00+00:00,69.22,71.27,66.03,66.12,13756467.0,141443.0,68.166828,,,,,
2022-01-21 05:00:00+00:00,66.0,66.73,61.82,62.41,7690145.0,85890.0,63.514703,,,,,
2022-01-24 05:00:00+00:00,60.0,60.57,57.97,60.52,9033025.0,109163.0,59.754463,,56.088187813706966,,,
2022-01-25 05:00:00+00:00,59.65,61.62,58.87,59.5,6117179.0,69526.0,59.673485,,54.44076586036289,,,
2022-01-26 05:00:00+00:00,60.98,61.32,53.03,54.08,10609738.0,109673.0,55.874548,,46.60703395764504,,,
2022-01-27 05:00:00+00:00,53.9,54.0,50.3,50.83,8415106.0,99312.0,51.924149,,42.64447273564364,,,
2022-01-28 05:00:00+00:00,51.0,53.09,49.09,53.05,7466387.0,90305.0,51.296164,,46.02051264670162,,,
2022-01-31 05:00:00+00:00,54.35,59.97,54.1,59.84,10624165.0,97971.0,58.759869,,54.786518028091166,,,
2022-02-01 05:00:00+00:00,59.74,60.87,58.58,59.6,6222585.0,51460.0,59.725255,,54.449931703009696,,,
2022-02-02 05:00:00+00:00,59.68,59.87,57.2,57.79,3439428.0,39836.0,58.008026,,51.862163261221305,,,
2022-02-03 05:00:00+00:00,56.24,57.0,54.82,55.13,5133473.0,51119.0,55.720528,,48.23413770991771,,,
2022-02-04 05:00:00+00:00,55.3,56.54,54.23,55.85,5396824.0,61354.0,55.790535,,49.26864070218108,,,
2022-02-07 05:00:00+00:00,55.4,56.6482,53.24,53.33,8166974.0,55955.0,53.783461,,45.81742795487688,,,
2022-02-08 05:00:00+00:00,53.88,60.53,53.415,60.16,10348857.0,98091.0,58.411473,,55.01500921549086,-0.3895228290529431,,
2022-02-09 05:00:00+00:00,60.512,64.78,59.76,62.28,9044151.0,92692.0,62.244928,,57.430536954832434,0.06097982840819327,,
2022-02-10 05:00:00+00:00,60.51,65.18,60.1001,63.2,6603556.0,82901.0,63.599515,,58.47265100397436,0.4866331374913244,,
2022-02-11 05:00:00+00:00,63.1392,63.68,59.46,60.0,5422273.0,58217.0,61.335321,,53.56115446574148,0.5593058652631129,,
2022-02-14 05:00:00+00:00,58.57,59.8,57.53,59.16,4324905.0,50957.0,58.889372,57.88733666666667,52.318835491905375,0.5428607845684965,,
2022-02-15 05:00:00+00:00,60.34,61.3,59.0,61.23,4720997.0,55375.0,60.299928,58.058336666666676,55.083634343355385,0.6889182195277712,,
2022-02-16 05:00:00+00:00,61.75,62.4014,59.72,60.2,5835160.0,64352.0,60.864129,58.40433666666666,53.42365810344397,0.7133345207690525,,
2022-02-17 05:00:00+00:00,60.0285,63.14,59.39,59.64,4924324.0,55892.0,60.997803,58.775,52.497356940016786,0.6796625685134288,,
2022-02-18 05:00:00+00:00,56.739,57.89,54.76,56.03,8160049.0,85085.0,55.962413,58.905,46.85711201678092,0.3575587589853697,0.41108120605264514,-0.053522447067275436
2022-02-22 05:00:00+00:00,53.73,56.6,53.73,54.4,7167974.0,75035.0,54.783283,58.855000000000004,44.53070763607019,-0.02890500926580586,0.323083962988955,-0.35198897225476083
2022-02-23 05:00:00+00:00,55.07,56.58,51.61,51.82,6247023.0,65699.0,53.041591,58.68266666666667,41.056111825723704,-0.537172576878362,0.15103265501549162,-0.6882052318938536
2022-02-24 05:00:00+00:00,49.0,51.11,47.57,51.06,14145285.0,140935.0,49.815715,58.384,40.064407986491254,-0.9898930634479939,-0.07715248867720549,-0.9127405747707884
2022-02-25 05:00:00+00:00,52.18,52.42,49.3949,51.65,6654517.0,58433.0,51.018171,58.092999999999996,41.25080273745108,-1.286242241661256,-0.3189704392740156,-0.9672718023872404
2022-02-28 05:00:00+00:00,50.72,52.24,49.87,51.86,5312413.0,55726.0,51.301727,57.900999999999996,41.69320319439715,-1.4870144782481631,-0.5525792470688451,-0.934435231179318
2022-03-01 05:00:00+00:00,51.68,54.79,50.64,50.98,4234535.0,48274.0,52.300727,57.586666666666666,40.32290982768337,-1.6975680598675496,-0.781577009628586,-0.9159910502389635
2022-03-02 05:00:00+00:00,51.14,51.16,47.92,48.77,5884432.0,61882.0,48.846372,57.16133333333333,37.03127782274686,-2.0194824835309717,-1.0291581044090632,-0.9903243791219085
2022-03-03 05:00:00+00:00,50.08,50.1,44.53,45.22,10048017.0,90194.0,46.067352,56.52366666666667,32.44899930594181,-2.531871476617347,-1.32970077885072,-1.202170697766627
2022-03-04 05:00:00+00:00,44.44,45.35,40.9,41.27,12865379.0,112679.0,41.921184,55.69533333333333,28.25892397222644,-3.2195623233190034,-1.7076730877443769,-1.5118892355746265
2022-03-07 05:00:00+00:00,40.115,41.62,37.4,38.61,13591167.0,99190.0,39.464581,54.90200000000001,25.83918479842997,-3.9338550114947353,-2.1529094724944486,-1.7809455390002866
2022-03-08 05:00:00+00:00,38.47,41.75,37.1713,40.02,10574382.0,96107.0,39.573135,54.21866666666667,29.29526333534629,-4.336177145974361,-2.589563007190431,-1.7466141387839298
2022-03-09 05:00:00+00:00,41.13,43.83,40.21,43.34,7487712.0,72035.0,42.730249,53.68,36.76753841163031,-4.33712836648148,-2.939076079048641,-1.3980522874328387
2022-03-10 05:00:00+00:00,39.77,39.83,35.02,35.76,18154374.0,150201.0,36.361037,53.06933333333333,29.184096006859903,-4.893120025095534,-3.3298848682580195,-1.5632351568375147
2022-03-11 05:00:00+00:00,37.065,37.07,32.09,32.13,17103056.0,146388.0,33.444736,52.446000000000005,26.378214444745723,-5.562536623438788,-3.776415219294173,-1.7861214041446152
2022-03-14 04:00:00+00:00,27.97,30.83,25.41,25.53,32613345.0,229977.0,27.694509,51.52866666666667,22.199130879111152,-6.550113313041749,-4.331154838043688,-2.21895847499806
2022-03-15 04:00:00+00:00,25.52,29.75,23.21,27.31,56587243.0,383242.0,26.244905,50.44433333333333,25.621627908074032,-7.107216265715955,-4.886367123578142,-2.220849142137813
2022-03-16 04:00:00+00:00,37.115,42.97,35.64,42.62,79328010.0,488831.0,39.172721,49.87833333333333,47.15466041515008,-6.241388479170496,-5.1573713946966135,-1.0840170844738823
2022-03-17 04:00:00+00:00,40.85,41.07,36.81,39.37,32266389.0,242696.0,38.67141,49.26433333333333,44.22751739312179,-5.751165700775388,-5.276130255912369,-0.4750354448630194
2022-03-18 04:00:00+00:00,39.66,45.97,39.16,42.6,43140018.0,298074.0,43.538584,48.846666666666664,47.70213582217573,-5.043883857864401,-5.229680976302776,0.18579711843837465
2022-03-21 04:00:00+00:00,44.94,45.98,38.5,39.99,52079357.0,368764.0,41.554606,48.318,45.24901499261266,-4.6404706321322635,-5.111838907468674,0.47136827533641057
2022-03-22 04:00:00+00:00,42.775,49.43,41.83,47.53,55594813.0,353811.0,46.485054,48.12466666666667,52.80052504650574,-3.6700418013491785,-4.823479486244775,1.1534376848955965
2022-03-23 04:00:00+00:00,46.83,55.38,46.24,49.4,52341107.0,312225.0,50.921055,47.766,54.47748637135513,-2.718736685478099,-4.40253092609144,1.6837942406133406
2022-03-24 04:00:00+00:00,47.705,48.31,44.52,44.94,42960482.0,278682.0,45.60081,47.188,49.921797763978205,-2.2982128860295035,-3.9816673180790527,1.6834544320495493
2022-03-25 04:00:00+00:00,42.59,44.79,41.94,44.24,25568449.0,175453.0,43.429206,46.556000000000004,49.22600576014841,-1.9983926683871047,-3.5850123881406635,1.5866197197535588
2022-03-28 04:00:00+00:00,44.99,45.14,41.1,43.67,41786616.0,278779.0,43.142096,46.01166666666666,48.631618571659345,-1.786187168315287,-3.2252473441755884,1.4390601758603014
2022-03-29 04:00:00+00:00,44.97,47.0,44.02,44.3,25830072.0,179512.0,45.231139,45.516333333333336,49.359438150867554,-1.5493174783067047,-2.8900613710018117,1.340743892695107
2022-03-30 04:00:00+00:00,43.74,46.99,43.06,43.76,15656507.0,105158.0,44.990987,44.934000000000005,48.72221322631376,-1.3891566957836687,-2.5898804359581833,1.2007237401745146
2022-03-31 04:00:00+00:00,42.87,43.03,39.84,40.11,18445027.0,141512.0,40.59019,44.26433333333333,44.53691450252418,-1.539011846846435,-2.379706718135834,0.8406948712893989
2022-04-01 04:00:00+00:00,44.52,45.8,41.69,42.65,29314343.0,182884.0,43.616933,43.698,47.891461502114744,-1.4362600495668758,-2.1910173844220426,0.7547573348551668
2022-04-04 04:00:00+00:00,46.85,49.87,44.81,49.3,32095632.0,188065.0,48.282291,43.47366666666667,55.48297845838386,-0.8089045383128948,-1.914594815200213,1.1056902768873182
2022-04-05 04:00:00+00:00,48.74,48.77,46.3012,46.82,14023452.0,88773.0,47.062463,43.221,52.416083108198876,-0.5060031601131882,-1.6328764841828083,1.12687332406962
2022-04-06 04:00:00+00:00,45.575,46.1,43.755,45.29,14000214.0,91257.0,44.940136,43.00333333333333,50.55928556877645,-0.3849721297844937,-1.3832956133031453,0.9983234835186516
2022-04-07 04:00:00+00:00,44.45,44.78,41.19,42.37,15679542.0,110246.0,42.490869,42.71366666666667,47.128012979386895,-0.5186945746291443,-1.210375405568345,0.6916808309392009
2022-04-08 04:00:00+00:00,42.39,44.2926,41.51,42.6,13358024.0,78252.0,42.704919,42.412,47.43064619952884,-0.599204244241001,-1.0881411733028763,0.48893692906187525
2022-04-11 04:00:00+00:00,41.81,44.61,41.29,42.22,15198533.0,96846.0,42.427271,42.09066666666667,46.952467930695214,-0.6857664726350023,-1.0076662331693016,0.32189976053429925
2022-04-12 04:00:00+00:00,42.81,43.37,41.18,41.47,13192597.0,79062.0,42.001099,41.77366666666667,45.96745128763694,-0.8055999396373181,-0.9672529744629049,0.1616530348255868
2022-04-13 04:00:00+00:00,41.66,45.22,40.54,43.91,14308508.0,92391.0,43.82,41.61166666666667,49.66701949247474,-0.6956620583469686,-0.9129347912397177,0.21727273289274907
2022-04-14 04:00:00+00:00,43.97,44.492,39.85,40.03,14334243.0,99920.0,41.09164,41.43866666666667,44.45460522165323,-0.9111162874403149,-0.9125710904798372,0.0014548030395222789
2022-04-18 04:00:00+00:00,38.5,40.12,36.9,40.01,14517962.0,105691.0,38.963791,41.39666666666667,44.42872204353326,-1.071131808383079,-0.9442832340604856,-0.12684857432259333
2022-04-19 04:00:00+00:00,39.0,39.89,37.53,39.8,11219956.0,72714.0,39.29249,41.43633333333333,44.1381266523571,-1.2010456004791692,-0.9956357073442224,-0.20540989313494684
2022-04-20 04:00:00+00:00,39.4,39.54,37.14,37.31,11303851.0,70215.0,37.749952,41.346,40.73587317634389,-1.4877752598082523,-1.0940636178370284,-0.3937116419712239
2022-04-21 04:00:00+00:00,36.82,37.85,34.38,34.75,12579489.0,90719.0,35.342476,41.059666666666665,37.53264930416161,-1.8996828246978978,-1.2551874592092025,-0.6444953654886953
2022-04-22 04:00:00+00:00,35.2,37.49,34.65,34.73,11863409.0,79297.0,35.576612,41.025333333333336,37.50783472182189,-2.2023490612957914,-1.4446197796265203,-0.7577292816692711
2022-04-25 04:00:00+00:00,33.09,36.43,32.525,35.6,16989962.0,101012.0,35.206414,41.14099999999999,39.38520664375682,-2.344981023743763,-1.6246920284499689,-0.7202889952937943
2022-04-26 04:00:00+00:00,35.52,36.23,34.32,34.84,14558285.0,94100.0,35.247379,41.45133333333333,38.30269372880746,-2.490633062428145,-1.797880235245604,-0.6927528271825412
2022-04-27 04:00:00+00:00,35.57,38.9,35.54,37.39,17637215.0,121596.0,37.602384,41.78733333333333,43.87654794256452,-2.3729458213697114,-1.9128933524704257,-0.46005246889928575
2022-04-28 04:00:00+00:00,38.0,38.675,36.22,37.95,8518778.0,67242.0,37.243094,41.63166666666667,45.050593470559804,-2.2090262356815416,-1.972119929112649,-0.23690630656889256
2022-04-29 04:00:00+00:00,44.74,45.7,42.8,43.09,27759854.0,193314.0,43.841577,41.75566666666667,54.465947272788235,-1.6453966316730728,-1.9067752696247338,0.26137863795166094
2022-05-02 04:00:00+00:00,42.31,44.99,41.6,44.66,10710393.0,86745.0,43.66937,41.824333333333335,56.89545306803396,-1.0598133620747205,-1.7373828881147313,0.6775695260400108
2022-05-03 04:00:00+00:00,44.03,45.63,43.28,43.91,8081605.0,69991.0,44.225492,41.955000000000005,55.37544750812239,-0.6487744658130552,-1.5196612036543962,0.870886737841341
2022-05-04 04:00:00+00:00,42.54,45.39,41.595,45.35,8643146.0,77400.0,43.222817,41.882333333333335,57.7114653986906,-0.20447020844778763,-1.2566230046130746,1.052152796165287
2022-05-05 04:00:00+00:00,43.16,43.52,39.71,40.28,9996538.0,99427.0,40.796681,41.57833333333333,48.153594639150384,-0.25848288192572966,-1.0569949800756058,0.7985120981498761
2022-05-06 04:00:00+00:00,40.28,40.4,37.5,38.19,7317182.0,75697.0,38.51263,41.35333333333333,44.85567931894689,-0.4645784764520329,-0.9385116793508912,0.4739332028988583
2022-05-09 04:00:00+00:00,36.33,37.55,34.53,34.95,10911848.0,99073.0,35.386633,41.04366666666667,40.253173746748104,-0.8792165806939849,-0.92665265961951,0.04743607892552515
2022-05-10 04:00:00+00:00,36.61,36.61,33.985,35.56,12709674.0,103300.0,35.265774,40.77333333333333,41.47081367125929,-1.1453949634397418,-0.9704011203835565,-0.17499384305618526
2022-05-11 04:00:00+00:00,36.525,38.0738,33.62,33.84,11359444.0,99156.0,35.692558,40.42466666666667,39.053949232721166,-1.478094323557471,-1.0719397610183394,-0.4061545625391316
2022-05-12 04:00:00+00:00,33.21,35.53,31.01,34.23,12759424.0,95457.0,33.403549,40.10699999999999,39.909093394376846,-1.690800724520848,-1.1957119537188412,-0.49508877080200686
2022-05-13 04:00:00+00:00,35.4,37.91,35.25,37.72,8972264.0,70882.0,37.018198,40.02733333333333,47.06670600985904,-1.559778095936366,-1.2685251821623462,-0.29125291377401985
2022-05-16 04:00:00+00:00,38.555,40.15,37.04,37.84,10236953.0,76450.0,38.496628,39.867,47.299149591739535,-1.4297771408238944,-1.300775573894656,-0.12900156692923836
2022-05-17 04:00:00+00:00,41.08,42.9,39.33,40.16,15376499.0,128536.0,40.849873,39.56233333333333,51.71386306972025,-1.126559559002736,-1.2659323709162722,0.13937281191353623
2022-05-18 04:00:00+00:00,38.955,41.14,38.2,38.59,8186355.0,64415.0,39.548412,39.288000000000004,48.738413213581225,-1.0013998061912588,-1.2130258579712696,0.21162605178001082
2022-05-19 04:00:00+00:00,39.53,42.64,39.53,42.05,14952535.0,129038.0,41.396055,39.18,54.89738864584062,-0.6159168111829345,-1.0936040486136027,0.4776872374306682
2022-05-20 04:00:00+00:00,43.49,44.05,39.335,40.9,11918876.0,100559.0,41.343251,39.13099999999999,52.63384962068109,-0.39861911639085434,-0.9546070621690531,0.5559879457781988
2022-05-23 04:00:00+00:00,40.69,40.728,38.61,40.45,8280088.0,64505.0,40.05218,39.059333333333335,51.73493272062896,-0.2597264026205224,-0.8156309302593471,0.5559045276388247
2022-05-24 04:00:00+00:00,39.0,39.0,36.29,36.96,9612780.0,94500.0,37.086374,38.884,45.276529748633685,-0.4263520382406867,-0.737775151855615,0.31142311361492836
2022-05-25 04:00:00+00:00,38.06,39.19,37.53,38.31,7456142.0,73996.0,38.466427,38.778666666666666,47.98167529622048,-0.4443481682765338,-0.6790897551397989,0.23474158686326507
2022-05-26 04:00:00+00:00,39.33,42.17,38.82,41.93,11328899.0,91853.0,41.248944,38.712666666666664,54.479703269276335,-0.1646089747914914,-0.5761935990701373,0.41158462427864595
2022-05-27 04:00:00+00:00,45.01,48.37,42.01,48.3,31662241.0,202098.0,45.614329,38.98833333333333,63.19281632044118,0.5645839428938402,-0.34803809067734187,0.9126220335711821
2022-05-31 04:00:00+00:00,51.92,52.7899,48.86,50.35,25899295.0,161854.0,50.677523,39.333,65.48265437133831,1.292987693867886,-0.019832933768296312,1.3128206276361822
2022-06-01 04:00:00+00:00,49.51,52.2599,48.06,49.0,12392658.0,96999.0,49.949514,39.63966666666667,62.715632592257535,1.74124718316245,0.33238308961785296,1.408864093544597
2022-06-02 04:00:00+00:00,49.505,52.9474,48.4201,52.67,13996931.0,113616.0,51.555304,40.151666666666664,66.82028118640488,2.365367897758901,0.7389800512460626,1.6263878465128383
2022-06-03 04:00:00+00:00,50.76,52.25,49.91,50.9,7539030.0,72666.0,50.905568,40.690000000000005,63.206177442642904,2.6861990228956145,1.128423845575973,1.5577751773196415
2022-06-06 04:00:00+00:00,55.17,58.02,53.3821,53.75,20801676.0,171318.0,55.480203,41.324,66.36111112907652,3.134300912699082,1.529599259000595,1.6047016536984873
2022-06-07 04:00:00+00:00,54.0,60.01,53.97,59.19,21974963.0,180785.0,58.02253,42.11033333333334,71.40182817823612,3.883619476930299,2.0004033025865358,1.8832161743437634
2022-06-08 04:00:00+00:00,61.4065,66.5288,60.57,64.95,28595588.0,230110.0,63.35361,43.114000000000004,75.57522365015978,4.885921833784607,2.5775070088261502,2.308414824958457
2022-06-09 04:00:00+00:00,61.215,62.25,57.55,58.7,23926476.0,213335.0,59.481107,43.824333333333335,64.56511909631439,5.116945938627339,3.085394794786388,2.031551143840951
2022-06-10 04:00:00+00:00,60.48,63.89,58.54,59.95,23535987.0,170723.0,60.491707,44.55766666666667,65.64317120126421,5.33935005565651,3.5361858469604126,1.8031642086960975
2022-06-13 04:00:00+00:00,56.7165,58.24,52.5601,54.41,19340449.0,140716.0,54.650168,44.934999999999995,57.31982322106328,5.010813679475298,3.8311114134633897,1.1797022660119083
2022-06-14 04:00:00+00:00,56.65,61.808,56.09,60.92,18055252.0,151782.0,59.64493,45.477,63.22130090543076,5.215626334268087,4.10801439762433,1.1076119366437576
2022-06-15 04:00:00+00:00,61.43,61.93,58.41,60.19,15577925.0,121013.0,59.911316,46.019666666666666,62.1829775370203,5.258421134071341,4.3380957449137325,0.9203253891576084
2022-06-16 04:00:00+00:00,57.2,59.6,55.78,58.76,12988767.0,104947.0,57.853274,46.46666666666667,60.10066303301015,5.117950722132903,4.4940667403575665,0.6238839817753368
2022-06-17 04:00:00+00:00,62.26,62.76,57.8601,59.0,17712182.0,135685.0,59.730279,47.09066666666667,60.340700885578464,4.9687166304759245,4.588996718381239,0.3797199120946857
2022-06-21 04:00:00+00:00,61.795,66.4,61.62,63.05,19246867.0,145953.0,64.384931,47.919333333333334,64.249348185459,5.118248705326138,4.694847115770219,0.4234015895559189
2022-06-22 04:00:00+00:00,61.77,63.05,60.31,60.36,12299281.0,103284.0,61.401274,48.766333333333336,60.018308124289405,4.962488949663758,4.748375482548927,0.2141134671148306
2022-06-23 04:00:00+00:00,62.92,65.03,62.02,64.23,13967564.0,106920.0,63.747014,49.722,63.71991331731959,5.092620321157177,4.817224450270578,0.2753958708865998
2022-06-24 04:00:00+00:00,66.39,66.75,63.41,65.96,14152018.0,118568.0,65.197646,50.79266666666667,65.26794289983434,5.274545238182995,4.908688607853062,0.3658566303299331
2022-06-27 04:00:00+00:00,67.6,68.71,63.5241,64.74,12026838.0,111048.0,65.232791,51.809666666666665,63.21933303216676,5.25964829011852,4.978880544306154,0.28076774581236563
2022-06-28 04:00:00+00:00,64.07,65.7399,62.3,62.96,8015756.0,80958.0,63.618624,52.650999999999996,60.2480293801314,5.046043578214807,4.992313151087885,0.05373042712692211
2022-06-29 04:00:00+00:00,61.45,63.95,60.91,63.07,7318156.0,71796.0,62.704749,53.492,60.371982322758804,4.82995961785474,4.959842444441256,-0.12988282658651595
2022-06-30 04:00:00+00:00,61.42,62.7099,59.43,61.8,8453845.0,84270.0,61.394846,54.21333333333334,58.11872907143853,4.504310251557207,4.868736005864447,-0.36442575430723956
2022-07-01 04:00:00+00:00,61.81,64.99,61.08,64.82,8589403.0,75216.0,63.890723,55.087666666666664,61.77247739696868,4.438752369112606,4.782739278514079,-0.3439869094014725
2022-07-05 04:00:00+00:00,63.8255,66.67,62.7,66.62,9084374.0,90638.0,65.000894,55.906666666666666,63.79961050089029,4.48039502680858,4.722270428172979,-0.2418754013643989
2022-07-06 04:00:00+00:00,65.68,66.0,59.82,61.69,13952009.0,143829.0,61.64673,56.599666666666664,55.170395204277,4.068686054612442,4.591553553460871,-0.522867498848429
2022-07-07 04:00:00+00:00,62.93,63.6799,61.3001,62.23,7807441.0,80377.0,62.476041,57.32566666666666,55.874399692712004,3.742832175488843,4.4218092778664655,-0.6789771023776225
2022-07-08 04:00:00+00:00,61.38,62.3,59.82,60.8,8198105.0,87108.0,60.911728,58.12033333333333,53.47930212299305,3.3308061200445493,4.203608646302083,-0.8728025262575336
2022-07-11 04:00:00+00:00,57.762,57.895,53.55,54.7,17916154.0,158172.0,54.615139,58.666666666666664,44.68078276684983,2.4834260923312783,3.859572135507922,-1.376146043176644
2022-07-12 04:00:00+00:00,54.95,57.0,54.41,56.21,8208990.0,85520.0,55.896852,59.14266666666666,47.00507094465417,1.9116790496233733,3.469993518331013,-1.5583144687076396
2022-07-13 04:00:00+00:00,54.2,58.08,53.91,56.35,8054392.0,79539.0,56.487723,59.410999999999994,47.226464974312236,1.4531116623209002,3.0666171471289907,-1.6135054848080905
2022-07-14 04:00:00+00:00,55.38,55.8698,53.82,54.7,8735988.0,78785.0,54.749595,59.556,44.84842381907216,0.9456516105902395,2.6424240398212406,-1.6967724292310011
2022-07-15 04:00:00+00:00,53.84,54.75,52.52,54.71,8223038.0,91510.0,53.745564,59.74633333333333,44.866543472543675,0.5380900132446627,2.221557234505925,-1.6834672212612625
2022-07-18 04:00:00+00:00,56.02,58.24,55.05,55.12,5623061.0,56241.0,56.510421,59.828,45.654896821410325,0.24534984423324602,1.8263157564513894,-1.5809659122181434
2022-07-19 04:00:00+00:00,56.2,56.41,54.67,54.95,6052130.0,64173.0,55.32742,59.962999999999994,45.365243382440305,-0.00036225221995778156,1.4609801547171202,-1.461342406937078
2022-07-20 04:00:00+00:00,54.43,55.33,52.18,53.43,10142299.0,97234.0,53.376742,59.95233333333333,42.75343287095124,-0.31412116252124633,1.105959891269447,-1.4200810537906934
2022-07-21 04:00:00+00:00,53.34,56.58,53.24,55.8,8416957.0,80320.0,55.527956,59.83933333333333,47.79981256465485,-0.36730411318440304,0.8113070903786771,-1.1786112035630802
2022-07-22 04:00:00+00:00,55.23,55.67,53.66,54.38,5367698.0,60811.0,54.542475,59.487,45.22730944771174,-0.5180622185394839,0.545433228595045,-1.0634954471345288
2022-07-25 04:00:00+00:00,54.98,56.53,53.65,56.21,5945321.0,47345.0,55.783839,59.404,49.034082543089156,-0.4842907943186461,0.3394884240123068,-0.8237792183309529
2022-07-26 04:00:00+00:00,56.24,56.8,54.413,55.16,4590781.0,45763.0,55.530993,59.24433333333333,47.015008132739375,-0.5360734016177844,0.16437605888628856,-0.700449460504073
2022-07-27 04:00:00+00:00,55.06,55.48,51.2,54.99,7456732.0,76174.0,53.779686,59.26366666666666,46.67986665271405,-0.5840959754092054,0.014681652027189754,-0.5987776274363952
2022-07-28 04:00:00+00:00,53.56,53.98,49.3495,50.91,12567974.0,121647.0,50.879713,58.93,39.41752121165753,-0.940534220112923,-0.1763615224008328,-0.7641726977120902
2022-07-29 04:00:00+00:00,48.28,50.26,47.55,49.01,11812343.0,111597.0,48.760251,58.55733333333333,36.564621534912256,-1.3606435660191138,-0.413217931124489,-0.9474256348946248
2022-08-01 04:00:00+00:00,47.48,48.77,44.82,47.69,8760436.0,76437.0,47.417281,58.18833333333334,34.68634003622377,-1.7795823006633427,-0.6864908050322598,-1.0930914956310829
2022-08-02 04:00:00+00:00,45.99,50.55,45.7,48.98,12076647.0,106507.0,48.587267,57.85433333333334,38.03628380153739,-1.9846245309325994,-0.9461175502123277,-1.0385069807202716
2022-08-03 04:00:00+00:00,49.26,50.0696,47.57,49.65,8759184.0,74085.0,49.179711,57.407666666666664,39.76433645183759,-2.0692060557198175,-1.1707352513138258,-0.8984708044059917
2022-08-04 04:00:00+00:00,52.9,54.03,50.935,51.26,9074883.0,78464.0,52.09145,57.10433333333333,43.81891216970954,-1.9834598878953358,-1.3332801786301278,-0.650179709265208
2022-08-05 04:00:00+00:00,49.65,50.75,49.24,50.25,5008102.0,46061.0,50.004034,56.63833333333333,41.91292544147256,-1.9742461109628167,-1.4614733650966656,-0.5127727458661511
2022-08-08 04:00:00+00:00,49.2,49.95,47.23,47.67,7773931.0,62297.0,48.313701,56.028666666666666,37.43368958790791,-2.150340774494751,-1.5992468469762828,-0.5510939275184681
2022-08-09 04:00:00+00:00,47.85,49.45,47.01,47.33,4867657.0,47382.0,47.702406,55.44833333333333,36.874415123007225,-2.290923878122385,-1.7375822532055034,-0.5533416249168814
2022-08-10 04:00:00+00:00,47.27,47.5,44.85,47.26,9631103.0,85507.0,46.294831,54.925,36.75266902631414,-2.380543986342076,-1.866174599832818,-0.5143693865092578
2022-08-11 04:00:00+00:00,48.44,52.29,48.44,49.62,8983446.0,78327.0,50.266988,54.47666666666667,43.522864572073104,-2.2353683561855178,-1.9400133511033582,-0.2953550050821596
2022-08-12 04:00:00+00:00,47.2,49.47,47.2,48.8,10139707.0,79386.0,48.686118,54.04333333333333,41.846736733778314,-2.1615655877587443,-1.9843237984344355,-0.17724178932430878
2022-08-15 04:00:00+00:00,47.78,51.43,47.56,51.13,6183049.0,64605.0,50.27023,53.586999999999996,47.97741275938916,-1.8932407340026174,-1.966107185548072,0.07286645154545468
2022-08-16 04:00:00+00:00,50.0,50.56,48.99,49.34,4798980.0,49045.0,49.513148,53.010999999999996,44.128523087689125,-1.8042313387919577,-1.9337320161968492,0.12950067740489146
2022-08-17 04:00:00+00:00,50.09,50.94,47.37,47.51,7739535.0,67414.0,48.808388,52.538333333333334,40.54720949629996,-1.8599164982275624,-1.918968912602992,0.05905241437542963
2022-08-18 04:00:00+00:00,47.45,48.03,46.13,46.83,4413058.0,40762.0,46.95391,52.025,39.271809597441454,-1.9365938567799432,-1.9224939014383824,-0.014099955341560833
2022-08-19 04:00:00+00:00,46.42,47.56,45.6,45.76,5185051.0,53007.0,46.057075,51.52366666666667,37.28446633461595,-2.0599553900414307,-1.949986199158992,-0.10996919088243873
2022-08-22 04:00:00+00:00,46.12,49.43,45.58,47.93,12362239.0,103553.0,47.910534,51.298,43.52612740990844,-1.9600254757586484,-1.9519940544789234,-0.008031421279725004
2022-08-23 04:00:00+00:00,48.25,51.33,46.73,50.51,11658209.0,95363.0,49.741032,51.108,49.90917262907215,-1.6535843694030916,-1.8923121174637572,0.23872774806066555
2022-08-24 04:00:00+00:00,49.01,54.28,48.99,53.21,11705910.0,104021.0,52.82316,51.00333333333334,55.568907474842106,-1.1792663018093918,-1.7497029543328841,0.5704366525234923
2022-08-25 04:00:00+00:00,57.0,59.99,55.7601,59.83,22787731.0,223099.0,58.181996,51.17433333333334,65.77863437178078,-0.2661194818791728,-1.452986259842142,1.1868667779629691
2022-08-26 04:00:00+00:00,63.53,63.69,56.57,57.57,22208249.0,188618.0,59.060671,51.269666666666666,60.65444796171126,0.2720567386573691,-1.1079776601422398,1.3800343987996089
2022-08-29 04:00:00+00:00,65.04,72.19,64.7,66.04,75110947.0,552592.0,67.820977,51.63366666666666,70.0660532283129,1.3662739286656844,-0.6131273423806549,1.9794012710463393
2022-08-30 04:00:00+00:00,67.78,67.8,63.9,66.5,31797399.0,225221.0,65.958193,52.018666666666675,70.47906016449768,2.2446916823341354,-0.04156353743769681,2.2862552197718324
2022-08-31 04:00:00+00:00,69.02,72.15,68.13,71.3,38607317.0,270718.0,70.668048,52.614333333333335,74.44176963385547,3.29023617102213,0.6247964042542685,2.6654397667678613
2022-09-01 04:00:00+00:00,69.45,72.0628,68.6,71.42,15951952.0,145083.0,70.096902,53.135,74.53380416823808,4.08147203912786,1.316131531228987,2.765340507898873
2022-09-02 04:00:00+00:00,69.66,73.02,67.99,72.19,16752010.0,146646.0,71.621486,53.72866666666666,75.15211052062918,4.7162981803602335,1.9961648610552363,2.7201333193049972
2022-09-06 04:00:00+00:00,70.04,70.24,66.06,66.62,15260438.0,139603.0,67.470652,54.07566666666666,63.19858201634148,4.71559161659232,2.540050212162653,2.175541404429667
2022-09-07 04:00:00+00:00,65.29,68.659,63.84,68.41,11814664.0,112483.0,66.436892,54.51733333333333,65.11870924581967,4.804091127981074,2.9928583953263375,1.8112327326547368
2022-09-08 04:00:00+00:00,66.39,68.91,66.33,68.19,6823839.0,66459.0,67.905263,54.95733333333333,64.67209076666552,4.801131017211802,3.3545129197034305,1.4466180975083711
2022-09-09 04:00:00+00:00,69.91,71.39,69.42,69.76,7238648.0,69520.0,70.206669,55.58566666666666,66.44098460867278,4.869340263563942,3.657478388475533,1.2118618750884087
2022-09-12 04:00:00+00:00,70.14,71.62,69.41,71.56,6832412.0,71352.0,70.783678,56.337333333333326,68.39486942985222,5.010879242745084,3.928158559329443,1.0827206834156407
2022-09-13 04:00:00+00:00,69.26,70.48,67.69,67.82,8707400.0,73865.0,68.819807,57.00833333333333,60.51150692226161,4.766319990049453,4.095790845473445,0.6705291445760082
2022-09-14 04:00:00+00:00,68.78,69.93,67.34,69.87,7069531.0,71885.0,68.837123,57.70466666666666,63.027089371119374,4.683929464546615,4.21341856928808,0.47051089525853573
2022-09-15 04:00:00+00:00,68.48,71.32,68.12,68.44,8593433.0,83148.0,69.609762,58.331,60.14862689486024,4.451926295397136,4.261120114509891,0.190806180887245
2022-09-16 04:00:00+00:00,66.03,66.31,63.36,65.67,13509488.0,110336.0,64.999992,58.81133333333334,54.91665049453687,3.998454566913672,4.2085870049906475,-0.21013243807697535
2022-09-19 04:00:00+00:00,64.03,65.9526,63.9,65.79,6225649.0,61347.0,65.027241,59.32933333333334,55.09886524724645,3.607176664917638,4.088304936976046,-0.4811282720584078
2022-09-20 04:00:00+00:00,65.08,67.99,65.01,66.1,8204994.0,64889.0,66.456906,59.943666666666665,55.59813323603814,3.2842418224430645,3.9274923140694495,-0.643250491626385
2022-09-21 04:00:00+00:00,64.72,65.25,62.13,62.49,8286010.0,80220.0,63.063969,60.449,48.79399712713655,2.7058257285106393,3.6831589969576877,-0.9773332684470484
2022-09-22 04:00:00+00:00,62.92,64.14,62.38,63.46,7875067.0,78831.0,63.225645,60.989000000000004,50.545332364408274,2.2991940226831105,3.4063660021027724,-1.107171979419662
2022-09-23 04:00:00+00:00,61.57,61.92,59.52,60.05,11034919.0,103542.0,60.482504,61.336666666666666,44.75082187330964,1.6823834950668726,3.0615695006955925,-1.37918600562872
2022-09-26 04:00:00+00:00,61.48,61.9713,59.93,60.66,8398101.0,78959.0,60.932821,61.732,45.94463040252232,1.228615890865349,2.6949787787295443,-1.4663628878641952
2022-09-27 04:00:00+00:00,62.16,64.86,60.28,60.99,11641382.0,105332.0,62.241707,62.06066666666667,46.61665233715201,0.885423427278802,2.333067708439396,-1.4476442811605938
2022-09-28 04:00:00+00:00,59.02,63.245,58.79,62.98,7375326.0,74265.0,61.877909,62.51533333333334,50.604646594942345,0.7651965862662138,2.0194934840047596,-1.2542968977385458
2022-09-29 04:00:00+00:00,61.59,62.28,59.845,60.77,6774960.0,70286.0,60.81224,62.95733333333333,46.454175826585924,0.4859852824954842,1.7127918437029046,-1.2268065612074204
2022-09-30 04:00:00+00:00,60.51,63.72,60.31,62.58,9530051.0,77677.0,62.550882,63.48233333333334,50.06636999167312,0.406079158088275,1.4514493065799787,-1.0453701484917037
2022-10-03 04:00:00+00:00,62.41,62.95,60.7563,62.65,5375871.0,53920.0,62.119793,64.04533333333333,50.20627210323857,0.34443100753460243,1.2300456467709036,-0.8856146392363011
2022-10-04 04:00:00+00:00,64.5,67.68,63.875,66.47,8382418.0,90394.0,66.186534,64.66333333333334,57.24602806882672,0.5969353795220798,1.103423593321139,-0.5064882137990592
2022-10-05 04:00:00+00:00,66.5,68.1247,65.35,66.17,6329845.0,57552.0,66.320809,65.18533333333333,56.56961996959154,0.7640321338766825,1.0355453014322475,-0.2715131675555651
2022-10-06 04:00:00+00:00,66.27,67.5,65.14,65.26,5246789.0,54443.0,65.876008,65.587,54.46727533120913,0.8136488829137534,0.9911660177285487,-0.17751713481479536
2022-10-07 04:00:00+00:00,63.99,64.3301,62.58,63.56,4843415.0,49960.0,63.594947,65.71133333333334,50.67819347053655,0.707637516684521,0.9344603175197432,-0.22682280083522222
2022-10-10 04:00:00+00:00,61.5,61.97,56.22,58.26,10385600.0,103980.0,58.116647,65.73433333333334,41.08267075374902,0.19372391047433268,0.7863130361106612,-0.5925891256363285
2022-10-11 04:00:00+00:00,57.09,58.16,54.95,55.71,9842439.0,104139.0,56.276443,65.39,37.412292461606896,-0.41454143810031496,0.546142141268466,-0.960683579368781
2022-10-12 04:00:00+00:00,56.04,57.96,54.84,55.94,6713154.0,67552.0,56.283551,65.038,37.95076176659963,-0.8680309113357154,0.2633075307476298,-1.1313384420833452
2022-10-13 04:00:00+00:00,53.35,56.02,52.6462,55.37,10131347.0,91575.0,54.51051,64.507,37.09890859704208,-1.2589069269892619,-0.04113536079974853,-1.2177715661895134
2022-10-14 04:00:00+00:00,56.2,57.01,52.74,52.92,9268544.0,83602.0,54.140526,63.89033333333334,33.607094418114755,-1.7462438973504248,-0.3821570681098838,-1.364086829240541
2022-10-17 04:00:00+00:00,54.62,58.04,54.499,55.48,9525247.0,90919.0,56.173314,63.333333333333336,39.96551623475723,-1.9039438724499078,-0.6865144289778886,-1.2174294434720192
2022-10-18 04:00:00+00:00,57.97,60.08,57.69,58.37,11038829.0,101744.0,58.748082,63.05833333333333,46.22644767831383,-1.7752593073859657,-0.904263404659504,-0.8709959027264617
2022-10-19 04:00:00+00:00,55.2747,57.4854,54.15,54.49,12230922.0,111615.0,55.531138,62.59433333333334,40.16950802387508,-1.9637228611690745,-1.1161552959614183,-0.8475675652076562
2022-10-20 04:00:00+00:00,55.25,59.48,55.19,55.89,8832661.0,80559.0,57.202145,62.184333333333335,43.0681781905338,-1.9773199718405223,-1.2883882311372392,-0.6889317407032831
2022-10-21 04:00:00+00:00,55.13,59.15,54.7392,58.97,13696271.0,112378.0,57.616873,61.824666666666666,48.93020385203142,-1.7197414121461776,-1.374658867339027,-0.3450825448071506
2022-10-24 04:00:00+00:00,48.15,48.3,38.8,44.46,73194423.0,499876.0,42.946904,60.92133333333334,32.14040842788798,-2.655829533044958,-1.6308930004802131,-1.024936532564745
2022-10-25 04:00:00+00:00,46.69,49.65,45.82,47.53,25890097.0,217168.0,47.35609,60.245,37.06127896386294,-3.114065758443779,-1.9275275520729265,-1.1865382063708525
2022-10-26 04:00:00+00:00,48.08,54.57,47.84,53.09,28156856.0,244836.0,52.473006,59.68566666666666,44.85992406720536,-2.994062051751186,-2.1408344520085785,-0.8532275997426075
2022-10-27 04:00:00+00:00,51.85,55.8499,51.31,53.11,14764467.0,134105.0,53.680558,59.17466666666667,44.88637859900625,-2.8643262467726487,-2.2855328109613926,-0.5787934358112561
2022-10-28 04:00:00+00:00,49.8538,53.0,49.6,52.95,13644287.0,140392.0,51.543799,58.75066666666667,44.70160898753008,-2.74280302353565,-2.376986853476244,-0.36581617005940625
2022-10-31 04:00:00+00:00,52.28,56.23,52.17,54.83,13403223.0,116869.0,54.741679,58.38533333333333,47.4393913002942,-2.4663639965147937,-2.394862282083954,-0.07150171443083986
2022-11-01 04:00:00+00:00,59.63,60.225,53.88,53.89,16138951.0,155652.0,56.211278,57.97833333333334,46.207551968465886,-2.2966597560111097,-2.375221776869385,0.07856202085827535
2022-11-02 04:00:00+00:00,54.0,55.75,53.07,53.61,10481742.0,105203.0,54.440674,57.68233333333333,45.82583609752506,-2.1598640148072477,-2.3321502244569574,0.17228620964970975
2022-11-03 04:00:00+00:00,52.22,58.19,52.0,56.97,12876356.0,120873.0,56.389621,57.466,51.05140324001871,-1.7600398413306237,-2.217728147831691,0.4576883065010673
2022-11-04 04:00:00+00:00,61.79,62.9,58.41,61.89,22539379.0,216979.0,61.177185,57.52733333333333,57.51387742697505,-1.034251217195603,-1.9810327617044736,0.9467815445088705
2022-11-07 05:00:00+00:00,63.01,64.63,61.44,61.72,16456407.0,144350.0,63.01528,57.562666666666665,57.23270588893536,-0.4673883211673626,-1.6783038735970515,1.2109155524296888
2022-11-08 05:00:00+00:00,60.31,63.155,58.12,62.92,10251241.0,102758.0,60.862482,57.626999999999995,58.765134661727984,0.0777878887825949,-1.3270855211211223,1.4048734099037172
2022-11-09 05:00:00+00:00,60.4,61.36,58.83,59.16,9125724.0,86406.0,59.801305,57.49966666666667,52.42630532657925,0.2040907553954483,-1.0208502658178082,1.2249410212132565
2022-11-10 05:00:00+00:00,62.95,64.99,62.4,64.05,12182095.0,112683.0,63.746355,57.609,58.670234425631065,0.6908056422813544,-0.6785190841979757,1.3693247264793302
2022-11-11 05:00:00+00:00,67.5,68.6,64.55,65.18,12933691.0,127872.0,66.552431,57.69566666666666,59.97745842980272,1.1544049907841867,-0.3119342692015432,1.46633925998573
2022-11-14 05:00:00+00:00,67.59,67.95,63.0,65.39,13099514.0,118662.0,65.295704,57.787,60.22921267086188,1.5212203778928668,0.054696660217338766,1.466523717675528
2022-11-15 05:00:00+00:00,69.94,72.74,69.88,70.97,15841769.0,175632.0,71.210553,57.937,66.2959336307848,2.2364037110647033,0.4910380703868117,1.7453656406778917
2022-11-16 05:00:00+00:00,68.3,69.31,67.53,67.56,8174324.0,91439.0,68.294656,57.983333333333334,60.24761636776883,2.499223659150161,0.8926751881394815,1.6065484710106794
2022-11-17 05:00:00+00:00,66.405,72.63,66.15,70.55,14058117.0,130344.0,70.365838,58.159666666666666,63.40060945849396,2.9151740611071375,1.297174962733013,1.6179990983741246
2022-11-18 05:00:00+00:00,71.18,71.98,68.4,70.15,8061246.0,86499.0,70.088025,58.379333333333335,62.68431398319952,3.175930939436874,1.672926158073785,1.5030047813630891
2022-11-21 05:00:00+00:00,68.43,69.55,66.01,67.62,7779378.0,78224.0,67.549511,58.691333333333326,58.20506918391584,3.142211331980846,1.9667831928551975,1.1754281391256485
2022-11-22 05:00:00+00:00,65.18,66.89,64.8,66.76,7696531.0,69685.0,66.279425,59.05966666666667,56.72133874354303,3.011380171358823,2.175702588555923,0.8356775828029002
2022-11-23 05:00:00+00:00,68.465,68.58,65.52,66.71,7979183.0,73647.0,66.741472,59.41866666666667,56.63095209225286,2.870570798548293,2.3146762305543973,0.5558945679938958
2022-11-25 05:00:00+00:00,65.78,66.65,64.17,65.75,6115886.0,64490.0,65.358817,59.76466666666666,54.82453234588953,2.6509558107503324,2.3819321465935843,0.26902366415674805
2022-11-28 05:00:00+00:00,74.78,76.36,73.55,74.05,25464311.0,257701.0,74.758026,60.46900000000001,65.16925984333697,3.110790725600914,2.5277038623950503,0.5830868632058639
2022-11-29 05:00:00+00:00,77.98,80.0,76.46,78.43,21335433.0,203898.0,78.724005,61.234,69.18004255342031,3.7850113486251615,2.779165359641073,1.0058459889840887
2022-11-30 05:00:00+00:00,80.42,84.27,78.9,82.04,30598551.0,271220.0,81.079851,62.023,72.03798017090176,4.558090054998857,3.13495029871263,1.423139756286227
2022-12-01 05:00:00+00:00,79.24,85.11,78.9,83.74,16655054.0,162899.0,83.322213,62.998,73.2938880309639,5.247446989565148,3.557449636883134,1.6899973526820142
2022-12-02 05:00:00+00:00,82.55,88.13,82.41,86.34,15641368.0,174802.0,86.499236,64.013,75.13344787745311,5.935148895683298,4.032989488643167,1.9021594070401306
2022-12-05 05:00:00+00:00,88.95,89.87,84.71,87.8,19490494.0,200714.0,87.624278,64.974,76.12784327163013,6.522776897392006,4.530946970392936,1.9918299269990705
2022-12-06 05:00:00+00:00,87.3,88.005,85.53,86.91,9945038.0,113120.0,86.89436,66.389,74.18044491204516,6.837838415569564,4.992325259428262,1.845513156141302
2022-12-07 05:00:00+00:00,83.51,86.628,83.1,85.82,12164620.0,131569.0,85.219008,67.66533333333334,71.75935469497065,6.919805833907333,5.377821374324077,1.5419844595832561
2022-12-08 05:00:00+00:00,88.0,91.27,87.85,91.11,17285935.0,208083.0,90.031114,68.93266666666666,75.87471487710154,7.327161437061918,5.767689386871645,1.5594720501902728
2022-12-09 05:00:00+00:00,91.63,92.03,89.07,89.71,10133671.0,114773.0,90.260981,70.15266666666666,72.8490944759319,7.451133360478607,6.104378181593038,1.3467551788855694
2022-12-12 05:00:00+00:00,87.27,88.41,85.53,86.07,9548377.0,114416.0,86.560899,71.25666666666667,65.53214914590238,7.172978789246912,6.318098303123813,0.8548804861230987
2022-12-13 05:00:00+00:00,90.105,93.16,88.25,88.74,12650228.0,139913.0,89.893489,72.387,68.06585127836755,7.086299523589631,6.471738547216977,0.6145609763726538
2022-12-14 05:00:00+00:00,88.75,90.68,88.11,90.01,6785433.0,86857.0,89.625685,73.591,69.2246846841663,7.038943409201863,6.585179519613955,0.4537638895879086
2022-12-15 05:00:00+00:00,92.74,92.81,86.1305,87.15,9092892.0,107739.0,88.328716,74.70900000000002,63.62527397434309,6.693477012924234,6.606839018276011,0.08663799464822297
2022-12-16 05:00:00+00:00,88.42,90.08,86.82,87.03,8422256.0,77366.0,87.58911,75.711,63.393573742145314,6.336960867545187,6.552863388129847,-0.21590252058465964
2022-12-19 05:00:00+00:00,87.17,87.49,86.2,86.95,9061609.0,68645.0,86.935854,76.54633333333332,63.22826284686371,5.979041256578185,6.438098961819515,-0.4590577052413298
2022-12-20 05:00:00+00:00,84.79,87.39,84.13,85.65,7110784.0,78409.0,85.649675,77.344,60.46879337483315,5.526778982953573,6.255834966046327,-0.7290559830927537
2022-12-21 05:00:00+00:00,85.76,87.09,83.91,85.93,6523442.0,68126.0,86.03432,78.11100000000002,60.86496144708005,5.131795389852201,6.031027050807502,-0.8992316609553015
2022-12-22 05:00:00+00:00,86.98,87.8499,84.55,85.49,6419531.0,57775.0,85.718169,78.98866666666666,59.84992338263519,4.72875359594255,5.770572359834512,-1.0418187638919623
2022-12-23 05:00:00+00:00,84.43,85.41,83.64,84.03,3867463.0,47134.0,84.325026,79.65466666666667,56.483845965133106,4.242623944350186,5.464982676737647,-1.2223587323874616
2022-12-27 05:00:00+00:00,85.09,88.57,84.56,85.2,7944180.0,92636.0,86.516955,80.32199999999999,58.498241232743496,3.906737477212559,5.15333363683263,-1.2465961596200712
2022-12-28 05:00:00+00:00,83.85,85.19,78.82,81.42,10652270.0,128339.0,80.818759,80.85633333333334,50.38352467626392,3.2975188778629985,4.782170685038704,-1.4846518071757053
2022-12-29 05:00:00+00:00,81.53,83.24,80.43,82.41,6619400.0,56056.0,82.08449,81.23766666666667,52.25169547251656,2.8616066546932615,4.398057878969616,-1.5364512242763544
2022-12-30 05:00:00+00:00,80.14,82.6,80.02,81.55,5058184.0,58097.0,81.303443,81.704,50.473806375001935,2.4188650934668914,4.002219321869071,-1.5833542284021798
2023-01-03 05:00:00+00:00,85.51,89.49,84.2301,84.53,12106158.0,102758.0,85.976978,82.17,56.053736166714344,2.2821431854580254,3.6582040945868624,-1.376060909128837
2023-01-04 05:00:00+00:00,89.17,92.8,88.7,91.06,13524043.0,123609.0,90.761131,82.867,65.28384803488052,2.6699292326253357,3.4605491221945575,-0.7906198895692218
2023-01-05 05:00:00+00:00,90.0,96.75,89.14,95.43,13895924.0,153577.0,94.596935,83.79400000000001,69.8479449923718,3.291927654393163,3.426824828634279,-0.1348971742411158
2023-01-06 05:00:00+00:00,94.22,96.49,93.1097,95.96,9022941.0,85846.0,95.436534,84.76733333333333,70.35695372014578,3.784012712423319,3.498262405392087,0.28575030703123216
2023-01-09 05:00:00+00:00,99.005,99.3,95.23,95.815,7364509.0,92353.0,96.811624,85.7375,70.00874677284756,4.114859835239841,3.621581891361638,0.4932779438782027
