timestamp,open,high,low,close,volume,trade_count,vwap,30sma,rsi,macd,signal,histogram
2022-01-03 05:00:00+00:00,172.2,173.19,170.565,172.98,5487068.0,61110.0,172.343877,,,,,
2022-01-04 05:00:00+00:00,172.66,174.45,172.2,173.23,4716513.0,60803.0,173.364678,,,,,
2022-01-05 05:00:00+00:00,173.355,175.36,173.23,173.81,4857482.0,72033.0,174.249876,,,,,
2022-01-06 05:00:00+00:00,173.91,175.6,173.2275,173.86,4279430.0,56618.0,174.139766,,,,,
2022-01-07 05:00:00+00:00,174.09,174.69,172.61,174.08,4910513.0,49314.0,174.008162,,,,,
2022-01-10 05:00:00+00:00,174.4362,175.84,173.62,174.17,5033834.0,64421.0,174.493088,,,,,
2022-01-11 05:00:00+00:00,173.6841,174.23,171.62,174.09,6452499.0,70458.0,173.302339,,,,,
2022-01-12 05:00:00+00:00,173.9,174.33,172.95,173.9,5263446.0,59342.0,173.745162,,,,,
2022-01-13 05:00:00+00:00,173.71,174.6861,173.24,174.18,4300872.0,53895.0,174.108935,,,,,
2022-01-14 05:00:00+00:00,174.57,175.94,173.4,175.64,4460981.0,53096.0,175.157036,,,,,
2022-01-18 05:00:00+00:00,173.62,174.76,173.15,173.96,5763689.0,69796.0,173.968085,,,,,
2022-01-19 05:00:00+00:00,173.96,175.96,173.57,175.21,6408275.0,74696.0,175.240392,,,,,
2022-01-20 05:00:00+00:00,175.41,176.88,173.84,173.94,6261288.0,69342.0,174.92508,,,,,
2022-01-21 05:00:00+00:00,175.3266,177.24,174.11,174.22,6713514.0,86337.0,175.031516,,,,,
2022-01-24 05:00:00+00:00,175.49,176.5,168.96,173.33,9134495.0,114550.0,172.793986,,52.04200700116701,,,
2022-01-25 05:00:00+00:00,172.08,172.48,169.74,171.34,6521439.0,81237.0,171.233209,,41.63136353845051,,,
2022-01-26 05:00:00+00:00,169.36,171.81,166.45,169.53,6711991.0,94537.0,170.041982,,34.810439344746825,,,
2022-01-27 05:00:00+00:00,170.78,173.28,168.78,169.37,6511597.0,86307.0,170.360499,,34.2758298629998,,,
2022-01-28 05:00:00+00:00,168.51,172.73,167.21,172.67,5781061.0,75324.0,170.623688,,50.99303295804395,,,
2022-01-31 05:00:00+00:00,170.77,174.11,170.59,173.52,5896252.0,73773.0,172.898036,,54.22284309314682,,,
2022-02-01 05:00:00+00:00,173.15,173.43,169.56,172.34,5939300.0,71611.0,171.815536,,49.35947170780671,,,
2022-02-02 05:00:00+00:00,172.76,175.64,172.57,175.47,5751822.0,66652.0,174.905492,,59.687963371937215,,,
2022-02-03 05:00:00+00:00,175.27,176.66,173.83,175.37,4621096.0,59385.0,175.448129,,59.27202519129003,,,
2022-02-04 05:00:00+00:00,173.1,174.89,171.19,172.49,4580703.0,63837.0,172.799975,,48.73814859706417,,,
2022-02-07 05:00:00+00:00,172.74,172.99,171.21,171.81,4805336.0,64028.0,171.906584,,46.630911176544615,,,
2022-02-08 05:00:00+00:00,172.63,172.64,170.31,172.02,3949724.0,64287.0,171.859421,,47.38744594609736,-0.4629786797301563,,
2022-02-09 05:00:00+00:00,172.5,172.78,171.01,171.94,6655404.0,75382.0,171.715381,,47.11345297911747,-0.5024809735784004,,
2022-02-10 05:00:00+00:00,168.655,171.45,167.3,168.37,7712883.0,98895.0,168.831082,,36.86878567169187,-0.8124901100853776,,
2022-02-11 05:00:00+00:00,168.06,170.31,167.6901,168.58,7023228.0,79674.0,168.814771,,37.7265960410839,-1.0293634778890066,,
2022-02-14 05:00:00+00:00,169.415,169.675,165.1,166.7,6522647.0,76673.0,166.568236,172.73733333333334,33.35685692973057,-1.3375193816908393,,
2022-02-15 05:00:00+00:00,167.217,168.25,165.261,165.96,4795571.0,61685.0,166.342615,172.50333333333336,31.79574019076101,-1.6227410227698726,,
2022-02-16 05:00:00+00:00,165.63,167.195,164.54,166.3,4043202.0,57965.0,166.110439,172.27233333333334,33.33939916708931,-1.8005899891677757,,
2022-02-17 05:00:00+00:00,166.01,167.9523,165.0,166.75,5037187.0,62706.0,166.605005,172.037,35.42263511992962,-1.8835133675231646,,
2022-02-18 05:00:00+00:00,167.11,168.235,166.22,167.71,5016344.0,61691.0,167.510646,171.832,39.74857020677339,-1.8504360899665926,-1.2557903436001316,-0.594645746366461
2022-02-22 05:00:00+00:00,168.57,168.94,166.23,168.35,7476816.0,78825.0,167.918508,171.64100000000002,42.51334731327097,-1.752379122194725,-1.3551080993190503,-0.3972710228756746
2022-02-23 05:00:00+00:00,169.12,169.12,166.52,166.69,5817156.0,71207.0,167.536732,171.39166666666668,37.68326936526223,-1.7880053825194295,-1.4416875559591262,-0.3463178265603033
2022-02-24 05:00:00+00:00,165.71,166.34,160.285,163.79,8905554.0,121859.0,162.95721,171.04833333333332,31.04701173396316,-2.026880596363327,-1.5587261640399666,-0.4681544323233604
2022-02-25 05:00:00+00:00,164.42,168.46,164.26,168.38,6274088.0,73033.0,166.914703,170.86433333333335,46.96636525540481,-1.8247813411542495,-1.6119371994628233,-0.21284414169142618
2022-02-28 05:00:00+00:00,164.04,165.21,161.405,163.74,7324801.0,89074.0,163.308902,170.51633333333334,37.53284478512599,-2.015788690022873,-1.6927074975748333,-0.3230811924480399
2022-03-01 05:00:00+00:00,163.07,164.4,161.3,162.27,4796158.0,69321.0,162.437589,170.07066666666668,35.12573290081103,-2.2597313287088525,-1.8061122638016374,-0.45361906490721515
2022-03-02 05:00:00+00:00,162.98,165.82,162.49,164.52,5198147.0,69133.0,164.630326,169.756,41.32819488436505,-2.2456153752154364,-1.8940128860843972,-0.3516024891310392
2022-03-03 05:00:00+00:00,163.97,165.19,162.82,163.27,5129284.0,66651.0,163.693292,169.35800000000003,39.09208734826254,-2.3086799088007695,-1.9769462906276718,-0.33173361817309766
2022-03-04 05:00:00+00:00,162.0,166.5,160.92,165.75,6083242.0,88259.0,164.616731,169.085,45.40364102866092,-2.13394494327585,-2.0083460211573074,-0.1255989221185425
2022-03-07 05:00:00+00:00,164.07,165.15,162.13,162.45,6043465.0,81036.0,162.965868,168.69266666666667,39.533191216210206,-2.23597373161644,-2.053871563249134,-0.18210216836730586
2022-03-08 05:00:00+00:00,162.38,163.97,157.69,157.87,5838983.0,87141.0,159.417832,168.17733333333334,33.130718034468316,-2.6557857597281327,-2.1742544025449337,-0.48153135718319895
2022-03-09 05:00:00+00:00,159.73,160.06,156.4,157.4,5506894.0,75377.0,157.63857,167.71266666666668,32.54817290884333,-2.9919258300751608,-2.3377886880509795,-0.6541371420241813
2022-03-10 05:00:00+00:00,155.79,156.25,153.37,154.51,6081874.0,80932.0,154.590869,167.212,29.153666913060675,-3.4517287247336412,-2.560576695387512,-0.891152029346129
2022-03-11 05:00:00+00:00,155.45,156.885,153.48,153.73,4606034.0,66584.0,154.786257,166.6906666666667,28.29592754472891,-3.8348594402098115,-2.8154332443519725,-1.019426195857839
2022-03-14 04:00:00+00:00,155.15,157.8,154.5,155.89,5796134.0,66877.0,156.262963,166.13133333333332,34.07987097480195,-3.919023283500735,-3.036151252181725,-0.8828720313190099
2022-03-15 04:00:00+00:00,156.99,159.5,156.83,159.0,6007945.0,67801.0,158.456168,165.64733333333334,41.408251232994445,-3.692211214472252,-3.1673632446398305,-0.5248479698324213
2022-03-16 04:00:00+00:00,158.41,159.99,157.04,159.7,6020989.0,76922.0,159.032346,165.226,42.94570003646455,-3.416592514071368,-3.2172090985261383,-0.19938341554522987
2022-03-17 04:00:00+00:00,159.83,161.63,159.3,160.94,3482768.0,51737.0,160.540594,164.74166666666667,45.665567049740396,-3.0627990306909396,-3.1863270849590988,0.12352805426815916
2022-03-18 04:00:00+00:00,161.38,162.93,160.06,162.79,11964109.0,76317.0,162.191809,164.32233333333335,49.53117006721983,-2.6031283638750438,-3.069687340742288,0.46655897686724446
2022-03-21 04:00:00+00:00,162.27,163.81,161.075,162.56,5024863.0,66697.0,162.28771,163.99133333333333,49.063817918708324,-2.231669825898166,-2.902083837773464,0.6704140118752981
2022-03-22 04:00:00+00:00,162.84,164.77,162.23,164.34,5709713.0,69134.0,163.785708,163.7423333333333,52.77739503142689,-1.7732146200656302,-2.6763099942318975,0.9030953741662673
2022-03-23 04:00:00+00:00,164.248,165.275,162.63,163.48,4461153.0,59623.0,163.785475,163.45766666666668,50.84850538699061,-1.462422483073567,-2.4335324920002313,0.9711100089266642
2022-03-24 04:00:00+00:00,164.06,164.73,163.27,164.47,3115247.0,41270.0,164.157425,163.2086666666667,52.978963761999,-1.1232842277883321,-2.1714828391578513,1.0481986113695192
2022-03-25 04:00:00+00:00,164.43,165.9,164.43,165.24,4130448.0,47806.0,165.016912,163.10433333333333,54.62629444350352,-0.7833521562367878,-1.8938567025736388,1.110504546336851
2022-03-28 04:00:00+00:00,165.1,165.77,163.71,165.73,8233303.0,109650.0,164.95742,163.00933333333333,55.690141013307006,-0.46900820096149687,-1.6088870022512105,1.1398788012897136
2022-03-29 04:00:00+00:00,167.29,168.58,166.37,168.19,4440540.0,59107.0,167.651376,163.05900000000003,60.67514581073554,-0.021143185279015597,-1.2913382388567716,1.270195053577756
2022-03-30 04:00:00+00:00,168.1,168.24,166.115,167.96,3871556.0,47998.0,167.614848,163.1256666666667,59.99553302448523,0.3116415784070057,-0.970742275404016,1.2823838538110217
2022-03-31 04:00:00+00:00,168.37,169.3,167.27,167.38,6026134.0,66648.0,167.944859,163.1616666666667,58.22444197500782,0.5225511046178895,-0.672083599399635,1.1946347040175245
2022-04-01 04:00:00+00:00,167.89,169.93,167.37,169.76,3231536.0,48502.0,168.841214,163.262,63.04530941079257,0.8716961624228361,-0.3633276470351408,1.2350238094579769
2022-04-04 04:00:00+00:00,169.11,169.39,167.45,169.32,3751585.0,51785.0,168.97694,163.3156666666667,61.629349631979125,1.100209285632701,-0.07062026050157244,1.1708295461342735
2022-04-05 04:00:00+00:00,168.32,171.38,168.32,169.5,4466723.0,58773.0,169.930644,163.35399999999998,62.00529584622493,1.281064760675946,0.19971674373393122,1.0813480169420147
2022-04-06 04:00:00+00:00,169.92,172.7,169.485,172.32,3638523.0,68223.0,171.799225,163.54166666666666,67.39507582307378,1.6331188820269062,0.48639717139252625,1.14672171063438
2022-04-07 04:00:00+00:00,172.03,173.28,170.78,172.56,4271403.0,62126.0,172.339176,163.83399999999997,67.81354924020422,1.9094790183328882,0.7710135407805987,1.1384654775522896
2022-04-08 04:00:00+00:00,172.99,173.69,171.59,173.13,2778084.0,48304.0,173.009146,163.9923333333333,68.83655582198662,2.1497101334634294,1.0467528593171649,1.1029572741462645
2022-04-11 04:00:00+00:00,173.61,174.97,172.32,172.6,3779552.0,64734.0,173.192936,164.28766666666667,66.71329461659543,2.271148071147337,1.2916319016831994,0.9795161694641377
2022-04-12 04:00:00+00:00,173.78,174.65,172.63,173.3,3905742.0,53628.0,173.589869,164.65533333333332,68.11228443374128,2.3962501810575247,1.5125555575580645,0.8836946234994603
2022-04-13 04:00:00+00:00,173.58,173.82,171.73,173.0,4373955.0,54533.0,172.85322,164.93800000000002,66.81619965667304,2.44302533633126,1.6986495133127038,0.7443758230185564
2022-04-14 04:00:00+00:00,173.48,174.26,171.76,171.9,4826381.0,55285.0,172.405994,165.22566666666665,62.14658197480237,2.3640825054336574,1.8317361117368947,0.5323463936967627
2022-04-18 04:00:00+00:00,171.22,172.31,169.96,170.42,3071611.0,45191.0,170.619947,165.38133333333332,56.43206878210743,2.157228919910665,1.8968346733716488,0.2603942465390161
2022-04-19 04:00:00+00:00,169.84,173.165,169.84,172.9,3628765.0,49326.0,172.214284,165.72966666666665,62.63260763329376,2.168415097407916,1.9511507581789025,0.21726433922901345
2022-04-20 04:00:00+00:00,173.72,175.97,173.72,175.47,4177979.0,59627.0,175.183709,166.31633333333332,67.75416709961789,2.3574821584395806,2.032417038231038,0.3250651202085426
2022-04-21 04:00:00+00:00,175.76,177.24,174.65,174.84,3670057.0,55639.0,175.727869,166.89766666666668,65.38824091406991,2.428489318410925,2.1116314942670154,0.3168578241439097
2022-04-22 04:00:00+00:00,174.99,175.27,171.94,172.15,5836989.0,75038.0,173.176909,167.48566666666665,56.34153865679247,2.241859722167277,2.1376771398470678,0.10418258232020916
2022-04-25 04:00:00+00:00,173.21,173.92,171.0,173.74,7320334.0,91759.0,172.83725,168.15266666666668,59.875260766454055,2.196929300926058,2.149527572062866,0.04740172886319227
2022-04-26 04:00:00+00:00,173.97,175.3486,172.73,173.3,7346405.0,96801.0,173.900459,168.733,58.464997673985806,2.101591457492873,2.1399403491488673,-0.03834889165599442
2022-04-27 04:00:00+00:00,173.42,176.69,173.19,174.85,5058083.0,80849.0,175.228566,169.26133333333334,61.87191374545144,2.126593529361571,2.1372709851914085,-0.010677455829837257
2022-04-28 04:00:00+00:00,174.53,177.62,173.82,177.5,5188566.0,72443.0,176.663962,169.85466666666667,66.87463922453458,2.3333433745081322,2.176485463054753,0.15685791145337902
2022-04-29 04:00:00+00:00,177.41,177.41,171.41,171.71,6461558.0,78192.0,172.844191,170.21366666666665,51.09887584798329,2.006855721850769,2.1425595148139567,-0.13570379296318746
2022-05-02 04:00:00+00:00,172.995,173.46,165.27,167.76,7649736.0,103548.0,168.307609,170.37933333333334,43.55091808244999,1.413090686613799,1.9966657491739253,-0.5835750625601261
2022-05-03 04:00:00+00:00,169.14,169.31,166.58,167.99,5517347.0,71854.0,167.886377,170.56033333333332,44.06898544877613,0.9501341412103272,1.7873594275812057,-0.8372252863708785
2022-05-04 04:00:00+00:00,167.61,174.12,167.61,173.86,6146458.0,75696.0,172.31786,170.87766666666667,55.33544192567321,1.0448532678462357,1.6388581956342119,-0.5940049277879762
2022-05-05 04:00:00+00:00,173.1,173.32,169.08,170.39,6447238.0,82073.0,170.796923,171.108,49.045971947411495,0.8303471332407923,1.4771559831555279,-0.6468088499147355
2022-05-06 04:00:00+00:00,169.24,170.8,168.72,170.41,5768374.0,77245.0,169.962436,171.30599999999998,49.08189457582165,0.654419567572802,1.3126087000389826,-0.6581891324661806
2022-05-09 04:00:00+00:00,169.66,172.885,168.76,171.71,5916943.0,93712.0,171.009466,171.52166666666665,51.47653037703076,0.6128305110799488,1.172653062247176,-0.5598225511672272
2022-05-10 04:00:00+00:00,173.12,174.54,170.75,171.49,5864119.0,89384.0,171.954351,171.71366666666665,51.039074717400844,0.5557128114222394,1.0492650120821887,-0.4935522006599493
2022-05-11 04:00:00+00:00,170.82,172.41,169.92,170.66,5306585.0,76660.0,170.944008,171.796,49.33563946997243,0.4384187411898779,0.9270957579037267,-0.4886770167138488
2022-05-12 04:00:00+00:00,171.25,171.99,168.16,170.4,6410704.0,86100.0,170.01883,171.87733333333333,48.78635021328874,0.3207847119059579,0.805833548704173,-0.4850488367982151
2022-05-13 04:00:00+00:00,170.7,174.14,169.46,173.72,4627859.0,68127.0,172.478851,172.08866666666665,55.58631373175846,0.48980893726007935,0.7426286264153543,-0.252819689155275
2022-05-16 04:00:00+00:00,173.71,176.3,173.4201,175.47,4507334.0,73846.0,175.258865,172.279,58.69920476002932,0.7562545960160492,0.7453538203354934,0.010900775680555808
2022-05-17 04:00:00+00:00,175.31,175.68,172.58,174.46,4945635.0,63726.0,174.312605,172.4503333333333,56.24885114664181,0.8758202306993041,0.7714471024082555,0.10437312829104861
2022-05-18 04:00:00+00:00,173.6855,173.87,162.95,163.65,8737770.0,102782.0,165.515849,172.25533333333334,37.97632807399516,0.09717997034346126,0.6365936759952967,-0.5394137056518354
2022-05-19 04:00:00+00:00,162.5,162.78,159.6656,161.2,6368013.0,89809.0,161.165481,171.88466666666667,35.186449018184604,-0.7094148771757034,0.36739196536109664,-1.0768068425368
2022-05-20 04:00:00+00:00,162.24,163.06,159.62,162.21,5650831.0,75800.0,161.527969,171.53966666666668,37.233553096484286,-1.252708106688715,0.04337195095113433,-1.2960800576398492
2022-05-23 04:00:00+00:00,164.21,166.95,163.57,165.6,4629045.0,68898.0,165.604788,171.2886666666667,43.66508939029904,-1.3936619690514647,-0.2440348330493855,-1.149627136002079
2022-05-24 04:00:00+00:00,166.02,168.255,165.1555,167.82,6275166.0,77193.0,166.888382,171.12933333333334,47.461741568962395,-1.3111197020245413,-0.45745180684441666,-0.8536678951801246
2022-05-25 04:00:00+00:00,167.85,169.49,166.96,168.97,5724947.0,79034.0,168.655998,170.985,49.36544692963001,-1.1397704078920583,-0.593915527053945,-0.5458548808381133
2022-05-26 04:00:00+00:00,168.96,171.08,168.96,170.11,5178879.0,63902.0,170.146422,170.88866666666667,51.25117851634367,-0.9015933779262753,-0.6554510972284111,-0.24614228069786415
2022-05-27 04:00:00+00:00,171.26,171.81,170.2,171.77,6691192.0,77541.0,171.282499,170.88433333333336,53.941069411741736,-0.5722912219368084,-0.6388191221700905,0.06652790023328214
2022-05-31 04:00:00+00:00,170.98,170.98,165.37,167.75,13444772.0,112324.0,167.629373,170.79533333333336,47.15523707415288,-0.6284528806693856,-0.6367458738699495,0.00829299320056387
2022-06-01 04:00:00+00:00,168.18,168.38,163.82,166.49,5559331.0,76611.0,165.984449,170.58166666666668,45.23443796047264,-0.7658051445690717,-0.662557728009774,-0.1032474165592977
2022-06-02 04:00:00+00:00,165.62,166.75,162.645,166.68,4626577.0,70789.0,165.436236,170.28866666666667,45.594323147133174,-0.8495334978287019,-0.6999528819735596,-0.14958061585514226
2022-06-03 04:00:00+00:00,165.859,166.59,164.36,164.85,4069093.0,52941.0,165.053509,169.95566666666667,42.684862541346256,-1.0514342475583192,-0.7702491550905116,-0.28118509246780754
2022-06-06 04:00:00+00:00,166.46,167.62,164.725,165.54,3401525.0,47184.0,165.933223,169.73533333333336,44.13244742385975,-1.1425937039269911,-0.8447180648578075,-0.2978756390691836
2022-06-07 04:00:00+00:00,165.68,166.86,164.22,166.56,4152390.0,47038.0,166.053921,169.496,46.29193146800385,-1.1196263981881884,-0.8996997315238837,-0.21992666666430472
2022-06-08 04:00:00+00:00,165.74,166.81,165.11,165.73,2633815.0,43755.0,165.908978,169.24366666666666,44.77526149736149,-1.1550836213479556,-0.9507765094886982,-0.20430711185925743
2022-06-09 04:00:00+00:00,165.19,166.93,162.67,162.78,3508154.0,51930.0,164.196883,168.84133333333332,39.78591420054332,-1.40502778625833,-1.0416267648426247,-0.3634010214157053
2022-06-10 04:00:00+00:00,160.97,163.918,159.45,162.52,5164909.0,74973.0,162.619946,168.342,39.369522782297025,-1.6055820147635131,-1.1544178148268025,-0.45116419993671064
2022-06-13 04:00:00+00:00,160.53,162.87,159.06,159.74,6226907.0,91114.0,160.632849,167.943,35.13531286613133,-1.9661805468999205,-1.316770361241426,-0.6494101856584944
2022-06-14 04:00:00+00:00,160.0,160.05,154.8576,156.12,6154614.0,92494.0,156.538964,167.55499999999998,30.53066009359661,-2.5150690772415203,-1.556430104441445,-0.9586389728000753
2022-06-15 04:00:00+00:00,157.92,159.84,155.93,157.79,5772091.0,87605.0,157.963164,167.215,34.77729065403322,-2.783228819506405,-1.8017898474544372,-0.9814389720519681
2022-06-16 04:00:00+00:00,156.495,158.46,155.11,157.03,7206624.0,89256.0,157.139961,166.65400000000002,33.765690813009286,-3.022234556956022,-2.045878789354754,-0.9763557676012677
2022-06-17 04:00:00+00:00,157.03,158.99,156.165,157.06,9881521.0,83534.0,157.1537,166.20966666666666,33.84749050662518,-3.1726551825139495,-2.2712340679865934,-0.9014211145273561
2022-06-21 04:00:00+00:00,158.17,160.96,157.35,160.71,4446930.0,58699.0,159.96991,165.88633333333334,43.06117725104497,-2.9631823941901985,-2.4096237332273147,-0.5535586609628838
2022-06-22 04:00:00+00:00,160.33,162.99,159.56,162.03,4704112.0,63296.0,161.867446,165.56366666666665,45.99085703821053,-2.659997931609638,-2.4596985729037795,-0.20029935870585858
2022-06-23 04:00:00+00:00,163.78,165.14,163.15,164.09,5089555.0,85755.0,163.917315,165.317,50.28955830822082,-2.227816396179179,-2.4133221375588594,0.18550574137968034
2022-06-24 04:00:00+00:00,165.64,166.19,163.94,166.13,5895203.0,65528.0,165.562441,165.166,54.17895796702966,-1.7010893653298638,-2.2708755831130603,0.5697862177831965
2022-06-27 04:00:00+00:00,165.87,167.13,165.34,166.35,4592890.0,55951.0,166.279677,165.031,54.59157634948683,-1.2514760008145345,-2.066995666653355,0.8155196658388206
2022-06-28 04:00:00+00:00,167.15,168.45,163.85,164.01,4440875.0,58122.0,165.286609,164.7073333333333,49.48707571597141,-1.0716196496892678,-1.8679204632605377,0.7963008135712699
2022-06-29 04:00:00+00:00,166.06,167.56,165.35,166.73,3647973.0,51798.0,166.675288,164.41600000000003,54.78000255061025,-0.7015143073581953,-1.6346392320800693,0.933124924721874
2022-06-30 04:00:00+00:00,167.13,167.58,165.63,166.66,6270567.0,71266.0,166.564721,164.156,54.62137820161906,-0.40913531484972054,-1.3895384486339997,0.9804031337842791
2022-07-01 04:00:00+00:00,166.74,169.52,165.76,169.39,3918276.0,52076.0,168.466667,164.34733333333332,59.541813314322006,0.04237683386602953,-1.103155392133994,1.1455322260000236
2022-07-05 04:00:00+00:00,168.63,169.39,165.33,169.01,4971671.0,68559.0,168.12129,164.60766666666666,58.58950479927537,0.3653293511349034,-0.8094584434802147,1.174787794615118
2022-07-06 04:00:00+00:00,170.0,171.95,169.48,170.7,4209229.0,68048.0,170.669952,164.89066666666668,61.53595028014864,0.7490063449936031,-0.4977654857854512,1.2467718307790543
2022-07-07 04:00:00+00:00,169.52,171.04,169.38,170.36,5187119.0,68959.0,170.169195,165.04933333333332,60.6017287017431,1.0139497863929137,-0.19542243134977827,1.209372217742692
2022-07-08 04:00:00+00:00,170.57,172.7,170.55,171.88,3483014.0,52933.0,171.779349,165.18466666666666,63.2852837761205,1.3312251346528683,0.10990708185075104,1.2213180528021172
2022-07-11 04:00:00+00:00,171.41,172.8,170.02,170.47,4876756.0,66733.0,170.974669,165.23466666666667,59.253410210896114,1.4521533974245528,0.3783563449655114,1.0737970524590414
2022-07-12 04:00:00+00:00,173.0,173.32,168.87,169.5,5201629.0,76622.0,170.62279,165.21433333333334,56.58270952410796,1.452970088799276,0.5932790937322643,0.8596909950670117
2022-07-13 04:00:00+00:00,168.54,171.44,167.98,170.1,4531985.0,75709.0,169.886311,165.15866666666665,57.84829423968918,1.484915130887174,0.7716063011632464,0.7133088297239276
2022-07-14 04:00:00+00:00,168.29,171.1601,167.7,170.98,4218307.0,59103.0,169.900795,165.26633333333336,59.7035810714523,1.5632206182108916,0.9299291645727754,0.6332914536381162
2022-07-15 04:00:00+00:00,171.34,172.92,170.02,171.12,4659198.0,55646.0,171.008483,165.42066666666668,60.005179936057445,1.6179246824307825,1.0675282681443767,0.5503964142864057
2022-07-18 04:00:00+00:00,171.15,171.24,167.85,168.26,3479707.0,48704.0,169.452076,165.47333333333336,51.521665153106156,1.4141979557377056,1.1368622056630426,0.27733575007466293
2022-07-19 04:00:00+00:00,170.25,170.75,168.6262,170.06,4200708.0,52939.0,169.804677,165.647,55.76087363843282,1.3820565264968536,1.185901069829805,0.1961554566670487
2022-07-20 04:00:00+00:00,170.05,170.57,167.46,168.26,3460498.0,50940.0,168.5139,165.73766666666668,50.961707992384696,1.1975348195246909,1.1882278197687821,0.009306999755908762
2022-07-21 04:00:00+00:00,167.99,169.41,167.56,168.51,3088309.0,47375.0,168.339945,165.80266666666665,51.58496703675657,1.0592624300790021,1.1624347418308263,-0.10317231175182418
2022-07-22 04:00:00+00:00,169.14,170.57,168.49,169.61,3725302.0,54740.0,169.461979,165.932,54.33509661508794,1.0266072824497314,1.1352692499546073,-0.10866196750487589
2022-07-25 04:00:00+00:00,170.31,170.86,169.04,169.85,3353805.0,48884.0,169.961135,166.1676666666667,54.936548126847974,1.0084688359316374,1.1099091671500134,-0.10144033121837603
2022-07-26 04:00:00+00:00,170.57,171.99,169.24,171.83,3732349.0,53802.0,171.066954,166.478,59.65740214175454,1.140713997936757,1.1160701333073622,0.02464386462939494
2022-07-27 04:00:00+00:00,170.49,171.95,169.06,171.59,4463742.0,62427.0,170.946521,166.87300000000002,58.85259382035117,1.2121799909841968,1.1352921048427291,0.07688788614146769
2022-07-28 04:00:00+00:00,171.87,175.12,171.19,174.84,3134222.0,51854.0,174.032102,167.49699999999999,65.61698715299079,1.5136171081468888,1.210957105503561,0.3026600026433277
2022-07-29 04:00:00+00:00,173.66,175.48,173.39,174.96,4212231.0,54037.0,174.742549,168.06933333333333,65.84028431575379,1.742109241443643,1.3171875326915776,0.42492170875206536
2022-08-01 04:00:00+00:00,174.55,177.69,174.55,176.95,4034463.0,55179.0,176.792118,168.73333333333332,69.39048012246863,2.0600206365742224,1.4657541534681067,0.5942664831061157
2022-08-02 04:00:00+00:00,176.94,177.145,175.22,175.49,3781152.0,54953.0,175.834006,169.34766666666667,64.12486641511171,2.1691532608323882,1.606433974940963,0.5627192858914252
2022-08-03 04:00:00+00:00,175.08,177.06,174.24,176.83,4401333.0,57246.0,176.272798,169.88500000000002,66.62791387741026,2.3368309207402547,1.7525133641008215,0.5843175566394332
2022-08-04 04:00:00+00:00,176.42,176.74,174.575,175.87,3822568.0,55491.0,175.639785,170.34633333333335,63.2245199741162,2.364990558323484,1.8750088029453542,0.4899817553781298
2022-08-05 04:00:00+00:00,174.39,174.7,172.4,174.55,3295474.0,55807.0,173.749776,170.69500000000002,58.77859068328164,2.2548023477881145,1.9509675119139063,0.30383483587420823
2022-08-08 04:00:00+00:00,175.79,175.97,173.32,173.85,2846584.0,45500.0,174.21079,170.9523333333333,56.50922163084006,2.0869363441175324,1.9781612783546316,0.10877506576290075
2022-08-09 04:00:00+00:00,174.79,175.23,173.9579,174.49,2288061.0,44832.0,174.6592,171.22366666666667,58.10196650505432,1.982688776066567,1.9790667778970188,0.003621998169548224
2022-08-10 04:00:00+00:00,175.81,176.43,174.72,175.94,4041101.0,49006.0,175.737302,171.62133333333335,61.53869891795407,1.994088102795132,1.9820710428766415,0.012017059918490558
2022-08-11 04:00:00+00:00,176.36,177.12,174.67,175.04,2743920.0,44457.0,175.789023,171.89833333333334,58.339969757462995,1.908499676695925,1.9673567696404983,-0.05885709294457331
2022-08-12 04:00:00+00:00,175.93,177.38,175.38,177.33,3754203.0,43537.0,176.830202,172.254,63.53390022949186,2.002371996114533,1.9743598149353054,0.02801218117922777
2022-08-15 04:00:00+00:00,177.77,179.36,176.8,179.28,3043178.0,47301.0,178.771944,172.5836666666667,67.27531485775978,2.2086551865864976,2.021218889265544,0.18743629732095357
2022-08-16 04:00:00+00:00,179.78,180.7,178.64,180.32,3395730.0,55275.0,180.050321,172.9606666666667,69.09643468145042,2.428066174146153,2.102588346241666,0.325477827904487
2022-08-17 04:00:00+00:00,180.1,181.07,179.72,180.22,2665490.0,45044.0,180.253453,173.278,68.7005446472476,2.5643218917596187,2.1949350553452565,0.3693868364143622
2022-08-18 04:00:00+00:00,180.82,180.93,179.94,180.4,3010644.0,45762.0,180.386522,173.61266666666668,69.04435267201521,2.656210879727297,2.2871902202216647,0.36902065950563223
2022-08-19 04:00:00+00:00,179.76,181.01,179.32,180.17,3703971.0,48977.0,180.166948,173.889,68.01626063589183,2.6795858887649615,2.365669353930324,0.31391653483463733
2022-08-22 04:00:00+00:00,180.135,180.47,178.02,178.45,3384988.0,50278.0,178.875409,174.155,60.73317954861642,2.53015507375153,2.3985664978945653,0.1315885758569646
2022-08-23 04:00:00+00:00,177.82,178.86,177.29,178.37,2574995.0,47878.0,178.300827,174.45066666666665,60.40917469251429,2.377864206447555,2.3944260396051633,-0.016561833157608508
2022-08-24 04:00:00+00:00,178.37,179.5,178.11,179.26,3340557.0,36690.0,179.062061,174.756,62.78764307191424,2.3024469832726595,2.3760302283386627,-0.07358324506600322
2022-08-25 04:00:00+00:00,179.03,179.35,177.39,179.27,3401795.0,49788.0,178.715712,175.0323333333333,62.81467450626651,2.2179184239957976,2.34440786747009,-0.12648944347429225
2022-08-26 04:00:00+00:00,179.96,179.98,174.67,175.04,5246614.0,62299.0,176.11337,175.16299999999998,47.19686514695108,1.7889810237190886,2.2333224987198896,-0.444341475000801
2022-08-29 04:00:00+00:00,174.55,175.29,173.21,174.49,4184510.0,53313.0,174.531392,175.37066666666666,45.60898960153509,1.3886570659670383,2.0643894121693194,-0.6757323462022811
2022-08-30 04:00:00+00:00,174.34,174.685,172.33,172.99,4025710.0,55181.0,173.416516,175.46833333333333,41.507486922683675,0.9395296681160801,1.8394174633586717,-0.8998877952425917
2022-08-31 04:00:00+00:00,173.81,174.41,172.2,172.27,5595035.0,60369.0,172.871425,175.60199999999998,39.663696091852046,0.5195064399637204,1.5754352586796816,-1.0559288187159612
2022-09-01 04:00:00+00:00,170.9201,172.98,170.24,172.85,4846255.0,66976.0,172.017827,175.74666666666664,41.90253365409901,0.2307759171667101,1.3065033903770873,-1.0757274732103772
2022-09-02 04:00:00+00:00,173.72,174.97,169.89,170.66,5800513.0,68125.0,172.128087,175.78166666666667,36.40898188401977,-0.17276823507788208,1.0106490652860933,-1.1834173003639754
2022-09-06 04:00:00+00:00,170.98,172.59,169.125,169.51,4897704.0,72230.0,170.117669,175.77033333333333,33.895943758863226,-0.5787043288868574,0.6927783864515031,-1.2714827153383605
2022-09-07 04:00:00+00:00,170.62,173.775,169.93,173.25,6073171.0,57831.0,172.680916,175.81766666666667,46.76498919632936,-0.591802928550436,0.4358621234511153,-1.0276650520015513
2022-09-08 04:00:00+00:00,172.78,173.43,170.56,172.67,3884586.0,58054.0,172.338891,175.85366666666667,45.29239006936083,-0.641588977534127,0.2203719032540669,-0.8619608807881939
2022-09-09 04:00:00+00:00,172.65,174.55,171.67,173.22,3662160.0,57101.0,173.241642,175.7996666666667,46.99684225926817,-0.6294089420936189,0.05041573418452974,-0.6798246762781486
2022-09-12 04:00:00+00:00,173.22,174.44,172.75,173.9,5953266.0,62530.0,173.763304,175.76433333333335,49.10798517198885,-0.5584484135622461,-0.07135709536482543,-0.48709131819742063
2022-09-13 04:00:00+00:00,172.5,172.83,166.95,167.41,6914914.0,88865.0,168.688227,175.4463333333333,34.84345273477099,-1.0142092711110138,-0.25992753051406314,-0.7542817405969506
2022-09-14 04:00:00+00:00,168.12,169.19,167.57,168.68,5156671.0,78395.0,168.39379,175.21933333333334,38.601864144727045,-1.2584183843345897,-0.4596257012781685,-0.7987926830564213
2022-09-15 04:00:00+00:00,168.53,168.56,165.335,165.88,5455909.0,75232.0,166.171111,174.85433333333333,33.9519025593971,-1.6587711837623544,-0.6994547977750056,-0.9593163859873488
2022-09-16 04:00:00+00:00,166.36,167.17,165.25,166.97,12012438.0,77601.0,166.621412,174.55766666666665,37.127009482359,-1.8665829646956524,-0.932880431159135,-0.9337025335365174
2022-09-19 04:00:00+00:00,167.06,168.81,166.5,168.73,3720886.0,50903.0,168.013565,174.36366666666666,41.977290497808404,-1.8677280014417192,-1.1198499452156518,-0.7478780562260674
2022-09-20 04:00:00+00:00,167.58,169.15,166.86,168.92,3872122.0,54809.0,168.201285,174.19933333333336,42.493051761598764,-1.832183765257696,-1.2623167092240606,-0.5698670560336354
2022-09-21 04:00:00+00:00,169.88,172.03,168.34,168.44,5133318.0,74292.0,170.057785,173.99766666666665,41.48967718747262,-1.8217467281874917,-1.374202713016747,-0.4475440151707448
2022-09-22 04:00:00+00:00,168.4,169.89,168.05,168.6,4290635.0,55729.0,168.870662,173.75300000000001,41.98146229900678,-1.7800453831531229,-1.455371247044022,-0.3246741361091008
2022-09-23 04:00:00+00:00,168.39,168.75,166.53,168.52,4565224.0,70280.0,168.087528,173.53566666666666,41.792317664336295,-1.7334697380902924,-1.5109909452532762,-0.22247879283701621
2022-09-26 04:00:00+00:00,168.33,170.01,167.53,168.45,5326578.0,74014.0,168.545854,173.2396666666667,41.615638327072716,-1.6828082527779316,-1.5453544067582075,-0.1374538460197241
2022-09-27 04:00:00+00:00,168.24,170.0,165.24,166.01,5400774.0,76365.0,166.790652,172.7973333333333,35.91592706236625,-1.818582778498694,-1.6000000811063049,-0.21858269739238922
2022-09-28 04:00:00+00:00,166.91,169.62,165.24,168.67,5479712.0,72378.0,168.155204,172.409,44.79294978917137,-1.6920405091517239,-1.618408166715389,-0.07363234243633499
2022-09-29 04:00:00+00:00,168.8,169.14,165.0,166.61,5167730.0,68910.0,166.488566,171.95533333333333,40.15403221493413,-1.7379456769379829,-1.6423156687599079,-0.09563000817807499
2022-09-30 04:00:00+00:00,167.69,168.24,163.01,163.26,5932614.0,72882.0,164.450401,171.384,33.98933284161103,-2.021342082731337,-1.718120951554194,-0.3032211311771431
2022-10-03 04:00:00+00:00,163.52,165.69,163.021,165.25,5093370.0,64002.0,164.872275,170.88666666666666,39.892738586919414,-2.0615946276379873,-1.7868156867709526,-0.2747789408670347
2022-10-04 04:00:00+00:00,167.39,168.73,165.55,167.11,4596786.0,64665.0,167.008634,170.50866666666667,44.85667292831411,-1.921261497549068,-1.813704848926576,-0.10755664862249215
2022-10-05 04:00:00+00:00,166.97,167.09,163.73,166.0,3538805.0,55864.0,165.750026,170.09633333333335,42.595876965157466,-1.8779661791312776,-1.8265571149675164,-0.05140906416376123
2022-10-06 04:00:00+00:00,165.785,166.02,162.495,162.8,4622967.0,60958.0,163.492017,169.5476666666667,36.83249810955783,-2.07791467690501,-1.8768286273550152,-0.20108604954999487
2022-10-07 04:00:00+00:00,162.3,163.01,160.98,161.61,4779170.0,63985.0,161.696,168.959,34.93926109174758,-2.3058183184438974,-1.9626265655727917,-0.3431917528711057
2022-10-10 04:00:00+00:00,161.99,163.04,161.19,161.82,4839239.0,60459.0,162.015956,168.51833333333335,35.56866288096131,-2.4413460339693245,-2.058370459252098,-0.3829755747172263
2022-10-11 04:00:00+00:00,162.24,164.27,161.56,162.59,5220692.0,71359.0,163.013713,168.12166666666664,37.939387728230315,-2.4582826084240708,-2.1383528890864927,-0.3199297193375781
2022-10-12 04:00:00+00:00,168.73,170.6993,166.6,169.39,9790975.0,114313.0,169.25818,168.00166666666667,54.02694874992614,-1.9010872452940362,-2.0908997603280017,0.18981251503396557
2022-10-13 04:00:00+00:00,167.1,175.04,166.82,174.61,8385801.0,105518.0,172.155616,168.07966666666667,62.140258693305434,-1.0264631032941907,-1.8780124289212397,0.851549325627049
2022-10-14 04:00:00+00:00,175.98,176.258,169.99,170.19,5935230.0,84844.0,171.347328,167.991,53.526374714368764,-0.6821112757639014,-1.638832198289772,0.9567209225258706
2022-10-17 04:00:00+00:00,172.27,173.59,171.07,172.73,6401844.0,73683.0,172.612612,168.06,57.19821648263206,-0.20192552740525116,-1.351450864112868,1.1495253367076168
2022-10-18 04:00:00+00:00,174.82,176.91,173.41,175.06,4547398.0,80076.0,175.002194,168.245,60.297108415272504,0.3624584694843236,-1.0086689973934297,1.3711274668777533
2022-10-19 04:00:00+00:00,174.82,175.84,172.33,173.36,5200248.0,66620.0,173.612957,168.24866666666668,57.05154811335282,0.664896547167217,-0.6739558884813005,1.3388524356485174
2022-10-20 04:00:00+00:00,174.2,174.36,171.11,171.46,4313954.0,62010.0,172.035096,168.20833333333334,53.580284656419465,0.7427053368371332,-0.3906236434176138,1.133328980254747
2022-10-21 04:00:00+00:00,171.2,173.685,170.58,173.06,5084449.0,68253.0,172.487841,168.20299999999997,56.00772004061179,0.9228380884379135,-0.12793129704650838,1.0507693854844218
2022-10-24 04:00:00+00:00,174.81,177.98,174.67,177.68,5316322.0,73729.0,177.013451,168.329,62.16081546139354,1.4219980723024719,0.18205457682328768,1.2399434954791841
2022-10-25 04:00:00+00:00,178.12,178.87,176.61,178.27,5220027.0,70203.0,178.066799,168.691,62.87494823887694,1.8439382525689894,0.5144313119724281,1.3295069405965614
2022-10-26 04:00:00+00:00,179.26,180.9,178.32,179.07,5128081.0,79199.0,179.474659,169.03733333333332,63.87062931737689,2.217322288361032,0.8550095072501489,1.3623127811108833
2022-10-27 04:00:00+00:00,180.37,180.93,178.57,178.88,5424089.0,75014.0,179.30446,169.47066666666666,63.43548457027576,2.469434313117091,1.1778944684235375,1.2915398446935535
2022-10-28 04:00:00+00:00,179.7,182.93,179.48,182.23,6707697.0,86300.0,182.128165,169.97933333333333,67.62375672200065,2.906052744899,1.5235261237186302,1.38252662118037
2022-10-31 04:00:00+00:00,181.18,182.98,180.54,181.58,4876030.0,67294.0,181.703461,170.40766666666664,66.04303533244664,3.1631634507691615,1.8514535891287367,1.3117098616404248
2022-11-01 04:00:00+00:00,180.94,182.8101,179.89,180.76,4084681.0,61860.0,180.791695,170.80233333333334,64.01025353623935,3.263142910345266,2.1337914533720426,1.1293514569732235
2022-11-02 04:00:00+00:00,180.78,183.58,178.17,178.24,4905458.0,74883.0,179.837141,171.129,58.092520991597745,3.1032619409493805,2.32768555088751,0.7755763900618704
2022-11-03 04:00:00+00:00,176.78,178.9034,176.53,177.78,3753759.0,66149.0,177.84935,171.435,57.05559913173277,2.905939108050063,2.4433362623200208,0.4626028457300424
2022-11-04 04:00:00+00:00,177.92,179.79,176.53,178.78,3922256.0,70087.0,178.3392,171.77700000000002,58.77818076667536,2.797997411527234,2.5142684921614635,0.2837289193657706
2022-11-07 05:00:00+00:00,179.52,180.62,178.83,180.21,3246087.0,56096.0,179.900731,172.16899999999998,61.17640472029552,2.795615769960591,2.5705379477212893,0.22507782223930173
2022-11-08 05:00:00+00:00,180.44,182.11,178.8,180.71,3724635.0,66872.0,180.896832,172.65900000000002,62.008677412244104,2.8017769821808827,2.616785754613208,0.1849912275676746
2022-11-09 05:00:00+00:00,179.95,181.07,178.4,178.55,4723633.0,57917.0,179.225863,172.98833333333334,56.38521772705951,2.6023673680266484,2.6139020772958963,-0.011534709269247934
2022-11-10 05:00:00+00:00,182.65,182.92,178.56,181.7,6703928.0,88183.0,181.053317,173.49133333333333,61.822699564548685,2.667760207443962,2.6246737033255094,0.043086504118452496
2022-11-11 05:00:00+00:00,181.13,181.69,175.44,178.05,7390702.0,116507.0,177.485437,173.98433333333335,53.499657222803606,2.3974239966462108,2.57922376198965,-0.1817997653434391
2022-11-14 05:00:00+00:00,178.67,179.18,176.5,176.73,5633044.0,74068.0,177.820269,174.36700000000002,50.834292341595244,2.0530019056035655,2.4739793907124334,-0.4209774851088679
2022-11-15 05:00:00+00:00,178.04,178.7,175.42,177.19,5145144.0,74218.0,177.078647,174.703,51.73667653652269,1.796454661560432,2.338474444882033,-0.5420197833216012
2022-11-16 05:00:00+00:00,178.3,179.63,177.72,178.33,4701109.0,59775.0,178.505334,175.114,53.990443139346034,1.665923861679829,2.2039643282415926,-0.5380404665617635
2022-11-17 05:00:00+00:00,177.49,180.16,177.43,180.03,3921298.0,59158.0,179.290778,175.68833333333333,57.20013174208633,1.6802837892755917,2.0992282204483925,-0.4189444311728008
2022-11-18 05:00:00+00:00,180.21,181.84,180.02,181.33,4498176.0,57662.0,180.979538,176.34566666666666,59.52541755087783,1.7760896152919088,2.034600499417096,-0.2585108841251871
2022-11-21 05:00:00+00:00,182.27,185.13,182.09,184.82,4397577.0,70418.0,184.407262,177.11233333333334,65.019844489719,2.109315380799927,2.049543475693662,0.059771905106265066
2022-11-22 05:00:00+00:00,185.81,186.62,184.37,184.84,4109601.0,51356.0,184.94879,177.85399999999998,65.04912558537404,2.3479473579837133,2.1092242521516726,0.2387231058320407
2022-11-23 05:00:00+00:00,185.0,186.08,184.5,185.08,2511122.0,43049.0,185.049284,178.37699999999998,65.42316447661504,2.527297797566632,2.1928389612346644,0.3344588363319678
2022-11-25 05:00:00+00:00,184.58,185.0,183.94,184.11,1836993.0,23713.0,184.284116,178.69366666666667,62.511355967485244,2.561634491854477,2.266598067358627,0.2950364244958501
2022-11-28 05:00:00+00:00,184.4,185.4925,183.51,183.89,6411433.0,51536.0,184.080057,179.15033333333332,61.839107062019885,2.5417941869021945,2.3216372912673404,0.22015689563485408
2022-11-29 05:00:00+00:00,183.3,183.42,181.02,182.59,4375521.0,55015.0,182.306026,179.47899999999998,57.87822643641552,2.3935797692113283,2.3360257868561383,0.05755398235519005
2022-11-30 05:00:00+00:00,181.9,185.7,180.24,185.51,7896703.0,77359.0,184.30236,179.8273333333333,63.528915428062014,2.4831145727958415,2.365443544044079,0.11767102875176239
2022-12-01 05:00:00+00:00,185.48,186.33,184.155,185.9,4683431.0,61948.0,185.505363,180.24533333333332,64.21932955414269,2.5560764323245166,2.4035701217001666,0.15250631062435005
2022-12-02 05:00:00+00:00,184.0,186.31,183.8394,185.69,3547756.0,60118.0,185.404961,180.71966666666668,63.52202151563607,2.567359069478613,2.436327911255856,0.1310311582227568
2022-12-05 05:00:00+00:00,183.43,183.94,182.32,183.12,4083270.0,61289.0,183.173576,181.055,55.56967535999086,2.3419268442349335,2.4174476978516717,-0.07552085361673821
2022-12-06 05:00:00+00:00,183.75,184.29,180.695,181.63,5835166.0,65641.0,181.814001,181.18666666666667,51.54100548811308,2.019757131075494,2.3379095844964364,-0.31815245342094256
2022-12-07 05:00:00+00:00,181.81,182.45,180.69,182.18,4241223.0,56344.0,181.947388,181.317,52.89844404079638,1.7882024312374938,2.227968153844648,-0.4397657226071541
2022-12-08 05:00:00+00:00,181.81,183.98,181.26,183.78,3800879.0,60165.0,183.208205,181.47400000000002,56.698505681309264,1.7140418837149696,2.1251828998187126,-0.411141016103743
2022-12-09 05:00:00+00:00,184.21,184.21,183.05,183.1,3116234.0,41725.0,183.363421,181.61466666666666,54.67942828937595,1.5821606355567042,2.016578446966311,-0.4344178114096069
2022-12-12 05:00:00+00:00,184.18,184.18,182.355,183.97,4691428.0,60578.0,183.456193,181.6726666666667,56.799102638082566,1.5302062600987085,1.9193040095927907,-0.38909774949408216
2022-12-13 05:00:00+00:00,186.48,186.84,182.94,183.87,5623312.0,78240.0,184.243205,181.749,56.47215847911705,1.4640858091262317,1.828260369499479,-0.36417456037324736
2022-12-14 05:00:00+00:00,184.07,185.88,182.13,183.36,5363323.0,76935.0,184.175021,181.8356666666667,54.74152979396224,1.3549135377475068,1.7335910031490847,-0.3786774654015779
2022-12-15 05:00:00+00:00,181.98,182.712,178.39,180.25,6128214.0,77386.0,180.061664,181.9026666666667,45.570322520923014,1.0058479286872455,1.588042388256717,-0.5821944595694715
2022-12-16 05:00:00+00:00,180.08,181.19,178.48,180.34,15680793.0,81633.0,180.181671,181.98799999999997,45.85303857644258,0.7280803098658168,1.4160499725785372,-0.6879696627127203
2022-12-19 05:00:00+00:00,180.86,183.47,180.35,181.34,4447962.0,62055.0,181.644056,182.07333333333332,49.021469190804254,0.5819309753491382,1.2492261731326575,-0.6672951977835193
2022-12-20 05:00:00+00:00,181.815,182.25,180.64,181.23,3249006.0,50489.0,181.423541,182.10733333333334,48.68400030649977,0.45201989018252675,1.0897849165426314,-0.6377650263601047
2022-12-21 05:00:00+00:00,181.55,183.68,181.4,182.5,4343469.0,54336.0,182.707275,182.167,52.73002478886558,0.44639701844022284,0.9611073369221498,-0.5147103184819269
2022-12-22 05:00:00+00:00,181.86,182.05,178.9166,181.09,4305729.0,59625.0,180.773224,182.25166666666667,48.18737691396297,0.3244258566086273,0.8337710408594453,-0.509345184250818
2022-12-23 05:00:00+00:00,180.91,182.55,180.45,182.26,2197807.0,37115.0,181.990023,182.27033333333333,51.891016452127865,0.3185005776054197,0.7307169482086402,-0.41221637060322047
2022-12-27 05:00:00+00:00,183.282,183.61,182.27,183.07,3045045.0,41672.0,183.072599,182.43766666666667,54.325201618792,0.3748440133994393,0.6595423612468,-0.2846983478473607
2022-12-28 05:00:00+00:00,184.1,184.5442,181.64,181.75,2694335.0,44130.0,182.489034,182.60500000000002,49.89467617991426,0.30941685895427895,0.5895172607882958,-0.28010040183401685
2022-12-29 05:00:00+00:00,181.92,182.86,181.89,181.98,2549240.0,38326.0,182.206512,182.76466666666664,50.64990827877297,0.2729777281616066,0.526209354262958,-0.2532316261013514
2022-12-30 05:00:00+00:00,181.38,181.96,179.29,180.66,3132979.0,47731.0,180.457326,182.84233333333333,46.33350057919512,0.13601854901446586,0.4481711932132596,-0.31215264419879374
2023-01-03 05:00:00+00:00,180.59,180.75,176.57,179.41,5135078.0,72532.0,178.818549,182.82166666666666,42.62868576853902,-0.07255081982171419,0.34402679060626484,-0.41657761042797903
2023-01-04 05:00:00+00:00,179.41,180.54,177.55,178.97,4767636.0,70965.0,179.006997,182.743,41.37458512740797,-0.2702327946099672,0.22117487356301846,-0.49140766817298565
2023-01-05 05:00:00+00:00,177.96,178.77,176.86,177.1,3630872.0,56747.0,177.416231,182.48566666666667,36.4646464627837,-0.5712060478530532,0.06269868927980414,-0.6339047371328573
2023-01-06 05:00:00+00:00,178.81,181.83,178.8,181.1,3713163.0,54344.0,180.759499,182.361,50.10442983256042,-0.4814135135238189,-0.04612375128092047,-0.4352897622428984
2023-01-09 05:00:00+00:00,180.44,182.77,178.81,179.16,1929774.0,50028.0,181.183232,182.16366666666667,45.05270888146799,-0.5603348782114779,-0.14896597666703196,-0.41136890154444594
