timestamp,open,high,low,close,volume,trade_count,vwap,30sma,rsi,macd,signal,histogram
2022-01-03 05:00:00+00:00,191.41,196.0,189.95,194.94,12789938.0,181732.0,193.813648,,,,,
2022-01-04 05:00:00+00:00,196.0,196.0998,188.19,191.14,14196131.0,188021.0,190.964943,,,,,
2022-01-05 05:00:00+00:00,189.865,194.25,187.15,187.17,12011293.0,179007.0,190.117133,,,,,
2022-01-06 05:00:00+00:00,185.81,195.0,185.07,192.27,14211871.0,202999.0,191.636095,,,,,
2022-01-07 05:00:00+00:00,190.02,193.125,186.3,187.6,12691700.0,164246.0,188.35349,,,,,
2022-01-10 05:00:00+00:00,185.75,185.75,177.4,182.95,14672438.0,256689.0,181.067143,,,,,
2022-01-11 05:00:00+00:00,182.99,192.85,182.62,191.52,12867651.0,187177.0,189.740702,,,,,
2022-01-12 05:00:00+00:00,189.7,191.45,185.28,187.2,13578250.0,177443.0,187.656257,,,,,
2022-01-13 05:00:00+00:00,187.78,190.84,180.35,181.01,12760538.0,187684.0,184.21575,,,,,
2022-01-14 05:00:00+00:00,179.15,182.0,175.4,178.42,14379279.0,202244.0,178.191821,,,,,
2022-01-18 05:00:00+00:00,176.96,179.68,174.0,174.46,12722875.0,201434.0,175.934929,,,,,
2022-01-19 05:00:00+00:00,174.35,177.28,172.6,173.55,13702760.0,170780.0,174.815659,,,,,
2022-01-20 05:00:00+00:00,175.01,179.88,173.04,173.28,13960430.0,172333.0,177.084892,,,,,
2022-01-21 05:00:00+00:00,171.8,172.96,163.3,163.54,19994299.0,338654.0,166.474087,,,,,
2022-01-24 05:00:00+00:00,156.11,162.4482,152.08,162.17,23374532.0,347162.0,157.079351,,22.741640326068918,,,
2022-01-25 05:00:00+00:00,159.8,160.91,155.27,158.2,13356181.0,199878.0,158.056226,,21.23152650505972,,,
2022-01-26 05:00:00+00:00,162.09,165.33,155.49,156.98,15701980.0,232269.0,160.433669,,20.774982576830595,,,
2022-01-27 05:00:00+00:00,159.432,162.55,156.54,158.11,12605330.0,182452.0,159.051721,,22.438588099724058,,,
2022-01-28 05:00:00+00:00,158.25,163.64,156.79,163.52,9841165.0,150992.0,160.757762,,30.015517972759113,,,
2022-01-31 05:00:00+00:00,164.44,172.16,163.22,171.94,14260271.0,185450.0,169.84666,,39.862291451492624,,,
2022-02-01 05:00:00+00:00,172.77,176.2,170.53,175.8,23270312.0,353375.0,164.838583,,43.76830096767379,,,
2022-02-02 05:00:00+00:00,139.89,139.9,129.01,132.57,136243768.0,1565038.0,132.692385,,24.542415776743553,,,
2022-02-03 05:00:00+00:00,129.95,131.45,123.85,124.3,52086943.0,629631.0,126.106298,,22.5057270427683,,,
2022-02-04 05:00:00+00:00,124.39,126.7,121.4,126.08,33071556.0,423299.0,124.816285,,23.96824610992762,,,
2022-02-07 05:00:00+00:00,126.58,129.42,120.5,121.41,30305382.0,407214.0,124.106989,,22.75489013446223,,,
2022-02-08 05:00:00+00:00,121.02,123.3299,118.55,120.26,30840281.0,397935.0,120.430821,,22.453450255821664,-22.46438250979213,,
2022-02-09 05:00:00+00:00,122.21,123.9721,119.81,122.94,29227970.0,349072.0,122.363515,,24.9486544023505,-22.487460195114465,,
2022-02-10 05:00:00+00:00,121.54,125.28,118.48,119.02,29129257.0,400886.0,121.823992,,23.745132079852155,-22.56198020275889,,
2022-02-11 05:00:00+00:00,119.52,120.89,114.73,115.29,24025379.0,336322.0,117.352048,,22.626636012433536,-22.66079809817535,,
2022-02-14 05:00:00+00:00,113.62,116.63,113.0,114.12,22126513.0,317233.0,114.596092,160.05866666666668,22.27224268583187,-22.57331014617199,,
2022-02-15 05:00:00+00:00,115.415,116.4,114.01,115.46,18734293.0,225034.0,115.148021,157.40933333333336,23.745353696925235,-22.140625167865437,,
2022-02-16 05:00:00+00:00,114.7,114.79,110.38,110.54,28435581.0,360616.0,111.628884,154.72266666666667,22.08996723871728,-21.94179078123932,,
2022-02-17 05:00:00+00:00,109.99,111.41,104.99,105.2,33638002.0,385274.0,107.45924,151.99033333333333,20.42557428394801,-21.96194286258651,,
2022-02-18 05:00:00+00:00,106.0,106.741,103.03,103.65,27788274.0,381142.0,104.478348,149.03633333333335,19.9555718583878,-21.851099702814793,-22.293709962946544,0.442610260131751
2022-02-22 05:00:00+00:00,102.15,105.08,101.71,103.17,27784249.0,400645.0,103.520053,146.222,19.80359964673663,-21.553531988431644,-22.145674368043565,0.5921423796119214
2022-02-23 05:00:00+00:00,105.02,105.55,100.595,100.72,25264022.0,303145.0,102.460195,143.48100000000002,19.007909654883917,-21.270212189545333,-21.97058193234392,0.7003697427985855
2022-02-24 05:00:00+00:00,94.74,105.26,94.5,105.02,35403870.0,463476.0,100.300663,140.59766666666664,24.724541467956755,-20.462822464611094,-21.669030038797352,1.2062075741862586
2022-02-25 05:00:00+00:00,106.15,111.1,104.53,110.94,32764305.0,433393.0,108.496145,138.05566666666667,31.855774201051318,-19.124806897045985,-21.160185410447077,2.035378513401092
2022-02-28 05:00:00+00:00,110.31,113.535,108.935,111.94,23422420.0,301129.0,111.314523,135.75333333333333,33.01024399198364,-17.77878550482778,-20.48390542932322,2.7051199244954383
2022-03-01 05:00:00+00:00,112.73,112.75,105.57,106.51,18806619.0,281755.0,107.856712,133.35633333333334,30.034731497857834,-16.95476549092659,-19.778077441643894,2.8233119507173043
2022-03-02 05:00:00+00:00,105.61,107.23,103.69,106.61,16455206.0,235799.0,105.809466,131.09466666666668,30.159586142187308,-16.107971856207115,-19.04405632455654,2.9360844683494243
2022-03-03 05:00:00+00:00,107.66,107.75,100.9,101.34,19747657.0,283060.0,103.106765,128.68766666666667,27.385974250009127,-15.681361779361865,-18.371517415517605,2.6901556361557404
2022-03-04 05:00:00+00:00,100.24,102.39,98.62,99.91,19602374.0,293466.0,100.201418,126.242,26.669267481670346,-15.282492211698369,-17.75371237475376,2.471220163055392
2022-03-07 05:00:00+00:00,99.57,100.33,93.5,93.61,25911437.0,349266.0,95.764375,123.91100000000002,23.723603752068968,-15.298392211828684,-17.262648342168745,1.9642561303400612
2022-03-08 05:00:00+00:00,92.97,98.6,92.25,94.9,24464869.0,294893.0,95.250016,121.66866666666667,25.537219072658985,-15.033602841995418,-16.81683924213408,1.7832364001386622
2022-03-09 05:00:00+00:00,98.12,100.73,97.29,100.22,20112226.0,264143.0,99.311823,119.736,32.64940426452844,-14.230436209311293,-16.299558635569525,2.0691224262582324
2022-03-10 05:00:00+00:00,99.05,99.32,96.4,98.55,14507439.0,233485.0,97.928513,117.78833333333333,31.628165412720392,-13.572223762515335,-15.75409166095869,2.181867898443354
2022-03-11 05:00:00+00:00,99.75,99.82,95.52,96.57,14863314.0,226673.0,97.324742,115.73700000000001,30.41351289216483,-13.05980975135023,-15.215235279037,2.15542552768677
2022-03-14 04:00:00+00:00,96.045,100.64,94.63,96.87,20449686.0,283044.0,97.758915,113.51533333333333,30.846854847995004,-12.485584417800936,-14.669305106789787,2.183720688988851
2022-03-15 04:00:00+00:00,98.675,100.57,96.05,100.46,17487426.0,211159.0,99.199405,111.13266666666667,35.9843328954875,-11.607025146013868,-14.056849114634604,2.449823968620736
2022-03-16 04:00:00+00:00,102.38,107.94,101.89,107.92,24396389.0,292682.0,105.386097,108.86999999999999,45.109922761941064,-10.191321726283107,-13.283743636964305,3.092421910681198
2022-03-17 04:00:00+00:00,106.56,112.18,106.47,112.16,21642159.0,280484.0,110.044527,108.18966666666665,49.5149553706498,-8.62777834357344,-12.352550578286131,3.7247722347126917
2022-03-18 04:00:00+00:00,111.48,119.38,110.23,118.77,31567504.0,319811.0,115.89995,108.00533333333333,55.509337742701234,-6.777164259187543,-11.237473314466415,4.460309055278872
2022-03-21 04:00:00+00:00,117.22,117.5,112.5,114.65,19673367.0,291807.0,114.836047,107.62433333333334,51.411782657021966,-5.578681267042597,-10.105714904981651,4.527033637939054
2022-03-22 04:00:00+00:00,114.65,119.35,114.65,117.87,16586941.0,249796.0,117.713458,107.50633333333333,54.25398727182549,-4.319258053629397,-8.9484235347112,4.629165481081802
2022-03-23 04:00:00+00:00,115.53,117.36,114.09,114.65,14284402.0,205642.0,115.32273,107.31933333333333,51.038777440925834,-3.5401742476375375,-7.866773677296468,4.3265994296589305
2022-03-24 04:00:00+00:00,115.82,116.19,113.32,116.05,13422668.0,176036.0,114.933073,107.08966666666667,52.36068182943228,-2.777756174593918,-6.848970176755958,4.07121400216204
2022-03-25 04:00:00+00:00,116.02,116.19,112.09,113.76,12281905.0,146523.0,113.497076,106.91433333333333,49.983478146382765,-2.3314427991370223,-5.945464701232171,3.614021902095149
2022-03-28 04:00:00+00:00,114.0,117.1,112.36,116.17,26912199.0,398265.0,114.910209,106.94366666666666,52.43113286521717,-1.7629472166663618,-5.10896120431901,3.346013987652648
2022-03-29 04:00:00+00:00,118.65,121.55,116.97,121.18,15937340.0,205088.0,119.854407,107.17900000000002,57.12807311939276,-0.8977960085578331,-4.266728165166775,3.368932156608942
2022-03-30 04:00:00+00:00,122.325,122.81,118.03,118.49,16513336.0,203499.0,120.38792,107.28,54.04256012918144,-0.42432658900206377,-3.498247849933833,3.0739212609317694
2022-03-31 04:00:00+00:00,118.105,118.89,115.59,115.65,13883720.0,155147.0,116.965002,107.45033333333335,50.91589121006683,-0.2750918404725695,-2.8536166480415806,2.578524807569011
2022-04-01 04:00:00+00:00,116.0,118.24,115.04,116.67,11017841.0,138089.0,116.590898,107.83266666666667,51.99023209534751,-0.07366755783013446,-2.2976268299992917,2.2239592721691572
2022-04-04 04:00:00+00:00,117.06,122.32,116.88,121.86,15268514.0,168536.0,120.795938,108.43966666666667,57.131723206289905,0.4990001001698374,-1.738301443965466,2.2373015441353035
2022-04-05 04:00:00+00:00,122.83,122.918,117.2025,117.64,11979909.0,159044.0,118.872105,108.92200000000001,52.23350190456382,0.6053465547262817,-1.2695718442271167,1.8749183989533984
2022-04-06 04:00:00+00:00,115.26,115.52,110.86,112.47,15460923.0,217811.0,112.418405,109.31366666666666,46.92548140504056,0.2693462378719147,-0.9617882278073104,1.2311344656792251
2022-04-07 04:00:00+00:00,111.52,114.34,110.1,113.04,11871120.0,188199.0,112.076285,109.58099999999999,47.558227978878946,0.04849873905016011,-0.7597308344358163,0.8082295734859765
2022-04-08 04:00:00+00:00,112.26,113.24,110.25,111.21,10464735.0,142764.0,111.762797,109.58999999999999,45.675498377980716,-0.2710655262837065,-0.6619977728053944,0.3909322465216879
2022-04-11 04:00:00+00:00,109.75,111.395,108.44,109.81,10672781.0,146441.0,110.170858,109.51899999999999,44.232823149850155,-0.6300282352913342,-0.6556038653025824,0.025575630011248185
2022-04-12 04:00:00+00:00,111.64,112.74,107.75,108.25,12456346.0,171813.0,109.883356,109.577,42.61751763609191,-1.0285314604649187,-0.7301893843350497,-0.29834207612986907
2022-04-13 04:00:00+00:00,102.59,105.95,102.29,105.17,26525902.0,272636.0,104.383291,109.529,39.546850636541144,-1.5747259364788135,-0.8990966947638025,-0.675629241715011
2022-04-14 04:00:00+00:00,105.08,105.7,102.06,102.31,16096389.0,185035.0,103.285317,109.56133333333332,36.88893787081801,-2.2128586349343777,-1.1618490827979175,-1.0510095521364602
2022-04-18 04:00:00+00:00,102.05,103.0,99.135,100.58,15324311.0,231310.0,100.661814,109.58366666666667,35.34161834700289,-2.8256080866025997,-1.494600883558854,-1.3310072030437456
2022-04-19 04:00:00+00:00,100.0,104.86,99.91,103.66,12744704.0,188402.0,103.419247,109.91866666666667,40.154494546949756,-3.0277837756691355,-1.8012374619809104,-1.226546313688225
2022-04-20 04:00:00+00:00,101.95,101.95,94.43,94.9,26416069.0,345996.0,96.225151,109.91866666666668,32.6993362345045,-3.8504822924515167,-2.2110864280750318,-1.639395864376485
2022-04-21 04:00:00+00:00,96.135,97.61,88.81,89.4,27139359.0,365636.0,91.060934,109.55799999999999,29.05225213453207,-4.889912956113477,-2.746851733682721,-2.143061222430756
2022-04-22 04:00:00+00:00,89.295,90.25,85.98,86.03,21003400.0,258148.0,87.312129,109.14066666666666,27.06067401857186,-5.9173881147533365,-3.3809590098968445,-2.536429104856492
2022-04-25 04:00:00+00:00,85.325,87.93,84.42,87.78,15601649.0,188600.0,86.94132,108.84766666666668,29.753659885358772,-6.515354257679093,-4.007838059453294,-2.5075161982257983
2022-04-26 04:00:00+00:00,86.77,86.8652,83.57,83.7,17137941.0,207173.0,84.726348,108.40866666666668,27.229489721697348,-7.235067284100381,-4.653283904382712,-2.5817833797176695
2022-04-27 04:00:00+00:00,83.57,86.605,82.12,82.61,24496119.0,274270.0,83.569922,107.81366666666668,26.580712095433654,-7.803445669084567,-5.283316257323083,-2.5201294117614843
2022-04-28 04:00:00+00:00,85.06,93.18,84.37,92.09,42685939.0,387548.0,89.059229,107.286,39.97589322161705,-7.403588897558407,-5.707370785370148,-1.6962181121882596
2022-04-29 04:00:00+00:00,91.0,94.51,87.75,87.93,24803723.0,223858.0,90.009874,106.47833333333334,36.80275877152505,-7.337791268612747,-6.033454882018669,-1.3043363865940787
2022-05-02 04:00:00+00:00,87.55,92.49,86.82,91.53,21227454.0,198240.0,90.261123,105.57033333333334,41.1557536504084,-6.915439379625539,-6.209851781540044,-0.7055875980854953
2022-05-03 04:00:00+00:00,91.48,92.25,90.04,90.71,15162308.0,139364.0,90.891345,104.77233333333334,40.471936396178045,-6.571141581933276,-6.282109741618691,-0.2890318403145846
2022-05-04 04:00:00+00:00,90.25,92.85,87.12,92.72,15716235.0,180572.0,90.007977,103.934,42.973177504984335,-6.0661659104429475,-6.238920975383542,0.17275506494059467
2022-05-05 04:00:00+00:00,90.73,90.73,84.17,85.43,21941504.0,226523.0,86.116043,102.96000000000001,36.91487016037075,-6.1829380662788225,-6.227724393562599,0.044786327283776295
2022-05-06 04:00:00+00:00,85.32,85.37,80.9,81.68,21271499.0,219597.0,82.24679,101.81433333333332,34.240723682750684,-6.50311068904162,-6.282801652658403,-0.22030903638321675
2022-05-09 04:00:00+00:00,79.89,82.14,78.85,79.53,23727707.0,250231.0,80.313625,100.67333333333335,32.77478574635079,-6.851358633496346,-6.396513048825992,-0.4548455846703545
2022-05-10 04:00:00+00:00,81.72,82.27,76.13,78.75,20982024.0,236305.0,78.807369,99.426,32.23558677496804,-7.108346525778572,-6.5388797442165085,-0.5694667815620633
2022-05-11 04:00:00+00:00,77.75,80.39,75.02,75.17,16798443.0,197489.0,76.998723,97.89233333333333,29.811407251676385,-7.51426756359767,-6.733957308092742,-0.7803102555049284
2022-05-12 04:00:00+00:00,73.75,76.56,71.8312,74.29,29209331.0,309064.0,74.051669,96.41900000000001,29.22952477075522,-7.816863618144268,-6.950538570103047,-0.8663250480412206
2022-05-13 04:00:00+00:00,76.37,79.19,76.37,78.83,16969446.0,184310.0,78.173746,95.19166666666666,36.153388640551675,-7.602693990018167,-7.080969654086072,-0.5217243359320953
2022-05-16 04:00:00+00:00,78.59,79.06,76.1884,77.65,15206843.0,157541.0,77.827396,93.891,35.18973008353187,-7.442387939605766,-7.153253311190011,-0.28913462841575477
2022-05-17 04:00:00+00:00,79.89,81.285,77.31,79.75,12578393.0,148357.0,79.097397,92.48733333333332,38.33966805398493,-7.064457125868344,-7.135494074125678,0.07103694825733342
2022-05-18 04:00:00+00:00,78.6,79.9383,76.77,77.2,14420130.0,141896.0,77.915046,91.13933333333333,36.048529794425434,-6.891269654981571,-7.086649190296857,0.1953795353152863
2022-05-19 04:00:00+00:00,76.83,82.31,76.83,81.28,18642078.0,186962.0,80.717076,90.09966666666668,42.01881031458268,-6.351578392549101,-6.939635030747306,0.5880566381982053
2022-05-20 04:00:00+00:00,83.71,83.77,77.56,80.54,16741471.0,198006.0,80.174039,89.01633333333334,41.26632804619799,-5.915392037166981,-6.734786432031242,0.8193943948642604
2022-05-23 04:00:00+00:00,80.44,82.06,79.28,81.19,11300890.0,122682.0,80.974223,88.01566666666668,42.24471481645896,-5.454386863723258,-6.478706518369646,1.024319654646388
2022-05-24 04:00:00+00:00,79.89,80.0,77.2,78.65,13252132.0,145921.0,78.438715,86.97700000000002,39.47729022298002,-5.233663302036902,-6.229697875103097,0.9960345730661953
2022-05-25 04:00:00+00:00,77.96,80.78,77.25,80.12,13993227.0,153085.0,79.182845,86.03933333333335,41.8514534750359,-4.883823892715242,-5.960523078625526,1.0766991859102841
2022-05-26 04:00:00+00:00,80.37,81.3,79.751,80.42,21648398.0,202416.0,80.409589,85.21433333333334,42.34849363103732,-4.530145450737123,-5.6744475530478455,1.1443021023107223
2022-05-27 04:00:00+00:00,81.16,85.42,80.74,85.21,16873253.0,174967.0,84.193411,84.64433333333335,49.73615919002478,-3.81931310501939,-5.303420663442155,1.4841075584227648
2022-05-31 04:00:00+00:00,84.705,86.5915,83.14,85.21,13833537.0,152863.0,85.087562,84.132,49.73615919002478,-3.218868240368522,-4.886510178827428,1.6676419384589058
2022-06-01 04:00:00+00:00,85.47,86.77,81.85,82.48,10947119.0,136324.0,83.502751,83.42599999999999,45.85237653607179,-2.929529748230422,-4.495114092708027,1.565584344477605
2022-06-02 04:00:00+00:00,82.22,88.61,82.22,88.32,17322097.0,176819.0,86.827978,83.20666666666666,54.108075157585134,-2.2035861461480977,-4.036808503396042,1.8332223572479442
2022-06-03 04:00:00+00:00,86.68,88.1,85.7,86.53,11521378.0,142849.0,86.701694,83.11100000000002,51.51546668502466,-1.752506843705845,-3.579948171458003,1.8274413277521577
2022-06-06 04:00:00+00:00,87.96,88.99,86.4,86.81,12423961.0,114145.0,87.267871,83.137,51.90368528208335,-1.3567893635165547,-3.1353164098697133,1.7785270463531586
2022-06-07 04:00:00+00:00,85.1,88.82,84.52,88.59,10386744.0,111484.0,87.384729,83.164,54.40319147129809,-0.8892980116472557,-2.6861127302252217,1.796814718577966
2022-06-08 04:00:00+00:00,88.32,89.32,86.89,87.51,9056078.0,102723.0,87.929883,83.291,52.616487093060066,-0.5990492543519679,-2.2687000350505713,1.6696507806986034
2022-06-09 04:00:00+00:00,86.81,88.13,84.07,84.11,11747493.0,133312.0,85.787194,83.341,47.344900146828174,-0.636044680922879,-1.942168964225033,1.306124283302154
2022-06-10 04:00:00+00:00,80.43,81.46,78.25,79.3,19040343.0,212877.0,79.399075,82.91466666666666,41.075158879170075,-1.0414850330120657,-1.7620321779824397,0.720547144970374
2022-06-13 04:00:00+00:00,76.03,78.13,73.46,73.72,19583017.0,239611.0,74.734815,82.441,35.24422420886418,-1.792397160341082,-1.7681051744541683,-0.024291985886913725
2022-06-14 04:00:00+00:00,74.3,75.08,71.455,72.46,19285569.0,181005.0,72.687651,81.80533333333334,34.068166287169234,-2.460805269669038,-1.9066451934971425,-0.5541600761718954
2022-06-15 04:00:00+00:00,73.47,77.1,72.39,75.83,17319380.0,170296.0,74.714015,81.30933333333334,39.8494514023107,-2.6876115630779083,-2.062838467413296,-0.6247730956646125
2022-06-16 04:00:00+00:00,73.33,74.065,70.71,71.23,14400229.0,172662.0,71.454362,80.593,35.299466187731454,-3.2016323164543508,-2.290597237221507,-0.9110350792328439
2022-06-17 04:00:00+00:00,71.33,73.6599,70.47,72.9,17229722.0,135790.0,72.455375,80.17533333333334,38.0643181587898,-3.434649917345226,-2.5194077732462508,-0.9152421440989751
2022-06-21 04:00:00+00:00,74.51,75.0,72.28,72.37,14943719.0,127473.0,73.105722,79.86500000000001,37.51638313064999,-3.620351457446688,-2.7395965100863386,-0.8807549473603493
2022-06-22 04:00:00+00:00,71.87,74.575,71.3788,72.97,13582719.0,115373.0,73.213873,79.64633333333333,38.59404267729891,-3.67672330274047,-2.927021868617165,-0.7497014341233048
2022-06-23 04:00:00+00:00,73.27,74.0,71.56,73.81,16960983.0,162725.0,73.091516,79.48166666666665,40.150330416309785,-3.611980750731419,-3.064013645040016,-0.5479671056914031
2022-06-24 04:00:00+00:00,74.79,78.66,74.39,77.66,24900830.0,180023.0,77.527707,79.56466666666667,46.804861530974755,-3.212971848151895,-3.093805285662392,-0.11916656248950286
2022-06-27 04:00:00+00:00,77.99,78.45,75.32,75.94,11643325.0,139024.0,76.185624,79.61966666666667,44.42820267382509,-3.0009509490009663,-3.075234418330107,0.07428346932914076
2022-06-28 04:00:00+00:00,75.68,76.92,71.6121,71.82,14978077.0,152632.0,73.062674,79.386,39.282670061054084,-3.129299806372728,-3.0860474959386313,-0.04325231043409694
2022-06-29 04:00:00+00:00,71.212,72.15,69.7701,71.47,11313000.0,140315.0,71.12407,79.18,38.87080904885956,-3.2221167196255607,-3.1132613406760172,-0.10885537894954345
2022-06-30 04:00:00+00:00,70.82,70.89,67.58,69.84,14251309.0,160841.0,69.466934,78.84966666666666,36.92893647889158,-3.3881457346284947,-3.168238219466513,-0.2199075151619816
2022-07-01 04:00:00+00:00,69.84,71.7,69.66,71.4,9795498.0,111590.0,70.733112,78.65633333333334,40.017411058051565,-3.35516965539,-3.2056245066512106,-0.14954514873878955
2022-07-05 04:00:00+00:00,70.18,74.485,68.76,74.4,12883053.0,141281.0,72.690146,78.42699999999999,45.540347927322955,-3.051781904928035,-3.1748559863065755,0.1230740813785407
2022-07-06 04:00:00+00:00,74.83,75.4,72.63,73.24,9436619.0,107239.0,73.453414,78.18366666666665,43.85874859529284,-2.871842420606825,-3.1142532731666255,0.24241085255980055
2022-07-07 04:00:00+00:00,73.18,75.15,72.77,75.04,10739774.0,101116.0,74.372228,77.97866666666667,47.121645225806795,-2.5545468996075016,-3.002311998454801,0.4477650988472992
2022-07-08 04:00:00+00:00,73.12,74.76,71.83,73.43,11734548.0,106973.0,73.390729,77.80466666666666,44.62347151235981,-2.4052749455526623,-2.882904587874373,0.4776296423217108
2022-07-11 04:00:00+00:00,72.66,73.28,70.0698,70.47,10872148.0,105308.0,70.818837,77.48299999999999,40.38443887439535,-2.497038799833902,-2.805731430266279,0.3086926304323767
2022-07-12 04:00:00+00:00,70.46,72.51,70.46,71.43,12944111.0,105808.0,71.545883,77.18333333333334,42.29892198458216,-2.463896078261257,-2.737364359865275,0.2734682816040177
2022-07-13 04:00:00+00:00,69.22,72.07,68.51,71.36,12036737.0,118519.0,70.936602,76.72166666666665,42.192522656382835,-2.4154350163082086,-2.6729784911538617,0.2575434748456531
2022-07-14 04:00:00+00:00,70.52,70.85,68.71,69.55,9822455.0,114212.0,69.546178,76.19966666666666,39.43061974452356,-2.494328087241769,-2.637248410371443,0.1429203231296743
2022-07-15 04:00:00+00:00,70.53,74.0,70.25,73.91,14155264.0,130508.0,72.916526,75.914,48.22292964235559,-2.1799072386883864,-2.5457801760348318,0.3658729373464453
2022-07-18 04:00:00+00:00,75.118,76.56,73.61,74.13,14071255.0,124686.0,75.03173,75.441,48.628154334610045,-1.8911740127426953,-2.4148589433764047,0.5236849306337095
2022-07-19 04:00:00+00:00,75.46,77.9,74.32,77.74,11530647.0,109361.0,76.878484,75.148,54.8697467160917,-1.355429473751144,-2.2029730494513524,0.8475435757002083
2022-07-20 04:00:00+00:00,76.88,80.31,76.85,80.24,13928876.0,133944.0,79.254775,74.929,58.61934771366817,-0.7208099121623093,-1.9065404219935438,1.1857305098312345
2022-07-21 04:00:00+00:00,79.79,84.13,79.72,82.75,17907505.0,177123.0,82.191903,74.73433333333332,62.03027984116584,-0.015158575736151647,-1.5282640527420654,1.5131054770059138
2022-07-22 04:00:00+00:00,82.65,84.51,80.35,81.05,12352299.0,123772.0,81.583824,74.519,58.51238059754144,0.40226236962034534,-1.1421587682695833,1.5444211378899286
2022-07-25 04:00:00+00:00,80.85,82.28,79.04,81.65,11212367.0,107233.0,81.362455,74.43699999999998,59.38781384586886,0.7725806331376077,-0.7592108879881451,1.531791521125753
2022-07-26 04:00:00+00:00,80.0304,80.22,76.71,77.04,13360309.0,136515.0,77.568562,74.36166666666668,50.56012496783272,0.6861623993333268,-0.47013623052385073,1.1562986298571776
2022-07-27 04:00:00+00:00,83.1,87.02,81.36,86.42,30500025.0,278667.0,84.936669,74.785,62.70697962133274,1.358898399636729,-0.10432930449173478,1.4632277041284638
2022-07-28 04:00:00+00:00,85.54,86.5,83.35,85.86,12476467.0,143454.0,85.236639,75.23166666666665,61.731842737388966,1.8258123782261464,0.2816990320518415,1.5441133461743048
2022-07-29 04:00:00+00:00,86.52,87.62,84.82,86.53,12114243.0,123380.0,86.398768,75.58833333333334,62.48354007369391,2.224268488195321,0.6702129232805374,1.5540555649147836
2022-08-01 04:00:00+00:00,87.05,89.21,85.2701,88.565,11704451.0,140515.0,88.140211,76.16616666666667,64.74848448812418,2.673437594431064,1.0708578575106429,1.6025797369204213
2022-08-02 04:00:00+00:00,87.11,90.67,86.91,89.63,19673924.0,221308.0,91.632275,76.72383333333332,65.9084687132599,3.0798414515168275,1.47265457631188,1.6071868752049476
2022-08-03 04:00:00+00:00,101.14,101.9465,97.27,97.92,53766791.0,449421.0,99.278873,77.57549999999999,73.27923690929605,4.024461664885834,1.983015994026671,2.0414456708591633
2022-08-04 04:00:00+00:00,97.9,98.41,94.47,96.98,20145868.0,210584.0,96.769587,78.37583333333333,71.39433817472505,4.643700160660572,2.515152827353451,2.1285473333071208
2022-08-05 04:00:00+00:00,95.24,96.99,94.41,95.32,12280281.0,147318.0,95.536473,79.09283333333335,68.06472269470459,4.94351721392384,3.000825704667529,1.9426915092563113
2022-08-08 04:00:00+00:00,96.35,98.94,95.32,96.26,19557490.0,163784.0,96.901988,79.71283333333332,68.9478561717953,5.197065991108175,3.4400737619556585,1.7569922291525168
2022-08-09 04:00:00+00:00,95.45,95.78,93.61,94.48,12346625.0,137374.0,94.476051,80.33083333333333,65.26718218779081,5.194495192707208,3.790958048105969,1.4035371446012395
2022-08-10 04:00:00+00:00,98.07,99.0,96.36,98.91,17077237.0,188430.0,98.028151,81.23383333333335,69.61467504397571,5.486674821393564,4.130101402763488,1.3565734186300755
2022-08-11 04:00:00+00:00,101.12,101.95,98.55,99.11,16441158.0,174444.0,99.982359,82.15516666666666,69.7984721737515,5.669018692057861,4.437884860622363,1.231133831435498
2022-08-12 04:00:00+00:00,100.548,101.78,100.01,101.1,12315390.0,125009.0,100.885312,83.19716666666666,71.63685911374121,5.906022936116116,4.7315124757211136,1.1745104603950027
2022-08-15 04:00:00+00:00,100.72,102.22,100.47,101.51,10445579.0,119338.0,101.447881,84.20083333333334,72.01482405497593,6.057111469938235,4.996632274564538,1.0604791953736967
2022-08-16 04:00:00+00:00,102.57,103.03,100.16,102.08,14123794.0,147658.0,101.888289,85.12349999999999,72.5622450517756,6.151928851480463,5.227691589947724,0.9242372615327392
2022-08-17 04:00:00+00:00,100.05,101.0,99.02,99.42,10648682.0,140736.0,99.85713,85.99616666666667,66.06735513028525,5.943914790278754,5.37093623001393,0.5729785602648239
2022-08-18 04:00:00+00:00,98.752,100.63,97.16,99.86,11492004.0,124728.0,99.126189,86.8235,66.59991010101386,5.748303605117513,5.446409705034648,0.30189390008286576
2022-08-19 04:00:00+00:00,97.89,98.43,95.9,96.56,11274736.0,141490.0,96.810711,87.5945,59.1072898115842,5.266291381927189,5.410386040413156,-0.14409465848596703
2022-08-22 04:00:00+00:00,94.05,95.295,93.13,93.58,12384440.0,133289.0,93.721306,88.36483333333334,53.27824977615309,4.590910963394279,5.246491025009381,-0.655580061615102
2022-08-23 04:00:00+00:00,93.033,95.29,92.38,93.2,11397486.0,108035.0,93.550963,89.09049999999999,52.566354894670695,3.979135296869714,4.993019879381448,-1.013884582511734
2022-08-24 04:00:00+00:00,93.12,95.77,93.02,93.76,8976916.0,101684.0,94.341368,89.83716666666668,53.55133680375716,3.4991499707109313,4.694245897647345,-1.195095926936414
2022-08-25 04:00:00+00:00,94.14,96.76,93.95,96.72,8169067.0,100520.0,95.721713,90.74283333333332,58.46134838322692,3.319342094424556,4.419265137002788,-1.099923042578232
2022-08-26 04:00:00+00:00,96.895,97.455,92.63,92.7,12286548.0,137070.0,93.833369,91.36916666666667,50.63312742739275,2.819955956656912,4.099403300933613,-1.2794473442767007
2022-08-29 04:00:00+00:00,91.025,93.97,90.95,92.66,11062920.0,105341.0,92.775186,91.98683333333334,50.560579516292016,2.3933718777032453,3.7581970162875393,-1.364825138584294
2022-08-30 04:00:00+00:00,93.28,94.52,90.75,91.8,8770628.0,107576.0,92.001828,92.4555,48.93708292733755,1.9632747004295368,3.399212553115939,-1.4359378526864024
2022-08-31 04:00:00+00:00,95.435,96.3799,93.23,93.44,14581210.0,162533.0,94.425886,92.89550000000001,52.09602027455724,1.73475668746093,3.0663213799849376,-1.3315646925240077
2022-09-01 04:00:00+00:00,92.252,92.86,89.7937,92.66,10451990.0,144296.0,91.421062,93.22583333333334,50.49599171282005,1.4737268290101753,2.747802469789985,-1.27407564077981
2022-09-02 04:00:00+00:00,93.71,94.07,90.61,91.13,8669453.0,120592.0,92.006656,93.56183333333334,47.41946062053328,1.1303703663605944,2.424316049104107,-1.2939456827435127
2022-09-06 04:00:00+00:00,91.16,92.2073,89.811,91.615,9195514.0,119648.0,91.391359,93.894,48.49079306425584,0.8871666378874465,2.116886166860775,-1.2297195289733285
2022-09-07 04:00:00+00:00,91.88,95.555,91.76,94.97,9517556.0,110870.0,93.980606,94.49166666666666,55.27887952896742,0.9541475726975222,1.8843384480281247,-0.9301908753306025
2022-09-08 04:00:00+00:00,93.6,96.377,93.37,96.17,10107673.0,117192.0,95.553238,94.81666666666666,57.43933023148199,1.0914785321903508,1.72576646486057,-0.6342879326702191
2022-09-09 04:00:00+00:00,96.2,97.27,95.66,96.23,12029623.0,142988.0,96.379898,95.16233333333334,57.54975501931092,1.1914218362694555,1.6188975391423472,-0.4274757028728917
2022-09-12 04:00:00+00:00,97.28,99.3,96.85,97.65,11236255.0,120399.0,97.796413,95.53299999999999,60.182756413632774,1.3694238911887595,1.56900280955163,-0.19957891836287045
2022-09-13 04:00:00+00:00,94.19,97.36,93.8,95.01,15389307.0,164840.0,95.577804,95.74783333333333,53.53453889509932,1.2826799297587286,1.5117382335930498,-0.22905830383432124
2022-09-14 04:00:00+00:00,96.76,97.845,95.53,97.66,15115828.0,167524.0,96.814783,96.0155,58.49130937787848,1.411496712914584,1.4916899294573567,-0.08019321654277278
2022-09-15 04:00:00+00:00,95.1,98.98,95.02,96.4,15015775.0,158079.0,97.081819,95.96483333333335,55.46180282850307,1.3958232898838077,1.472516601542647,-0.0766933116588393
2022-09-16 04:00:00+00:00,94.9,94.95,91.85,94.0,17476908.0,157265.0,93.559097,95.86550000000001,50.13521808769441,1.176183732923704,1.4132500278188584,-0.23706629489515452
2022-09-19 04:00:00+00:00,93.0,95.145,92.63,95.03,10994462.0,107409.0,94.167175,95.85583333333332,52.254543167300135,1.0728628978931596,1.3451726018337187,-0.2723097039405591
2022-09-20 04:00:00+00:00,92.13,93.51,90.395,91.63,15905803.0,149189.0,91.716835,95.7015,45.395784048279964,0.7084620966824104,1.2178305008034571,-0.5093684041210467
2022-09-21 04:00:00+00:00,93.07,95.64,91.13,91.18,14455827.0,165154.0,92.809477,95.5915,44.562092589606706,0.3789918154297425,1.0500627637287143,-0.6710709482989718
2022-09-22 04:00:00+00:00,90.855,91.5,87.1,87.66,12996219.0,163889.0,88.243906,95.2165,38.59175138039569,-0.16425688715203535,0.8071988335525644,-0.9714557207045997
2022-09-23 04:00:00+00:00,86.92,87.63,85.68,86.97,12175885.0,148879.0,86.59068,94.81183333333334,37.5302842749483,-0.6430499517143886,0.5171490764991737,-1.1601990282135624
2022-09-26 04:00:00+00:00,87.065,89.08,84.13,84.26,16936399.0,172643.0,85.605259,94.25050000000002,33.619142432987516,-1.227026854699531,0.16831389025943277,-1.3953407449589639
2022-09-27 04:00:00+00:00,85.35,87.695,84.58,85.75,11627600.0,142572.0,85.946763,93.72516666666667,37.47714217325785,-1.5517150054178046,-0.17569188887601472,-1.37602311654179
2022-09-28 04:00:00+00:00,85.83,91.65,85.56,91.12,14922960.0,151141.0,89.18893,93.35983333333334,48.98490139326821,-1.3600408784259344,-0.4125616867859987,-0.9474791916399357
2022-09-29 04:00:00+00:00,89.67,90.5599,87.71,88.7,10772526.0,130885.0,88.933929,93.0025,44.968083966219154,-1.387418233307784,-0.6075329960903558,-0.7798852372174282
2022-09-30 04:00:00+00:00,87.95,89.52,85.98,86.07,10611208.0,121288.0,87.333726,92.54283333333333,41.030318809663314,-1.602857263676114,-0.8065978496075075,-0.7962594140686066
2022-10-03 04:00:00+00:00,87.53,88.06,85.445,87.18,10416299.0,123475.0,86.887381,92.23016666666666,43.28754854501755,-1.664835338595168,-0.9782453474050397,-0.6865899911901283
2022-10-04 04:00:00+00:00,89.55,93.0,89.5,92.79,11251204.0,138241.0,91.973258,92.20383333333334,53.0657956610594,-1.2468998093881964,-1.031976239801671,-0.21492356958652548
2022-10-05 04:00:00+00:00,91.02,94.61,90.99,93.83,9803544.0,108663.0,92.962574,92.22483333333335,54.627610000440114,-0.8222847957999591,-0.9900379510013286,0.16775315520136957
2022-10-06 04:00:00+00:00,93.22,95.57,93.22,94.42,8647369.0,111905.0,94.57173,92.24683333333334,55.53166360915272,-0.4331729213841271,-0.8786649450778884,0.4454920236937613
2022-10-07 04:00:00+00:00,92.18,92.82,89.685,90.17,9229569.0,115461.0,90.814939,92.0285,48.09728474969609,-0.4624080861992468,-0.7954135733021601,0.33300548710291333
2022-10-10 04:00:00+00:00,87.38,87.85,84.235,84.52,20930470.0,210116.0,85.259799,91.75583333333333,40.36133367421309,-0.9307557727501461,-0.8224820131917574,-0.1082737595583887
2022-10-11 04:00:00+00:00,84.09,84.82,79.82,83.09,16096300.0,173690.0,82.76818,91.43683333333334,38.666226288858915,-1.4011620140905876,-0.9382180133715234,-0.46294400071906416
2022-10-12 04:00:00+00:00,83.54,85.17,82.32,83.81,11064283.0,114665.0,84.004701,91.17049999999999,40.03185753994602,-1.6963103568605504,-1.089836482069329,-0.6064738747912215
2022-10-13 04:00:00+00:00,79.352,84.785,79.3501,84.04,15357820.0,164861.0,83.050875,90.85716666666666,40.48770598146356,-1.8898731854482804,-1.2498438227451194,-0.640029362703161
2022-10-14 04:00:00+00:00,84.26,85.52,80.29,80.47,11761856.0,136680.0,81.582698,90.45083333333334,35.923142398363254,-2.3047742826557993,-1.4608299147272554,-0.8439443679285439
2022-10-17 04:00:00+00:00,82.705,84.83,82.63,84.66,19583270.0,154456.0,84.045511,90.23516666666666,43.915089681978344,-2.2693289966200183,-1.622529731105808,-0.6467992655142103
2022-10-18 04:00:00+00:00,87.418,87.75,84.615,85.29,9921587.0,109216.0,85.883223,90.02433333333333,45.02535067717612,-2.165440764009432,-1.731111937686533,-0.43432882632289904
2022-10-19 04:00:00+00:00,84.36,85.76,83.3072,84.47,8590109.0,88647.0,84.459561,89.67433333333334,43.80970402480842,-2.1247825673599863,-1.8098460636212237,-0.3149365037387626
2022-10-20 04:00:00+00:00,84.68,87.6,84.0,84.78,10581861.0,110156.0,85.724246,89.29466666666667,44.42064086460098,-2.0439844638043354,-1.8566737436578462,-0.1873107201464892
2022-10-21 04:00:00+00:00,83.624,85.13,82.35,83.94,14423801.0,138745.0,83.666321,88.885,43.05462092163014,-2.0243963830834844,-1.8902182715429738,-0.13417811154051051
2022-10-24 04:00:00+00:00,84.55,84.6,80.86,83.32,13295736.0,136782.0,82.839689,88.40733333333334,42.02731232079948,-2.0354382414009535,-1.9192622655145697,-0.11617597588638384
2022-10-25 04:00:00+00:00,86.17,89.68,85.96,89.24,18001395.0,192808.0,88.406065,88.21499999999999,53.448885739070086,-1.5486426803516622,-1.845138348481988,0.2964956681303259
2022-10-26 04:00:00+00:00,88.1,91.34,87.92,88.55,12102590.0,132868.0,89.605872,87.91133333333333,52.15902149681059,-1.2046445321751378,-1.7170395852206182,0.5123950530454804
2022-10-27 04:00:00+00:00,88.555,89.71,87.1,87.35,10785787.0,137358.0,88.108388,87.60966666666667,49.90346908434736,-1.0171286664279933,-1.5770574014620933,0.5599287350341
2022-10-28 04:00:00+00:00,86.09,87.4194,84.19,86.25,15990475.0,173050.0,86.225883,87.35133333333333,47.860341878091404,-0.9463726044730691,-1.4509204420642885,0.5045478375912194
2022-10-31 04:00:00+00:00,85.51,86.25,82.47,83.58,17707726.0,166399.0,83.765681,86.96966666666667,43.23346470723505,-1.0931435234032847,-1.3793650583320878,0.2862215349288031
2022-11-01 04:00:00+00:00,85.0,86.14,83.055,83.11,10269668.0,127483.0,83.917305,86.68566666666668,42.45539881320462,-1.2331703855462877,-1.350126123774928,0.11695573822864036
2022-11-02 04:00:00+00:00,83.11,84.22,79.39,79.45,12885514.0,148480.0,81.377084,86.29466666666667,36.88803313431401,-1.6207906292703314,-1.4042590248740088,-0.21653160439632257
2022-11-03 04:00:00+00:00,78.1501,78.72,75.29,76.55,27083893.0,304469.0,75.012395,85.92433333333334,33.17576478906544,-2.1373501862704103,-1.5508772571532892,-0.5864729291171211
2022-11-04 04:00:00+00:00,75.0,75.31,71.168,75.18,41463430.0,383349.0,73.482962,85.53133333333334,31.559929318977723,-2.6269925721107086,-1.7661003201447731,-0.8608922519659354
2022-11-07 05:00:00+00:00,76.53,78.18,76.12,77.66,18061367.0,182302.0,77.379212,85.31133333333332,37.49476106062501,-2.7828435288561195,-1.9694489618870428,-0.8133945669690767
2022-11-08 05:00:00+00:00,78.15,83.23,78.05,81.13,19477293.0,212045.0,81.15722,85.15733333333333,44.71817952550201,-2.5964265459204086,-2.094844478693716,-0.5015820672266926
2022-11-09 05:00:00+00:00,80.02,80.25,78.09,78.68,14327580.0,155333.0,78.981967,84.74266666666668,41.106125846667645,-2.6162260430970434,-2.1991207915743813,-0.4171052515226621
2022-11-10 05:00:00+00:00,84.11,86.9,83.11,86.8,20120645.0,214700.0,85.508722,84.67933333333333,54.285591759712574,-1.954174640108974,-2.1501315612813,0.19595692117232621
2022-11-11 05:00:00+00:00,86.52,92.0,86.46,91.03,19916726.0,223533.0,90.118463,84.84466666666667,59.3846180422567,-1.0757677045472747,-1.935258789934495,0.8594910853872204
2022-11-14 05:00:00+00:00,90.16,91.37,88.92,89.51,10910257.0,125945.0,90.147087,84.92233333333334,56.92740159615548,-0.4965512427305896,-1.6475172804937142,1.1509660377631246
2022-11-15 05:00:00+00:00,92.49,92.62,89.28,89.86,14497076.0,170754.0,90.808558,84.82466666666666,57.3648694871662,-0.009170239965584415,-1.3198478723880884,1.310677632422504
2022-11-16 05:00:00+00:00,89.62,89.71,85.48,87.04,17049823.0,144122.0,87.111947,84.59833333333333,52.71889169556743,0.14782821222881637,-1.0263126554647075,1.1741408676935239
2022-11-17 05:00:00+00:00,84.615,87.34,83.51,85.64,11250077.0,116103.0,85.58793,84.30566666666665,50.530870569679244,0.15746713389417266,-0.7895566975929316,0.9470238314871042
2022-11-18 05:00:00+00:00,86.86,87.28,84.43,84.92,9371737.0,105022.0,85.175969,84.13066666666667,49.39543831557899,0.10578860090954834,-0.6104876378924357,0.716276238801984
2022-11-21 05:00:00+00:00,84.26,84.795,80.57,80.63,13839650.0,144737.0,81.405603,84.001,43.1709265102518,-0.2781280685332064,-0.5440157240205898,0.26588765548738347
2022-11-22 05:00:00+00:00,80.14,80.16,76.05,79.91,17402561.0,179309.0,78.917584,83.895,42.209559621494705,-0.6331838287116369,-0.5618493449587992,-0.07133448375283769
2022-11-23 05:00:00+00:00,79.52,80.99,78.735,80.75,8851732.0,96590.0,80.340057,83.79299999999999,43.78245959287439,-0.8371371014586941,-0.6169068962587783,-0.22023020519991587
2022-11-25 05:00:00+00:00,80.6,80.75,79.416,80.08,4634524.0,53673.0,80.080503,83.661,42.78225471167045,-1.0408368211156755,-0.7016928812301577,-0.33914393988551783
2022-11-28 05:00:00+00:00,79.93,82.92,79.64,79.93,11287592.0,126069.0,80.701932,83.643,42.54790300835138,-1.2005350422587213,-0.8014613134358705,-0.39907372882285086
2022-11-29 05:00:00+00:00,79.23,80.75,77.26,77.64,15491087.0,162943.0,78.41742,83.409,39.032614351781945,-1.4946514828436506,-0.9400993473174266,-0.554552135526224
2022-11-30 05:00:00+00:00,77.7,79.11,75.32,78.41,25720816.0,222101.0,77.436272,83.17966666666666,40.80361192872671,-1.6466270248079695,-1.0814048828155354,-0.5652221419924341
2022-12-01 05:00:00+00:00,79.11,80.7455,78.14,78.53,15188966.0,162478.0,78.739132,82.98166666666665,41.09080811201491,-1.7373585517052987,-1.2125956165934881,-0.5247629351118106
2022-12-02 05:00:00+00:00,76.82,77.06,74.52,74.66,24238438.0,231398.0,75.280714,82.64433333333334,35.165456608178914,-2.097363496690889,-1.3895491926129684,-0.7078143040779206
2022-12-05 05:00:00+00:00,74.01,75.49,72.825,73.62,18317164.0,188476.0,73.950357,82.30033333333334,33.75669840635324,-2.4384800376717237,-1.5993353616247197,-0.839144676047004
2022-12-06 05:00:00+00:00,73.38,73.84,71.35,72.23,14732161.0,173126.0,72.153547,81.93066666666667,31.91635196126815,-2.7888308314581707,-1.83723445559141,-0.9515963758667607
2022-12-07 05:00:00+00:00,71.68,75.34,71.01,74.42,24693378.0,235560.0,73.820097,81.43666666666667,37.681015797699715,-2.856839791473675,-2.041155522767863,-0.8156842687058119
2022-12-08 05:00:00+00:00,75.09,75.86,73.79,74.22,13151074.0,129756.0,74.761174,80.959,37.36982780613577,-2.8935210018393747,-2.2116286185821656,-0.681892383257209
2022-12-09 05:00:00+00:00,73.95,74.59,73.34,73.57,11781646.0,114916.0,73.971395,80.49966666666666,36.32000930251843,-2.941137095409786,-2.3575303139476897,-0.5836067814620964
2022-12-12 05:00:00+00:00,73.135,74.065,72.8,73.8,13652848.0,142316.0,73.457693,80.08466666666666,36.99449199012897,-2.9265783414218305,-2.471339919442518,-0.4552384219793124
2022-12-13 05:00:00+00:00,77.04,77.81,73.1,73.7,20094023.0,204406.0,74.690452,79.75533333333333,36.81192879154649,-2.889797798081716,-2.5550314951703577,-0.33476630291135834
2022-12-14 05:00:00+00:00,73.7,74.335,71.59,72.63,18243570.0,174744.0,73.170372,79.40599999999999,34.831251560654394,-2.9134050897886823,-2.626706214094023,-0.28669887569465935
2022-12-15 05:00:00+00:00,71.29,71.66,69.44,69.77,17639938.0,185935.0,70.013467,79.08333333333333,30.160091681698447,-3.1268477816982454,-2.7267345276148673,-0.40011325408337806
2022-12-16 05:00:00+00:00,69.4,70.86,68.45,69.26,25698517.0,163439.0,69.201484,78.84033333333333,29.402851027406186,-3.2991251296992203,-2.841212648031738,-0.4579124816674822
2022-12-19 05:00:00+00:00,69.06,69.6,67.75,68.95,15329986.0,139360.0,68.88418,78.63266666666667,28.927420381367668,-3.421232737053842,-2.9572166658361594,-0.4640160712176824
2022-12-20 05:00:00+00:00,68.385,70.13,68.13,68.76,9470903.0,110307.0,68.903925,78.33600000000001,28.62194691605832,-3.4930693782911817,-3.064387208327164,-0.42868216996401776
2022-12-21 05:00:00+00:00,68.81,70.19,68.07,69.21,13861596.0,124337.0,69.332037,77.93866666666668,30.494048345212803,-3.4736471527273665,-3.1462391972072044,-0.3274079555201621
2022-12-22 05:00:00+00:00,68.54,68.818,66.385,68.57,16488169.0,152363.0,67.846508,77.60166666666666,29.316369151996284,-3.4698987178528427,-3.210971101336332,-0.25892761651651064
2022-12-23 05:00:00+00:00,68.05,69.2499,67.71,69.03,9990400.0,104354.0,68.574171,77.00933333333334,31.36800868373672,-3.39072374787591,-3.246921630644248,-0.14380211723166214
2022-12-27 05:00:00+00:00,68.96,69.24,67.68,68.33,10323752.0,102657.0,68.581178,76.25266666666667,29.94367357320364,-3.345891805610478,-3.266715665637494,-0.07917613997298378
2022-12-28 05:00:00+00:00,68.12,69.47,67.2917,67.55,8897589.0,107892.0,67.982959,75.52066666666666,28.396391034343168,-3.3348594655950023,-3.2803444256289955,-0.05451503996600682
2022-12-29 05:00:00+00:00,68.39,70.74,68.22,70.56,13142958.0,136607.0,70.120144,74.87733333333334,41.05457071184502,-3.0480978377698165,-3.23389510805716,0.1857972702873436
2022-12-30 05:00:00+00:00,69.48,71.26,69.06,71.22,10168070.0,107730.0,70.537792,74.35,43.416611635685804,-2.7360413163937523,-3.134324349724479,0.3982830333307268
2023-01-03 05:00:00+00:00,73.69,75.26,73.38,74.58,27965408.0,228056.0,74.434538,73.98133333333334,53.60852049218653,-2.1923384427641395,-2.9459271683324113,0.7535887255682718
2023-01-04 05:00:00+00:00,76.11,78.48,75.43,77.69,19125963.0,202558.0,77.503339,73.74033333333334,60.670008531252805,-1.4932853259003025,-2.6553987998459894,1.1621134739456869
2023-01-05 05:00:00+00:00,77.3,77.32,75.65,76.27,11094862.0,120432.0,76.530241,73.595,56.44528482001841,-1.0418529941591288,-2.3326896387086173,1.2908366445494885
2023-01-06 05:00:00+00:00,76.77,77.06,73.95,76.48,14167910.0,146755.0,76.076512,73.48066666666666,56.92301773158929,-0.6595415890153618,-1.9980600287699664,1.3385184397546046
2023-01-09 05:00:00+00:00,77.0,78.765,76.53,77.08,12966060.0,152371.0,77.540444,73.35833333333333,58.32937805278684,-0.3046304700108209,-1.6593741170181373,1.3547436470073164
