timestamp,open,high,low,close,volume,trade_count,vwap,30sma,rsi,macd,signal,histogram
2022-01-03 05:00:00+00:00,182.91,186.88,182.24,186.21,5991096.0,86594.0,185.443087,,,,,
2022-01-04 05:00:00+00:00,187.0,188.93,181.01,187.23,8483362.0,126404.0,185.516609,,,,,
2022-01-05 05:00:00+00:00,186.5,193.58,184.73,186.5,15529935.0,202819.0,190.083965,,,,,
2022-01-06 05:00:00+00:00,184.52,188.47,183.0,185.95,9106534.0,126338.0,185.489522,,,,,
2022-01-07 05:00:00+00:00,186.6,188.3582,180.12,180.41,7374423.0,109923.0,181.882212,,,,,
2022-01-10 05:00:00+00:00,178.27,180.0,173.76,179.68,11124376.0,167302.0,177.125848,,,,,
2022-01-11 05:00:00+00:00,179.19,185.65,177.22,185.4,9590950.0,126995.0,183.130638,,,,,
2022-01-12 05:00:00+00:00,186.6,189.46,185.1852,186.42,7307879.0,109181.0,186.812142,,,,,
2022-01-13 05:00:00+00:00,188.7,191.58,183.285,183.89,10177568.0,148539.0,186.88116,,,,,
2022-01-14 05:00:00+00:00,182.8,190.09,182.01,188.69,9575813.0,129203.0,187.846299,,,,,
2022-01-18 05:00:00+00:00,185.87,186.0,178.27,178.86,10466288.0,156682.0,181.616831,,,,,
2022-01-19 05:00:00+00:00,180.57,181.2099,172.27,172.47,10069403.0,154599.0,174.711578,,,,,
2022-01-20 05:00:00+00:00,174.53,174.99,166.29,166.5,9439071.0,161136.0,170.431543,,,,,
2022-01-21 05:00:00+00:00,166.24,172.04,164.57,164.93,11836213.0,190346.0,167.156623,,,,,
2022-01-24 05:00:00+00:00,162.18,170.82,158.6037,170.07,17263871.0,240574.0,165.711303,,34.342258440046535,,,
2022-01-25 05:00:00+00:00,166.17,170.32,161.2,165.45,10726318.0,164118.0,166.56969,,31.318905675785984,,,
2022-01-26 05:00:00+00:00,168.58,174.55,163.9,167.0,10310698.0,163050.0,168.862983,,33.43615866218833,,,
2022-01-27 05:00:00+00:00,169.31,171.45,160.61,161.2,10735696.0,151496.0,163.994453,,29.741461609440847,,,
2022-01-28 05:00:00+00:00,162.01,166.94,157.38,166.81,10292724.0,153827.0,163.149345,,36.99360884747221,,,
2022-01-31 05:00:00+00:00,167.06,175.95,165.8,175.76,11242210.0,141166.0,173.271344,,46.484220728974336,,,
2022-02-01 05:00:00+00:00,176.4447,177.4292,173.105,177.13,9698619.0,143896.0,175.726454,,47.78086689793942,,,
2022-02-02 05:00:00+00:00,180.94,188.64,180.26,188.2,25740898.0,326834.0,185.149618,,56.87360220865174,,,
2022-02-03 05:00:00+00:00,180.8,192.1,177.29,179.1,36087314.0,410416.0,182.714514,,49.27748161856555,,,
2022-02-04 05:00:00+00:00,178.99,182.41,176.81,179.47,15679206.0,195399.0,179.554683,,49.57239499547523,,,
2022-02-07 05:00:00+00:00,179.6652,180.65,174.44,175.09,10333506.0,142935.0,177.382525,,46.15152338702575,,,
2022-02-08 05:00:00+00:00,174.305,179.2899,173.98,178.59,10146255.0,121857.0,177.706456,,49.170051073620535,-1.0730344688643925,,
2022-02-09 05:00:00+00:00,181.5,184.0,178.95,183.95,9431280.0,136284.0,181.972151,,53.47156756309407,-0.39958932375307654,,
2022-02-10 05:00:00+00:00,179.4,181.99,173.45,174.07,13928558.0,192841.0,177.10012,,45.780914490997844,-0.6555557847199793,,
2022-02-11 05:00:00+00:00,174.7,175.48,163.55,164.64,12932251.0,184269.0,167.87229,,39.88454869303345,-1.6008792993268912,,
2022-02-14 05:00:00+00:00,165.35,167.85,162.48,165.13,7958218.0,109489.0,165.191913,176.82666666666668,40.31471490796026,-2.2841854227444855,,
2022-02-15 05:00:00+00:00,169.0,173.96,168.25,173.0,10868345.0,129800.0,171.840137,176.38633333333334,46.88831933411647,-2.1657023522284646,,
2022-02-16 05:00:00+00:00,170.68,173.2083,168.26,172.6,8103149.0,105387.0,171.111281,175.89866666666666,46.60734889108314,-2.08010219894976,,
2022-02-17 05:00:00+00:00,169.875,170.77,166.7,166.8,8684880.0,118750.0,168.194674,175.24200000000002,42.61934623215034,-2.4520097461080184,,
2022-02-18 05:00:00+00:00,167.4701,170.445,164.24,167.64,9247246.0,135475.0,167.097514,174.63166666666666,43.37503842448436,-2.648438624980116,-1.7066108024083537,-0.9418278225717625
2022-02-22 05:00:00+00:00,164.0589,169.96,163.6,165.89,9470504.0,113697.0,166.345966,174.14766666666665,42.130190465377325,-2.9117553976009276,-1.9476397214468686,-0.964115676154059
2022-02-23 05:00:00+00:00,166.65,169.16,161.32,161.62,9752750.0,121462.0,163.988795,173.54566666666668,39.175794119539084,-3.4255020952656423,-2.2432121962106235,-1.1822898990550188
2022-02-24 05:00:00+00:00,156.89,168.36,155.79,167.98,12577763.0,184932.0,162.828536,172.965,45.32575118441837,-3.2816227034614656,-2.450894297660792,-0.8307284058006736
2022-02-25 05:00:00+00:00,167.61,171.09,165.6,170.93,6937653.0,106660.0,169.570715,172.44866666666667,47.9543808186841,-2.8961716391879406,-2.5399497659662216,-0.35622187322171905
2022-02-28 05:00:00+00:00,168.3,172.99,168.2,171.99,10001639.0,108511.0,170.631164,172.05200000000002,48.90497193112862,-2.4766168550513044,-2.527283183783238,0.050666328731933774
2022-03-01 05:00:00+00:00,170.96,171.84,161.72,163.69,10193686.0,142334.0,165.615097,171.21866666666665,42.3780626154469,-2.781790550043411,-2.5781846570352727,-0.20360589300813814
2022-03-02 05:00:00+00:00,165.25,170.49,164.35,169.25,7001534.0,103967.0,168.822389,170.89833333333334,47.43866626254927,-2.545652669481143,-2.5716782595244467,0.026025590043303737
2022-03-03 05:00:00+00:00,170.67,170.825,164.51,165.35,8243216.0,99927.0,167.335971,170.661,44.48728784764678,-2.6427451827787536,-2.5858916441753084,-0.05685353860344522
2022-03-04 05:00:00+00:00,163.85,166.07,159.89,162.26,8721634.0,114912.0,162.488141,170.51966666666667,42.2447306559671,-2.935193787980239,-2.6557520729362945,-0.27944171504394477
2022-03-07 05:00:00+00:00,162.32,163.16,150.0,150.1,12842225.0,195208.0,153.833942,170.02533333333332,34.80850235558982,-4.100899176238073,-2.94478149359665,-1.156117682641423
2022-03-08 05:00:00+00:00,150.54,158.34,147.88,150.76,11331164.0,186176.0,152.270459,169.38166666666666,35.47242965452773,-4.914817652209422,-3.338788725319205,-1.576028926890217
2022-03-09 05:00:00+00:00,156.01,158.48,154.21,157.11,8860942.0,110424.0,156.690738,169.10366666666667,41.631595046951,-4.989941043329878,-3.6690191889213395,-1.3209218544085388
2022-03-10 05:00:00+00:00,154.04,155.3,150.33,154.71,8664042.0,116247.0,153.603749,168.694,40.074666540026705,-5.1833859675031135,-3.9718925446376945,-1.211493422865419
2022-03-11 05:00:00+00:00,157.95,158.32,152.02,152.34,7127420.0,97317.0,154.167314,168.39866666666666,38.54181677995645,-5.464935284533368,-4.270501092616829,-1.1944341919165389
2022-03-14 04:00:00+00:00,150.8,151.29,140.465,141.29,15488683.0,211196.0,144.11871,167.54799999999997,32.332215041903,-6.5047253729811985,-4.717345948689704,-1.7873794242914949
2022-03-15 04:00:00+00:00,142.5,144.43,139.05,144.21,13602495.0,190072.0,142.394539,166.49633333333333,35.298750142769464,-7.012313329765334,-5.17633942490483,-1.835973904860504
2022-03-16 04:00:00+00:00,146.965,151.56,143.57,150.45,11343000.0,161190.0,148.815867,165.607,41.22830595929275,-6.83230602149348,-5.50753274422256,-1.3247732772709195
2022-03-17 04:00:00+00:00,149.19,152.94,146.58,152.83,8422378.0,117289.0,151.212633,164.42799999999997,43.36040171956966,-6.423556067474294,-5.6907374088729075,-0.7328186586013867
2022-03-18 04:00:00+00:00,152.31,156.03,149.01,153.99,10128842.0,153141.0,153.794889,163.591,44.41875936048703,-5.9375718463199405,-5.740104296362315,-0.19746754995762572
2022-03-21 04:00:00+00:00,153.99,157.71,152.81,155.59,8793089.0,117824.0,154.911474,162.79500000000002,45.91981614353032,-5.361515013833554,-5.664386439856563,0.3028714260230094
2022-03-22 04:00:00+00:00,155.45,159.94,154.77,157.61,7104628.0,109475.0,157.984032,162.21233333333333,47.83522841320309,-4.687948948337578,-5.469098941552766,0.7811499932151884
2022-03-23 04:00:00+00:00,156.11,157.21,152.58,152.87,7104941.0,113993.0,154.169716,161.355,43.90556518179405,-4.484921985930896,-5.272263550428393,0.7873415644974973
2022-03-24 04:00:00+00:00,154.3,158.56,153.59,158.46,9101289.0,131412.0,157.088603,160.50533333333334,49.20518829592155,-3.8288191295047795,-4.983574666243671,1.1547555367388913
2022-03-25 04:00:00+00:00,157.97,158.46,155.18,157.97,7162786.0,104004.0,157.213886,159.96866666666668,48.77022866020553,-3.3102334826808715,-4.648906429531111,1.3386729468502399
2022-03-28 04:00:00+00:00,156.5,158.5,154.05,158.45,18459449.0,257994.0,156.747274,159.76233333333332,49.24355329646784,-2.827920129953526,-4.284709169615595,1.4567890396620689
2022-03-29 04:00:00+00:00,161.21,161.3,156.65,161.07,10220818.0,153906.0,159.46203,159.62699999999998,51.85814712081667,-2.2088094390138053,-3.869529223495237,1.6607197844814316
2022-03-30 04:00:00+00:00,159.39,160.27,151.79,152.73,14777761.0,227224.0,154.921804,158.95133333333334,44.075006945392275,-2.363878733132111,-3.568399125422612,1.204520392290501
2022-03-31 04:00:00+00:00,152.885,155.14,151.03,152.82,13258031.0,156174.0,153.521822,158.292,44.17238208569558,-2.4512534936734482,-3.3449699990727795,0.8937165053993312
2022-04-01 04:00:00+00:00,151.94,152.87,142.5648,146.99,19720471.0,272212.0,146.030122,157.63166666666666,39.38808880164073,-2.956846214967385,-3.267345242251701,0.3104990272843162
2022-04-04 04:00:00+00:00,147.74,154.13,146.66,153.81,12113624.0,145623.0,152.166969,157.17066666666668,46.66548217542955,-2.775224031195222,-3.1689210000404056,0.39369696884518346
2022-04-05 04:00:00+00:00,151.81,152.01,145.27,145.46,15912072.0,228741.0,146.857007,156.4896666666667,40.28760555858634,-3.2673978298785755,-3.1886163660080395,-0.07878146387053597
2022-04-06 04:00:00+00:00,142.9,143.0,137.46,139.28,20965782.0,279516.0,139.321331,155.745,36.33000058119074,-4.108760232495172,-3.372645139305466,-0.7361150931897056
2022-04-07 04:00:00+00:00,139.79,141.49,136.92,139.22,10014934.0,144686.0,139.189999,154.78633333333335,36.29272469131208,-4.725910146425576,-3.643298140729488,-1.0826120056960882
2022-04-08 04:00:00+00:00,138.54,139.96,136.36,136.69,12934706.0,177906.0,137.563792,153.64499999999998,34.67703296612224,-5.357398994702379,-3.9861183115240664,-1.3712806831783126
2022-04-11 04:00:00+00:00,134.292,137.61,133.69,135.36,11169587.0,131876.0,136.006445,152.424,33.8245479949488,-5.897199100962524,-4.368334469411758,-1.528864631550766
2022-04-12 04:00:00+00:00,137.92,140.16,135.5,136.09,10548659.0,128312.0,137.131029,151.504,34.77238186243356,-6.194681245742288,-4.733603824677864,-1.4610774210644237
2022-04-13 04:00:00+00:00,137.54,142.59,136.48,140.5,10397744.0,134307.0,140.640495,150.54566666666668,40.33237751782149,-6.00536177232766,-4.987955414207824,-1.0174063581198363
2022-04-14 04:00:00+00:00,141.05,141.56,136.68,136.91,7982350.0,105070.0,138.168989,149.59766666666667,37.52798547299628,-6.074979144754053,-5.2053601603170705,-0.8696189844369826
2022-04-18 04:00:00+00:00,135.62,140.35,135.56,139.32,8813551.0,109966.0,138.784847,148.833,40.518029135209105,-5.86804142634449,-5.337896413522555,-0.5301450128219356
2022-04-19 04:00:00+00:00,138.83,141.4,137.54,141.05,7191060.0,85978.0,140.552723,148.53133333333335,42.64035571275143,-5.501032770310275,-5.370523684880099,-0.1305090854301758
2022-04-20 04:00:00+00:00,143.21,144.81,140.06,140.34,7692361.0,105279.0,141.401241,148.18400000000003,41.97836887986884,-5.2074387204793595,-5.337906691999951,0.13046797152059142
2022-04-21 04:00:00+00:00,142.34,143.6426,135.26,136.11,8515476.0,126068.0,137.784469,147.484,38.17574990330074,-5.25550675869755,-5.321426705339471,0.06591994664192136
2022-04-22 04:00:00+00:00,136.13,137.3319,132.65,132.81,8273011.0,116792.0,134.15906,146.75400000000002,35.47584622113614,-5.4965229509346045,-5.356445954458498,-0.1400769964761066
2022-04-25 04:00:00+00:00,131.32,136.81,130.91,136.56,9584618.0,141622.0,134.474793,146.228,40.6155211848537,-5.323569563645293,-5.349870676295858,0.026301112650564562
2022-04-26 04:00:00+00:00,135.02,136.35,132.63,133.5,9209867.0,131474.0,134.189128,145.96833333333333,37.958487395758766,-5.371499877721817,-5.35419651658105,-0.017303361140767137
2022-04-27 04:00:00+00:00,130.815,138.11,130.78,135.1,13746826.0,202330.0,136.375495,145.66466666666668,40.16273325610099,-5.220203116639652,-5.3273978365927706,0.10719471995311824
2022-04-28 04:00:00+00:00,142.87,151.2,139.13,148.19,31015672.0,323121.0,145.504995,145.58933333333334,54.428004886953794,-3.9979597497901977,-5.0615102192322565,1.0635504694420588
2022-04-29 04:00:00+00:00,145.81,147.5,139.52,139.69,13637402.0,169335.0,142.505349,145.15133333333335,46.65068003296432,-3.67286355354301,-4.783780886094408,1.1109173325513977
2022-05-02 04:00:00+00:00,140.6,145.65,139.1584,145.27,13230348.0,178182.0,142.636537,144.86066666666665,51.5455529701881,-2.931174356442881,-4.413259580164103,1.4820852237212216
2022-05-03 04:00:00+00:00,144.705,145.685,142.76,144.26,7502578.0,116703.0,144.228512,144.483,50.63986841535513,-2.3972449358494146,-4.0100566513011655,1.612811715451751
2022-05-04 04:00:00+00:00,144.58,149.5,140.35,149.05,10928526.0,149205.0,145.587207,144.19766666666666,54.70465847711912,-1.5694968720129339,-3.5219446954435196,1.9524478234305858
2022-05-05 04:00:00+00:00,146.98,146.98,139.1801,141.64,14421079.0,197710.0,141.535004,143.82333333333332,48.1050274446277,-1.4942014160497479,-3.116396039564765,1.6221946235150173
2022-05-06 04:00:00+00:00,141.248,144.1,137.88,140.58,9994179.0,151020.0,141.055439,143.22733333333332,47.22729776760724,-1.5027397178899946,-2.7936647752298116,1.290925057339817
2022-05-09 04:00:00+00:00,137.99,140.11,134.06,134.92,9244772.0,154393.0,136.184113,142.45899999999997,42.742662418986555,-1.9438140031734576,-2.623694620818541,0.6798806176450833
2022-05-10 04:00:00+00:00,139.5,139.8,134.63,136.81,8740544.0,138235.0,137.134412,141.73766666666668,44.633318724553625,-2.116464067105852,-2.5222485100760035,0.40578444297015137
2022-05-11 04:00:00+00:00,135.03,138.29,131.89,132.3,11371906.0,156885.0,134.260836,140.77866666666668,41.14217220278516,-2.5873840423565184,-2.5352756165321066,-0.052108425824411775
2022-05-12 04:00:00+00:00,131.0,133.06,127.82,131.77,10627772.0,166207.0,130.549445,140.08,40.73889639738726,-2.9691317831670574,-2.622046849859097,-0.3470849333079604
2022-05-13 04:00:00+00:00,134.29,135.99,132.5,134.93,9173033.0,122889.0,134.663972,139.48366666666666,44.24781077925301,-2.982305861771721,-2.694098652241622,-0.28820720953009893
2022-05-16 04:00:00+00:00,133.98,135.98,132.0,133.91,6311970.0,104025.0,134.009038,139.0476666666667,43.35544187985834,-3.040008563108472,-2.763280634414992,-0.27672792869348006
2022-05-17 04:00:00+00:00,137.2517,140.0,136.7,139.69,8995539.0,116923.0,138.888638,138.57699999999997,49.56291651168255,-2.5894906389351604,-2.728522635319026,0.13903199638386576
2022-05-18 04:00:00+00:00,136.884,137.28,129.91,130.45,11821335.0,141245.0,132.500776,138.07666666666668,41.69637442919853,-2.94410490758645,-2.7716390897725107,-0.1724658178139391
2022-05-19 04:00:00+00:00,130.45,133.39,129.48,130.57,8323176.0,114847.0,131.212629,137.78633333333335,41.825512276270906,-3.1788128968991316,-2.853073851197835,-0.3257390457012965
2022-05-20 04:00:00+00:00,132.88,133.29,125.86,131.6,11153484.0,137579.0,129.513333,137.53233333333336,42.992669458479945,-3.244309892549836,-2.9313210594682357,-0.3129888330816004
2022-05-23 04:00:00+00:00,129.95,132.43,128.15,132.12,9984435.0,116871.0,131.008046,137.38000000000002,43.607799059653566,-3.2171715285434175,-2.988491153283272,-0.2286803752601454
2022-05-24 04:00:00+00:00,130.34,130.34,126.05,128.53,9155058.0,112865.0,127.991131,137.15233333333333,40.369167778250166,-3.44562812052078,-3.0799185467307737,-0.36570957379000646
2022-05-25 04:00:00+00:00,127.8,132.07,127.25,131.23,9694064.0,106696.0,129.590119,136.99033333333333,43.75257287471439,-3.3699672951979665,-3.1379282964242123,-0.2320389987737541
2022-05-26 04:00:00+00:00,130.01,136.0,129.86,134.84,7908272.0,101027.0,134.594608,136.80166666666668,48.00080166649626,-2.984307477122286,-3.1072041325638273,0.12289665544154138
2022-05-27 04:00:00+00:00,136.1,140.135,136.1,139.76,9149077.0,115553.0,138.712008,136.89666666666668,53.18985147734267,-2.2556645145031666,-2.9368962089516955,0.6812316944485288
2022-05-31 04:00:00+00:00,139.5,143.965,137.44,143.22,15812090.0,141147.0,141.967537,137.02666666666667,56.479015856620286,-1.383073423966806,-2.6261316519547173,1.2430582279879112
2022-06-01 04:00:00+00:00,142.55,143.91,138.17,140.02,8395289.0,127350.0,140.526867,136.9923333333333,52.78487365954053,-0.938928570424423,-2.2886910356486583,1.3497624652242353
2022-06-02 04:00:00+00:00,140.26,146.25,139.7,146.2,9494683.0,116166.0,143.890786,137.18766666666667,58.43865790632619,-0.08726033963853297,-1.8484048964466333,1.7611445568081003
2022-06-03 04:00:00+00:00,142.18,143.44,140.61,141.21,5763280.0,97285.0,141.742463,137.35766666666666,52.92757636740301,0.18293283650012881,-1.442137349857281,1.6250701863574097
2022-06-06 04:00:00+00:00,144.95,144.97,139.92,140.44,7186617.0,87288.0,141.294542,137.612,52.110918418676206,0.33111344075120996,-1.0874871917355828,1.4186006324867928
2022-06-07 04:00:00+00:00,139.13,142.15,138.49,141.89,6026088.0,80793.0,141.229292,137.78966666666668,53.56395117747766,0.5591054988881012,-0.7581686536108461,1.3172741524989473
2022-06-08 04:00:00+00:00,140.746,141.761,137.45,138.96,6734140.0,98515.0,139.196245,137.97166666666666,50.246324621107334,0.4976279888940667,-0.5070093251098636,1.0046373140039302
2022-06-09 04:00:00+00:00,137.77,140.44,136.69,136.71,7111155.0,93559.0,138.141746,138.02533333333335,47.79802574516928,0.26430369486575955,-0.35274672111473904,0.6170504159804986
2022-06-10 04:00:00+00:00,134.75,136.06,132.42,133.2,8476265.0,123470.0,133.744182,137.5256666666667,44.18135905656024,-0.2015122471207178,-0.3224998263159348,0.12098757919521702
2022-06-13 04:00:00+00:00,130.59,131.35,126.6,128.66,12211232.0,160881.0,128.997403,137.158,39.968738100269945,-0.9263365635246998,-0.44326717375768787,-0.48306938976701197
2022-06-14 04:00:00+00:00,130.21,131.93,128.82,130.26,6793055.0,101259.0,130.287737,136.65766666666667,42.065268316140205,-1.3560269930318043,-0.6258191376125113,-0.730207855419293
2022-06-15 04:00:00+00:00,131.67,133.28,128.21,131.03,7657064.0,112029.0,131.008627,136.21666666666667,43.09524556752612,-1.6158012384515246,-0.823815557780314,-0.7919856806712106
2022-06-16 04:00:00+00:00,126.26,126.65,119.025,120.82,16418904.0,211399.0,121.492412,135.27566666666667,34.369836461053254,-2.6153873140544306,-1.1821299090351376,-1.433257405019293
2022-06-17 04:00:00+00:00,121.42,122.8292,118.36,120.99,17270065.0,141527.0,120.679737,134.58733333333333,34.60724369330772,-3.355172560591683,-1.6167384393464468,-1.738434121245236
2022-06-21 04:00:00+00:00,123.77,126.1199,123.72,124.39,9205591.0,105201.0,124.632607,134.04766666666666,39.33387162746545,-3.6253157302651573,-2.018453897530189,-1.6068618327349684
2022-06-22 04:00:00+00:00,121.8,123.6591,120.36,122.16,9077470.0,105879.0,122.134882,133.62233333333333,37.42325328668006,-3.9735439602912095,-2.4094719100823934,-1.5640720502088161
2022-06-23 04:00:00+00:00,122.75,122.93,118.225,120.09,7887601.0,104545.0,120.196474,133.065,35.69022101697618,-4.36621799851342,-2.800821127768599,-1.5653968707448214
2022-06-24 04:00:00+00:00,122.38,125.37,121.76,125.13,6075740.0,95093.0,124.061269,132.826,42.65354441333388,-4.222059846140354,-3.08506887144295,-1.136990974697404
2022-06-27 04:00:00+00:00,126.2,130.04,125.44,127.18,9935995.0,123449.0,127.711742,132.673,45.25028987107124,-3.897468019111429,-3.247548700976646,-0.6499193181347827
2022-06-28 04:00:00+00:00,129.78,136.45,126.6,131.6,27086364.0,292260.0,132.510338,132.56199999999998,50.45911364041533,-3.246150000566132,-3.2472689608945435,0.0011189603284114114
2022-06-29 04:00:00+00:00,130.08,131.57,126.895,130.23,9950993.0,138911.0,129.490806,132.43933333333334,48.90600093330927,-2.8081526925825813,-3.1594457072321513,0.3512930146495701
2022-06-30 04:00:00+00:00,127.61,130.09,125.325,127.74,9241640.0,124848.0,127.855515,132.041,46.12704021797643,-2.631623147095951,-3.0538811952049114,0.4222580481089606
2022-07-01 04:00:00+00:00,125.75,126.76,122.1,123.53,7669826.0,114071.0,123.473476,131.81033333333332,41.80204874931282,-2.7991669716053593,-3.0029383504850014,0.20377137887964203
2022-07-05 04:00:00+00:00,121.1,126.17,120.36,125.83,8115934.0,108738.0,123.62497,131.65233333333333,44.84466789673207,-2.7150583785958275,-2.9453623561071667,0.23030397751133913
2022-07-06 04:00:00+00:00,126.06,128.23,125.055,127.06,6038378.0,81551.0,126.662484,131.501,46.45682001123017,-2.5201008384476893,-2.8603100525752714,0.3402092141275821
2022-07-07 04:00:00+00:00,130.65,134.71,130.26,134.4,9407312.0,125919.0,133.469516,131.577,54.92401187674702,-1.753110163534501,-2.6388700747671177,0.8857599112326167
2022-07-08 04:00:00+00:00,132.52,136.39,131.62,136.01,8393153.0,106418.0,134.76767,131.82633333333334,56.54719513562237,-1.0037800317531094,-2.3118520661643163,1.308072034411207
2022-07-11 04:00:00+00:00,133.59,134.595,131.32,132.24,5866035.0,70613.0,132.748097,131.85999999999999,51.839749125989016,-0.7059996717334798,-1.990681587278149,1.2846819155446692
2022-07-12 04:00:00+00:00,133.74,135.35,131.96,132.95,5991162.0,83697.0,133.608809,131.797,52.6393868567224,-0.4080122139205855,-1.6741477126066364,1.266135498686051
2022-07-13 04:00:00+00:00,130.55,136.78,130.52,135.64,7200133.0,101352.0,135.367731,131.65966666666665,55.64430431763073,0.04469034948178319,-1.3303801001889526,1.3750704496707358
2022-07-14 04:00:00+00:00,134.94,142.35,133.85,141.9,10718681.0,129259.0,139.067587,131.61566666666667,61.72963969994998,0.8982357726661689,-0.8846569256179283,1.7828926982840971
2022-07-15 04:00:00+00:00,143.76,145.48,142.03,144.37,11880450.0,134547.0,143.636963,131.76066666666665,63.83777082790461,1.753768673763176,-0.35697180574170745,2.110740479504883
2022-07-18 04:00:00+00:00,145.97,146.43,140.82,141.69,7856599.0,103263.0,142.907994,131.61033333333333,59.97726467004067,2.190282842158126,0.1524791238382593,2.037803718319867
2022-07-19 04:00:00+00:00,144.14,148.47,143.175,147.37,9682123.0,110428.0,146.781349,131.81566666666666,64.8314781932319,2.9604260471153054,0.7140685084936685,2.246357538621637
2022-07-20 04:00:00+00:00,147.43,152.33,146.62,151.71,8517274.0,116180.0,150.876539,132.19133333333332,68.02285358224694,3.8762883752485493,1.3465124818446448,2.5297758934039045
2022-07-21 04:00:00+00:00,152.88,155.92,150.63,155.86,8060419.0,101722.0,154.037712,132.657,70.7556587518432,4.880724234894274,2.0533548324545707,2.827369402439703
2022-07-22 04:00:00+00:00,155.66,156.66,152.35,153.7,7175672.0,98740.0,154.002913,133.14833333333334,67.52121536669397,5.43974692567204,2.7306332510980647,2.7091136745739752
2022-07-25 04:00:00+00:00,152.8,154.04,151.671,153.25,4928298.0,71321.0,152.814463,133.69966666666667,66.83574198512923,5.7798388124560915,3.34047436336967,2.4393644490864217
2022-07-26 04:00:00+00:00,152.62,152.7,149.81,149.97,5941787.0,84613.0,150.555687,134.25866666666667,61.90279323615719,5.7187730392817,3.8161340985520757,1.9026389407296245
2022-07-27 04:00:00+00:00,151.525,154.8,150.55,153.42,12837577.0,159167.0,152.189471,135.08399999999997,64.84213608121375,5.880971957287159,4.229101670299093,1.651870286988066
2022-07-28 04:00:00+00:00,149.78,149.99,143.0,146.45,17050977.0,217836.0,146.395905,135.62366666666668,55.52203078055094,5.385019862194127,4.4602853086781,0.9247345535160276
2022-07-29 04:00:00+00:00,144.595,145.31,140.67,145.06,11748893.0,150781.0,143.75877,136.09133333333332,53.85941520389592,4.824202467324142,4.533068740407309,0.2911337269168328
2022-08-01 04:00:00+00:00,144.31,149.46,144.07,147.43,7608642.0,104963.0,147.475675,136.97833333333335,56.264229334644995,4.518898782257111,4.53023474877727,-0.011335966520158891
2022-08-02 04:00:00+00:00,145.69,149.4,144.84,147.03,5946415.0,91237.0,147.18529,137.84633333333332,55.73623124804699,4.196294484472304,4.463446695916277,-0.26715221144397283
2022-08-03 04:00:00+00:00,147.66,150.335,146.59,149.16,6890200.0,91944.0,149.021004,138.672,57.99664652934704,4.065635339661185,4.383884424665259,-0.3182490850040738
2022-08-04 04:00:00+00:00,148.68,151.16,147.7089,151.01,6254693.0,105500.0,149.657891,139.63366666666667,59.911503849735986,4.064513384727547,4.320010216677717,-0.25549683195016915
2022-08-05 04:00:00+00:00,148.57,151.2834,147.67,150.21,5040467.0,87414.0,149.788541,140.63766666666666,58.666008986447224,3.9534974555376436,4.246707664449702,-0.2932102089120585
2022-08-08 04:00:00+00:00,149.81,151.19,146.55,147.81,5564307.0,87940.0,148.080307,141.39366666666666,54.97374311100366,3.630012069926863,4.1233685455451345,-0.49335647561827134
2022-08-09 04:00:00+00:00,145.59,146.5,141.31,142.51,6752432.0,115387.0,142.986728,141.90466666666666,47.81667562179462,2.912409422283929,3.881176720892894,-0.9687672986089648
2022-08-10 04:00:00+00:00,145.85,147.18,143.69,146.99,6839997.0,97117.0,146.083979,142.41766666666666,53.34581159684612,2.6743741921102924,3.6398162151363733,-0.965442023026081
2022-08-11 04:00:00+00:00,148.31,151.64,147.02,147.83,6243214.0,101458.0,149.121633,143.0043333333333,54.32306774505295,2.524410701893231,3.416735112487745,-0.8923244105945138
2022-08-12 04:00:00+00:00,148.0,151.47,147.18,151.29,4964409.0,73151.0,150.327031,143.78933333333333,58.2064368205782,2.6541611217870695,3.26422031434761,-0.6100591925605405
2022-08-15 04:00:00+00:00,150.32,152.7,148.395,152.13,4502857.0,75220.0,150.881364,144.74266666666665,59.11522203749422,2.7925791302875496,3.169892077535598,-0.3773129472480483
2022-08-16 04:00:00+00:00,151.45,152.49,148.85,150.03,5270822.0,91841.0,150.351278,145.54933333333335,55.84582789478528,2.701680656830206,3.0762497933945196,-0.3745691365643138
2022-08-17 04:00:00+00:00,148.23,149.63,146.36,148.53,5169547.0,91273.0,148.044357,146.265,53.56694765346779,2.480017400909702,2.9570033148975563,-0.4769859139878543
2022-08-18 04:00:00+00:00,148.07,152.91,147.76,151.38,7808233.0,105512.0,151.173378,146.83100000000002,57.14518145732688,2.505437728596945,2.8666901976374346,-0.36125246904048947
2022-08-19 04:00:00+00:00,149.29,150.38,146.9,147.6,5400320.0,82670.0,147.90454,147.21733333333333,51.478850412121176,2.195263481302362,2.7324048543704205,-0.5371413730680583
2022-08-22 04:00:00+00:00,145.3,145.8106,141.1,141.61,6736816.0,97797.0,142.609985,147.52966666666669,44.02851138516004,1.4493974644043135,2.475803376377199,-1.0264059119728857
2022-08-23 04:00:00+00:00,142.09,143.61,140.56,140.72,4499332.0,76175.0,141.608044,147.7886666666667,43.03199028998515,0.7775150014282985,2.136145701387419,-1.3586306999591207
2022-08-24 04:00:00+00:00,140.25,141.71,138.61,141.31,5113128.0,90156.0,140.397855,147.97766666666666,43.93786639677825,0.2893163195932402,1.7667798250285836,-1.4774635054353433
2022-08-25 04:00:00+00:00,142.34,147.0,142.02,146.25,5618848.0,84793.0,145.349516,148.12266666666667,50.96818983515318,0.29760149684958037,1.472944159392783,-1.1753426625432026
2022-08-26 04:00:00+00:00,146.16,147.36,138.05,138.38,7918641.0,115568.0,140.219637,147.92299999999997,41.944003889968386,-0.3271050052641158,1.1129343264614033,-1.4400393317255191
2022-08-29 04:00:00+00:00,137.81,139.13,136.11,137.08,6852263.0,109128.0,137.668578,147.76933333333332,40.663254196742436,-0.9165234327860787,0.7070427746119069,-1.6235662073979857
2022-08-30 04:00:00+00:00,137.8,138.3,132.94,134.41,6144663.0,106556.0,134.608784,147.33733333333333,38.09069229342281,-1.5808652385906043,0.24946117197140466,-1.830326410562009
2022-08-31 04:00:00+00:00,133.79,134.17,131.3,132.27,8699801.0,104130.0,132.704608,146.68933333333334,36.11836501797581,-2.2540576478267838,-0.251242591988233,-2.0028150558385507
2022-09-01 04:00:00+00:00,129.98,130.13,126.0833,129.92,8716071.0,154686.0,128.106548,145.8246666666667,34.034279896527096,-2.9432647189055103,-0.7896470173716885,-2.153617701533822
2022-09-02 04:00:00+00:00,131.64,132.67,127.56,128.48,6119407.0,112314.0,129.768033,144.98399999999998,32.78588054117951,-3.5645720854896297,-1.3446320309952768,-2.219940054494353
2022-09-06 04:00:00+00:00,128.84,129.52,126.21,126.67,6671149.0,116669.0,127.490418,144.09799999999998,31.234996941287633,-4.155116921582703,-1.9067290091127622,-2.2483879124699406
2022-09-07 04:00:00+00:00,127.47,129.78,126.37,128.6,5335763.0,83252.0,128.204332,143.38566666666668,34.7778325101533,-4.4164826259680865,-2.408679732483827,-2.0078028934842593
2022-09-08 04:00:00+00:00,127.47,129.8,125.9,128.85,6647088.0,92018.0,127.925676,142.56666666666666,35.243242825805126,-4.550983019706308,-2.837140389928323,-1.713842629777985
2022-09-09 04:00:00+00:00,130.68,132.61,130.3082,132.05,5100116.0,90104.0,131.948624,142.08666666666667,41.04252579738931,-4.349227111441849,-3.1395577342310284,-1.2096693772108202
2022-09-12 04:00:00+00:00,133.0,134.22,132.32,133.0,7081303.0,104850.0,133.098245,141.68466666666666,42.68359340452235,-4.0658089256341725,-3.3248079725116577,-0.7410009531225148
2022-09-13 04:00:00+00:00,128.38,129.9,124.49,124.93,9594408.0,136055.0,126.1727,140.93466666666666,34.020660396138965,-4.44118431936738,-3.5480832418828028,-0.8931010774845776
2022-09-14 04:00:00+00:00,126.27,127.9,125.5,127.53,7505088.0,125098.0,126.805936,140.28466666666665,38.3611900126498,-4.477262655547321,-3.7339191246157064,-0.7433435309316145
2022-09-15 04:00:00+00:00,126.7,128.0845,124.23,124.98,7447338.0,120838.0,125.600497,139.47866666666667,35.86886911111644,-4.657925025425669,-3.918720304777699,-0.7392047206479702
2022-09-16 04:00:00+00:00,124.12,125.74,123.045,124.95,13817057.0,114513.0,124.65901,138.61,35.839368026097986,-4.748781012932312,-4.084732446408622,-0.6640485665236904
2022-09-19 04:00:00+00:00,123.62,127.18,123.41,126.65,5922656.0,87044.0,126.06329,137.82466666666667,38.905795310690365,-4.630234780774487,-4.1938329132817955,-0.43640186749269105
2022-09-20 04:00:00+00:00,125.74,126.55,123.89,124.77,5672744.0,87985.0,125.080822,137.05666666666667,36.81057246776076,-4.634561980300106,-4.281978726685458,-0.3525832536146476
2022-09-21 04:00:00+00:00,125.44,129.79,124.5,124.62,8122487.0,119745.0,126.497636,136.46033333333332,36.64102098875475,-4.597102527161525,-4.345003486780671,-0.2520990403808536
2022-09-22 04:00:00+00:00,124.75,125.16,122.47,123.68,8752797.0,124888.0,123.572088,135.68333333333334,35.536374276768726,-4.5903510749627685,-4.394073004417091,-0.19627807054567725
2022-09-23 04:00:00+00:00,122.34,122.68,119.05,121.19,10681286.0,146798.0,120.563794,134.79533333333333,32.72217899594645,-4.731382261132268,-4.461534855760127,-0.2698474053721407
2022-09-26 04:00:00+00:00,121.54,123.18,119.59,119.74,6424637.0,93775.0,120.632429,133.74366666666666,31.17398025606846,-4.903627409713707,-4.549953366550843,-0.3536740431628633
2022-09-27 04:00:00+00:00,121.56,122.6778,118.75,120.34,5544423.0,84662.0,120.441501,132.684,32.59514236866963,-4.934832270742305,-4.626929147389136,-0.30790312335316905
2022-09-28 04:00:00+00:00,118.58,120.45,117.78,118.93,11315263.0,138387.0,119.10354,131.64733333333334,30.97641161282624,-5.015521751368794,-4.704647668185068,-0.31087408318372667
2022-09-29 04:00:00+00:00,117.28,117.47,113.46,114.84,12125786.0,159408.0,114.879248,130.52433333333335,26.816262784942495,-5.347850868653154,-4.833288308278686,-0.5145625603744683
2022-09-30 04:00:00+00:00,113.76,116.28,112.92,112.98,7555461.0,103250.0,114.051393,129.24433333333334,25.161310997176955,-5.695654583122064,-5.005761563247361,-0.6898930198747024
2022-10-03 04:00:00+00:00,114.99,118.3168,113.665,117.22,7481733.0,99281.0,116.818633,128.23166666666665,35.00788913994052,-5.565009008040747,-5.117611052206039,-0.44739795583470787
2022-10-04 04:00:00+00:00,120.4,122.45,120.32,122.37,6637248.0,99074.0,121.814828,127.59033333333333,44.5507931412677,-4.988406246845528,-5.091770091133937,0.10336384428840883
2022-10-05 04:00:00+00:00,120.88,125.56,120.53,124.89,7070311.0,103068.0,123.674212,127.06266666666667,48.53302506962472,-4.278778371301158,-4.9291717471673815,0.6503933758662237
2022-10-06 04:00:00+00:00,124.51,127.209,124.4,125.28,6238446.0,95776.0,125.79997,126.52833333333334,49.14177809651503,-3.6429299973413265,-4.671923397202171,1.0289933998608447
2022-10-07 04:00:00+00:00,122.62,124.11,120.32,120.91,8618545.0,115336.0,121.608956,125.68366666666667,43.00385561157689,-3.45184731122076,-4.427908180005889,0.9760608687851287
2022-10-10 04:00:00+00:00,120.59,121.04,113.45,114.6,9512641.0,145585.0,115.323657,124.891,36.00987057147086,-3.7661631860696474,-4.295559181218641,0.5293959951489935
2022-10-11 04:00:00+00:00,112.0,112.49,108.65,110.03,10757504.0,154855.0,110.270678,123.98933333333335,31.9562372189708,-4.334061228346471,-4.303259590644207,-0.03080163770226374
2022-10-12 04:00:00+00:00,110.32,110.8,108.38,108.64,6982418.0,92198.0,109.204772,123.13033333333334,30.81982383555885,-4.84048777168762,-4.41070522685289,-0.42978254483472966
2022-10-13 04:00:00+00:00,105.38,115.2,104.66,112.86,10419117.0,145709.0,111.182637,122.48333333333333,38.02551975042076,-4.845460274058169,-4.497656236293946,-0.34780403776422286
2022-10-14 04:00:00+00:00,114.63,114.99,109.79,109.95,7992090.0,103268.0,111.045217,121.81766666666667,35.29542392477548,-5.026273940883428,-4.603379777211843,-0.42289416367158505
2022-10-17 04:00:00+00:00,113.92,114.48,110.61,111.59,7886423.0,111621.0,111.925497,121.25466666666668,37.997201342584596,-4.9798313842265,-4.6786700986147745,-0.30116128561172584
2022-10-18 04:00:00+00:00,114.95,116.0885,109.54,111.21,8908873.0,122554.0,111.706748,120.73933333333335,37.60537919968346,-4.917007940871628,-4.726337667066145,-0.19067027380548218
2022-10-19 04:00:00+00:00,110.86,113.67,110.75,112.85,5653722.0,75582.0,112.545204,120.21433333333334,40.45901355994435,-4.680926805013868,-4.71725549465569,0.03632868964182201
2022-10-20 04:00:00+00:00,113.165,116.09,111.72,111.98,7736402.0,107313.0,113.349968,119.65200000000002,39.42880563663097,-4.512020766321712,-4.676208548988894,0.1641877826671827
2022-10-21 04:00:00+00:00,111.75,115.99,111.02,115.74,7490095.0,96413.0,114.338617,119.10833333333333,45.84663703010799,-4.028324915308531,-4.546631822252822,0.5183069069442912
2022-10-24 04:00:00+00:00,116.34,117.0211,114.24,116.38,6525323.0,88449.0,116.032064,118.55433333333333,46.87837713569093,-3.5523999617761604,-4.34778545015749,0.7953854883813296
2022-10-25 04:00:00+00:00,116.57,119.94,116.225,119.17,6205073.0,89872.0,118.776402,118.36233333333334,51.23971773705151,-2.9164769929200247,-4.061523758709997,1.1450467657899726
2022-10-26 04:00:00+00:00,118.04,120.74,116.16,118.11,7348826.0,101536.0,118.688585,118.04833333333333,49.57441715997314,-2.4695689461761106,-3.74313279620322,1.2735638500271094
2022-10-27 04:00:00+00:00,119.315,120.6,114.38,114.7,8937212.0,120314.0,116.196582,117.70566666666667,44.55746898881774,-2.3633068702807094,-3.467167611018718,1.1038607407380088
2022-10-28 04:00:00+00:00,114.17,119.45,112.33,119.21,9389711.0,130862.0,117.498681,117.51433333333334,51.54224007917435,-1.8933487553167367,-3.152403839878322,1.2590550845615853
2022-10-31 04:00:00+00:00,118.13,118.38,115.4,117.66,6869441.0,101057.0,117.492297,117.21466666666667,49.245986678145016,-1.6272180526490274,-2.8473666824324635,1.220148629783436
2022-11-01 04:00:00+00:00,119.74,120.63,116.75,117.33,5749063.0,83518.0,117.729997,116.96666666666667,48.74804253387506,-1.4264920827224898,-2.5631917624904688,1.136699679767979
2022-11-02 04:00:00+00:00,118.71,118.79,112.25,112.5,13824060.0,182040.0,113.980565,116.56266666666667,42.04672981791412,-1.6382709714384873,-2.3782076042800724,0.7399366328415851
2022-11-03 04:00:00+00:00,104.38,106.5,101.93,103.88,24706112.0,327069.0,104.11094,115.90266666666666,33.25931989800324,-2.4731601751739447,-2.397198118458847,-0.07596205671509759
2022-11-04 04:00:00+00:00,106.61,107.5,104.3304,106.69,11977556.0,161908.0,106.127254,115.41933333333333,37.82130636534601,-2.8749319424860573,-2.4927448832642893,-0.382187059221768
2022-11-07 05:00:00+00:00,107.48,110.28,106.26,110.09,7570837.0,111465.0,108.620579,115.09766666666668,42.906498042445705,-2.8857225642549764,-2.5713404194624268,-0.31438214479254967
2022-11-08 05:00:00+00:00,111.57,114.89,109.92,112.54,9382548.0,148096.0,112.764235,114.83766666666666,46.313723475638014,-2.6658494324299937,-2.5902422220559402,-0.07560721037405349
2022-11-09 05:00:00+00:00,111.46,113.505,110.27,110.43,9581279.0,115739.0,111.15626,114.55433333333333,43.88471768703045,-2.631523196015195,-2.598498416847791,-0.03302477916740365
2022-11-10 05:00:00+00:00,115.91,121.0,114.525,120.68,11672435.0,144845.0,118.834912,114.749,55.96643768104837,-1.7569767350518646,-2.430194080488606,0.6732173454367416
2022-11-11 05:00:00+00:00,118.99,122.1598,118.99,121.43,9433817.0,137086.0,121.103503,115.03066666666668,56.70103146029068,-0.9919391746384179,-2.142543099318569,1.150603924680151
2022-11-14 05:00:00+00:00,120.74,123.21,120.26,120.8,6970437.0,98988.0,121.684817,115.15,55.85805929018496,-0.43150303272317103,-1.8003350859994893,1.3688320532763183
2022-11-15 05:00:00+00:00,125.65,128.125,123.42,126.02,12463273.0,156145.0,126.061309,115.27166666666666,61.02804252386069,0.42891278254060694,-1.35448551229147,1.783398294832077
2022-11-16 05:00:00+00:00,123.2,123.84,119.96,120.73,9561722.0,125431.0,121.202576,115.133,54.11138582293695,0.6761455405673047,-0.9483593017197152,1.6245048422870199
2022-11-17 05:00:00+00:00,118.95,123.115,118.71,122.86,7281360.0,104962.0,121.876527,115.05233333333334,56.26092322888589,1.0320555869920298,-0.5522763239773661,1.584331910969396
2022-11-18 05:00:00+00:00,124.04,124.49,122.13,123.85,6436642.0,90773.0,123.506749,115.15033333333332,57.2629625242809,1.3781155312052107,-0.16619795294085082,1.5443134841460615
2022-11-21 05:00:00+00:00,121.09,122.5,120.1,120.2,8204212.0,118540.0,120.757854,115.337,52.48852854538955,1.3423720056604935,0.13551603877941804,1.2068559668810754
2022-11-22 05:00:00+00:00,120.84,123.79,120.03,123.65,7010166.0,79343.0,122.092549,115.79099999999998,56.205415904345585,1.5742838075196488,0.4232695925274642,1.1510142149921845
2022-11-23 05:00:00+00:00,123.54,127.035,123.29,125.15,5481482.0,86466.0,125.52675,116.34133333333332,57.75292913069943,1.857698651625597,0.7101554043470908,1.1475432472785063
2022-11-25 05:00:00+00:00,124.86,125.36,123.4,123.45,3153811.0,43964.0,124.26956,116.69433333333335,55.36515718046357,1.9229644280433433,0.9527172090863413,0.9702472189570021
2022-11-28 05:00:00+00:00,122.16,123.45,118.845,119.54,7087876.0,98171.0,120.465448,117.014,50.22204773505376,1.6402756269114747,1.0902288926513681,0.5500467342601065
2022-11-29 05:00:00+00:00,120.14,121.37,118.32,118.38,6277578.0,84394.0,119.228816,117.24033333333334,48.774451197434125,1.307567584692336,1.1336966310595618,0.17387095363277427
2022-11-30 05:00:00+00:00,118.75,126.6,118.07,126.49,12761785.0,117593.0,123.756461,117.74966666666666,57.909048580882235,1.6789494025013738,1.2427471853479242,0.43620221715344965
2022-12-01 05:00:00+00:00,126.72,128.2,125.68,126.81,7924838.0,108197.0,126.951872,118.21499999999999,58.225587379585384,1.9763118021808026,1.3894601087145,0.5868516934663026
2022-12-02 05:00:00+00:00,123.71,125.82,123.1205,125.66,6122172.0,88512.0,124.742668,118.67099999999999,56.578848066349586,2.0950280776882693,1.5305737025092538,0.5644543751790154
2022-12-05 05:00:00+00:00,124.58,125.47,122.43,123.3,6091640.0,84554.0,123.706673,118.923,53.25046556247144,1.9759023325424039,1.619639428515884,0.35626290402651994
2022-12-06 05:00:00+00:00,122.82,123.0,118.5716,119.78,5968032.0,87966.0,120.308494,119.03633333333333,48.65313915109719,1.579255069735325,1.6115625567597722,-0.0323074870244473
2022-12-07 05:00:00+00:00,118.5,120.32,117.76,118.21,5425835.0,83579.0,118.426916,119.00433333333334,46.71587821745622,1.1252521707299508,1.5143004795538082,-0.38904830882385744
2022-12-08 05:00:00+00:00,118.98,122.35,118.18,121.75,7347612.0,103383.0,121.237251,119.12566666666667,51.41353071828747,1.0391216695635705,1.419264717555761,-0.38014304799219034
2022-12-09 05:00:00+00:00,120.405,121.4,118.85,119.05,6035995.0,82169.0,120.0304,119.27066666666666,47.941825608351245,0.7444140499082863,1.284294584026266,-0.5398805341179798
2022-12-12 05:00:00+00:00,116.06,121.25,116.06,121.21,9008426.0,105549.0,119.544534,119.33733333333333,50.80383664868187,0.677342108014173,1.1629040888238475,-0.4855619808096745
2022-12-13 05:00:00+00:00,126.98,127.95,121.82,123.49,9701555.0,133941.0,124.168429,119.53166666666667,53.69752876219323,0.7989542092878423,1.0901141129166465,-0.2911599036288042
2022-12-14 05:00:00+00:00,124.23,126.58,120.1,121.71,9409875.0,115245.0,123.278024,119.67766666666667,51.167168775391374,0.7431351523451184,1.020718320802341,-0.27758316845722253
2022-12-15 05:00:00+00:00,120.25,120.52,116.075,116.64,10210210.0,151231.0,117.144214,119.81566666666667,44.70528008744357,0.28648905186470586,0.8738724670148139,-0.5873834151501081
2022-12-16 05:00:00+00:00,116.08,116.66,113.35,114.53,12720347.0,111189.0,114.661754,120.17066666666666,42.31044893708371,-0.24286603029931086,0.6505247675519891,-0.8933907978512999
2022-12-19 05:00:00+00:00,114.01,115.16,111.51,112.61,7720218.0,99375.0,112.578517,120.368,40.20013509454996,-0.807997607148053,0.3588202926119807,-1.1668178997600336
2022-12-20 05:00:00+00:00,111.4,112.78,111.1,112.1,6260217.0,88846.0,112.095916,120.43499999999999,39.634641128547536,-1.282240322831285,0.03060816952332751,-1.3128484923546127
2022-12-21 05:00:00+00:00,112.76,114.9634,112.69,114.59,5843839.0,78678.0,114.360415,120.50333333333333,43.791954846762515,-1.440553102094995,-0.26362408480033706,-1.176929017294658
2022-12-22 05:00:00+00:00,112.57,112.59,107.375,110.68,12052941.0,139218.0,109.941534,120.51166666666667,39.22383811645903,-1.8600796032036584,-0.5829151884810013,-1.277164414722657
2022-12-23 05:00:00+00:00,109.7,110.92,108.21,110.84,5356708.0,76882.0,110.122793,120.18366666666667,39.50194528262418,-2.154807436229504,-0.897293638030702,-1.257513798198802
2022-12-27 05:00:00+00:00,109.75,110.685,108.89,109.46,6158132.0,81978.0,109.742246,119.78466666666667,37.891434119301,-2.4712488161075186,-1.2120846736460653,-1.2591641424614533
2022-12-28 05:00:00+00:00,108.87,110.27,106.82,106.97,5395637.0,82618.0,107.791609,119.32366666666667,35.109927290183904,-2.8896430730933673,-1.5475963535355257,-1.3420467195578416
2022-12-29 05:00:00+00:00,108.35,110.66,108.11,109.84,6668592.0,83636.0,109.881258,118.78433333333334,40.528846576438845,-2.955568567049852,-1.829190796238391,-1.1263777708114608
2022-12-30 05:00:00+00:00,107.97,110.06,107.22,109.94,5632517.0,79970.0,109.059371,118.42466666666668,40.71462052510831,-2.965560694029449,-2.056464775796603,-0.909095918232846
2023-01-03 05:00:00+00:00,111.35,111.74,107.13,107.2,8101800.0,99860.0,107.953446,117.90266666666666,37.27847292700742,-3.1581692186541517,-2.276805664368113,-0.8813635542860387
2023-01-04 05:00:00+00:00,109.8,112.23,108.81,111.53,7608616.0,102459.0,111.034574,117.492,45.15572488353507,-2.927669695569179,-2.406978470608326,-0.5206912249608528
2023-01-05 05:00:00+00:00,109.93,110.92,109.13,109.4,7533415.0,90839.0,109.769664,117.132,42.338813487510855,-2.8836296738294607,-2.502308711252553,-0.3813209625769076
2023-01-06 05:00:00+00:00,110.96,115.98,110.05,115.34,10259279.0,133171.0,114.117688,116.855,51.43704526204158,-2.3424173528216414,-2.470330439566371,0.12791308674472956
2023-01-09 05:00:00+00:00,116.73,118.85,113.54,114.64,10291798.0,139673.0,115.960048,116.50466666666668,50.427246224869364,-1.9475368465867717,-2.3657717209704514,0.4182348743836797
