timestamp,open,high,low,close,volume,trade_count,vwap,30sma,rsi,macd,signal,histogram
2022-01-03 05:00:00+00:00,116.47,117.8,114.78,116.68,5475237.0,71643.0,116.246723,,,,,
2022-01-04 05:00:00+00:00,116.9,117.05,114.165,114.24,8365082.0,98787.0,114.997458,,,,,
2022-01-05 05:00:00+00:00,114.4,114.9562,110.4,110.44,8599924.0,108516.0,111.836333,,,,,
2022-01-06 05:00:00+00:00,110.0,111.88,109.99,111.14,6082980.0,77970.0,111.150387,,,,,
2022-01-07 05:00:00+00:00,108.215,109.71,107.475,107.57,11250886.0,133552.0,108.211461,,,,,
2022-01-10 05:00:00+00:00,106.615,107.01,104.42,106.03,8466161.0,116607.0,105.533931,,,,,
2022-01-11 05:00:00+00:00,106.04,106.17,103.71,104.04,13073177.0,154705.0,104.538983,,,,,
2022-01-12 05:00:00+00:00,104.435,105.32,103.68,103.87,11800628.0,122181.0,104.120925,,,,,
2022-01-13 05:00:00+00:00,104.15,104.665,102.09,102.4,9811050.0,123408.0,103.325855,,,,,
2022-01-14 05:00:00+00:00,101.91,101.91,99.09,100.12,13692372.0,167609.0,100.169734,,,,,
2022-01-18 05:00:00+00:00,99.17,99.36,97.51,97.73,11387083.0,149162.0,98.132407,,,,,
2022-01-19 05:00:00+00:00,97.9376,98.39,96.78,96.87,10839971.0,117960.0,97.528398,,,,,
2022-01-20 05:00:00+00:00,97.49,98.94,95.59,95.72,20266897.0,156816.0,97.537485,,,,,
2022-01-21 05:00:00+00:00,95.9032,98.41,95.47,96.31,13377635.0,159472.0,97.026591,,,,,
2022-01-24 05:00:00+00:00,94.75,98.35,94.4054,98.1,16814658.0,178800.0,96.554839,,12.44947453516572,,,
2022-01-25 05:00:00+00:00,96.67,98.09,95.13,97.01,12349831.0,127554.0,96.907278,,11.885537876988835,,,
2022-01-26 05:00:00+00:00,97.7,98.64,94.9,95.58,11671491.0,123145.0,96.797173,,11.170628278093957,,,
2022-01-27 05:00:00+00:00,96.62,97.173,95.06,95.32,7285904.0,100648.0,95.90493,,11.040597293513756,,,
2022-01-28 05:00:00+00:00,95.06,97.22,93.79,97.21,8322146.0,102248.0,95.9685,,18.47009302007362,,,
2022-01-31 05:00:00+00:00,97.03,98.4,96.4202,98.32,8784862.0,93080.0,97.770444,,22.560583702382402,,,
2022-02-01 05:00:00+00:00,98.4175,99.03,96.8,98.76,11593348.0,150750.0,97.674577,,24.184379948729855,,,
2022-02-02 05:00:00+00:00,95.8,99.15,94.74,97.73,15570650.0,174302.0,97.438311,,22.970145791807326,,,
2022-02-03 05:00:00+00:00,96.84,97.47,95.67,95.94,8885906.0,105209.0,96.141071,,20.997140989057684,,,
2022-02-04 05:00:00+00:00,95.41,95.94,93.83,95.0,8248962.0,105417.0,94.908978,,20.024429493554223,,,
2022-02-07 05:00:00+00:00,95.35,96.11,94.88,95.19,6833610.0,81192.0,95.540839,,20.822854545032058,,,
2022-02-08 05:00:00+00:00,95.29,96.0267,94.35,94.92,7313502.0,81810.0,95.103655,,20.509506588310344,-3.7354901026499334,,
2022-02-09 05:00:00+00:00,96.21,97.972,96.2,97.13,9150055.0,90994.0,97.309539,,29.818873158134508,-3.457980996347004,,
2022-02-10 05:00:00+00:00,95.46,96.81,94.98,95.31,8803436.0,100340.0,95.733728,,27.01315497508324,-3.346337326208271,,
2022-02-11 05:00:00+00:00,95.55,96.49,93.36,93.73,6501410.0,89525.0,94.677181,,24.829004716260584,-3.346772202011735,,
2022-02-14 05:00:00+00:00,93.75,94.49,92.42,93.65,7507482.0,97752.0,93.552714,100.06866666666666,24.72001799982715,-3.3153548289003396,,
2022-02-15 05:00:00+00:00,95.15,95.46,94.385,94.51,7513737.0,68019.0,94.631619,99.32966666666668,28.360508479146688,-3.1843542678712,,
2022-02-16 05:00:00+00:00,94.34,95.55,93.16,95.18,6351446.0,80592.0,94.60879,98.69433333333333,31.15383176419411,-2.9919822697102205,,
2022-02-17 05:00:00+00:00,94.42,94.63,92.775,93.05,6365075.0,82711.0,93.507396,98.11466666666666,27.484805213432523,-2.9770813336045165,,
2022-02-18 05:00:00+00:00,92.56,94.05,92.53,93.34,6015430.0,83087.0,93.247786,97.52133333333333,28.71574296024869,-2.9083460550760662,-3.2515221535976986,0.34317609852163233
2022-02-22 05:00:00+00:00,93.51,94.04,92.36,93.11,8199067.0,109355.0,93.227806,97.03933333333333,28.305359109458877,-2.839697662438951,-3.1691572553659495,0.32945959292699856
2022-02-23 05:00:00+00:00,93.88,93.88,89.44,89.65,9674758.0,130209.0,90.594112,96.49333333333334,22.983938352141962,-3.0295634783222454,-3.141238499957209,0.11167502163496357
2022-02-24 05:00:00+00:00,87.5,91.2,87.25,91.01,9260494.0,123555.0,89.586507,96.059,28.661119027865908,-3.035303778762753,-3.1200515557183177,0.0847477769555649
2022-02-25 05:00:00+00:00,91.3,92.79,90.28,92.58,6586058.0,91993.0,91.999526,95.68266666666666,34.64995890820272,-2.8799686434524574,-3.0720349732651457,0.19206632981268834
2022-02-28 05:00:00+00:00,91.04,92.31,90.62,91.79,8033267.0,104754.0,91.524751,95.32900000000001,33.1422731790296,-2.7884671141529083,-3.0153214014426983,0.22685428728979007
2022-03-01 05:00:00+00:00,91.49,91.51,89.65,90.14,6634412.0,100802.0,90.362915,94.99633333333333,30.187793501480087,-2.8166244104093465,-2.9755820032360285,0.15895759282668198
2022-03-02 05:00:00+00:00,90.77,93.28,90.59,92.77,10195496.0,118815.0,92.610812,94.83099999999999,39.45286545584081,-2.596786116474533,-2.8998228258837297,0.3030367094091968
2022-03-03 05:00:00+00:00,93.48,93.5,91.08,91.53,6268591.0,90483.0,91.917143,94.653,36.962143760116916,-2.493872511637022,-2.8186327630343886,0.3247602513973664
2022-03-04 05:00:00+00:00,90.97,91.16,89.445,90.03,6846418.0,96531.0,90.036446,94.46333333333334,34.153264143305435,-2.5044801145519386,-2.755802233337899,0.2513221187859602
2022-03-07 05:00:00+00:00,90.04,90.05,84.35,84.46,14101240.0,173556.0,86.05165,94.06833333333334,26.19324799140125,-2.9285803149604845,-2.790357849662416,-0.13822246529806836
2022-03-08 05:00:00+00:00,84.755,86.92,83.76,84.0,10220668.0,128848.0,84.848229,93.59833333333333,25.661325760057608,-3.264173573799539,-2.8851209944898413,-0.3790525793096977
2022-03-09 05:00:00+00:00,86.5,88.125,86.33,87.6,8384232.0,95354.0,87.403307,93.28466666666667,36.525301478983195,-3.2027247187725862,-2.9486417393463906,-0.2540829794261956
2022-03-10 05:00:00+00:00,86.16,87.36,85.6,87.16,8814083.0,109527.0,86.683158,93.00399999999999,35.835970176427566,-3.153182456642952,-2.9895498828057034,-0.1636325738372486
2022-03-11 05:00:00+00:00,88.35,88.81,82.54,82.73,14963058.0,167776.0,84.219259,92.58433333333332,29.748521527864582,-3.431823904186473,-3.0780046870818576,-0.3538192171046153
2022-03-14 04:00:00+00:00,82.315,82.3395,78.92,79.29,17577617.0,199977.0,79.880117,91.98700000000001,26.04824625984844,-3.885439580704201,-3.2394916658063266,-0.6459479148978744
2022-03-15 04:00:00+00:00,80.5,83.44,80.28,83.12,12292720.0,132511.0,82.651063,91.48033333333335,35.64599239848009,-3.8910308989935487,-3.369799512443771,-0.5212313865497777
2022-03-16 04:00:00+00:00,88.01,90.09,85.62,87.41,20784470.0,198490.0,88.029005,91.102,44.357106257803544,-3.508847106781573,-3.397609031311332,-0.11123807547024134
2022-03-17 04:00:00+00:00,87.46,87.95,86.01,87.66,8345180.0,102477.0,87.255026,90.76633333333332,44.82581325081856,-3.149485479187774,-3.3479843208866207,0.19849884169884646
2022-03-18 04:00:00+00:00,86.12,89.75,84.9822,89.6,23448968.0,145718.0,88.417164,90.555,48.454339265525505,-2.677284939287375,-3.2138444445667718,0.5365595052793966
2022-03-21 04:00:00+00:00,89.565,89.72,85.97,86.86,11713050.0,132659.0,86.965134,90.28366666666666,44.04822063198226,-2.4953923802282247,-3.0701540316990625,0.5747616514708378
2022-03-22 04:00:00+00:00,87.4,89.095,87.15,87.89,8296322.0,95369.0,88.24837,90.04033333333334,46.03481202632543,-2.2422812028430883,-2.904579465927868,0.6622982630847796
2022-03-23 04:00:00+00:00,87.3635,87.71,86.1,86.22,7527299.0,93278.0,86.594324,89.75033333333333,43.34747356609771,-2.1516410359135136,-2.753991779924997,0.6023507440114835
2022-03-24 04:00:00+00:00,86.83,87.15,85.56,87.12,6039118.0,74763.0,86.567164,89.41666666666667,45.203976990066366,-1.984311662553722,-2.6000557564507423,0.6157440938970202
2022-03-25 04:00:00+00:00,87.39,87.67,86.215,87.45,7019657.0,84790.0,87.130631,89.15466666666667,45.90397680608667,-1.8042751260176573,-2.4408996303641257,0.6366245043464684
2022-03-28 04:00:00+00:00,87.48,88.42,86.753,88.38,11612929.0,156479.0,87.818656,88.97633333333333,47.923032350709775,-1.5684712854151286,-2.2664139613743264,0.6979426759591978
2022-03-29 04:00:00+00:00,89.7,91.9,89.66,91.23,8964506.0,114575.0,90.922498,88.89566666666666,53.634227754110185,-1.1384999426591236,-2.0408311576312856,0.9023312149721621
2022-03-30 04:00:00+00:00,90.75,91.54,90.3961,91.03,8122096.0,93836.0,91.040185,88.77966666666666,53.19335975916747,-0.8046078656547451,-1.7935864992359776,0.9889786335812325
2022-03-31 04:00:00+00:00,91.32,92.63,90.97,90.97,11266804.0,121296.0,91.783603,88.63933333333333,53.052470433546034,-0.5386285134073745,-1.542594902070257,1.0039663886628825
2022-04-01 04:00:00+00:00,91.5,91.89,90.48,91.49,6500926.0,87643.0,91.129597,88.58733333333333,54.185039667913905,-0.2826204338584972,-1.290600008427905,1.0079795745694078
2022-04-04 04:00:00+00:00,87.89,88.46,86.18,88.09,16219839.0,204575.0,87.334904,88.41233333333335,46.317214421115544,-0.350048628697877,-1.1024897324818994,0.7524411037840224
2022-04-05 04:00:00+00:00,86.56,86.62,83.82,84.12,17485337.0,204976.0,84.665318,88.11266666666667,39.16598604612964,-0.7155829850113804,-1.0251083829877956,0.3095253979764152
2022-04-06 04:00:00+00:00,83.65,83.89,82.07,83.36,9584677.0,136837.0,83.004978,87.903,37.95776440642261,-1.054442289986227,-1.0309751643874818,-0.023467125598745087
2022-04-07 04:00:00+00:00,82.99,83.5,81.45,83.12,10096289.0,141805.0,82.439169,87.64000000000001,37.56368111401413,-1.3270592122316458,-1.0901919739563146,-0.23686723827533118
2022-04-08 04:00:00+00:00,83.19,83.19,81.34,81.5,8584753.0,114219.0,82.104557,87.27066666666666,34.92767998219274,-1.6547555563016232,-1.2031046904253764,-0.4516508658762468
2022-04-11 04:00:00+00:00,80.88,81.74,80.29,80.68,7930644.0,118190.0,80.924858,86.90033333333332,33.64083071345766,-1.9580531984498606,-1.3540943920302733,-0.6039588064195873
2022-04-12 04:00:00+00:00,80.83,81.27,79.65,79.79,8421518.0,114498.0,80.390532,86.55533333333332,32.251919924992364,-2.244362710691945,-1.5321480557626077,-0.7122146549293373
2022-04-13 04:00:00+00:00,79.88,81.31,79.61,80.92,8570530.0,99043.0,80.640811,86.16033333333333,35.87208109895117,-2.3529600469421013,-1.6963104539985063,-0.6566495929435949
2022-04-14 04:00:00+00:00,80.745,81.08,79.245,79.5,9519088.0,112310.0,79.750761,85.75933333333333,33.45294732339757,-2.5245054238111067,-1.8619494479610266,-0.6625559758500801
2022-04-18 04:00:00+00:00,79.04,79.97,78.88,79.6,7769684.0,101347.0,79.438128,85.41166666666666,33.79156759726523,-2.6221605717989576,-2.0139916727286127,-0.6081688990703449
2022-04-19 04:00:00+00:00,79.62,81.54,79.41,81.22,8583303.0,93504.0,80.950854,85.30366666666667,39.18989912937945,-2.5395580743900297,-2.119104953060896,-0.4204531213291336
2022-04-20 04:00:00+00:00,81.31,81.52,80.0,80.17,8326811.0,103518.0,80.56544,85.176,37.07961730483617,-2.529660869019608,-2.2012161362526386,-0.3284447327669695
2022-04-21 04:00:00+00:00,81.05,81.19,78.73,78.96,8091311.0,114126.0,79.497774,84.888,34.75694137761127,-2.5896028207206143,-2.278893473146234,-0.3107093475743805
2022-04-22 04:00:00+00:00,78.89,79.48,77.7808,77.92,10263473.0,139799.0,78.226413,84.58,32.852140014860126,-2.690017707999502,-2.3611183201168875,-0.3288993878826143
2022-04-25 04:00:00+00:00,77.38,78.08,76.73,77.98,10176775.0,133021.0,77.488062,84.42166666666667,33.07999926991059,-2.733248543240805,-2.435544364741671,-0.2977041784991341
2022-04-26 04:00:00+00:00,77.49,77.58,75.63,75.63,8735507.0,118530.0,76.234001,84.29966666666665,28.938047667632233,-2.923435111669292,-2.533122514127195,-0.3903125975420969
2022-04-27 04:00:00+00:00,75.38,76.43,74.68,74.74,8378646.0,122997.0,75.205872,84.02033333333334,27.532049058243828,-3.1101233335244416,-2.6485226780066444,-0.46160065551779716
2022-04-28 04:00:00+00:00,75.62,77.0999,74.86,76.58,8753742.0,103646.0,76.032886,83.65933333333334,34.606059124809235,-3.0741654066756325,-2.7336512237404422,-0.3405141829351903
2022-04-29 04:00:00+00:00,76.02,76.7699,74.48,74.64,9110904.0,104029.0,75.31035,83.22533333333334,31.15311349903473,-3.1657178525157406,-2.8200645494955023,-0.3456533030202382
2022-05-02 04:00:00+00:00,75.25,75.72,73.47,75.37,12288055.0,143148.0,74.727287,82.75099999999999,33.82866493588435,-3.1431368017919965,-2.8846789999548013,-0.25845780183719524
2022-05-03 04:00:00+00:00,75.72,75.79,73.38,74.33,15495750.0,158941.0,74.422526,82.33333333333333,31.925146607900743,-3.1725888355350094,-2.942260967070843,-0.2303278684641663
2022-05-04 04:00:00+00:00,79.31,82.87,77.915,81.64,30133289.0,303705.0,80.080443,82.125,52.259418619129626,-2.576375029088254,-2.8690837794743254,0.29270875038607125
2022-05-05 04:00:00+00:00,80.425,81.22,77.13,77.48,18966507.0,191456.0,78.27174,81.83366666666667,44.17294922402192,-2.411747402623263,-2.777616504104113,0.3658691014808504
2022-05-06 04:00:00+00:00,77.03,77.2,75.21,76.52,11081900.0,124106.0,76.198917,81.48033333333335,42.537166866140716,-2.3318625396934465,-2.68846571122198,0.3566031715285334
2022-05-09 04:00:00+00:00,75.24,76.55,73.33,73.49,12702838.0,142280.0,74.450715,81.015,37.781568332425515,-2.48441015375478,-2.64765459972854,0.16324444597375987
2022-05-10 04:00:00+00:00,74.85,75.05,71.61,71.86,13954873.0,173623.0,72.430886,80.46433333333334,35.48335192193025,-2.7056436388027834,-2.6592524075433888,-0.046391231259394594
2022-05-11 04:00:00+00:00,71.545,71.95,69.96,70.06,11990495.0,156043.0,70.696777,79.75866666666667,33.0896364884526,-2.9917309146802467,-2.7257481089707603,-0.2659828057094864
2022-05-12 04:00:00+00:00,69.15,70.03,68.39,69.9,15353235.0,187691.0,69.285041,79.05433333333333,32.8773235321228,-3.1945431004568263,-2.8195071072679734,-0.37503599318885295
2022-05-13 04:00:00+00:00,71.88,75.73,71.88,75.595,16549622.0,180406.0,74.296725,78.54183333333334,46.12721590743819,-2.86273449272673,-2.828152584359725,-0.034581908367005365
2022-05-16 04:00:00+00:00,74.945,75.44,72.305,72.43,10254839.0,123516.0,73.406354,77.90650000000001,41.253416245977384,-2.8226253613971437,-2.827047139767209,0.004421778370065077
2022-05-17 04:00:00+00:00,74.01,74.35,72.8362,73.72,12351885.0,109124.0,73.579783,77.4275,43.85720152061435,-2.6561281746130305,-2.792863346736373,0.13673517212334252
2022-05-18 04:00:00+00:00,73.15,73.54,70.78,71.28,10469743.0,121307.0,71.676536,76.9995,40.225510333599225,-2.690056268447549,-2.7723019310786086,0.0822456626310597
2022-05-19 04:00:00+00:00,71.1,72.42,70.33,71.94,9479500.0,124531.0,71.552093,76.61883333333331,41.63340811086898,-2.6333326238056713,-2.744508069624021,0.1111754458183496
2022-05-20 04:00:00+00:00,72.88,73.43,71.46,73.39,15659260.0,156271.0,72.59054,76.2945,44.71430235405421,-2.4432120176183787,-2.6842488592228926,0.24103684160451389
2022-05-23 04:00:00+00:00,73.73,74.27,72.57,73.42,10735023.0,113695.0,73.404616,76.02516666666666,44.779248398447024,-2.264021092342091,-2.6002033058467324,0.3361822135046415
2022-05-24 04:00:00+00:00,72.97,73.335,71.265,72.72,9176221.0,104813.0,72.231626,75.75983333333333,43.495311083955734,-2.153668987440824,-2.510896442165551,0.35722745472472717
2022-05-25 04:00:00+00:00,72.72,73.5,71.93,72.48,8277382.0,97759.0,72.69175,75.51616666666668,43.03965861912292,-2.061812848416281,-2.421079723415697,0.3592668749994159
2022-05-26 04:00:00+00:00,72.95,74.77,72.87,74.49,8913303.0,93741.0,74.145875,75.30183333333333,47.95692494966285,-1.8060074648681024,-2.298065271706178,0.49205780683807543
2022-05-27 04:00:00+00:00,75.23,76.72,75.15,76.71,8469168.0,97526.0,76.116276,75.20883333333333,52.80317210257988,-1.4079148428304222,-2.1200351859310267,0.7121203431006045
2022-05-31 04:00:00+00:00,76.97,79.655,76.55,78.5,23142114.0,149309.0,78.425042,75.17216666666667,56.333956450650305,-0.9371822774979819,-1.8834646042444179,0.946282326746436
2022-06-01 04:00:00+00:00,78.75,78.88,76.05,76.28,7504250.0,96004.0,76.747177,75.0075,51.21651339139127,-0.7347885892460937,-1.6537294012447532,0.9189408119986595
2022-06-02 04:00:00+00:00,76.54,79.5,75.85,79.42,10165411.0,116188.0,78.369187,74.9825,57.146220627231166,-0.31736004615136437,-1.3864555302260757,1.0690954840747113
2022-06-03 04:00:00+00:00,79.0,79.9,78.32,79.05,10089720.0,106781.0,79.04953,74.9855,56.278146209051464,-0.016213922118154755,-1.1124072086044916,1.0961932864863368
2022-06-06 04:00:00+00:00,79.7,81.2999,78.53,78.98,7191556.0,86611.0,79.58298,75.02083333333333,56.10450684244975,0.2143275018066504,-0.8470602665222633,1.0613877683289137
2022-06-07 04:00:00+00:00,78.57,79.75,78.26,79.47,5489298.0,68437.0,79.227145,75.07050000000001,57.10226546645342,0.43159696497501443,-0.5913288202228077,1.0229257851978222
2022-06-08 04:00:00+00:00,78.9,79.7698,78.26,78.47,5147054.0,69041.0,78.762963,75.16516666666666,54.38535022220501,0.5171317641527793,-0.3696367033476904,0.8867684675004697
2022-06-09 04:00:00+00:00,77.97,80.27,77.73,78.91,13185787.0,129529.0,79.462551,75.30416666666666,55.39108115874031,0.6133526835752292,-0.1730388259631065,0.7863915095383357
2022-06-10 04:00:00+00:00,77.02,77.79,75.66,75.67,8636748.0,114012.0,76.321823,75.27383333333333,47.14754470705415,0.4232881311731518,-0.05377343453585484,0.4770615657090066
2022-06-13 04:00:00+00:00,73.09,74.01,71.91,72.36,9204531.0,118695.0,72.670347,75.19783333333334,40.513988832168714,0.00550777665672797,-0.041917192297338285,0.047424968954066254
2022-06-14 04:00:00+00:00,72.85,73.84,71.53,72.31,7632670.0,92885.0,72.567004,75.09583333333333,40.42147085747163,-0.3258643845929612,-0.09870663075646285,-0.22715775383649833
2022-06-15 04:00:00+00:00,73.25,75.27,73.1076,74.19,7516786.0,98427.0,74.230183,75.09116666666667,45.46430296908363,-0.43180138403825197,-0.1653255814128207,-0.26647580262543125
2022-06-16 04:00:00+00:00,72.43,72.61,70.35,70.95,10467478.0,109998.0,71.028553,74.73483333333334,39.291834466814954,-0.7683411826459405,-0.2859287016594447,-0.48241248098649586
2022-06-17 04:00:00+00:00,71.08,72.44,70.77,71.87,9822917.0,80244.0,71.659434,74.54783333333333,41.71173210529024,-0.9498656267671066,-0.4187160866809771,-0.5311495400861295
2022-06-21 04:00:00+00:00,73.06,73.17,72.03,72.96,7870714.0,82087.0,72.743671,74.42916666666666,44.53277493295084,-0.9943093863860781,-0.5338347466219974,-0.46047463976408076
2022-06-22 04:00:00+00:00,72.37,73.82,72.22,73.3,6700828.0,71676.0,73.299476,74.42283333333333,45.420131397947834,-0.9906763275532313,-0.6252030628082442,-0.3654732647449871
2022-06-23 04:00:00+00:00,73.855,75.36,73.51,75.2,6572345.0,73368.0,74.444223,74.53416666666666,50.21341759793639,-0.8249732036522488,-0.6651570909770452,-0.15981611267520357
2022-06-24 04:00:00+00:00,75.66,78.15,75.55,78.13,14224828.0,93988.0,77.682285,74.80316666666666,56.55043641222017,-0.4520152210671142,-0.6225287169950591,0.17051349592794485
2022-06-27 04:00:00+00:00,78.0,78.44,77.265,77.68,6659197.0,77113.0,77.658431,75.0625,55.38445889794779,-0.19055793874466076,-0.5361345613449795,0.34557662260031874
2022-06-28 04:00:00+00:00,78.39,79.89,76.19,76.34,7202745.0,85969.0,77.540004,75.08733333333333,51.949566697419705,-0.0904354760846644,-0.44699474429291647,0.35655926820825207
2022-06-29 04:00:00+00:00,76.21,77.15,75.64,76.43,8926341.0,95447.0,76.417631,75.22066666666666,52.16415253795179,-0.003781860313068819,-0.3583521674969469,0.3545703071838781
2022-06-30 04:00:00+00:00,76.01,76.88,74.87,76.39,6750926.0,74529.0,76.110058,75.30966666666667,52.05288953904885,0.06096136412693909,-0.2744894611721697,0.3354508252991088
2022-07-01 04:00:00+00:00,76.73,79.47,76.54,79.26,7536956.0,90739.0,78.592287,75.57566666666666,58.83699064511347,0.33993726516538914,-0.15160411590465794,0.4915413810700471
2022-07-05 04:00:00+00:00,78.02,79.55,77.3604,79.52,8089606.0,95441.0,78.597828,75.82833333333335,59.39746934148219,0.5753749395953491,-0.00620830480465652,0.5815832444000056
2022-07-06 04:00:00+00:00,79.83,80.475,78.175,78.86,4652815.0,65632.0,78.85583,76.01066666666665,57.265881599825065,0.7006281040108888,0.13515897695845255,0.5654691270524362
2022-07-07 04:00:00+00:00,78.81,79.65,78.37,79.24,5395567.0,67499.0,79.013887,76.20466666666667,58.196082170988554,0.82108994958989,0.27234517148474,0.54874477810515
2022-07-08 04:00:00+00:00,78.69,79.63,78.27,79.28,3927101.0,53329.0,79.155551,76.42333333333333,58.298980802865515,0.9093026212020305,0.39973666142819814,0.5095659597738325
2022-07-11 04:00:00+00:00,78.85,79.02,77.43,77.9,5299485.0,66763.0,78.102308,76.604,53.41411712934673,0.857967220086735,0.49138277315990553,0.36658444692682945
2022-07-12 04:00:00+00:00,78.36,79.44,77.38,77.76,5392858.0,69047.0,78.145067,76.71300000000001,52.92958386495666,0.7968016810922762,0.5524665547463796,0.2443351263458966
2022-07-13 04:00:00+00:00,75.9863,78.54,75.73,77.92,3897271.0,58404.0,77.764683,76.75333333333334,53.449304958361616,0.7525631342323322,0.5924858706435702,0.16007726358876206
2022-07-14 04:00:00+00:00,77.09,78.37,76.81,78.2,4504473.0,59389.0,77.811913,76.74333333333334,54.398218933899024,0.7316632683536568,0.6203213501855875,0.11134191816806926
2022-07-15 04:00:00+00:00,78.615,80.21,78.615,79.62,5584130.0,67404.0,79.576,76.85466666666666,58.96651339808058,0.8202270398919751,0.6603024881268651,0.15992455176511
2022-07-18 04:00:00+00:00,80.03,81.665,80.0,80.23,6768756.0,84388.0,80.705022,76.88166666666666,60.78396214323708,0.9289282621525672,0.7140276429320056,0.21490061922056158
2022-07-19 04:00:00+00:00,81.11,82.67,80.91,82.55,5948768.0,70353.0,82.059192,76.99833333333335,66.80579687297237,1.1885781854376063,0.8089377514331259,0.37964043400448044
2022-07-20 04:00:00+00:00,82.48,83.469,81.8865,83.27,6850326.0,73909.0,82.865372,77.14133333333334,68.4261932387518,1.4358984594023951,0.9343298930269797,0.5015685663754155
2022-07-21 04:00:00+00:00,82.95,83.61,82.6519,83.54,7695295.0,66962.0,83.245409,77.277,69.03660588837124,1.634842851148008,1.0744324846511855,0.5604103664968225
2022-07-22 04:00:00+00:00,84.16,84.43,82.84,83.59,6264735.0,72187.0,83.44852,77.44766666666668,69.15552860830991,1.7760688805652336,1.214759763833995,0.5613091167312385
2022-07-25 04:00:00+00:00,83.59,83.7,81.035,81.5,5859978.0,74586.0,81.612106,77.534,58.961501728133406,1.6997523066833935,1.3117582724038748,0.38799403427951873
2022-07-26 04:00:00+00:00,81.215,81.42,80.0,80.31,6587009.0,75081.0,80.62608,77.68866666666668,54.073940132568,1.525660947583006,1.3545388074397011,0.17112214014330496
2022-07-27 04:00:00+00:00,81.23,83.405,81.1212,82.96,6354138.0,78914.0,82.423779,78.042,61.6898406385031,1.5832741454663761,1.4002858750450362,0.18298827042133992
2022-07-28 04:00:00+00:00,83.19,84.89,82.82,84.67,5594602.0,67487.0,84.209423,78.45400000000001,65.64845559524571,1.7467799370220973,1.4695846874404483,0.277195249581649
2022-07-29 04:00:00+00:00,84.6,84.98,83.93,84.78,5799092.0,65778.0,84.503732,78.807,65.89260692116477,1.863751369870343,1.5484180239264274,0.3153333459439156
2022-08-01 04:00:00+00:00,84.19,85.59,84.03,84.91,7311507.0,83773.0,85.074621,79.27233333333334,66.19837053812432,1.9445266933853986,1.6276397578182218,0.31688693556717684
2022-08-02 04:00:00+00:00,84.7,85.1439,83.62,83.71,7254737.0,98826.0,84.199369,79.66699999999999,60.78169679865607,1.8899258591777084,1.6800969780901194,0.20982888108758901
2022-08-03 04:00:00+00:00,86.01,87.965,83.91,87.27,12915674.0,138905.0,86.473999,80.14399999999999,68.90940119699579,2.109598415178212,1.765997265507738,0.34360114967047384
2022-08-04 04:00:00+00:00,87.21,88.275,86.57,86.88,7086693.0,78343.0,87.059703,80.59666666666666,67.26477912983327,2.226554424407354,1.8581086972876615,0.36844572711969237
2022-08-05 04:00:00+00:00,85.76,86.15,84.92,85.73,4833610.0,66699.0,85.587871,80.94766666666666,62.526002707431154,2.201074894038072,1.9267019366377436,0.27437295740032863
2022-08-08 04:00:00+00:00,86.15,86.86,85.42,85.72,4885102.0,63828.0,86.077527,81.20066666666668,62.48477970835972,2.1552311036457326,1.9724077700393414,0.18282333360639114
2022-08-09 04:00:00+00:00,85.74,85.83,84.46,84.83,3144869.0,50416.0,84.826075,81.43900000000001,58.77099556906492,2.0237554148352643,1.9826772989985262,0.04107811583673815
2022-08-10 04:00:00+00:00,86.5,86.9,86.09,86.49,5272323.0,63417.0,86.433575,81.77733333333335,63.16812280640993,2.0301063091879286,1.992163101036407,0.037943208151521635
2022-08-11 04:00:00+00:00,86.94,87.55,86.5,87.27,5595696.0,65995.0,87.092806,82.13866666666667,65.05408836452352,2.0741691887042606,2.0085643185699777,0.06560487013428284
2022-08-12 04:00:00+00:00,87.305,88.395,87.19,88.31,5146949.0,57195.0,87.964711,82.536,67.44750140116456,2.1680170950067463,2.0404548738573314,0.12756222114941496
2022-08-15 04:00:00+00:00,88.11,89.25,88.01,89.16,5600991.0,64005.0,88.868828,82.866,69.29827913689698,2.284644177209472,2.0892927345277594,0.19535144268171267
2022-08-16 04:00:00+00:00,88.78,89.93,88.54,89.4,4580845.0,64057.0,89.39592,83.19533333333332,69.820033028568,2.3691281398787396,2.1452598155979556,0.22386832428078396
2022-08-17 04:00:00+00:00,88.4,89.0,87.86,88.35,3828060.0,58554.0,88.367366,83.51166666666668,64.64403418919098,2.324559983680814,2.1811198492145274,0.14344013446628656
2022-08-18 04:00:00+00:00,88.03,88.78,87.6846,88.55,3428312.0,48228.0,88.456921,83.82199999999999,65.17363380644693,2.279105616475249,2.200717002666672,0.0783886138085772
2022-08-19 04:00:00+00:00,87.77,87.97,86.55,86.92,4597726.0,60563.0,87.113449,84.07666666666667,57.60084101216042,2.0874920169099056,2.1780720055153187,-0.09057998860541305
2022-08-22 04:00:00+00:00,85.382,85.55,84.34,84.95,5915201.0,75662.0,84.89116,84.31166666666667,50.034029389743274,1.7564273219010573,2.0937430687924667,-0.3373157468914094
2022-08-23 04:00:00+00:00,84.85,85.61,84.58,84.69,4558227.0,59413.0,85.030778,84.54266666666666,49.11694925299206,1.4562891440804435,1.9662522838500622,-0.5099631397696187
2022-08-24 04:00:00+00:00,84.76,86.475,84.48,86.05,4385983.0,56468.0,85.876611,84.81366666666666,53.878967673849246,1.3130322908696428,1.8356082852539783,-0.5225759943843356
2022-08-25 04:00:00+00:00,86.35,87.63,86.3,87.39,4236346.0,58425.0,87.060637,85.11999999999999,58.04525823446028,1.292725271506555,1.7270316825044938,-0.4343064109979389
2022-08-26 04:00:00+00:00,87.51,87.99,83.96,84.06,6674910.0,76691.0,85.086089,85.268,46.74455053062801,0.9964422760339744,1.58091380121039,-0.5844715251764157
2022-08-29 04:00:00+00:00,83.2,84.66,83.04,84.12,5035514.0,70035.0,84.148425,85.39766666666668,46.944977931234504,0.7577425812787055,1.4162795572240532,-0.6585369759453477
2022-08-30 04:00:00+00:00,84.18,85.02,82.69,83.41,6811864.0,89599.0,83.509882,85.42633333333333,44.79650940502119,0.505453731185213,1.2341143920162851,-0.7286606608310722
2022-08-31 04:00:00+00:00,83.87,84.76,83.65,84.07,6568880.0,68840.0,84.070224,85.453,47.21487353848566,0.35468094286483165,1.0582277021859945,-0.7035467593211628
2022-09-01 04:00:00+00:00,83.7,85.465,82.93,85.4,7556724.0,88886.0,84.30796,85.515,51.79752550751855,0.33860903243873963,0.9143039682365436,-0.575694935797804
2022-09-02 04:00:00+00:00,85.47,85.77,82.5524,82.94,10329816.0,107375.0,83.806983,85.49333333333333,44.160751867614884,0.1259189711939257,0.75662696882802,-0.6307079976340944
2022-09-06 04:00:00+00:00,83.07,84.62,81.67,84.52,11058546.0,108105.0,83.944805,85.594,49.32817596475843,0.08388637083180583,0.6220788492287773,-0.5381924783969715
2022-09-07 04:00:00+00:00,85.11,88.617,84.92,88.31,9937904.0,104819.0,87.642341,85.86066666666666,59.10452334815793,0.35233505862979086,0.56813009110898,-0.21579503247918919
2022-09-08 04:00:00+00:00,87.3,89.48,87.16,89.46,7718227.0,99113.0,88.777022,86.07733333333333,61.529886990459346,0.6503807820198944,0.5845802292911629,0.06580055272873142
2022-09-09 04:00:00+00:00,89.5,89.95,88.64,88.69,7096165.0,88099.0,89.099663,86.21133333333333,59.006527012859465,0.8150561404364254,0.6306754115202154,0.18438072891620993
2022-09-12 04:00:00+00:00,89.77,90.38,88.54,89.07,9078938.0,101736.0,89.211098,86.35433333333334,59.880949453234805,0.9651002971395428,0.697560388644081,0.26753990849546183
2022-09-13 04:00:00+00:00,86.72,89.3,86.07,87.84,16008822.0,181337.0,87.771027,86.452,55.73662768039141,0.9735383082643381,0.7527559725681325,0.22078233569620553
2022-09-14 04:00:00+00:00,89.565,93.48,89.51,92.7,24313790.0,263243.0,92.438028,86.75166666666668,65.80650400861339,1.3567471396781912,0.8735542059901444,0.4831929336880467
2022-09-15 04:00:00+00:00,92.09,93.15,91.73,92.22,11030090.0,133503.0,92.291123,86.91666666666667,64.25177598686565,1.6032298749491076,1.0194893397819371,0.5837405351671705
2022-09-16 04:00:00+00:00,91.15,92.0962,90.65,91.31,11983660.0,109226.0,91.326613,87.06433333333332,61.29514891198511,1.7054801105608135,1.1566874939377123,0.5487926166231012
2022-09-19 04:00:00+00:00,90.885,92.55,90.83,92.14,6286956.0,76431.0,91.849524,87.278,62.968931478699375,1.8323658494524722,1.2918231650406644,0.5405426844118078
2022-09-20 04:00:00+00:00,91.66,92.02,90.095,90.79,6560039.0,79536.0,90.982031,87.44699999999999,58.53499388691744,1.8032037833482093,1.3940992887021735,0.4091044946460358
2022-09-21 04:00:00+00:00,91.29,91.52,88.57,88.6,8803473.0,110339.0,90.067979,87.57266666666666,52.12307117119765,1.5851058251941765,1.4323005960005741,0.1528052291936024
2022-09-22 04:00:00+00:00,88.0,88.02,84.38,84.7,9950254.0,126116.0,85.223842,87.51299999999999,43.07418807952828,1.085056361396056,1.3628517490796705,-0.27779538768361456
2022-09-23 04:00:00+00:00,83.9,84.44,83.225,84.17,7153192.0,99655.0,83.896457,87.40966666666667,42.00690023907357,0.6386351990311994,1.2180084390699764,-0.579373240038777
2022-09-26 04:00:00+00:00,84.31,86.025,84.28,84.81,7583548.0,94886.0,85.01528,87.29299999999999,43.817224773641385,0.3326512661352865,1.0409370044830384,-0.7082857383477519
2022-09-27 04:00:00+00:00,85.97,86.5,83.17,84.28,8628753.0,110697.0,84.536006,87.13033333333333,42.630417286746116,0.046850164679696604,0.8421196365223701,-0.7952694718426735
2022-09-28 04:00:00+00:00,84.68,87.48,84.25,87.11,7847815.0,96955.0,86.571246,87.05400000000002,50.36163845180822,0.048153003542921624,0.6833263099264805,-0.6351733063835588
2022-09-29 04:00:00+00:00,86.81,87.34,85.61,86.57,6881455.0,90240.0,86.476145,86.99466666666666,49.004590547377816,0.005548070987984488,0.5477706621387813,-0.5422225911507969
2022-09-30 04:00:00+00:00,86.565,86.7,84.15,84.26,7717057.0,88386.0,85.084367,86.85166666666667,43.59311018819724,-0.21216859207915206,0.39578281129519466,-0.6079514033743467
2022-10-03 04:00:00+00:00,84.75,86.22,83.8,85.62,6739878.0,84828.0,85.440529,86.80833333333334,47.28401829101935,-0.27183642106815853,0.2622589648225241,-0.5340953858906826
2022-10-04 04:00:00+00:00,87.09,88.95,86.86,88.51,5982360.0,76107.0,88.302779,86.927,54.14974416033846,-0.08494555863997277,0.19281806013002473,-0.2777636187699975
2022-10-05 04:00:00+00:00,87.73,90.64,87.55,90.12,7980791.0,106162.0,89.322524,87.108,57.47270083926571,0.190879995212768,0.19243044714657337,-0.0015504519338053746
2022-10-06 04:00:00+00:00,90.19,90.9,89.26,89.35,6892711.0,86342.0,90.002527,87.218,55.404569878108816,0.3433828650949664,0.222620930736252,0.1207619343587144
2022-10-07 04:00:00+00:00,88.54,88.9,86.3,87.03,6606378.0,87693.0,87.216825,87.206,49.611834865250444,0.27388075044316906,0.23287289467763542,0.041007855765533646
2022-10-10 04:00:00+00:00,87.01,87.57,86.13,87.06,5092424.0,74520.0,86.981374,87.30600000000001,49.685092468638096,0.21869954095311073,0.2300382239327305,-0.011338682979619763
2022-10-11 04:00:00+00:00,86.71,87.2,85.64,86.21,5530403.0,82117.0,86.371699,87.37566666666666,47.57460997703564,0.10516782934747937,0.20506414501568027,-0.0998963156682009
2022-10-12 04:00:00+00:00,87.0,88.055,86.41,86.87,5257752.0,74802.0,87.258485,87.491,49.37285465809203,0.06766956151575698,0.17758522831569562,-0.10991566679993864
2022-10-13 04:00:00+00:00,85.09,89.97,84.71,89.37,7587455.0,116018.0,88.27355,87.66766666666666,55.58720804347093,0.2369496130832971,0.18945810526921592,0.04749150781408118
2022-10-14 04:00:00+00:00,90.01,90.7,86.24,86.37,6311534.0,82831.0,87.225496,87.7,47.97677322166169,0.12755991430478275,0.1770784670763293,-0.04951855277154654
2022-10-17 04:00:00+00:00,87.9,89.22,87.81,88.9,6255283.0,76072.0,88.736832,87.89866666666667,53.73007735754987,0.2422254219363822,0.19010785804833988,0.05211756388804231
2022-10-18 04:00:00+00:00,90.11,90.465,88.075,88.96,5484433.0,79629.0,88.980954,88.04666666666667,53.86039683026483,0.33408899148322746,0.21890408473531742,0.11518490674791004
2022-10-19 04:00:00+00:00,88.385,89.1316,87.01,87.52,6473381.0,83417.0,87.841852,88.02033333333334,50.20563617971063,0.28738279678080403,0.23259982714441474,0.05478296963638929
2022-10-20 04:00:00+00:00,87.33,88.23,86.47,86.79,4540684.0,69128.0,87.178635,87.93133333333334,48.41218671999695,0.18928098843240093,0.223936059402012,-0.03465507096961107
2022-10-21 04:00:00+00:00,87.0,88.9694,86.56,88.61,9088750.0,83220.0,88.093609,87.92866666666667,52.92701861608686,0.255448734160197,0.23023859435364902,0.02521013980654796
2022-10-24 04:00:00+00:00,86.9,87.51,82.43,83.76,16698353.0,174011.0,83.954765,87.75166666666665,42.302377370582896,-0.08251612299507372,0.1676876508839045,-0.2502037738789782
2022-10-25 04:00:00+00:00,84.1,86.0,84.1,85.21,10674028.0,120597.0,85.179464,87.664,45.805103498180934,-0.23069353389455216,0.08801141392821316,-0.3187049478227653
2022-10-26 04:00:00+00:00,85.61,88.23,85.48,85.89,9984352.0,100958.0,86.88304,87.437,47.4172955508189,-0.2899129466061652,0.012426541821337483,-0.3023394884275027
2022-10-27 04:00:00+00:00,86.13,86.4,84.081,85.28,9524568.0,102276.0,85.266123,87.20566666666667,46.09266191009282,-0.3816670397949622,-0.06639217450192246,-0.3152748652930397
2022-10-28 04:00:00+00:00,85.17,87.79,84.31,87.1,8276565.0,101565.0,86.520958,87.06533333333333,50.532857115162244,-0.3040194827230067,-0.11391763614613931,-0.1901018465768674
2022-10-31 04:00:00+00:00,86.6,87.57,85.95,86.59,7446025.0,81834.0,86.691468,86.88033333333333,49.30725783217893,-0.28040365330511463,-0.14721483957793438,-0.13318881372718025
2022-11-01 04:00:00+00:00,88.06,88.88,86.58,87.1,6219632.0,78569.0,87.251431,86.75733333333332,50.597607196559956,-0.21802197893718755,-0.16137626744978503,-0.05664571148740252
2022-11-02 04:00:00+00:00,87.27,88.58,84.53,84.58,7599443.0,92930.0,86.196667,86.62333333333332,44.56175174549378,-0.367688507806335,-0.20263871552109503,-0.16504979228523997
2022-11-03 04:00:00+00:00,84.07,85.47,82.97,84.68,8855106.0,103294.0,84.850152,86.62266666666667,44.84293802068907,-0.4727812183698461,-0.25666721609084525,-0.21611400227900085
2022-11-04 04:00:00+00:00,91.98,93.6,90.52,91.86,20193353.0,234528.0,91.99864,86.87899999999999,60.38101047467046,0.023032540799704293,-0.20072726471273536,0.22375980551243965
2022-11-07 05:00:00+00:00,91.67,92.36,89.28,90.45,10362815.0,100592.0,90.44167,87.06700000000001,56.98598211318989,0.2987495026470839,-0.10083191124077151,0.3995814138878554
2022-11-08 05:00:00+00:00,90.92,93.7771,90.92,92.75,9674019.0,114064.0,92.768194,87.34933333333333,60.85266567031098,0.6948382960870987,0.05830213022480253,0.6365361658622961
2022-11-09 05:00:00+00:00,91.605,92.595,91.34,91.63,6271203.0,78945.0,91.934936,87.5,58.11312519247148,0.9079011593681656,0.22822193605347518,0.6796792233146904
2022-11-10 05:00:00+00:00,93.89,96.42,93.33,96.26,10407975.0,118334.0,95.100254,87.82300000000001,65.10654688232026,1.4338290304930013,0.4693433549413804,0.9644856755516209
2022-11-11 05:00:00+00:00,96.76,98.67,96.57,97.38,8294396.0,104159.0,97.585337,88.26033333333334,66.56095836438757,1.9188855787475774,0.7592517997026198,1.1596337790449576
2022-11-14 05:00:00+00:00,97.13,98.56,96.685,97.42,8520998.0,92562.0,97.674937,88.65366666666667,66.61447984798258,2.280238879189241,1.0634492155999442,1.216789663589297
2022-11-15 05:00:00+00:00,98.91,99.53,97.29,97.83,6402605.0,92727.0,98.412157,88.96433333333333,67.19408865655865,2.570071363818016,1.3647736452435586,1.2052977185744576
2022-11-16 05:00:00+00:00,96.52,97.96,96.26,97.07,5348881.0,79101.0,97.212976,89.196,64.94334566138235,2.707232753611862,1.6332654669172193,1.0739672866946428
2022-11-17 05:00:00+00:00,95.21,97.01,95.1,96.97,5249906.0,73238.0,96.277978,89.45,64.6365535967219,2.775866517654194,1.8617856770646144,0.9140808405895795
2022-11-18 05:00:00+00:00,97.75,98.35,97.13,97.95,5964815.0,67552.0,97.821289,89.814,66.31591798342004,2.876182241417794,2.0646649899352507,0.8115172514825435
2022-11-21 05:00:00+00:00,96.99,98.485,96.7,98.32,4499170.0,67356.0,97.973433,90.18933333333332,66.95399002736758,2.9515158456038932,2.2420351610689795,0.7094806845349138
2022-11-22 05:00:00+00:00,98.5,98.73,97.52,98.43,5399030.0,65462.0,98.240224,90.59666666666665,67.15320120175437,2.98567732072857,2.3907635930008975,0.5949137277276724
2022-11-23 05:00:00+00:00,98.49,100.08,98.27,99.52,5944870.0,66175.0,99.396322,91.01833333333333,69.13851852621474,3.0653687633963216,2.525684627079982,0.5396841363163394
2022-11-25 05:00:00+00:00,99.64,99.88,98.52,99.56,2320020.0,31607.0,99.338639,91.358,69.2120605678607,3.0960629847069754,2.6397602986053808,0.45630268610159463
2022-11-28 05:00:00+00:00,98.99,100.16,98.56,98.66,5257862.0,67627.0,98.975596,91.76766666666667,65.43383001819251,3.0130335229451504,2.7144149434733347,0.2986185794718157
2022-11-29 05:00:00+00:00,98.96,99.33,98.2,98.66,4423921.0,55339.0,98.60663,92.093,65.43383001819251,2.913645385975684,2.754261031973805,0.1593843540018791
2022-11-30 05:00:00+00:00,99.05,102.56,98.52,102.2,14984593.0,105529.0,100.955552,92.53433333333334,72.32539971089442,3.0849664138659847,2.8204021083522415,0.2645643055137432
2022-12-01 05:00:00+00:00,102.33,103.56,101.95,103.37,7452313.0,108074.0,102.945185,93.06266666666667,74.1591530515256,3.2773693113428095,2.9117955489503555,0.365573762392454
2022-12-02 05:00:00+00:00,102.02,105.54,101.82,105.05,7933778.0,105939.0,104.364697,93.67133333333332,76.56080644255921,3.524780478182578,3.0343925347968,0.4903879433857776
2022-12-05 05:00:00+00:00,103.39,104.24,103.0,103.55,9285799.0,91812.0,103.588733,94.16933333333333,70.2801780287346,3.558794577807106,3.1392729433988613,0.41952163440824464
2022-12-06 05:00:00+00:00,103.82,104.19,101.44,102.08,8382988.0,85624.0,102.265368,94.78,64.6802903026077,3.4276227803299264,3.1969429107850744,0.23067986954485198
2022-12-07 05:00:00+00:00,101.29,102.97,101.06,101.87,4192976.0,63524.0,102.083395,95.33533333333334,63.8970163409823,3.2690394885135703,3.2113622263307735,0.057677262182796785
2022-12-08 05:00:00+00:00,102.74,103.905,102.4,103.74,5465134.0,71694.0,103.564756,95.93033333333332,67.65345749883019,3.2567130976202776,3.220432400588675,0.03628069703160275
2022-12-09 05:00:00+00:00,103.43,103.5,101.75,101.79,7999590.0,77362.0,102.182484,96.48066666666666,60.57549648651428,3.0543865737281095,3.187223235216562,-0.13283666148845263
2022-12-12 05:00:00+00:00,101.13,102.845,100.82,102.7,5795969.0,68512.0,102.34385,97.00066666666666,62.54483919667922,2.9336534102943403,3.1365092702321182,-0.20285585993777788
2022-12-13 05:00:00+00:00,104.82,105.2,100.9904,102.11,7049258.0,92522.0,102.421919,97.518,60.436925936154026,2.7585644257203654,3.0609203013297677,-0.30235587560940225
2022-12-14 05:00:00+00:00,102.32,103.3,100.7,102.19,5596129.0,82422.0,102.295936,98.021,60.630676007892426,2.596331581102916,2.9680025572843975,-0.37167097618148137
2022-12-15 05:00:00+00:00,101.21,101.55,99.445,99.99,7246497.0,101602.0,100.084152,98.53466666666667,52.9509924610471,2.264139676276116,2.8272299810827413,-0.5630903048066251
2022-12-16 05:00:00+00:00,99.28,99.54,98.02,98.83,13834682.0,101660.0,98.775494,99.00633333333333,49.39810695695693,1.885537589289001,2.638891502723993,-0.7533539134349923
2022-12-19 05:00:00+00:00,98.43,98.81,97.73,98.3,5771050.0,68944.0,98.272709,99.22099999999999,47.819356818113505,1.5251452124268638,2.4161422446645675,-0.8909970322377037
2022-12-20 05:00:00+00:00,98.19,98.575,97.27,98.0,4533502.0,68705.0,97.975468,99.47266666666665,46.90554380257861,1.2014743164531012,2.1732086590222743,-0.9717343425691731
2022-12-21 05:00:00+00:00,96.72,99.07,96.35,98.67,5612194.0,85636.0,98.257828,99.67,49.238601190651245,0.9876412860867134,1.9360951844351622,-0.9484538983484487
2022-12-22 05:00:00+00:00,98.45,98.56,96.17,97.76,4757114.0,70018.0,97.310387,99.87433333333334,46.2650169709027,0.7362605211434072,1.6961282517768113,-0.959867730633404
2022-12-23 05:00:00+00:00,97.59,98.3,96.88,98.27,3944525.0,47267.0,97.938134,99.94133333333335,48.15473540301267,0.5716031067730682,1.4712232227760629,-0.8996201160029946
2022-12-27 05:00:00+00:00,98.57,99.455,98.2099,99.2,4402463.0,71167.0,99.084679,100.002,51.50395599004766,0.5102720487134462,1.2790329879635396,-0.7687609392500934
2022-12-28 05:00:00+00:00,99.41,99.91,98.39,98.6,3491489.0,53425.0,98.837447,100.04133333333333,49.29157295655719,0.4085423360033218,1.104934857571496,-0.6963925215681741
2022-12-29 05:00:00+00:00,99.0,100.65,98.6697,99.77,3976076.0,59183.0,99.975486,100.106,53.487329679168106,0.41751714985146293,0.9674513160274893,-0.5499341661760264
2022-12-30 05:00:00+00:00,99.19,99.25,98.24,99.2,3984481.0,62464.0,98.913071,100.17699999999999,51.261975330669195,0.3743205834948782,0.8488251695209672,-0.474504586026089
2023-01-03 05:00:00+00:00,100.56,101.17,99.47,100.83,6598929.0,83688.0,100.628756,100.30566666666667,56.7974523032818,0.46623984821840736,0.7723081052604552,-0.3060682570420479
2023-01-04 05:00:00+00:00,102.69,104.73,102.55,104.46,8162002.0,122670.0,103.958468,100.52266666666668,66.04613778909432,0.8225157411132642,0.7823496324310171,0.040166108682247126
2023-01-05 05:00:00+00:00,104.49,105.1,103.49,104.43,5557351.0,91535.0,104.358675,100.72633333333333,65.92053748081928,1.0898827142803214,0.843856248800878,0.2460264654794434
2023-01-06 05:00:00+00:00,105.38,107.0,105.01,106.69,9644109.0,99903.0,106.355976,101.00166666666668,70.4756171310882,1.4672228475105697,0.9685295685428164,0.4986932789677534
2023-01-09 05:00:00+00:00,106.52,106.68,104.431,104.74,10124761.0,91509.0,105.310568,101.17566666666667,62.68969188530072,1.590583660183725,1.0929403868709981,0.49764327331272695
