timestamp,open,high,low,close,volume,trade_count,vwap,30sma,rsi,macd,signal,histogram
2022-01-03 05:00:00+00:00,1147.75,1201.07,1136.04,1199.78,34890336.0,1162659.0,1170.754238,,,,,
2022-01-04 05:00:00+00:00,1189.55,1208.0,1123.05,1149.59,33512632.0,1051348.0,1162.182187,,,,,
2022-01-05 05:00:00+00:00,1146.65,1170.34,1081.0101,1088.12,26748880.0,810846.0,1126.646002,,,,,
2022-01-06 05:00:00+00:00,1077.0,1088.0,1020.5,1064.7,30134340.0,880379.0,1060.305232,,,,,
2022-01-07 05:00:00+00:00,1080.37,1080.9299,1010.0,1026.96,28053117.0,823207.0,1039.254771,,,,,
2022-01-10 05:00:00+00:00,1000.0,1059.1,980.0,1058.12,30569295.0,970202.0,1017.299586,,,,,
2022-01-11 05:00:00+00:00,1053.67,1075.85,1038.82,1064.4,22027070.0,644110.0,1060.484698,,,,,
2022-01-12 05:00:00+00:00,1078.73,1114.84,1072.5901,1106.22,27903594.0,761281.0,1095.952253,,,,,
2022-01-13 05:00:00+00:00,1109.065,1115.6,1026.5391,1031.56,32432338.0,923597.0,1068.594147,,,,,
2022-01-14 05:00:00+00:00,1019.99,1052.0,1013.3788,1049.61,24298971.0,709972.0,1035.147281,,,,,
2022-01-18 05:00:00+00:00,1026.605,1070.7899,1016.06,1030.51,22367535.0,662348.0,1042.164518,,,,,
2022-01-19 05:00:00+00:00,1041.705,1054.6699,995.0,995.65,25129165.0,827617.0,1015.369728,,,,,
2022-01-20 05:00:00+00:00,1009.73,1041.66,994.0,996.27,23460122.0,711282.0,1018.912473,,,,,
2022-01-21 05:00:00+00:00,996.34,1004.55,940.5,943.9,34362369.0,1142232.0,963.810474,,,,,
2022-01-24 05:00:00+00:00,904.99,933.5131,851.47,930.0,50240538.0,1580266.0,887.445649,,21.03126879134095,,,
2022-01-25 05:00:00+00:00,914.2,951.26,903.21,918.4,28844795.0,817931.0,921.830866,,20.481778458489117,,,
2022-01-26 05:00:00+00:00,952.43,987.69,906.0,937.41,34532135.0,1086815.0,946.73384,,23.986813252333604,,,
2022-01-27 05:00:00+00:00,933.36,935.39,829.0,829.1,48922317.0,1857316.0,867.139507,,18.880473760845234,,,
2022-01-28 05:00:00+00:00,831.56,857.5,792.01,846.35,44902319.0,1443634.0,830.394442,,21.73801950957261,,,
2022-01-31 05:00:00+00:00,872.71,937.99,862.05,936.72,34795157.0,1018290.0,913.363533,,34.71319071230991,,,
2022-02-01 05:00:00+00:00,935.21,943.7,905.0,931.25,24355050.0,755053.0,927.181145,,34.34205202087672,,,
2022-02-02 05:00:00+00:00,928.18,931.5,889.41,905.66,22250600.0,715859.0,909.282386,,32.58675561176146,,,
2022-02-03 05:00:00+00:00,882.0,937.0,880.52,891.14,26254053.0,766207.0,909.306126,,31.5998177406056,,,
2022-02-04 05:00:00+00:00,897.22,936.5,881.17,923.32,24515573.0,682196.0,914.55155,,36.21086437641777,,,
2022-02-07 05:00:00+00:00,923.79,947.77,902.7089,907.34,20318520.0,640095.0,922.048066,,34.95085023473595,,,
2022-02-08 05:00:00+00:00,905.53,926.2899,894.8,922.0,16888463.0,512322.0,914.811202,,37.11277625616549,-60.84685958862951,,
2022-02-09 05:00:00+00:00,935.0,946.2699,920.0,932.0,17202339.0,498874.0,932.882236,,38.61155171517194,-55.94101355943428,,
2022-02-10 05:00:00+00:00,908.37,943.81,896.7,904.55,21516725.0,670774.0,921.051446,,36.07028222021934,-53.64964115981479,,
2022-02-11 05:00:00+00:00,909.63,915.96,850.7,860.0,25712567.0,917534.0,879.750743,,32.349063298239685,-54.79686060558515,,
2022-02-14 05:00:00+00:00,861.57,898.8799,853.15,875.76,21891414.0,673081.0,875.414418,975.213,34.90741579208171,-53.81400563454383,,
2022-02-15 05:00:00+00:00,900.0,923.0,893.3774,922.43,18920855.0,584234.0,914.426068,965.9680000000001,41.9128190351929,-48.70773458162489,,
2022-02-16 05:00:00+00:00,914.05,926.4299,901.21,923.39,16780900.0,464343.0,914.212183,958.428,42.05097380490495,-44.07543977285218,,
2022-02-17 05:00:00+00:00,913.26,918.4999,874.1,876.35,18149070.0,629617.0,890.624487,951.3690000000001,37.36182103250414,-43.69634338680112,,
2022-02-18 05:00:00+00:00,886.0,886.87,837.61,856.98,22525270.0,736921.0,856.170261,944.445,35.60133880201741,-44.446551706712285,-51.10827222177756,6.6617205150652765
2022-02-22 05:00:00+00:00,834.19,856.7338,801.1001,821.53,27579130.0,905700.0,823.556685,937.5973333333333,32.576008598549166,-47.3557285760819,-50.35776349263843,3.002034916556532
2022-02-23 05:00:00+00:00,830.43,835.2997,760.56,764.04,31772399.0,1234438.0,789.605834,927.7946666666667,28.366149225228995,-53.68142864665822,-51.0224965234424,-2.65893212321582
2022-02-24 05:00:00+00:00,700.39,802.48,700.0,800.77,45216807.0,1313578.0,755.552166,919.0070000000001,34.21548680413653,-55.09567880284578,-51.83713297932308,-3.2585458235227023
2022-02-25 05:00:00+00:00,809.23,819.5,782.4005,809.87,24636701.0,726859.0,802.143594,909.1286666666667,35.61816133438309,-54.849912642561435,-52.439688911970755,-2.4102237305906797
2022-02-28 05:00:00+00:00,815.01,876.86,814.7075,870.43,32122124.0,848292.0,855.749058,903.7576666666666,44.15243637336605,-49.20129342703888,-51.79200981498438,2.5907163879455055
2022-03-01 05:00:00+00:00,869.68,889.88,853.78,864.37,24157473.0,648571.0,867.666128,897.583,43.53060955403918,-44.698457364426645,-50.37329932487284,5.674841960446194
2022-03-02 05:00:00+00:00,872.585,886.48,844.2721,879.89,24283971.0,672819.0,865.884264,892.5623333333333,45.64206303524819,-39.42314754483675,-48.183268968865626,8.760121424028874
2022-03-03 05:00:00+00:00,878.77,886.439,832.6001,839.29,20038426.0,627576.0,855.20177,887.3503333333333,41.2923825145827,-38.07954985091499,-46.1625251452755,8.082975294360516
2022-03-04 05:00:00+00:00,849.1,855.65,825.1609,838.29,21832434.0,581744.0,839.696783,882.0843333333335,41.188264892652356,-36.67269069070937,-44.26455825436228,7.5918675636529045
2022-03-07 05:00:00+00:00,856.3,866.14,804.57,804.58,23581848.0,679982.0,831.316312,877.4403333333333,37.73418259516453,-37.84164501601026,-42.97997560669187,5.138330590681612
2022-03-08 05:00:00+00:00,795.53,849.99,782.17,824.4,25682302.0,710562.0,821.517965,873.9203333333334,40.87374511627034,-36.74516598294383,-41.73301368194227,4.987847698998436
2022-03-09 05:00:00+00:00,839.48,860.56,832.01,858.97,19015970.0,521312.0,850.715956,871.9393333333334,45.98915918151322,-32.70963208543674,-39.92833736264116,7.218705277204421
2022-03-10 05:00:00+00:00,851.45,854.45,810.3601,838.3,19210350.0,559271.0,830.235671,868.6356666666667,43.562340085245474,-30.824018552228154,-38.107473600558556,7.283455048330403
2022-03-11 05:00:00+00:00,840.197,843.802,793.77,795.35,21892445.0,731665.0,808.992306,867.5106666666667,38.961615220170444,-32.42162597148376,-36.9703040747436,4.548678103259839
2022-03-14 04:00:00+00:00,780.56,800.7,756.04,766.03,22786207.0,767451.0,773.994501,864.8333333333334,36.15448402741683,-35.642752855840854,-36.704793830963055,1.0620409751222013
2022-03-15 04:00:00+00:00,775.27,805.57,756.57,801.89,21886701.0,607898.0,788.104498,860.339,41.68815744090179,-34.89961576688029,-36.343758218146505,1.4441424512662167
2022-03-16 04:00:00+00:00,808.0,842.0,802.2601,840.23,27326647.0,730514.0,827.672525,857.3050000000001,46.97936230444854,-30.861207896419614,-35.247248153801124,4.386040257381509
2022-03-17 04:00:00+00:00,830.83,875.0,825.7178,871.6,21832556.0,596800.0,856.533806,856.1696666666667,50.904765271670854,-24.84306830678338,-33.16641218439758,8.3233438776142
2022-03-18 04:00:00+00:00,874.49,907.85,867.39,905.39,33384628.0,692802.0,896.2399,856.6446666666667,54.787651969354,-17.149391211691977,-29.96300798985646,12.813616778164484
2022-03-21 04:00:00+00:00,914.98,942.85,907.09,921.16,27045590.0,736829.0,922.470259,856.5726666666667,56.51616019014268,-9.668141166116698,-25.90403462510851,16.23589345899181
2022-03-22 04:00:00+00:00,930.0,997.86,921.75,993.98,35093226.0,934124.0,963.001715,859.4606666666666,63.46251149783973,2.1124181706287573,-20.30074406596106,22.413162236589816
2022-03-23 04:00:00+00:00,979.94,1040.7,976.4,999.11,40075930.0,1117485.0,1009.661743,862.0310000000001,63.900020691350775,11.727358754453576,-13.895123501878134,25.622482256331708
2022-03-24 04:00:00+00:00,1009.99,1024.49,988.8,1013.92,22779780.0,676954.0,1008.857952,864.7616666666668,65.19571797315672,20.308211248852444,-7.054456551732019,27.362667800584465
2022-03-25 04:00:00+00:00,1008.048,1021.7999,997.3201,1010.64,20508872.0,585346.0,1007.503106,868.298,64.6423459832684,26.53801635131481,-0.3359619711226536,26.873978322437463
2022-03-28 04:00:00+00:00,1065.1,1097.8799,1053.6,1091.84,65336935.0,2121994.0,1079.713266,876.026,71.16696709123462,37.59398312559381,7.250027048220639,30.34395607737317
2022-03-29 04:00:00+00:00,1107.99,1114.77,1073.11,1099.57,24598310.0,833574.0,1096.618704,883.4863333333334,71.70230870950402,46.444282072671626,15.088878053110838,31.355404019560787
2022-03-30 04:00:00+00:00,1091.17,1113.95,1084.0,1093.99,19955002.0,597499.0,1098.548645,889.205,70.68209887573855,52.40386920132039,22.55187628275275,29.85199291856764
2022-03-31 04:00:00+00:00,1094.57,1103.1399,1076.641,1077.6,16261241.0,506972.0,1089.405932,894.3453333333333,67.63788056191714,55.16840191805295,29.075181409812792,26.093220508240158
2022-04-01 04:00:00+00:00,1081.15,1094.75,1066.64,1084.59,18057555.0,548116.0,1081.406344,901.2866666666666,68.26561981033473,57.2632534548884,34.712795818827914,22.550457636060486
2022-04-04 04:00:00+00:00,1089.38,1149.91,1072.53,1145.45,27372047.0,858339.0,1122.312887,910.9023333333333,73.14920655269364,63.10687498996003,40.39161165305434,22.715263336905693
2022-04-05 04:00:00+00:00,1136.3,1152.87,1087.3,1091.26,26708023.0,856933.0,1114.093096,919.8933333333333,63.74302340374464,62.64319528108513,44.8419283786605,17.80126690242463
2022-04-06 04:00:00+00:00,1073.47,1079.0,1027.7,1045.54,29241024.0,959026.0,1047.242127,929.2766666666666,57.0746649674213,57.91885140340719,47.45731298360984,10.46153841979735
2022-04-07 04:00:00+00:00,1052.39,1076.59,1021.5401,1057.01,25796269.0,766967.0,1051.195177,937.8179999999999,58.25454369002307,54.47238424678301,48.86032723624447,5.6120570105385355
2022-04-08 04:00:00+00:00,1043.21,1048.44,1022.435,1025.49,18370032.0,579470.0,1034.426294,945.0053333333333,53.8722986632408,48.6369768249632,48.81565715398822,-0.1786803290250205
2022-04-11 04:00:00+00:00,980.49,1008.4681,974.64,975.73,19247775.0,753108.0,988.226289,948.5153333333333,47.763674217695126,39.541350191629135,46.96079576151641,-7.419445569887273
2022-04-12 04:00:00+00:00,997.64,1021.1921,976.6001,986.95,21911504.0,611390.0,997.269352,952.6013333333334,49.163427045203875,32.85957604651969,44.14055181851707,-11.280975771997376
2022-04-13 04:00:00+00:00,981.075,1026.24,973.097,1022.37,18354275.0,518724.0,1004.878581,957.3506666666667,53.40796834201819,30.075626775604633,41.32756680993459,-11.251940034329955
2022-04-14 04:00:00+00:00,999.29,1012.7099,982.19,985.0,19448903.0,579100.0,991.712138,962.2076666666667,48.7803392922669,24.57064513285809,37.97618247451929,-13.405537341661201
2022-04-18 04:00:00+00:00,989.03,1014.92,973.41,1004.29,17210701.0,543314.0,997.42495,967.741,51.1340477118937,21.51642139414946,34.684230258445325,-13.167808864295864
2022-04-19 04:00:00+00:00,1005.06,1034.94,995.325,1028.15,16590726.0,526924.0,1021.441997,975.1933333333333,53.95270932542924,20.781671497507205,31.903718506257704,-11.1220470087505
2022-04-20 04:00:00+00:00,1030.0,1034.0,975.2501,977.2,23556408.0,861588.0,998.419695,980.2866666666666,47.634209611229245,15.90479711697526,28.703934228401216,-12.799137111425956
2022-04-21 04:00:00+00:00,1074.73,1092.22,996.415,1008.78,35066333.0,1116917.0,1046.308315,985.2803333333333,51.43096653413519,14.421835170781037,25.847514416877182,-11.425679246096145
2022-04-22 04:00:00+00:00,1014.91,1034.85,994.0001,1005.05,23183920.0,689893.0,1013.88235,990.8386666666667,50.960981205045535,12.798069142614281,23.237625362024602,-10.43955621941032
2022-04-25 04:00:00+00:00,979.69,1008.62,975.3,998.02,22678675.0,715493.0,992.723327,997.5943333333333,50.032982890295365,10.819243118921122,20.753948913403907,-9.934705794482785
2022-04-26 04:00:00+00:00,995.43,1000.0,875.0,876.42,45271017.0,1565207.0,911.355177,1001.274,37.359992188077634,-0.5547002685185589,16.492219077019413,-17.046919345537972
2022-04-27 04:00:00+00:00,898.58,918.0,877.36,881.87,25074619.0,907453.0,897.25449,1003.9399999999999,38.116554696513646,-9.024830269862832,11.388809207642964,-20.413639477505797
2022-04-28 04:00:00+00:00,899.98,900.0,821.7,877.51,41559747.0,1363374.0,858.822751,1005.1826666666667,37.72401320229833,-15.905931208011566,5.929861124512058,-21.835792332523624
2022-04-29 04:00:00+00:00,902.25,934.3999,870.0,870.76,29290659.0,888385.0,901.175437,1005.1546666666667,37.08722034369161,-21.654304521854442,0.41302799523875766,-22.0673325170932
2022-05-02 04:00:00+00:00,860.77,906.3599,848.03,902.94,25126930.0,780641.0,876.908957,1005.0730000000001,42.10475246631111,-23.344177579459483,-4.338413119700891,-19.00576445975859
2022-05-03 04:00:00+00:00,904.0,924.08,888.59,909.25,21168901.0,604768.0,908.681213,1004.676,43.06364285927537,-23.898759860153405,-8.250482467791393,-15.648277392362012
2022-05-04 04:00:00+00:00,903.94,955.5,885.28,952.62,27026810.0,723157.0,917.218674,1003.2973333333334,49.28145485016493,-20.60119600758992,-10.720625175751099,-9.88057083183882
2022-05-05 04:00:00+00:00,939.21,945.6,857.7,873.28,30686905.0,1010201.0,890.346461,999.103,40.555960232468664,-24.11197992928419,-13.398896126457718,-10.713083802826471
2022-05-06 04:00:00+00:00,887.0,888.0,843.105,865.65,24195499.0,786134.0,868.064655,994.1606666666667,39.825684599370724,-27.196474683554243,-16.158411837877022,-11.03806284567722
2022-05-09 04:00:00+00:00,836.45,845.63,781.15,787.11,30223764.0,1126111.0,810.069342,986.7096666666667,33.198849074544285,-35.568469437657086,-20.040423357833035,-15.528046079824051
2022-05-10 04:00:00+00:00,819.0,825.36,774.25,800.04,27973309.0,888960.0,800.410106,976.983,35.11307179998015,-40.69093291237971,-24.17052526874237,-16.520407643637338
2022-05-11 04:00:00+00:00,795.0,809.77,727.2,734.0,32402586.0,1137023.0,765.981513,964.7973333333333,30.332213707003234,-49.50869280952827,-29.238158776899553,-20.270534032628717
2022-05-12 04:00:00+00:00,701.0,759.66,680.0,728.0,46652838.0,1389234.0,720.968479,952.5976666666667,29.933443613998634,-56.33162500462174,-34.65685202244399,-21.67477298217775
2022-05-13 04:00:00+00:00,773.48,787.3499,751.565,769.59,30602785.0,860508.0,769.718133,942.3306666666666,36.19517387351359,-57.71755051354535,-39.26899172066427,-18.44855879288108
2022-05-16 04:00:00+00:00,767.16,769.76,719.0885,724.37,28554811.0,840394.0,740.525206,930.3233333333334,32.766401521788396,-61.75293317137948,-43.76578001080731,-17.98715316057217
2022-05-17 04:00:00+00:00,747.36,764.48,728.85,761.61,26634832.0,724602.0,750.233358,917.5286666666666,37.97718752563152,-61.240108379980256,-47.2606456846419,-13.979462695338356
2022-05-18 04:00:00+00:00,744.52,760.5,700.81,709.81,29347788.0,883301.0,725.140959,904.8136666666667,34.02677506267152,-64.2726233339555,-50.663041214504624,-13.60958211945087
2022-05-19 04:00:00+00:00,707.0,734.0,694.11,709.5,29511657.0,815224.0,712.418747,893.6123333333333,34.003978676974626,-65.94080316018722,-53.718593603641146,-12.222209556546069
2022-05-20 04:00:00+00:00,713.99,721.582,633.0,663.9,48046224.0,1676151.0,663.535274,880.5086666666667,30.7414292935336,-70.13392634985394,-57.00166015288371,-13.132266196970228
2022-05-23 04:00:00+00:00,655.02,679.9551,638.06,674.9,29590574.0,883161.0,662.936113,868.8223333333333,32.42573611750932,-71.74239692466574,-59.949807507240116,-11.792589417425624
2022-05-24 04:00:00+00:00,653.53,653.92,620.57,628.16,29593653.0,912510.0,636.240139,857.2366666666666,29.17865149722273,-75.91356450408045,-63.14255890660819,-12.771005597472268
2022-05-25 04:00:00+00:00,623.85,669.32,623.0101,658.8,30590856.0,769378.0,652.186078,846.2983333333333,33.85478529770239,-75.87224492095436,-65.68849610947743,-10.183748811476931
2022-05-26 04:00:00+00:00,661.42,718.6699,653.66,707.73,35567628.0,909805.0,695.494428,835.8103333333333,40.59978441051552,-71.07198319718373,-66.7651935270187,-4.306789670165031
2022-05-27 04:00:00+00:00,723.26,759.8,720.5311,759.63,29703865.0,776714.0,747.650744,828.298,46.79699755958569,-62.36098631164043,-65.88435208394304,3.5233657723026113
2022-05-31 04:00:00+00:00,773.56,778.8,734.23,758.01,32304069.0,864968.0,759.960296,820.0886666666667,46.63345216500116,-54.954695460441144,-63.698420759242666,8.743725298801522
2022-06-01 04:00:00+00:00,755.16,771.98,730.92,740.37,25636584.0,660022.0,747.050497,810.496,44.79757717805385,-49.93296108459617,-60.94532882431337,11.012367739717199
2022-06-02 04:00:00+00:00,732.47,792.63,726.2,775.0,31052521.0,758122.0,770.96479,803.756,49.0390947135012,-42.66701009401004,-57.28966507825271,14.622654984242672
2022-06-03 04:00:00+00:00,729.675,743.3899,700.2534,703.55,36920083.0,1081787.0,715.377163,793.5816666666667,41.8877939858721,-42.18779481541401,-54.26929102568497,12.081496210270963
2022-06-06 04:00:00+00:00,733.06,734.6,703.05,714.84,27958792.0,747385.0,716.355493,783.9079999999999,43.294945181246966,-40.43094187844656,-51.50162119623729,11.070679317790727
2022-06-07 04:00:00+00:00,702.0,719.99,690.28,716.66,24190027.0,639574.0,710.128579,774.5293333333333,43.53232045177701,-38.44855348762087,-48.89100765451401,10.442454166893143
2022-06-08 04:00:00+00:00,720.26,749.89,717.53,725.6,25382915.0,681660.0,734.751517,769.5020000000001,44.755674566909754,-35.74407764309785,-46.26162165223079,10.517544009132934
2022-06-09 04:00:00+00:00,748.02,766.6399,717.98,719.12,32180555.0,874552.0,742.85095,764.077,44.01138917859403,-33.73476947268125,-43.75625121632088,10.021481743639626
2022-06-10 04:00:00+00:00,705.47,718.5,683.74,696.69,32608806.0,971300.0,697.983684,758.0496666666666,41.442327810365526,-33.56537111155512,-41.71807519536773,8.152704083812608
2022-06-13 04:00:00+00:00,669.5,679.9,644.0501,647.21,34082473.0,1037393.0,657.309333,750.5980000000001,36.3952580722646,-36.99726275327612,-40.77391270694941,3.7766499536732923
2022-06-14 04:00:00+00:00,654.86,678.99,635.21,662.67,32655269.0,805229.0,656.271499,742.5889999999999,38.899101914738374,-38.03116916484362,-40.22536399852826,2.194194833684641
2022-06-15 04:00:00+00:00,662.75,706.9899,654.45,699.0,38861187.0,875944.0,683.569142,735.5806666666666,44.43467043661387,-35.509686505361174,-39.28222849989484,3.7725419945336682
2022-06-16 04:00:00+00:00,668.21,675.5,626.08,639.3,35866467.0,979183.0,647.329238,725.1366666666667,38.29493581603164,-37.891890273511876,-39.00416085461825,1.1122705811063724
2022-06-17 04:00:00+00:00,640.3,662.9082,639.59,650.28,30894923.0,673227.0,650.510344,717.7033333333333,39.938683582172125,-38.450575387891945,-38.89344376127299,0.4428683733810459
2022-06-21 04:00:00+00:00,673.81,730.7321,673.0,711.11,40927708.0,1004598.0,712.802511,712.5519999999999,48.17534062535209,-33.597572837757866,-37.834269576569966,4.2366967388121
2022-06-22 04:00:00+00:00,703.51,740.5,701.48,708.26,33830752.0,758112.0,718.67348,709.9236666666667,47.84428730122695,-29.639834966994727,-36.19538265465492,6.555547687660194
2022-06-23 04:00:00+00:00,713.715,717.95,685.91,705.21,34702607.0,794666.0,702.161322,706.7626666666667,47.468348678947905,-26.4445721341516,-34.24522055055426,7.800648416402659
2022-06-24 04:00:00+00:00,712.405,738.2,708.26,737.4,29655650.0,678782.0,729.961502,706.8760000000001,51.77522942613715,-21.07193518951226,-31.61056347834586,10.5386282888336
2022-06-27 04:00:00+00:00,748.1,756.21,727.6966,734.76,29713729.0,680546.0,738.385339,707.1013333333334,51.40301089955476,-16.833066527022652,-28.65506408808122,11.82199756105857
2022-06-28 04:00:00+00:00,733.45,749.91,697.03,697.99,30199337.0,777219.0,718.608472,704.7146666666667,46.39961657320789,-16.253405135875255,-26.17473229764003,9.921327161764776
2022-06-29 04:00:00+00:00,691.5,693.52,666.82,685.47,27599202.0,734308.0,678.798895,703.4179999999999,44.800591392685334,-16.612776921889463,-24.26234122248992,7.649564300600456
2022-06-30 04:00:00+00:00,673.53,688.37,656.59,673.42,31517105.0,759370.0,674.648319,700.4783333333334,43.25551554063371,-17.666270179628327,-22.943127013917604,5.276856834289276
2022-07-01 04:00:00+00:00,681.0,690.69,666.3601,681.79,24817437.0,624843.0,676.780771,699.5443333333334,44.68260395654631,-17.622639311137164,-21.879029473361516,4.256390162224353
2022-07-05 04:00:00+00:00,669.0,699.44,648.5001,699.2,28259653.0,783236.0,674.624637,699.2009999999999,47.63275948540089,-15.998795875012888,-20.702982753691792,4.704186878678904
2022-07-06 04:00:00+00:00,692.34,703.69,681.56,695.2,23951309.0,603510.0,691.284185,700.2443333333333,47.01240270277042,-14.863319725627775,-19.535050148078987,4.671730422451212
2022-07-07 04:00:00+00:00,701.76,736.085,696.63,733.63,27314079.0,699835.0,723.8996,702.202,53.30463367612627,-10.738678073253368,-17.775775733113864,7.037097659860496
2022-07-08 04:00:00+00:00,727.0,764.9399,723.4843,752.29,33951371.0,825388.0,750.44032,706.3396666666667,56.03465981568579,-5.896196116854526,-15.399859809861997,9.503663693007471
2022-07-11 04:00:00+00:00,756.31,759.19,700.88,703.03,32424520.0,847317.0,717.338087,707.8140000000001,48.04846361695042,-5.9646083035295305,-13.512809508595504,7.548201205065974
2022-07-12 04:00:00+00:00,710.54,719.32,685.105,699.21,29309672.0,691896.0,699.332113,707.53,47.483295405514944,-6.254964195613638,-12.061240445999132,5.806276250385494
2022-07-13 04:00:00+00:00,676.5,726.1799,675.1,711.12,32651507.0,769778.0,708.969144,705.913,49.47858884996485,-5.461083892310626,-10.741209135261432,5.280125242950806
2022-07-14 04:00:00+00:00,704.69,715.96,688.0,714.94,26188580.0,600569.0,701.677932,704.4773333333334,50.1330121151013,-4.472133980693684,-9.487394104347882,5.015260123654198
2022-07-15 04:00:00+00:00,720.0,730.8699,710.67,720.2,23228428.0,519686.0,719.023847,703.8050000000001,51.07282302160554,-3.226750044461596,-8.235265292370624,5.008515247909028
2022-07-18 04:00:00+00:00,734.81,751.55,718.81,721.64,27666062.0,642641.0,738.602922,702.0263333333334,51.343176851146474,-2.09937801414344,-7.008087836725187,4.908709822581747
2022-07-19 04:00:00+00:00,735.0,741.42,710.93,736.59,26956592.0,622879.0,729.507007,703.1276666666668,54.17427604401447,0.00040779894504794356,-5.60638870959114,5.606796508536188
2022-07-20 04:00:00+00:00,740.35,751.99,730.449,742.5,29720367.0,751727.0,744.954267,704.0496666666667,55.281982903729066,2.1169874781575118,-4.06171347204141,6.178700950198921
2022-07-21 04:00:00+00:00,765.32,819.8,764.6,815.12,47365966.0,1184823.0,797.007571,707.3316666666667,66.11929151660581,9.544199620239397,-1.3405308535852485,10.884730473824645
2022-07-22 04:00:00+00:00,828.66,842.36,812.14,816.73,34385327.0,905725.0,825.627341,710.3693333333333,66.31420416841614,15.382907713093005,2.0041568597504025,13.378750853342602
2022-07-25 04:00:00+00:00,816.65,822.44,802.2,805.3,21351742.0,560851.0,810.941726,713.242,63.5203393175494,18.870295447230774,5.377384577246477,13.492910869984296
2022-07-26 04:00:00+00:00,799.54,801.9299,768.79,776.58,22273586.0,551723.0,782.001569,715.9050000000001,57.01982659461301,19.096479051501206,8.121203472097424,10.975275579403782
2022-07-27 04:00:00+00:00,791.43,827.7768,785.3701,824.46,29275547.0,669212.0,811.026306,721.8133333333333,63.69101623763218,22.875551914659013,11.072073160609744,11.80347875404927
2022-07-28 04:00:00+00:00,840.2,849.9,818.4,842.7,28240997.0,700681.0,837.389749,727.8143333333334,65.86468993854785,27.030716671666937,14.263801862821182,12.766914808845755
2022-07-29 04:00:00+00:00,842.1,894.96,837.3,891.45,31767280.0,783906.0,869.314942,734.2293333333333,70.88205250324741,33.86703416879095,18.184448324015136,15.682585844775815
2022-08-01 04:00:00+00:00,903.825,935.6347,885.0,891.83,39015653.0,1085245.0,907.544607,742.647,70.91793565023846,38.86748765891605,22.32105619099532,16.546431467920726
2022-08-02 04:00:00+00:00,882.01,923.5,878.0,901.76,31864558.0,808466.0,905.385374,751.0296666666667,71.89269911623539,43.13442429466738,26.483729811729738,16.650694482937645
2022-08-03 04:00:00+00:00,915.0,928.65,903.45,922.19,26850395.0,746899.0,918.89493,758.0656666666667,73.83575803910782,47.61564901732538,30.710113652848868,16.905535364476513
2022-08-04 04:00:00+00:00,933.0,940.82,915.0,925.9,24107429.0,694806.0,927.185283,765.3203333333333,74.18476424529635,50.87990600496539,34.744072123272176,16.135833881693216
2022-08-05 04:00:00+00:00,908.01,913.8199,856.634,864.51,37691701.0,1120814.0,883.268251,770.6303333333333,59.93748554157525,47.96033633995444,37.38732496660863,10.573011373345807
2022-08-08 04:00:00+00:00,885.0,915.6,867.2562,871.27,33122428.0,925611.0,892.581478,775.0926666666667,60.829576649461906,45.665626929020505,39.042985359091006,6.622641569929499
2022-08-09 04:00:00+00:00,870.88,877.19,838.06,850.0,28741686.0,806034.0,852.410994,778.934,56.56181806368756,41.650619533798476,39.5645121940325,2.0861073397659737
2022-08-10 04:00:00+00:00,891.2,892.53,850.11,883.07,31644723.0,888684.0,873.149261,785.1033333333332,61.12818924777446,40.66837021237052,39.78528379770011,0.8830864146704087
2022-08-11 04:00:00+00:00,889.54,894.71,857.5,859.89,23385015.0,726685.0,873.439801,790.9173333333333,56.6341019032884,37.586227636182,39.34547256539649,-1.7592449292144892
2022-08-12 04:00:00+00:00,868.245,900.48,855.1,900.09,26546392.0,676532.0,881.560748,798.473,61.869712757357405,37.949948094881165,39.06636767129343,-1.1164195764122624
2022-08-15 04:00:00+00:00,905.36,939.4,903.69,927.96,29786389.0,825109.0,923.982755,806.6786666666667,65.02255803071115,40.025684088507205,39.258230954736185,0.7674531337710206
2022-08-16 04:00:00+00:00,935.0,944.0,908.65,919.69,29400292.0,805572.0,925.212967,814.0283333333334,63.348681629752654,40.536124720681414,39.51380970792523,1.0223150127561809
2022-08-17 04:00:00+00:00,910.19,928.97,900.1,911.99,22910203.0,611288.0,912.866741,821.2546666666666,61.754642970682276,39.85984744138,39.58301725461619,0.2768301867638101
2022-08-18 04:00:00+00:00,918.0,919.5,905.56,908.61,15833512.0,490140.0,912.705837,827.0873333333333,61.02869414919718,38.60612766481745,39.38763933665644,-0.7815116718389916
2022-08-19 04:00:00+00:00,897.0,901.08,877.5,890.0,20465129.0,589024.0,887.067073,831.6776666666666,57.05200488988097,35.699354305233555,38.64998233037186,-2.9506280251383075
2022-08-22 04:00:00+00:00,875.74,877.2,858.89,869.74,18614449.0,587357.0,867.328045,837.2346666666667,53.00284858895407,31.398955185271916,37.199776901351875,-5.800821716079959
2022-08-23 04:00:00+00:00,874.36,896.4799,863.77,889.36,21328348.0,576125.0,884.370304,843.5730000000001,56.24175064104688,29.237001969515518,35.607221914984606,-6.370219945469088
2022-08-24 04:00:00+00:00,892.69,910.94,889.5,891.29,19089280.0,594436.0,900.3355,849.5786666666667,56.55890452716533,27.363938886292885,33.95856530924627,-6.594626422953382
2022-08-25 04:00:00+00:00,302.36,302.96,291.6,296.07,53254602.0,1041465.0,295.53456,835.6163333333334,16.599743382695422,-21.89733776165974,22.787384695065068,-44.68472245672481
2022-08-26 04:00:00+00:00,297.43,302.0,287.47,288.09,57216420.0,984030.0,292.622233,821.2126666666666,16.432125948780936,-60.87939396433876,6.054028963184301,-66.93342292752305
2022-08-29 04:00:00+00:00,282.83,287.74,280.7,284.82,41881560.0,693163.0,284.40533,806.652,16.359228859752733,-90.98796342268452,-13.354369513989463,-77.63359390869505
2022-08-30 04:00:00+00:00,287.865,288.48,272.65,277.7,50539842.0,827061.0,279.439363,791.3556666666666,16.190805697829944,-114.10837580830935,-33.50517077285345,-80.6032050354559
2022-08-31 04:00:00+00:00,280.62,281.25,271.81,275.61,52119181.0,756656.0,276.374945,775.7926666666666,16.138282967983784,-131.08900231205178,-53.021937080693114,-78.06706523135867
2022-09-01 04:00:00+00:00,272.575,277.58,266.15,277.16,54291288.0,836006.0,271.385916,757.8606666666667,16.35499794240539,-142.77537347809454,-70.9726243601734,-71.80274911792114
2022-09-02 04:00:00+00:00,281.065,282.35,269.08,270.21,50881967.0,760219.0,274.582276,739.6433333333333,16.15342713400355,-150.8587084545885,-86.94984117905642,-63.90886727553209
2022-09-06 04:00:00+00:00,272.675,275.99,265.74,274.42,55838296.0,852459.0,272.124079,721.9473333333334,16.82218152132289,-155.1367776418178,-100.5872284716087,-54.54954917020909
2022-09-07 04:00:00+00:00,273.1,283.84,272.27,283.7,50022019.0,716948.0,279.912686,705.518,18.367768885116718,-155.98031586381433,-111.66584595004983,-44.3144699137645
2022-09-08 04:00:00+00:00,281.3,289.5,279.76,289.26,53649983.0,712036.0,286.100932,687.678,19.334895273447927,-154.4201214125145,-120.21670104254278,-34.203420369971724
2022-09-09 04:00:00+00:00,291.67,299.85,291.245,299.68,54470854.0,781284.0,297.338013,669.5773333333333,21.21864254923328,-150.60674830779232,-126.2947104955927,-24.31203781219962
2022-09-12 04:00:00+00:00,300.72,305.49,300.4,304.42,48674604.0,766855.0,303.612681,650.0096666666667,22.109720106850872,-145.5246269487331,-130.1406937862208,-15.383933162512307
2022-09-13 04:00:00+00:00,292.9,297.3999,290.4,292.13,68179919.0,984312.0,293.862959,630.0196666666667,21.43281243839067,-140.86490648851594,-132.28553632667985,-8.579370161836096
2022-09-14 04:00:00+00:00,292.24,306.0,291.64,302.61,72625541.0,951692.0,300.535495,610.048,23.58133403954821,-134.77281887451653,-132.7829928362472,-1.9898260382693422
2022-09-15 04:00:00+00:00,301.825,309.12,300.7247,303.75,64753908.0,854631.0,304.866658,589.4333333333333,23.825360643544883,-128.37300300742857,-131.90099487048346,3.5279918630548934
2022-09-16 04:00:00+00:00,299.605,303.71,295.6005,303.35,87168238.0,757459.0,300.620806,568.6816666666667,23.796646669083145,-121.92787088355703,-129.90637007309817,7.9784991895411395
2022-09-19 04:00:00+00:00,300.09,309.84,297.8,309.07,60240729.0,842284.0,306.320687,550.167,25.185198436972072,-115.03247824082513,-126.93159170664357,11.899113465818445
2022-09-20 04:00:00+00:00,306.91,313.33,305.58,308.73,61689176.0,819819.0,309.30429,531.4156666666667,25.1558561023011,-108.34631616186618,-123.21453659768811,14.868220435821925
2022-09-21 04:00:00+00:00,308.29,313.8,300.63,300.8,62552372.0,836954.0,307.540263,513.109,24.440634346502648,-102.50574682750391,-119.07277864365128,16.567031816147363
2022-09-22 04:00:00+00:00,299.86,301.29,285.82,288.59,70549440.0,1085905.0,291.596195,493.293,23.340274500003332,-97.73566262733397,-114.80535544038781,17.069692813053848
2022-09-23 04:00:00+00:00,283.09,284.5,272.82,275.33,63794409.0,1057063.0,276.647598,473.80766666666665,22.172779722874594,-93.94239822404035,-110.63276399711833,16.690365773077986
2022-09-26 04:00:00+00:00,271.83,284.09,270.31,276.01,58306430.0,909217.0,278.24089,453.005,22.38718353490586,-89.8456537687643,-106.47534195144753,16.62968818268324
2022-09-27 04:00:00+00:00,283.84,288.67,277.51,282.94,61925200.0,857133.0,283.48081,431.5043333333333,24.664939181786522,-85.05925108991534,-102.1921237791411,17.132872689225763
2022-09-28 04:00:00+00:00,283.08,289.0,277.57,287.81,54686456.0,739799.0,283.420537,410.44166666666666,26.301797146295456,-79.95139427782658,-97.74397787887821,17.792583601051632
2022-09-29 04:00:00+00:00,282.76,283.65,265.78,268.21,77629009.0,1125573.0,271.393935,388.9823333333333,24.038064460396996,-76.60191792330897,-93.51556588776437,16.913647964455393
2022-09-30 04:00:00+00:00,266.145,275.57,262.47,265.25,67737771.0,927532.0,269.013225,367.537,23.706229208998366,-73.34085333873463,-89.48062337795844,16.139770039223805
2022-10-03 04:00:00+00:00,254.5,255.16,241.01,242.4,98363642.0,1539826.0,245.357718,345.9503333333333,21.26571071550994,-71.77288703072077,-85.93907610851092,14.16618907779015
2022-10-04 04:00:00+00:00,250.52,257.5,242.01,249.44,110028529.0,1313286.0,249.704849,325.27366666666666,23.866276431413667,-69.16490331896375,-82.58424155060149,13.419338231637738
2022-10-05 04:00:00+00:00,245.01,246.6697,233.27,240.81,87581871.0,1172525.0,238.492134,303.6553333333333,22.869091618594666,-67.02184025910896,-79.47176129230299,12.44992103319403
2022-10-06 04:00:00+00:00,239.44,244.58,235.35,238.13,69296298.0,827199.0,239.35566,281.8833333333333,22.55393817542611,-64.79280976766591,-76.53597098737558,11.743161219709663
2022-10-07 04:00:00+00:00,233.935,234.5715,222.02,223.07,83954799.0,1245277.0,226.463569,279.45,20.81780535669172,-63.50940627986682,-73.93065804587383,10.421251766007003
2022-10-10 04:00:00+00:00,223.93,226.99,218.3582,222.96,67931370.0,890244.0,223.447869,277.27899999999994,20.80520783785387,-61.78891173780352,-71.50230878425977,9.713397046456251
2022-10-11 04:00:00+00:00,220.945,225.75,215.0,216.5,77001007.0,925823.0,220.691891,275.00166666666667,20.038313117989944,-60.25212642151109,-69.25227231171003,9.000145890198937
2022-10-12 04:00:00+00:00,215.33,219.2999,211.51,217.24,66948450.0,808928.0,215.6113,272.98633333333333,20.40027193337241,-58.30242708343005,-67.06230326605404,8.759876182623998
2022-10-13 04:00:00+00:00,208.3,222.99,206.22,221.72,91291509.0,1153807.0,215.393423,271.19,22.682127153230127,-55.753090826148025,-64.80046077807285,9.047369951924821
2022-10-14 04:00:00+00:00,224.01,226.26,204.16,204.99,94265996.0,1282798.0,211.621166,268.78433333333334,20.337486022155446,-54.45497164080001,-62.73136295061828,8.276391309818273
2022-10-17 04:00:00+00:00,210.04,221.86,209.45,219.35,79428814.0,954631.0,217.475837,267.089,27.285443335363567,-51.67183015209943,-60.51945639091451,8.847626238815081
2022-10-18 04:00:00+00:00,229.5,229.82,217.25,220.19,75893644.0,841838.0,221.60861,265.2813333333333,27.682776127744916,-48.83544488144116,-58.18265408901985,9.347209207578686
2022-10-19 04:00:00+00:00,219.8,222.93,217.78,222.04,67721429.0,864644.0,219.800605,263.226,28.60802711713106,-45.90909807529644,-55.72794288627517,9.818844810978732
2022-10-20 04:00:00+00:00,208.28,215.55,202.0,207.28,117818014.0,1546087.0,208.575912,260.49333333333334,25.77461755900832,-44.270631511219534,-53.436480611264045,9.165849100044511
2022-10-21 04:00:00+00:00,206.415,214.66,203.8,214.44,75913254.0,903061.0,210.289192,257.652,29.426161517557375,-41.91125592385191,-51.131435673781624,9.220179749929713
2022-10-24 04:00:00+00:00,205.82,213.5,198.5863,211.25,100819020.0,1305129.0,205.638853,254.54633333333334,28.74760183116446,-39.83959407136902,-48.873067353299106,9.033473281930085
2022-10-25 04:00:00+00:00,210.1,224.3498,210.0,222.415,96507697.0,1050829.0,219.992889,252.2225,34.44543956887868,-36.871829439693016,-46.47281977057789,9.600990330884876
2022-10-26 04:00:00+00:00,219.4,230.6,218.2,224.64,85275380.0,921830.0,226.572058,249.6235,35.55150130302948,-33.948973053739564,-43.96805042721023,10.019077373470665
2022-10-27 04:00:00+00:00,229.77,233.81,222.85,225.09,61644674.0,740945.0,226.138713,247.0015,35.787474886813655,-31.236205537066724,-41.42168144918153,10.185475912114804
2022-10-28 04:00:00+00:00,225.4,228.86,216.35,228.52,69040080.0,793069.0,224.185539,244.50716666666668,37.66107197501375,-28.481231493667025,-38.83359145807863,10.352359964411605
2022-10-31 04:00:00+00:00,226.195,229.85,221.94,227.54,61560070.0,717792.0,226.621743,241.78949999999998,37.32596448742466,-26.076380246061348,-36.282149215675176,10.205768969613828
2022-11-01 04:00:00+00:00,234.05,237.3951,227.28,227.82,62689105.0,701489.0,230.789246,239.0925,37.49708747288466,-23.872734621913764,-33.80026629692289,9.927531675009128
2022-11-02 04:00:00+00:00,226.04,227.8699,214.82,214.98,62280057.0,792864.0,222.001618,236.23183333333333,33.04179700513954,-22.89845118849999,-31.619903275238315,8.721452086738324
2022-11-03 04:00:00+00:00,211.36,221.2,210.14,215.31,56564458.0,644110.0,216.337973,233.78916666666663,33.26127450075886,-21.847847915158724,-29.665492203222396,7.817644288063672
2022-11-04 04:00:00+00:00,222.6,223.8,203.08,207.47,98610606.0,1202534.0,211.126543,231.52716666666666,30.687696678643164,-21.401160474049078,-28.012625857387732,6.611465383338654
2022-11-07 05:00:00+00:00,208.65,208.9,196.66,197.08,93916520.0,1347595.0,200.052666,228.8961666666667,27.635896179854115,-21.63613572133869,-26.737327830177925,5.101192108839236
2022-11-08 05:00:00+00:00,194.02,195.2,186.75,191.3,128793328.0,1540263.0,191.418801,225.8415,26.081973955960123,-22.03475010914289,-25.79681228597092,3.762062176828028
2022-11-09 05:00:00+00:00,190.775,195.89,177.12,177.59,127091096.0,1577358.0,184.532292,222.1675,22.80627236412562,-23.189621779255674,-25.27537418462787,2.0857524053721974
2022-11-10 05:00:00+00:00,189.9,191.0,180.03,190.72,132688259.0,1406900.0,187.607522,219.58450000000002,31.65864008724394,-22.782759164338273,-24.776851180569953,1.9940920162316793
2022-11-11 05:00:00+00:00,186.0,196.52,182.59,195.97,114428299.0,1168921.0,191.469459,217.27516666666668,34.874575094844815,-21.785556156476076,-24.178592175751177,2.393036019275101
2022-11-14 05:00:00+00:00,192.77,195.73,186.34,190.95,92244352.0,953180.0,191.872233,215.56016666666667,33.2627748406383,-21.156459142835047,-23.574165569167953,2.417706426332906
2022-11-15 05:00:00+00:00,195.88,200.8237,192.06,194.42,91429138.0,983835.0,196.661098,213.72616666666667,35.48245583644746,-20.145668500890224,-22.88846615551241,2.742797654622187
2022-11-16 05:00:00+00:00,191.51,192.57,185.66,186.92,66573580.0,812208.0,188.349066,211.9298333333333,32.93287636227669,-19.722448841236684,-22.255262692657265,2.532813851420581
2022-11-17 05:00:00+00:00,183.96,186.16,180.9,183.17,64335970.0,772735.0,183.559821,210.0978333333333,31.706135362576788,-19.465254534200568,-21.697261060965925,2.232006526765357
2022-11-18 05:00:00+00:00,185.05,185.19,176.55,180.19,76047596.0,944030.0,179.159575,208.66850000000002,30.726627794231547,-19.27964355821274,-21.21373756041529,1.9340940022025492
2022-11-21 05:00:00+00:00,175.85,176.77,167.54,167.87,92895193.0,1250525.0,170.881764,206.83216666666667,27.01136043685453,-19.89730283847058,-20.950450616026348,1.0531477775557683
2022-11-22 05:00:00+00:00,168.63,170.92,166.185,169.91,78482076.0,863696.0,168.913691,205.27916666666667,28.5518900805764,-19.99173899435951,-20.75870829169298,0.7669692973334712
2022-11-23 05:00:00+00:00,173.57,183.62,172.5,183.2,109536581.0,1195367.0,179.495164,204.1445,37.76726807913682,-18.777730410006285,-20.362512715355642,1.584782305349357
2022-11-25 05:00:00+00:00,185.06,185.2,180.63,182.86,50672739.0,584237.0,182.931705,202.8491666666667,37.633535859393795,-17.639715360612655,-19.817953244407047,2.1782378837943916
2022-11-28 05:00:00+00:00,179.96,188.5,179.0,182.92,93038302.0,975429.0,184.795905,202.1135,37.67547663570456,-16.542299406123504,-19.16282247675034,2.6205230706268345
2022-11-29 05:00:00+00:00,184.99,186.38,178.75,180.83,83766341.0,883443.0,182.489217,200.8295,36.74842527615461,-15.66070799555655,-18.462399580511583,2.8016915849550337
2022-11-30 05:00:00+00:00,182.43,194.76,180.6301,194.7,109105440.0,982454.0,187.497984,199.97983333333335,46.20811073217012,-13.685094121231344,-17.506938488655535,3.821844367424191
2022-12-01 05:00:00+00:00,197.08,198.92,191.8,194.7,80104611.0,855150.0,195.127022,199.0685,46.20811073217012,-11.981293004637735,-16.401809391851977,4.420516387214242
2022-12-02 05:00:00+00:00,191.78,196.25,191.11,194.86,73645922.0,833601.0,193.446005,198.65449999999998,46.31552622920863,-10.497103605544282,-15.220868234590439,4.723764629046157
2022-12-05 05:00:00+00:00,189.44,191.27,180.55,182.45,93125754.0,1142292.0,184.658016,197.58816666666664,39.694609044060265,-10.2046235509207,-14.21761929785649,4.01299574693579
2022-12-06 05:00:00+00:00,181.215,183.65,175.33,179.82,92164692.0,958141.0,178.534057,196.5405,38.44046104066028,-10.068981074495724,-13.387891653184338,3.318910578688614
2022-12-07 05:00:00+00:00,175.03,179.38,172.218,174.04,84193502.0,967702.0,174.175255,194.928,35.7659534061863,-10.309044877017527,-12.772122297950975,2.4630774209334483
2022-12-08 05:00:00+00:00,172.2,175.2,169.06,173.44,97724061.0,990874.0,172.288443,193.22133333333332,35.489915758412096,-10.427510307745251,-12.303199899909831,1.87568959216458
2022-12-09 05:00:00+00:00,173.84,182.5,173.36,179.05,104872336.0,1092808.0,179.49603,191.68666666666664,40.14169623482207,-9.953971710078974,-11.83335426194366,1.8793825518646852
2022-12-12 05:00:00+00:00,176.1,177.37,167.52,167.82,109794520.0,1292531.0,170.425116,189.66333333333333,34.74115341345812,-10.365370567063167,-11.539757522967562,1.1743869559043958
2022-12-13 05:00:00+00:00,174.87,175.05,156.91,160.95,175683356.0,2028317.0,163.800417,187.44366666666667,31.91259304530358,-11.117601915787986,-11.455326401531646,0.3377244857436601
2022-12-14 05:00:00+00:00,159.25,161.62,155.31,156.8,140179912.0,1518234.0,158.137227,185.07633333333334,30.307334451391483,-11.911314774010691,-11.546524076027456,-0.36479069798323494
2022-12-15 05:00:00+00:00,153.44,160.9299,153.28,157.67,122381629.0,1220438.0,157.587164,183.166,31.089901611089118,-12.328026389153706,-11.702824538652706,-0.625201850501
2022-12-16 05:00:00+00:00,159.635,160.99,150.04,150.23,138901447.0,1252297.0,152.100224,180.9966666666667,28.176137633897454,-13.107523792594492,-11.983764389441065,-1.1237594031534268
2022-12-19 05:00:00+00:00,154.0,155.25,145.82,149.87,139382938.0,1358242.0,150.549854,179.07666666666668,28.039202488359564,-13.59758558967664,-12.30652862948818,-1.2910569601884596
2022-12-20 05:00:00+00:00,146.05,148.47,137.66,137.8,159630467.0,1664086.0,142.69224,177.10066666666668,23.85344526432317,-14.789427902607969,-12.80310848411214,-1.9863194184958282
2022-12-21 05:00:00+00:00,139.335,141.26,135.89,137.57,145485531.0,1332561.0,138.716039,175.30966666666666,23.780594128289366,-15.573014581940384,-13.35708970367779,-2.2159248782625944
2022-12-22 05:00:00+00:00,136.0,136.63,122.26,125.35,210195752.0,2021112.0,127.751715,173.56833333333333,20.243137722523628,-16.9842803326203,-14.082527829466294,-2.9017525031540075
2022-12-23 05:00:00+00:00,126.37,128.6173,121.02,123.15,167075232.0,1560091.0,123.918784,171.31599999999997,19.675678991554733,-18.071918395601813,-14.880405942693397,-3.191512452908416
2022-12-27 05:00:00+00:00,117.495,119.67,108.76,109.1,208643493.0,2057258.0,113.445314,168.42033333333336,16.49544659393095,-19.83890641194796,-15.87210603654431,-3.9668003754036505
2022-12-28 05:00:00+00:00,110.35,116.27,108.24,112.71,221244165.0,2046314.0,111.945593,165.81233333333333,20.070257734388505,-20.709237120914906,-16.83953225341843,-3.869704867496477
2022-12-29 05:00:00+00:00,120.385,123.57,117.495,121.82,221925423.0,1902589.0,120.553895,163.39233333333334,28.40034812759758,-20.428393806049513,-17.557304563944648,-2.8710892421048655
2022-12-30 05:00:00+00:00,119.95,124.48,119.75,123.18,157730398.0,1506289.0,122.133764,161.26766666666668,29.580236920197862,-19.867067632795425,-18.019257177714806,-1.8478104550806194
2023-01-03 05:00:00+00:00,118.47,118.8,104.64,108.1,231380437.0,2539823.0,109.507947,158.76533333333333,24.716554480491723,-20.403839803234035,-18.496173702818652,-1.9076661004153834
2023-01-04 05:00:00+00:00,109.11,114.59,107.52,113.64,180362168.0,1651730.0,111.7985,156.547,29.314730456360323,-20.14992808715907,-18.826924579686736,-1.3230035074723325
2023-01-05 05:00:00+00:00,110.51,111.75,107.1601,110.34,157825186.0,1334959.0,109.654634,154.62933333333334,28.209457133711453,-19.98461345961134,-19.058462355671658,-0.9261511039396808
2023-01-06 05:00:00+00:00,103.0,114.39,101.81,113.06,220931001.0,2015330.0,109.025919,152.73433333333332,30.53430125244192,-19.410368512562684,-19.128843587049865,-0.2815249255128194
2023-01-09 05:00:00+00:00,118.96,123.52,117.11,120.6801,170371645.0,1597576.0,121.157914,150.65033666666668,36.717155949102846,-18.13138949692558,-18.92935276902501,0.7979632720994303
