timestamp,open,high,low,close,volume,trade_count,vwap,30sma,rsi,macd,signal,histogram
2022-01-03 05:00:00+00:00,227.66,227.89,218.62,221.66,911781.0,16310.0,221.673017,,,,,
2022-01-04 05:00:00+00:00,222.0,224.53,221.16,221.73,864697.0,13635.0,222.064767,,,,,
2022-01-05 05:00:00+00:00,216.79,219.99,213.85,214.3,852002.0,20186.0,216.969631,,,,,
2022-01-06 05:00:00+00:00,213.12,216.815,212.25,212.67,1115218.0,17953.0,213.410478,,,,,
2022-01-07 05:00:00+00:00,212.32,212.32,206.26,206.65,1667121.0,20571.0,207.196924,,,,,
2022-01-10 05:00:00+00:00,205.24,207.3,202.54,206.68,1948726.0,27565.0,205.617226,,,,,
2022-01-11 05:00:00+00:00,207.25,208.99,203.96,208.68,916813.0,15150.0,207.888482,,,,,
2022-01-12 05:00:00+00:00,209.01,210.54,206.415,207.39,1009449.0,14435.0,207.609391,,,,,
2022-01-13 05:00:00+00:00,207.74,208.05,202.69,203.11,884636.0,14857.0,203.979715,,,,,
2022-01-14 05:00:00+00:00,201.28,203.11,196.825,198.15,1435346.0,22398.0,198.475478,,,,,
2022-01-18 05:00:00+00:00,194.65,199.14,193.31,198.45,1609885.0,23678.0,197.336291,,,,,
2022-01-19 05:00:00+00:00,199.36,202.5,198.42,199.86,1727202.0,20326.0,200.356949,,,,,
2022-01-20 05:00:00+00:00,201.59,203.45,197.8,198.03,973115.0,16926.0,200.100027,,,,,
2022-01-21 05:00:00+00:00,197.8,201.58,195.7,196.09,885593.0,18270.0,197.839274,,,,,
2022-01-24 05:00:00+00:00,195.79,197.4,191.115,197.38,1482591.0,25193.0,195.39552,,14.791183294663568,,,
2022-01-25 05:00:00+00:00,193.73,196.6481,188.94,190.61,973776.0,19908.0,191.427408,,12.209495046222969,,,
2022-01-26 05:00:00+00:00,190.43,193.545,186.01,187.76,1189389.0,17339.0,189.238488,,11.314201101096614,,,
2022-01-27 05:00:00+00:00,189.03,193.11,187.67,188.3,980302.0,19667.0,189.436495,,12.621592587058117,,,
2022-01-28 05:00:00+00:00,188.29,193.3,185.59,193.29,607207.0,15258.0,191.252635,,23.80040575367589,,,
2022-01-31 05:00:00+00:00,193.14,196.95,192.16,196.13,979250.0,16973.0,195.460934,,29.34106140810674,,,
2022-02-01 05:00:00+00:00,195.52,197.66,191.89,196.57,1054478.0,20074.0,195.560511,,30.188010941437938,,,
2022-02-02 05:00:00+00:00,196.94,200.49,196.59,200.11,955530.0,15208.0,199.52065,,36.75617265576419,,,
2022-02-03 05:00:00+00:00,197.63,199.98,196.53,196.94,899058.0,17711.0,197.553605,,33.69866724791572,,,
2022-02-04 05:00:00+00:00,195.93,199.2982,194.87,197.75,1063897.0,16937.0,197.579668,,35.18234874548952,,,
2022-02-07 05:00:00+00:00,197.75,199.18,196.815,197.03,822460.0,10892.0,197.381712,,34.444494802177545,,,
2022-02-08 05:00:00+00:00,196.39,198.92,194.3,198.19,979348.0,14936.0,197.529971,,36.746162527211155,-3.791223485181604,,
2022-02-09 05:00:00+00:00,200.68,203.99,198.1,199.06,1192273.0,14850.0,199.357712,,38.490465208788144,-3.3857580267995218,,
2022-02-10 05:00:00+00:00,195.35,197.345,192.71,194.69,1465639.0,21098.0,195.025675,,33.49414029617893,-3.3781055106676945,,
2022-02-11 05:00:00+00:00,194.73,195.74,192.04,192.91,778042.0,13183.0,193.818299,,31.689714260753505,-3.47560732269352,,
2022-02-14 05:00:00+00:00,193.39,196.35,190.04,191.81,977402.0,17968.0,192.28817,200.39933333333332,30.592863002543424,-3.6001388583525795,,
2022-02-15 05:00:00+00:00,194.01,194.775,193.1661,194.27,962988.0,11873.0,194.015505,199.48633333333333,35.933437099766934,-3.460439761124178,,
2022-02-16 05:00:00+00:00,193.77,194.91,191.31,194.07,726721.0,15217.0,193.604672,198.5643333333333,35.692975275421404,-3.3275081064737435,,
2022-02-17 05:00:00+00:00,192.96,194.06,190.15,190.3,1251108.0,19175.0,190.824617,197.76433333333335,31.42416232990766,-3.486179794636797,,
2022-02-18 05:00:00+00:00,190.47,191.39,188.39,189.3,1391908.0,20934.0,189.518185,196.98533333333336,30.386055533894094,-3.6505387549396175,-3.5061666245410286,-0.14437213039858898
2022-02-22 05:00:00+00:00,190.82,193.35,185.57,186.44,1632225.0,32681.0,187.533991,196.31166666666664,27.5798414127607,-3.9658565870294353,-3.59810461703871,-0.36775196999072524
2022-02-23 05:00:00+00:00,182.69,183.04,176.67,177.62,2524092.0,38992.0,179.277535,195.34300000000002,21.10625562560736,-4.871295269298884,-3.852742747490745,-1.0185525218081386
2022-02-24 05:00:00+00:00,175.18,179.41,175.0,179.22,1776969.0,30498.0,177.962923,194.361,24.565332427049782,-5.397535886241599,-4.1617013752409155,-1.2358345110006832
2022-02-25 05:00:00+00:00,179.9,181.02,176.81,179.54,1254823.0,26572.0,179.113133,193.43266666666665,25.271034326483417,-5.722795219900547,-4.473920144172842,-1.248875075727705
2022-02-28 05:00:00+00:00,178.76,179.0,175.23,177.34,1089011.0,18689.0,177.015672,192.57366666666667,23.634045346210883,-6.087909567127383,-4.796718028763751,-1.2911915383636323
2022-03-01 05:00:00+00:00,177.31,180.92,176.11,179.36,1670578.0,25244.0,178.809134,191.94733333333335,28.231027709277527,-6.14345032843471,-5.066064488697943,-1.0773858397367668
2022-03-02 05:00:00+00:00,180.61,183.59,179.92,181.73,1319398.0,21919.0,182.094137,191.39,33.303913272843445,-5.927894510901297,-5.238430493138614,-0.689464017762683
2022-03-03 05:00:00+00:00,183.41,185.2188,182.38,182.68,1316589.0,21505.0,183.394987,190.81733333333335,35.27872344425508,-5.615673918692465,-5.313879178249384,-0.3017947404430812
2022-03-04 05:00:00+00:00,182.1,188.285,181.61,187.7,2532143.0,29603.0,187.099707,190.473,44.61147302624774,-4.906604521164866,-5.232424246832481,0.32581972566761497
2022-03-07 05:00:00+00:00,187.0,188.83,186.14,187.5,1962873.0,30258.0,187.438258,190.18666666666667,44.33716317644092,-4.311104514313712,-5.048160300328727,0.7370557860150155
2022-03-08 05:00:00+00:00,185.33,188.33,183.1,185.03,2059325.0,31104.0,185.536226,189.775,40.985383359297686,-3.992452320748697,-4.8370187044127215,0.8445663836640245
2022-03-09 05:00:00+00:00,187.45,188.55,184.24,187.27,1353312.0,18760.0,186.661001,189.6636666666667,45.04295938713396,-3.518608552904311,-4.573336674111039,1.054728121206728
2022-03-10 05:00:00+00:00,184.535,187.685,182.975,184.84,1205524.0,21773.0,184.657363,189.56633333333332,41.69390224052854,-3.301111486326448,-4.318891636554121,1.017780150227673
2022-03-11 05:00:00+00:00,185.17,185.72,182.0,182.04,1318782.0,20841.0,183.59436,189.3576666666667,38.17200221943234,-3.316450120929858,-4.118403333429269,0.8019532124994111
2022-03-14 04:00:00+00:00,182.72,186.7,181.9,185.95,1082597.0,19949.0,184.791096,189.113,45.14079283100556,-2.978764434411943,-3.8904755536258038,0.9117111192138609
2022-03-15 04:00:00+00:00,188.24,191.53,187.6,190.91,1057766.0,21748.0,190.030273,188.939,52.46083210546333,-2.2845803274886407,-3.5692965083983714,1.2847161809097307
2022-03-16 04:00:00+00:00,191.12,195.54,191.02,195.43,1578433.0,28507.0,193.350577,188.901,57.96527686079508,-1.3540989864235087,-3.1262570040033992,1.7721580175798906
2022-03-17 04:00:00+00:00,195.13,202.46,195.0,202.41,1859638.0,33860.0,199.809003,188.97766666666666,64.75249743841445,-0.05284894443320809,-2.511575392089361,2.458726447656153
2022-03-18 04:00:00+00:00,201.75,208.72,201.17,208.24,1874549.0,23876.0,206.523917,189.35433333333333,69.22256431096231,1.4323224439572755,-1.722795824880034,3.1551182688373096
2022-03-21 04:00:00+00:00,206.51,211.18,206.51,210.32,1483832.0,29534.0,209.488764,189.77333333333334,70.6525619724934,2.7455214241041688,-0.8291323750831935,3.574653799187362
2022-03-22 04:00:00+00:00,210.96,213.27,209.05,211.15,1644384.0,23227.0,211.247004,190.24400000000003,71.22705744986354,3.8093038567081123,0.09855487127506768,3.7107489854330447
2022-03-23 04:00:00+00:00,210.21,210.9,206.33,207.65,1681745.0,26321.0,207.940923,190.5593333333333,65.41206795460712,4.320138482176105,0.9428715934552753,3.37726688872083
2022-03-24 04:00:00+00:00,209.14,209.62,206.33,208.24,1286152.0,18162.0,207.967761,190.86533333333333,65.91720335514482,4.718198220281465,1.6979369188205133,3.020261301460952
2022-03-25 04:00:00+00:00,208.93,209.0575,205.4,208.0,834439.0,17383.0,207.277523,191.309,65.4981626237751,4.95715444563146,2.3497804241827027,2.607374021448757
2022-03-28 04:00:00+00:00,208.08,212.065,207.13,211.6,2944974.0,37439.0,210.900664,191.932,68.71124386390872,5.375058560129247,2.9548360513720118,2.4202225087572353
2022-03-29 04:00:00+00:00,213.0,215.72,212.75,214.8,912834.0,18290.0,214.585184,192.69833333333332,71.27226427910497,5.896492740318365,3.5431673891612823,2.353325351157083
2022-03-30 04:00:00+00:00,215.88,217.64,212.37,216.97,851942.0,18790.0,216.562161,193.45499999999998,72.8926071783687,6.410932707813316,4.116720452891689,2.294212254921627
2022-03-31 04:00:00+00:00,213.8,218.13,213.8,214.63,1334469.0,21722.0,215.718595,194.14033333333333,68.41159565719892,6.554258235533695,4.6042280094200905,1.9500302261136042
2022-04-01 04:00:00+00:00,215.57,215.57,211.77,214.12,836487.0,16236.0,213.896334,194.9343333333333,67.43853545869268,6.551174153428235,4.993617238221719,1.5575569152065158
2022-04-04 04:00:00+00:00,213.41,217.25,212.71,217.01,1109525.0,17407.0,215.902896,195.858,70.03915265770085,6.704641905015876,5.335822171580551,1.3688197334353251
2022-04-05 04:00:00+00:00,217.25,221.52,216.97,219.41,1312840.0,16980.0,219.625833,196.957,72.036536548913,6.9399269878265955,5.65664313482976,1.2832838529968358
2022-04-06 04:00:00+00:00,217.77,222.11,216.41,219.99,932450.0,22793.0,220.00709,198.36933333333334,72.51343871731055,7.091447471648905,5.943604002193589,1.1478434694553163
2022-04-07 04:00:00+00:00,219.88,221.8,219.01,220.22,1488795.0,20655.0,220.569951,199.736,72.71218164261481,7.1476934635706755,6.184421894469006,0.9632715691016696
2022-04-08 04:00:00+00:00,220.11,221.82,219.27,219.46,882094.0,14576.0,219.993178,201.06666666666666,70.8882196835836,7.049678859366139,6.357473287448434,0.6922055719177056
2022-04-11 04:00:00+00:00,218.78,220.26,216.35,216.45,661596.0,15489.0,217.431718,202.37033333333335,64.03686786103087,6.652434609811394,6.416465551921026,0.23596905789036793
2022-04-12 04:00:00+00:00,216.95,218.17,214.0,214.64,610206.0,15523.0,215.881982,203.5463333333333,60.264937441420074,6.121004675148157,6.357373376566453,-0.23636870141829558
2022-04-13 04:00:00+00:00,214.87,215.97,212.93,214.11,933007.0,17448.0,214.063915,204.6256666666667,59.16596321261077,5.59260794941315,6.204420291135793,-0.6118123417226426
2022-04-14 04:00:00+00:00,215.49,216.47,213.06,213.3,628082.0,13928.0,213.926766,205.6463333333333,57.44192989905546,5.0502731021915395,5.973590853346942,-0.9233177511554027
2022-04-18 04:00:00+00:00,212.42,213.76,210.32,211.21,565296.0,12150.0,211.665753,206.42999999999998,53.13928622235954,4.401090266309183,5.659090735939391,-1.2580004696302085
2022-04-19 04:00:00+00:00,211.21,215.78,211.19,215.33,1039629.0,16394.0,214.881349,207.35766666666666,59.56855057116187,4.17097732917847,5.361468054587207,-1.1904907254087371
2022-04-20 04:00:00+00:00,216.59,219.18,216.3,217.4,698473.0,15467.0,217.775771,208.43666666666667,62.36257440300113,4.108285115424479,5.110831466754662,-1.0025463513301824
2022-04-21 04:00:00+00:00,216.37,219.6,214.72,215.45,741138.0,16747.0,216.221345,209.376,58.276966525270176,3.856793664586718,4.860023906321073,-1.0032302417343555
2022-04-22 04:00:00+00:00,215.7,215.7,210.48,210.6,689485.0,16983.0,212.113179,210.2346666666667,49.577219506969534,3.2289095516558746,4.533801035388034,-1.3048914837321597
2022-04-25 04:00:00+00:00,211.0,214.05,209.4513,213.85,905619.0,22476.0,212.127252,211.295,54.480976382017076,2.959440123557272,4.218928853021882,-1.2594887294646098
2022-04-26 04:00:00+00:00,213.47,214.71,208.07,208.24,1540356.0,24773.0,209.811625,212.03799999999998,46.13956046911241,2.2670701713597055,3.8285571166894465,-1.561486945329741
2022-04-27 04:00:00+00:00,209.11,211.43,207.95,208.39,869020.0,20450.0,209.416609,212.62066666666666,46.37597132417883,1.7107453350640753,3.4049947603643727,-1.6942494253002973
2022-04-28 04:00:00+00:00,210.59,214.35,209.15,212.69,1157483.0,19333.0,212.557385,213.19599999999997,52.775224628169696,1.5984025677662146,3.043676321844741,-1.4452737540785265
2022-04-29 04:00:00+00:00,210.08,212.09,203.54,204.05,1528098.0,26556.0,206.533026,213.25066666666666,41.944156291243175,0.802938547031232,2.5955287668820395,-1.7925902198508075
2022-05-02 04:00:00+00:00,203.49,206.03,199.01,202.19,1402791.0,24887.0,202.222623,213.049,40.039093365009826,0.0221853849507454,2.080860090495781,-2.0586747055450356
2022-05-03 04:00:00+00:00,201.05,202.64,198.795,200.12,1390912.0,24292.0,200.325956,212.709,37.972075262552245,-0.7548968404393861,1.5137087043087476,-2.2686055447481337
2022-05-04 04:00:00+00:00,186.0,194.87,184.215,193.53,2600259.0,41576.0,190.049483,212.12166666666664,32.26189664665448,-1.880817138503545,0.8348035357462891,-2.715620674249834
2022-05-05 04:00:00+00:00,190.51,191.96,186.075,187.92,1978957.0,34493.0,187.720971,211.464,28.353060743797514,-3.1890359801378168,0.03003563256946784,-3.2190716127072845
2022-05-06 04:00:00+00:00,186.31,187.2,183.44,185.42,1356487.0,29062.0,184.966537,210.70333333333335,26.795038142343373,-4.377081671103298,-0.8513878281650853,-3.5256938429382125
2022-05-09 04:00:00+00:00,184.11,184.3,177.26,177.98,1043286.0,25616.0,179.319211,209.70266666666666,22.782707222806167,-5.85150970053661,-1.8514122026393904,-4.00009749789722
2022-05-10 04:00:00+00:00,180.53,181.27,175.24,178.87,1050677.0,24863.0,178.258871,208.61166666666668,24.244078954247627,-6.8690073338472075,-2.854931228880954,-4.014076104966254
2022-05-11 04:00:00+00:00,176.67,178.9,174.23,174.4,1347239.0,26261.0,175.764031,207.265,21.992802143674197,-7.9444940000153395,-3.8728437831078315,-4.071650216907508
2022-05-12 04:00:00+00:00,173.13,175.81,171.17,173.66,1903058.0,33503.0,173.347446,205.82133333333334,21.634638312232724,-8.75560755328081,-4.849396537142427,-3.906211016138384
2022-05-13 04:00:00+00:00,174.96,176.63,171.42,176.25,1745925.0,33645.0,174.325816,204.542,26.166801810839658,-9.084706689847394,-5.696458567683421,-3.388248122163973
2022-05-16 04:00:00+00:00,175.72,175.93,170.51,171.99,1112375.0,22037.0,172.127962,203.13766666666666,23.735319944619462,-9.57884753257224,-6.472936360661185,-3.105911171911055
2022-05-17 04:00:00+00:00,173.57,175.56,171.94,174.57,924376.0,18079.0,174.090484,201.723,28.09329337775496,-9.651022295019686,-7.108553547532885,-2.542468747486801
2022-05-18 04:00:00+00:00,172.83,173.11,165.6,166.49,1118031.0,21783.0,167.30954,199.959,23.55387834502008,-10.24214471807656,-7.73527178164162,-2.50687293643494
2022-05-19 04:00:00+00:00,165.83,169.91,164.96,168.22,878149.0,21599.0,167.874578,198.23333333333332,26.299782853556763,-10.450549525678667,-8.27832733044903,-2.1722221952296366
2022-05-20 04:00:00+00:00,169.37,170.48,165.1,168.89,1026175.0,20824.0,167.456251,196.52233333333334,27.38759567458851,-10.441287770658334,-8.710919418490892,-1.7303683521674422
2022-05-23 04:00:00+00:00,169.62,171.14,167.025,170.92,603779.0,17379.0,170.070769,194.90433333333334,30.723966668136995,-10.153105053526644,-8.999356545498042,-1.1537485080286025
2022-05-24 04:00:00+00:00,170.11,171.34,168.36,170.94,550738.0,15235.0,170.115895,193.38733333333337,30.757722864340877,-9.810020530947384,-9.161489342587911,-0.6485311883594722
2022-05-25 04:00:00+00:00,170.19,172.16,169.14,170.72,602760.0,17565.0,170.753501,191.92333333333332,30.58119942788865,-9.446976867605258,-9.218586847591382,-0.22839002001387598
2022-05-26 04:00:00+00:00,171.05,174.8762,171.05,173.71,675229.0,17893.0,173.824121,190.57666666666668,35.96054005883488,-8.816364574472743,-9.138142392967655,0.3217778184949118
2022-05-27 04:00:00+00:00,174.7,178.87,174.37,178.65,640913.0,19056.0,177.942778,189.42166666666668,43.720235176206145,-7.827749648805138,-8.876063844135151,1.048314195330013
2022-05-31 04:00:00+00:00,177.21,177.85,174.49,174.92,1338982.0,16935.0,175.188436,188.21200000000002,39.79889451768432,-7.2615385287087975,-8.55315878104988,1.2916202523410831
2022-06-01 04:00:00+00:00,171.59,174.35,170.66,171.23,963042.0,22640.0,171.844536,186.74200000000002,36.327603317847675,-7.029532226311858,-8.248433470102277,1.2189012437904196
2022-06-02 04:00:00+00:00,171.8,176.12,171.45,176.0,663338.0,18547.0,174.836896,185.362,43.221724774166866,-6.387139456897586,-7.876174667461339,1.4890352105637534
2022-06-03 04:00:00+00:00,173.95,174.34,172.29,173.66,880360.0,19049.0,173.768144,183.969,40.883134800000974,-5.997719031209499,-7.500483540210972,1.502764509001473
2022-06-06 04:00:00+00:00,174.94,176.51,173.96,174.34,578920.0,16838.0,174.884332,182.7603333333333,41.86748323275144,-5.570022469417324,-7.114391326052243,1.544368856634919
2022-06-07 04:00:00+00:00,172.8,176.58,172.13,175.45,641641.0,16942.0,175.311746,181.48033333333333,43.52068413813926,-5.08290952249277,-6.708094965340349,1.6251854428475792
2022-06-08 04:00:00+00:00,174.15,174.74,170.03,170.35,695337.0,18172.0,171.430261,180.21733333333336,38.15213171420471,-5.050181036754253,-6.3765121796231305,1.3263311428688773
2022-06-09 04:00:00+00:00,170.05,170.8468,166.73,166.79,603085.0,18073.0,168.553389,178.83066666666667,34.914470177567836,-5.250975744090113,-6.151404892516527,0.9004291484264142
2022-06-10 04:00:00+00:00,164.16,165.585,163.0,164.1,758646.0,19833.0,164.331322,177.21099999999998,32.659168096778686,-5.56304024990493,-6.033731963994208,0.4706917140892788
2022-06-13 04:00:00+00:00,160.71,163.1,159.08,161.67,1006517.0,24054.0,161.660935,175.79833333333332,30.728200151143724,-5.937984916854958,-6.014582554566359,0.0765976377114006
2022-06-14 04:00:00+00:00,161.92,161.92,157.3,158.23,733906.0,19306.0,158.627916,174.333,28.187446632357762,-6.438491594187838,-6.099364362490655,-0.33912723169718273
2022-06-15 04:00:00+00:00,160.01,162.41,157.64,160.19,804269.0,18347.0,159.953723,173.00199999999998,31.654934034614286,-6.600900055412296,-6.199671501074984,-0.40122855433731264
2022-06-16 04:00:00+00:00,157.7,158.985,156.05,158.58,1264300.0,24634.0,158.011983,171.837,30.358216839470444,-6.781352267990854,-6.316007654458158,-0.4653446135326966
2022-06-17 04:00:00+00:00,158.17,162.85,157.33,161.82,2422148.0,27032.0,161.093064,170.967,36.036774386313475,-6.586990300432859,-6.370204183653098,-0.2167861167797609
2022-06-21 04:00:00+00:00,163.74,165.98,161.895,165.13,1200661.0,22033.0,164.708329,170.29066666666668,41.302468789955796,-6.095601405047688,-6.315283627932017,0.21968222288432848
2022-06-22 04:00:00+00:00,164.02,167.5,163.725,166.29,616978.0,15033.0,166.222676,169.901,43.07124014510117,-5.5486089496314435,-6.161948692271903,0.6133397426404592
2022-06-23 04:00:00+00:00,167.57,171.33,166.93,170.97,685424.0,18139.0,169.687737,169.63766666666663,49.66179706739658,-4.683488262913528,-5.866256606400229,1.1827683434867007
2022-06-24 04:00:00+00:00,171.48,173.11,171.48,173.01,1231843.0,16825.0,172.76704,169.59133333333332,52.256420672103225,-3.7895790267338043,-5.450921090466943,1.661342063733139
2022-06-27 04:00:00+00:00,172.62,174.46,171.38,174.1,603331.0,14965.0,173.711342,169.60600000000002,53.6316628795296,-2.959085134835334,-4.9525538993406215,1.9934687645052875
2022-06-28 04:00:00+00:00,174.08,175.45,168.81,168.94,719128.0,15413.0,170.48355,169.36233333333334,46.76434762003707,-2.6863154459139196,-4.499306208655281,1.8129907627413617
2022-06-29 04:00:00+00:00,169.17,172.01,168.31,171.32,585946.0,16249.0,170.951936,169.34,49.94781705497127,-2.2521361688853005,-4.0498722007012855,1.797736031815985
2022-06-30 04:00:00+00:00,169.77,173.965,169.3075,173.09,810409.0,16041.0,172.693397,169.29066666666665,52.235442182447684,-1.7451052690037727,-3.588918814361783,1.8438135453580102
2022-07-01 04:00:00+00:00,172.75,176.28,172.445,175.3,629086.0,14931.0,174.622478,169.58433333333332,55.00091388793407,-1.1516753016435644,-3.1014701118181396,1.9497948101745752
2022-07-05 04:00:00+00:00,173.52,175.51,171.93,175.42,742323.0,19219.0,174.308291,169.82433333333333,55.152749253128015,-0.6640401385933501,-2.6139841171731817,1.9499439785798316
2022-07-06 04:00:00+00:00,177.17,179.0,176.25,178.12,815887.0,17899.0,177.684793,170.132,58.54229646652335,-0.059037772800792254,-2.102994848298704,2.0439570754979117
2022-07-07 04:00:00+00:00,177.09,178.81,175.41,178.03,700173.0,18228.0,177.554871,170.369,58.383893851160984,0.40846023769537965,-1.6007038310998873,2.009164068795267
2022-07-08 04:00:00+00:00,177.38,179.32,176.16,178.07,630779.0,15680.0,177.902807,170.60666666666665,58.43772010079239,0.7732696734095157,-1.1259091301980069,1.8991788036075226
2022-07-11 04:00:00+00:00,178.22,179.15,176.42,177.84,577841.0,13767.0,177.974201,170.84400000000002,57.973403719571984,1.0319292635170711,-0.6943414514549913,1.7262707149720624
2022-07-12 04:00:00+00:00,178.95,179.88,172.97,174.08,540101.0,14131.0,175.661592,170.85633333333334,50.859075525030896,0.9228798909401803,-0.370897182975957,1.2937770739161372
2022-07-13 04:00:00+00:00,171.14,176.34,171.14,174.71,484516.0,15607.0,174.704414,170.725,51.923645020876506,0.877181608825083,-0.12128142461574898,0.998463033440832
2022-07-14 04:00:00+00:00,174.04,176.95,173.125,175.93,554848.0,15185.0,175.390845,170.75866666666664,54.00178885182583,0.9287036771528392,0.08871559573796867,0.8399880814148706
2022-07-15 04:00:00+00:00,177.0,180.2,176.8,178.83,897395.0,20360.0,178.756764,171.012,58.584569778191934,1.1898254836528963,0.30893757332095423,0.880887910331942
2022-07-18 04:00:00+00:00,177.86,179.57,175.028,175.5,565957.0,15509.0,176.822241,170.99533333333332,52.1585167362093,1.1152078051711385,0.4701916196909911,0.6450161854801474
2022-07-19 04:00:00+00:00,177.26,180.63,177.03,180.0,704178.0,16902.0,179.541438,171.20666666666665,58.74417643643728,1.4030120991791932,0.6567557155886316,0.7462563835905617
2022-07-20 04:00:00+00:00,180.22,182.95,179.503,181.87,643115.0,18209.0,181.982979,171.45766666666665,61.13821514982355,1.761684841217658,0.8777415407144369,0.8839433005032211
2022-07-21 04:00:00+00:00,183.06,184.99,182.01,184.71,557511.0,14130.0,184.347183,171.76633333333334,64.50683534955292,2.2491727748236485,1.1520277875362792,1.0971449872873693
2022-07-22 04:00:00+00:00,185.11,186.67,183.17,184.78,662604.0,16750.0,184.549982,172.24733333333333,64.58831333857692,2.6110602125511946,1.4438342725392623,1.1672259400119323
2022-07-25 04:00:00+00:00,183.89,184.85,182.32,182.77,544315.0,16988.0,183.47715,172.78,60.307285431629765,2.704492704074994,1.6959659588464087,1.0085267452285853
2022-07-26 04:00:00+00:00,183.21,183.61,181.34,183.01,578098.0,16213.0,182.459357,173.41033333333334,60.642728610100384,2.7660196680429294,1.909976700685713,0.8560429673572165
2022-07-27 04:00:00+00:00,182.79,185.94,182.53,184.53,787630.0,18953.0,184.213373,174.17233333333334,62.787654248881125,2.903956523937552,2.1087726653360805,0.7951838586014714
2022-07-28 04:00:00+00:00,185.84,189.805,185.065,188.51,697189.0,16694.0,188.040122,175.18166666666667,67.7445969571121,3.296426066032353,2.3463033454753353,0.950122720557018
2022-07-29 04:00:00+00:00,188.34,190.96,187.1,190.25,655845.0,16002.0,190.059887,176.18366666666668,69.648141321209,3.7051537578042826,2.618073427941125,1.0870803298631575
2022-08-01 04:00:00+00:00,189.57,190.755,187.6879,189.02,695214.0,19317.0,188.945472,177.19833333333335,66.653637103003,3.885038373775984,2.871466417108097,1.0135719566678874
2022-08-02 04:00:00+00:00,188.33,191.13,187.21,188.98,871233.0,21713.0,189.513089,178.10366666666667,66.5534238029437,3.978508789437228,3.0928748915739233,0.8856338978633049
2022-08-03 04:00:00+00:00,192.69,199.55,191.56,197.38,1396808.0,31854.0,197.789934,179.17866666666666,75.0402560097436,4.6764869351611935,3.4095973002913773,1.2668896348698162
2022-08-04 04:00:00+00:00,197.36,200.87,196.77,199.28,781531.0,18010.0,198.567071,180.2783333333333,76.49319239459702,5.32160956289178,3.791999752811458,1.5296098100803217
2022-08-05 04:00:00+00:00,196.97,198.61,195.7,198.38,737615.0,18655.0,197.462956,181.192,74.28724911452635,5.694607524072268,4.1725213070636205,1.5220862170086473
2022-08-08 04:00:00+00:00,199.21,201.46,198.39,199.03,489236.0,13831.0,199.531269,182.0593333333333,74.85133092037896,5.97379843355472,4.532776732361841,1.441021701192879
2022-08-09 04:00:00+00:00,199.96,200.58,197.99,198.76,486508.0,14512.0,198.943315,182.88133333333332,74.12390805324262,6.102921813536085,4.846805748596689,1.2561160649393956
2022-08-10 04:00:00+00:00,202.33,203.21,200.715,202.15,693449.0,14072.0,202.040978,183.98833333333334,77.1292166875684,6.404965238723321,5.158437646622016,1.2465275921013053
2022-08-11 04:00:00+00:00,202.5,204.77,200.51,200.9,456608.0,12726.0,201.695875,184.97433333333336,73.72887171453598,6.468902791348967,5.420530675567406,1.0483721157815609
2022-08-12 04:00:00+00:00,202.21,203.78,201.54,202.87,581229.0,14432.0,202.82306,185.967,75.55775522494294,6.602427622706983,5.656910064995322,0.9455175577116615
2022-08-15 04:00:00+00:00,202.87,206.99,202.79,205.67,578252.0,15929.0,205.258847,186.97933333333333,77.91145427074275,6.855161577500752,5.8965603674964076,0.9586012100043444
2022-08-16 04:00:00+00:00,204.32,205.815,203.78,204.49,911972.0,14974.0,204.581048,187.94833333333332,74.64901394201918,6.8809199571540205,6.09343228542793,0.7874876717260904
2022-08-17 04:00:00+00:00,202.81,203.72,201.58,203.56,698334.0,17434.0,202.836539,188.79633333333334,72.08698658878505,6.74849794739913,6.224445417822171,0.5240525295769594
2022-08-18 04:00:00+00:00,203.01,204.75,202.29,203.93,609593.0,15683.0,203.953975,189.65966666666665,72.4914973659505,6.597358219558117,6.29902797816936,0.29833024138875697
2022-08-19 04:00:00+00:00,203.6,203.6,198.91,200.57,1636736.0,22467.0,200.79536,190.40966666666665,63.49297344906184,6.135726145385718,6.2663676116126314,-0.13064146622691375
2022-08-22 04:00:00+00:00,200.07,201.165,197.77,198.23,780664.0,16808.0,198.892819,191.08933333333331,58.08528579810565,5.517459122653662,6.116585913820838,-0.5991267911671763
2022-08-23 04:00:00+00:00,197.62,197.62,194.34,194.46,879030.0,15957.0,194.968441,191.76866666666666,50.60693034051895,4.669444114841895,5.82715755402505,-1.1577134391831558
2022-08-24 04:00:00+00:00,194.21,195.135,192.95,194.68,554049.0,16162.0,194.354364,192.4343333333333,51.00336556588296,3.969381711401411,5.455602385500323,-1.4862206740989121
2022-08-25 04:00:00+00:00,196.28,196.28,192.085,195.31,783431.0,16600.0,193.92809,193.08033333333333,52.18683292221249,3.425921062422134,5.049666120884686,-1.6237450584625517
2022-08-26 04:00:00+00:00,194.71,195.5,189.65,189.89,831249.0,19765.0,191.279241,193.449,42.64374739075042,2.5287262968409436,4.545478156075937,-2.0167518592349936
2022-08-29 04:00:00+00:00,188.7,190.3,187.58,189.53,608436.0,13318.0,189.386364,193.91666666666666,42.093158696873076,1.7682605825327187,3.9900346413672936,-2.221774058834575
2022-08-30 04:00:00+00:00,189.4,190.395,186.87,187.85,1707444.0,17744.0,187.974206,194.17833333333334,39.52825516416387,1.0182858994418496,3.3956848929822048,-2.377398993540355
2022-08-31 04:00:00+00:00,187.86,189.48,186.5915,187.16,827239.0,17309.0,187.409654,194.35466666666665,38.490866031658626,0.36405176426305275,2.7893582672383745,-2.425306502975322
2022-09-01 04:00:00+00:00,186.82,189.1,185.41,188.9,516748.0,16933.0,187.852657,194.49433333333337,42.5830839513878,-0.013870156623596586,2.2287125824659806,-2.242582739089577
2022-09-02 04:00:00+00:00,189.98,190.59,183.39,184.77,652088.0,19463.0,186.042666,194.494,36.39390202276961,-0.6392634546787122,1.655117375037042,-2.294380829715754
2022-09-06 04:00:00+00:00,184.49,188.35,184.14,186.69,619564.0,18714.0,186.257074,194.62466666666666,40.708352760418265,-0.9687965120759543,1.1303345976144428,-2.099131109690397
2022-09-07 04:00:00+00:00,187.4,191.9,186.56,191.39,543242.0,14625.0,190.613202,194.904,49.702403017925796,-0.8410084913806202,0.7360659798154302,-1.5770744711960503
2022-09-08 04:00:00+00:00,190.53,192.24,188.99,191.1,634611.0,16912.0,190.629415,195.12300000000002,49.206418213980385,-0.754439432529523,0.4379648973464396,-1.1924043298759626
2022-09-09 04:00:00+00:00,191.76,192.71,191.13,192.04,492425.0,13125.0,192.080864,195.24066666666667,50.91621146932689,-0.6030313159649268,0.22976565468416638,-0.8327969706490932
2022-09-12 04:00:00+00:00,192.46,193.0624,191.6,192.83,556197.0,13334.0,192.573212,195.32666666666668,52.36739718653754,-0.4145146284460566,0.1009095980581218,-0.5154242265041784
2022-09-13 04:00:00+00:00,189.03,189.51,185.24,186.25,809009.0,19901.0,187.175516,195.23433333333332,41.39071013979845,-0.7869928404646771,-0.07667088964643798,-0.7103219508182391
2022-09-14 04:00:00+00:00,186.15,187.89,182.1,185.91,599117.0,16851.0,186.210285,195.132,40.9134946009693,-1.0969744271975799,-0.2807315971566664,-0.8162428300409135
2022-09-15 04:00:00+00:00,185.95,186.33,183.4,183.98,602007.0,16397.0,184.38083,194.68533333333332,38.219714081112826,-1.4812964746128614,-0.5208445726479054,-0.960451901964956
2022-09-16 04:00:00+00:00,183.93,184.955,182.2,184.43,1903152.0,23879.0,184.044128,194.19033333333334,39.22447842464144,-1.7296251844155677,-0.7626006950014379,-0.9670244894141298
2022-09-19 04:00:00+00:00,183.96,184.3,181.6,184.25,510462.0,13358.0,183.452298,193.71933333333334,38.9515905918191,-1.9188328609343444,-0.9938471281880192,-0.9249857327463251
2022-09-20 04:00:00+00:00,183.57,183.94,180.58,182.33,409053.0,12598.0,182.103698,193.16266666666667,36.06905200343543,-2.1983678455466418,-1.2347512716597437,-0.963616573886898
2022-09-21 04:00:00+00:00,183.62,185.13,180.2,180.31,505600.0,12706.0,181.758559,192.5476666666667,33.27874673123645,-2.553463712743792,-1.4984937598765535,-1.0549699528672383
2022-09-22 04:00:00+00:00,179.3,180.13,174.96,175.06,643867.0,17634.0,176.209021,191.64466666666664,27.35556230330947,-3.221376842738806,-1.843070376449004,-1.3783064662898021
2022-09-23 04:00:00+00:00,175.43,175.68,172.93,175.2,691427.0,19184.0,174.538461,190.788,27.724990352638258,-3.696791667176626,-2.2138146345945287,-1.4829770325820975
2022-09-26 04:00:00+00:00,175.45,176.45,172.705,173.42,707776.0,17695.0,173.840526,189.80633333333333,25.920138855505186,-4.169133291255491,-2.604878365926721,-1.56425492532877
2022-09-27 04:00:00+00:00,174.21,175.01,170.49,171.03,654300.0,16283.0,171.578908,188.65166666666667,23.690160464023904,-4.682345295405554,-3.0203717518224877,-1.6619735435830663
2022-09-28 04:00:00+00:00,172.57,174.66,171.215,173.73,939096.0,18027.0,173.51241,187.62633333333332,30.920565873649906,-4.815689796715077,-3.379435360801006,-1.436254435914071
2022-09-29 04:00:00+00:00,172.29,173.77,170.74,173.55,683041.0,20714.0,172.861528,186.626,30.711646539151303,-4.87964130290672,-3.679476549222149,-1.2001647536845708
2022-09-30 04:00:00+00:00,173.98,174.33,169.95,170.53,919771.0,20758.0,171.612184,185.51266666666666,27.370242680381764,-5.1150489923399505,-3.96659103784571,-1.1484579544942406
2022-10-03 04:00:00+00:00,171.8,175.13,171.17,174.36,890359.0,20884.0,173.832143,184.639,36.766400216183655,-4.93566699411997,-4.160406229100563,-0.7752607650194072
2022-10-04 04:00:00+00:00,176.35,180.1199,176.35,179.69,766943.0,16944.0,179.348908,184.02100000000002,47.0355261002418,-4.3136934400260145,-4.1910636712856535,-0.12262976874036102
2022-10-05 04:00:00+00:00,178.96,181.12,177.72,179.93,947348.0,20922.0,179.618776,183.5366666666667,47.449365893470585,-3.7580880236843086,-4.104468541765384,0.34638051808107573
2022-10-06 04:00:00+00:00,180.63,180.72,175.6,175.69,615113.0,16484.0,176.660688,182.90366666666665,41.30854067418608,-3.618191039101106,-4.007213041232529,0.3890220021314228
2022-10-07 04:00:00+00:00,174.07,174.54,169.91,170.56,705440.0,19313.0,171.429956,182.0786666666667,35.3478625203947,-3.8765829624150854,-3.9810870254690403,0.10450406305395488
2022-10-10 04:00:00+00:00,171.35,172.24,168.72,169.67,464140.0,14341.0,169.935976,181.40466666666669,34.41991599275305,-4.105846344357218,-4.0060388892466765,-0.09980745511054145
2022-10-11 04:00:00+00:00,169.14,171.14,168.39,169.5,807255.0,20256.0,169.713861,180.73700000000002,34.23504266218602,-4.252239633977325,-4.055279038192807,-0.1969605957845184
2022-10-12 04:00:00+00:00,170.78,170.78,168.06,168.1,549856.0,15709.0,169.141261,180.07866666666666,32.67839961478741,-4.430157571611545,-4.130254744876555,-0.29990282673499014
2022-10-13 04:00:00+00:00,164.9,170.39,163.64,169.74,1167158.0,28729.0,168.118152,179.49800000000002,36.33055878535657,-4.388239630195471,-4.181851721940339,-0.20638790825513276
2022-10-14 04:00:00+00:00,172.26,173.12,166.35,166.84,675000.0,16724.0,167.692991,178.76266666666663,32.92875393967242,-4.536728540707742,-4.25282708569382,-0.28390145501392183
2022-10-17 04:00:00+00:00,169.16,173.14,168.93,171.44,1194996.0,25046.0,171.6309,178.31833333333333,42.17742370649557,-4.234413829106757,-4.249144434376407,0.014730605269650532
2022-10-18 04:00:00+00:00,175.08,176.415,172.84,173.86,738171.0,19070.0,174.017469,177.89066666666668,46.36742148648398,-3.75625371227855,-4.150566289956836,0.39431257767828587
2022-10-19 04:00:00+00:00,171.12,173.25,168.63,169.36,676922.0,16111.0,169.802267,177.15633333333335,40.491664614160904,-3.6977948889825996,-4.060012009761989,0.3622171207793894
2022-10-20 04:00:00+00:00,169.47,169.47,164.515,165.69,834861.0,19889.0,166.284623,176.3093333333333,36.43635488821768,-3.902617236668334,-4.028533055143258,0.12591581847492428
2022-10-21 04:00:00+00:00,165.38,167.75,163.79,166.99,852794.0,18370.0,166.426621,175.4743333333333,38.775440091637186,-3.9149126117876847,-4.005808966472144,0.09089635468445945
2022-10-24 04:00:00+00:00,168.96,170.02,166.96,169.46,657419.0,17804.0,168.90313,174.6953333333333,43.06263195320153,-3.682894314667095,-3.9412260361111344,0.25833172144403926
2022-10-25 04:00:00+00:00,169.95,174.08,169.475,173.82,785163.0,18812.0,172.372906,174.281,49.75139045004424,-3.1113370241633334,-3.7752482337215745,0.6639112095582411
2022-10-26 04:00:00+00:00,174.47,176.71,173.29,173.52,704245.0,18370.0,174.375264,173.868,49.32204324870078,-2.6520105199319914,-3.550600690963658,0.8985901710316666
2022-10-27 04:00:00+00:00,173.77,177.48,172.605,176.41,753888.0,17781.0,175.986403,173.61566666666667,53.48637105536278,-2.0313756745094054,-3.246755687672808,1.2153800131634025
2022-10-28 04:00:00+00:00,176.94,181.56,176.82,181.12,623445.0,17492.0,180.267695,173.50533333333334,59.349146125839454,-1.1462472266767918,-2.8266539954736047,1.680406768796813
2022-10-31 04:00:00+00:00,181.71,186.86,180.35,182.83,1405648.0,32198.0,183.898706,173.458,61.25838645614488,-0.30329761966629576,-2.321982720312143,2.0186851006458473
2022-11-01 04:00:00+00:00,183.48,185.103,180.4,181.47,779457.0,22808.0,181.559065,173.42933333333335,58.889436914587904,0.252099338756949,-1.8071663084983247,2.0592656472552737
2022-11-02 04:00:00+00:00,172.62,178.62,169.28,169.33,1804028.0,41185.0,172.34405,173.06333333333333,42.93005242872696,-0.28406656947279885,-1.5025463606932195,1.2184797912204206
2022-11-03 04:00:00+00:00,167.12,168.44,165.09,165.37,1087169.0,27308.0,166.266809,172.74033333333333,39.19834451049143,-1.0167997845305763,-1.405397045460691,0.3885972609301147
2022-11-04 04:00:00+00:00,166.64,167.59,162.94,166.52,1061330.0,27998.0,165.490373,172.451,40.80750806083673,-1.4875531606068648,-1.4218282684899257,-0.0657248921169391
2022-11-07 05:00:00+00:00,167.7,168.64,166.46,168.49,895486.0,25663.0,168.007705,172.2866666666667,43.5630158903424,-1.6822738608306338,-1.4739173869580675,-0.20835647387256628
2022-11-08 05:00:00+00:00,169.3,172.645,167.69,170.6,772371.0,25526.0,170.769661,172.27233333333334,46.43898826554453,-1.6473425135890807,-1.5086024122842703,-0.1387401013048104
2022-11-09 05:00:00+00:00,170.14,172.54,169.0,169.87,854520.0,18750.0,170.404533,172.1436666666667,45.57370102538102,-1.659435133116773,-1.538768956450771,-0.12066617666600199
2022-11-10 05:00:00+00:00,177.03,181.61,175.64,181.11,1386149.0,31195.0,179.245514,172.39566666666667,58.42027443771347,-0.7533602893493878,-1.3816872230304944,0.6283269336811066
2022-11-11 05:00:00+00:00,181.11,181.11,177.49,178.27,880833.0,26703.0,178.611634,172.65366666666668,54.894579936175745,-0.2614399953509974,-1.157637777494595,0.8961977821435976
2022-11-14 05:00:00+00:00,178.13,178.78,173.8,173.98,1209728.0,25877.0,175.849386,172.641,49.98705750078359,-0.2152752066588164,-0.9691652633274394,0.753890056668623
2022-11-15 05:00:00+00:00,176.98,178.385,174.66,177.0,1829682.0,38124.0,176.899993,172.55133333333333,53.161518313631646,0.06425874695082712,-0.7624804612717861,0.8267392082226133
2022-11-16 05:00:00+00:00,177.0,178.34,173.67,174.51,1609296.0,28400.0,175.354205,172.37066666666666,50.32522972946135,0.08390205821820018,-0.5932039573737888,0.677106015591989
2022-11-17 05:00:00+00:00,172.56,173.46,167.81,170.23,1960699.0,38637.0,169.650347,172.18866666666665,45.80182991525188,-0.2430885333326387,-0.5231808725655588,0.2800923392329201
2022-11-18 05:00:00+00:00,172.41,174.11,170.7,173.54,1266588.0,18738.0,172.814827,172.288,49.57651703231888,-0.23246191949542094,-0.46503708195153126,0.23257516245611032
2022-11-21 05:00:00+00:00,174.0,180.98,173.905,179.95,1205000.0,25635.0,179.125014,172.63066666666666,55.97157138719525,0.2898519451290724,-0.31405927653541055,0.603911221664483
2022-11-22 05:00:00+00:00,180.35,181.7,178.38,178.65,990871.0,21079.0,179.387303,172.93566666666666,54.462942204239205,0.592065349662505,-0.13283435129582744,0.7248997009583324
2022-11-23 05:00:00+00:00,178.75,181.61,178.05,180.05,629329.0,14926.0,180.289862,173.334,55.84326704878654,0.93377596176515,0.08048771131636806,0.853288250448782
2022-11-25 05:00:00+00:00,180.99,183.67,180.0,182.87,454831.0,9684.0,182.620674,173.77166666666665,58.56761178146887,1.4158138947599355,0.3475529480050816,1.0682609467548538
2022-11-28 05:00:00+00:00,181.62,183.34,177.32,177.54,828482.0,20469.0,179.009673,174.12833333333336,52.03317395585473,1.352159125513566,0.5484741835067786,0.8036849420067875
2022-11-29 05:00:00+00:00,175.56,177.91,174.68,176.93,791026.0,20031.0,177.006955,174.31133333333335,51.32736527417605,1.238216965841758,0.6864227399737745,0.5517942258679837
2022-11-30 05:00:00+00:00,177.0,184.42,176.73,183.71,2042231.0,21248.0,182.702772,174.63966666666667,58.12618802151762,1.6756900092232172,0.8842761938236631,0.7914138153995541
2022-12-01 05:00:00+00:00,185.32,187.68,184.89,186.14,875536.0,21582.0,186.185508,175.19899999999998,60.268323886457864,2.1931895160408885,1.1460588582671083,1.0471306577737802
2022-12-02 05:00:00+00:00,183.76,186.47,180.84,185.44,848477.0,21549.0,185.097844,175.85733333333334,59.326798837239814,2.517803779034324,1.4204078424205515,1.0973959366137724
2022-12-05 05:00:00+00:00,183.71,184.01,182.1,183.15,861304.0,18992.0,183.205744,176.39600000000002,56.23189195404047,2.560760209823684,1.648478315901178,0.9122818939225059
2022-12-06 05:00:00+00:00,183.15,183.6,181.25,182.04,874484.0,18943.0,182.340455,176.81533333333334,54.74121584654856,2.476686072011063,1.814119867123155,0.6625662048879077
2022-12-07 05:00:00+00:00,181.16,185.26,181.16,182.96,868156.0,21412.0,183.370755,177.11999999999998,55.78737186587512,2.455981991707631,1.9424922920400503,0.5134896996675808
2022-12-08 05:00:00+00:00,182.54,183.83,180.99,182.18,640088.0,16968.0,182.244648,177.40866666666668,54.63431549310721,2.3495502251826395,2.023903878668568,0.32564634651407154
2022-12-09 05:00:00+00:00,182.18,183.61,180.82,182.51,928334.0,16422.0,182.504049,177.61200000000002,55.057544529312466,2.2657127987008607,2.0722656626750267,0.19344713602583408
2022-12-12 05:00:00+00:00,183.57,184.145,178.89,181.9,908834.0,20711.0,181.221283,177.638,54.053682898109656,2.1255471477683727,2.082921959693696,0.042625188074676856
2022-12-13 05:00:00+00:00,188.87,189.18,182.9,184.7,706831.0,16892.0,185.180448,177.70033333333333,57.8524464900307,2.2148698184307705,2.109311531441111,0.10555828698965941
2022-12-14 05:00:00+00:00,184.57,187.285,181.1,182.97,768893.0,18777.0,184.092338,177.75033333333334,54.835773133605336,2.1216055881129137,2.111770342775472,0.009835245337441734
2022-12-15 05:00:00+00:00,181.67,182.28,176.1,176.6,1195080.0,23291.0,177.415793,177.99266666666668,45.4401726129703,1.516209332586243,1.992658140737626,-0.47644880815138313
2022-12-16 05:00:00+00:00,175.2,177.29,174.52,175.02,1876324.0,28405.0,175.306687,178.31433333333334,43.451480773847905,0.8985774021014095,1.7738419930103828,-0.8752645909089734
2022-12-19 05:00:00+00:00,174.82,175.805,171.7,173.22,833941.0,19882.0,173.518148,178.53766666666667,41.23727693228199,0.2608477995608496,1.4712431543204763,-1.2103953547596267
2022-12-20 05:00:00+00:00,173.04,173.51,170.54,172.19,719600.0,16613.0,172.406367,178.661,39.98175507978914,-0.3239357670969696,1.112207370036987,-1.4361431371339566
2022-12-21 05:00:00+00:00,173.46,176.8188,171.98,176.12,689625.0,15073.0,175.549723,178.84499999999997,46.65542284998978,-0.4649036809503002,0.7967851598395296,-1.2616888407898297
2022-12-22 05:00:00+00:00,174.33,174.61,171.19,174.48,653376.0,17266.0,173.649927,178.99866666666668,44.43496703938061,-0.700876790881523,0.4972527696953191,-1.198129560576842
2022-12-23 05:00:00+00:00,173.52,175.87,173.28,175.61,470628.0,12199.0,175.158801,178.81533333333334,46.33031237638629,-0.7876263580255625,0.24027694415114279,-1.0279033021767052
2022-12-27 05:00:00+00:00,175.8,176.6214,174.32,175.56,497850.0,11305.0,175.628347,178.725,46.25512881158598,-0.8506053481466722,0.02210048569157977,-0.872705833838252
2022-12-28 05:00:00+00:00,175.56,177.61,173.99,174.23,572424.0,14803.0,175.241795,178.73333333333332,44.20041946607931,-0.9963512196302133,-0.18158985537277886,-0.8147613642574345
2022-12-29 05:00:00+00:00,174.61,179.07,174.61,178.06,506884.0,13990.0,177.981538,178.7686666666667,50.9566224586676,-0.7936580850987411,-0.3040035013179714,-0.48965458378076976
2022-12-30 05:00:00+00:00,176.63,177.8,174.07,176.42,617598.0,14438.0,175.879979,178.83233333333334,48.26194768077333,-0.7566345969604242,-0.39452972044646195,-0.3621048765139623
2023-01-03 05:00:00+00:00,177.4,179.35,176.02,177.34,644187.0,18260.0,177.213939,179.06933333333333,49.86366892399641,-0.645614660704382,-0.444746708498046,-0.20086795220633602
2023-01-04 05:00:00+00:00,179.84,181.64,178.7,180.25,603357.0,14849.0,180.22866,179.293,54.64642498856559,-0.31913904499714363,-0.41962517579786557,0.10048613080072194
2023-01-05 05:00:00+00:00,178.83,179.06,176.36,177.64,692834.0,17572.0,177.517915,179.21599999999998,50.03600479590697,-0.26792152220659204,-0.38928444507961085,0.12136292287301881
2023-01-06 05:00:00+00:00,179.51,183.52,178.0,182.88,728709.0,15745.0,182.222243,179.357,57.744017479091575,0.19326510131543273,-0.2727745358006022,0.4660396371160349
2023-01-09 05:00:00+00:00,183.0,185.16,181.99,182.63,349418.0,11308.0,184.021458,179.443,57.289911916159085,0.5324481812677959,-0.11172999238692256,0.6441781736547185
