timestamp,open,high,low,close,volume,trade_count,vwap,30sma,rsi,macd,signal,histogram
2022-01-03 05:00:00+00:00,52.26,53.18,52.26,53.06,7636775.0,64582.0,52.86462,,,,,
2022-01-04 05:00:00+00:00,53.2,54.07,53.09,53.48,6740192.0,70615.0,53.63661,,,,,
2022-01-05 05:00:00+00:00,53.69,54.8,53.58,54.12,7199329.0,80907.0,54.199405,,,,,
2022-01-06 05:00:00+00:00,53.99,54.49,52.29,52.44,12066680.0,106326.0,53.027227,,,,,
2022-01-07 05:00:00+00:00,52.24,54.15,51.9,53.84,7632995.0,71583.0,53.393143,,,,,
2022-01-10 05:00:00+00:00,53.93,54.555,53.16,53.73,6709119.0,68282.0,53.708419,,,,,
2022-01-11 05:00:00+00:00,53.98,55.0,53.62,54.33,6721596.0,60723.0,54.122438,,,,,
2022-01-12 05:00:00+00:00,54.53,54.67,53.445,53.91,5280314.0,49457.0,53.905046,,,,,
2022-01-13 05:00:00+00:00,54.19,54.715,53.56,54.19,7170461.0,58258.0,54.222655,,,,,
2022-01-14 05:00:00+00:00,54.12,54.39,53.45,54.3,4464960.0,48563.0,53.990022,,,,,
2022-01-18 05:00:00+00:00,54.09,54.35,53.2,53.52,5132675.0,48747.0,53.539912,,,,,
2022-01-19 05:00:00+00:00,53.47,53.845,52.98,53.53,5500135.0,51085.0,53.496618,,,,,
2022-01-20 05:00:00+00:00,53.53,54.27,53.02,53.18,5869817.0,57617.0,53.618314,,,,,
2022-01-21 05:00:00+00:00,53.25,53.455,52.2,52.5,7744035.0,67685.0,52.694485,,,,,
2022-01-24 05:00:00+00:00,52.41,52.77,50.62,52.38,7740005.0,80864.0,51.714951,,45.52631578947369,,,
2022-01-25 05:00:00+00:00,51.7,51.87,50.295,50.99,7336777.0,78190.0,50.933497,,38.0348384914595,,,
2022-01-26 05:00:00+00:00,50.99,51.51,49.19,49.76,8797080.0,84212.0,50.08918,,32.879007680802474,,,
2022-01-27 05:00:00+00:00,50.21,50.73,49.725,50.0,5983061.0,65090.0,50.190681,,34.737961203673564,,,
2022-01-28 05:00:00+00:00,49.94,50.49,49.32,50.46,5404846.0,56228.0,50.070368,,38.26701834357338,,,
2022-01-31 05:00:00+00:00,50.04,50.095,49.005,49.76,10721899.0,68887.0,49.586263,,35.15191845738299,,,
2022-02-01 05:00:00+00:00,49.325,49.91,49.2,49.75,6036773.0,57261.0,49.649245,,35.10795017815484,,,
2022-02-02 05:00:00+00:00,49.81,50.66,49.72,50.41,5919903.0,54410.0,50.303496,,40.40606222869022,,,
2022-02-03 05:00:00+00:00,50.55,50.97,49.39,49.5,5397867.0,51045.0,49.815357,,36.03724955454743,,,
2022-02-04 05:00:00+00:00,49.18,49.4,48.17,48.6,6425038.0,60826.0,48.67409,,32.3157579613127,,,
2022-02-07 05:00:00+00:00,48.86,49.46,48.34,49.09,4999771.0,44918.0,48.980362,,36.17996759907564,,,
2022-02-08 05:00:00+00:00,49.02,49.92,48.77,49.79,7464774.0,59672.0,49.593059,,41.33289922163067,-1.7308568225179215,,
2022-02-09 05:00:00+00:00,49.81,50.19,49.4,49.99,10065175.0,76215.0,49.884168,,42.75506768673417,-1.6206789813152938,,
2022-02-10 05:00:00+00:00,49.77,49.9127,49.03,49.22,7085019.0,63829.0,49.387799,,38.850291775794894,-1.5773125361415552,,
2022-02-11 05:00:00+00:00,49.34,49.98,48.41,48.7,7551573.0,62878.0,49.175212,,36.430536810718586,-1.56684238637704,,
2022-02-14 05:00:00+00:00,48.99,49.02,46.82,47.36,6488448.0,62461.0,47.385046,51.52966666666667,31.0616129325674,-1.6476781107908565,,
2022-02-15 05:00:00+00:00,47.66,48.455,47.66,48.3,4928445.0,46269.0,48.233111,51.371,37.96791819912289,-1.6172482297955142,,
2022-02-16 05:00:00+00:00,48.11,48.645,47.515,47.88,4510338.0,45081.0,47.936694,51.184333333333335,36.22184924098223,-1.608481249188955,,
2022-02-17 05:00:00+00:00,47.2,47.32,46.72,46.81,4270890.0,44704.0,46.939739,50.94066666666666,32.16368535390944,-1.668638386899616,,
2022-02-18 05:00:00+00:00,46.63,47.37,46.24,46.61,4437305.0,46242.0,46.645694,50.74633333333334,31.45431969332357,-1.7127086413806225,-1.6389383716008195,-0.07377026977980305
2022-02-22 05:00:00+00:00,46.82,46.88,45.5406,45.79,7264207.0,65209.0,46.020151,50.477999999999994,28.663088084662803,-1.7931316767559906,-1.669777032631854,-0.12335464412413666
2022-02-23 05:00:00+00:00,45.98,46.18,45.39,45.46,5040395.0,53060.0,45.703087,50.20233333333333,27.601554142432647,-1.8620314147081274,-1.7082279090471086,-0.15380350566101875
2022-02-24 05:00:00+00:00,45.01,45.44,43.9314,45.27,8433972.0,80624.0,44.661906,49.900333333333336,26.981957988812795,-1.9099496548164154,-1.74857225820097,-0.16137739661544548
2022-02-25 05:00:00+00:00,45.4,46.445,45.37,46.2,5380519.0,54920.0,46.040428,49.64333333333333,34.707874559721816,-1.8515385933079003,-1.769165525222356,-0.08237306808554434
2022-02-28 05:00:00+00:00,45.6,46.4,45.34,46.09,6697373.0,52278.0,45.956061,49.373333333333335,34.24631463553645,-1.7934497149943027,-1.7740223631767453,-0.019427351817557392
2022-03-01 05:00:00+00:00,45.91,46.08,44.59,45.01,4976898.0,51224.0,45.034856,49.06366666666666,30.02456434103229,-1.8136541583099302,-1.7819487222033823,-0.03170543610654786
2022-03-02 05:00:00+00:00,45.26,46.27,44.92,46.15,5913701.0,57163.0,45.804291,48.818,38.625269802617176,-1.7178752559696306,-1.7691340289566322,0.051258772987001544
2022-03-03 05:00:00+00:00,46.755,47.01,46.19,46.72,6951130.0,54778.0,46.705505,48.591,42.43506121887776,-1.577787793954073,-1.7308647819561205,0.1530769880020475
2022-03-04 05:00:00+00:00,46.11,47.79,46.05,47.72,9179743.0,95651.0,47.214088,48.409000000000006,48.47757595682219,-1.370280092443835,-1.6587478440536636,0.2884677516098286
2022-03-07 05:00:00+00:00,47.44,48.47,46.95,46.99,6386250.0,62415.0,47.388363,48.22533333333334,44.78208986738952,-1.2503207241102459,-1.5770624200649803,0.32674169595473446
2022-03-08 05:00:00+00:00,47.2,48.75,47.14,47.47,5296799.0,59945.0,47.772298,48.06166666666666,47.6101021331417,-1.103796196508597,-1.4824091753537039,0.3786129788451069
2022-03-09 05:00:00+00:00,48.51,48.83,47.63,48.12,5118207.0,52834.0,48.165788,47.966,51.25111967254625,-0.9245670515613398,-1.3708407505952311,0.44627369903389136
2022-03-10 05:00:00+00:00,47.56,48.195,47.1,48.07,4793528.0,52179.0,47.719593,47.909666666666666,50.957742223633005,-0.7775975841347318,-1.2521921173031312,0.4745945331683994
2022-03-11 05:00:00+00:00,48.42,48.97,47.38,47.44,5504465.0,54515.0,47.918488,47.824333333333335,47.284909409681184,-0.7038454648217467,-1.1425227868068542,0.43867732198510745
2022-03-14 04:00:00+00:00,47.84,48.455,47.12,47.91,4983368.0,50294.0,47.981376,47.739333333333335,50.17040447623096,-0.6005485569289846,-1.0341279408312802,0.43357938390229567
2022-03-15 04:00:00+00:00,48.14,48.43,47.625,48.17,3666847.0,36208.0,48.042126,47.68633333333333,51.744013195904714,-0.49203333214771305,-0.9257090190945669,0.4336756869468539
2022-03-16 04:00:00+00:00,48.27,48.41,46.67,47.38,7171120.0,66526.0,47.366192,47.60733333333334,46.89782252745005,-0.4644270069527252,-0.8334526166661986,0.3690256097134734
2022-03-17 04:00:00+00:00,46.95,47.8184,46.73,47.48,5544701.0,51750.0,47.38259,47.50966666666667,47.56724556346108,-0.4295282962506448,-0.7526677525830879,0.3231394563324431
2022-03-18 04:00:00+00:00,47.35,47.45,46.47,47.36,11159725.0,62360.0,47.131211,47.438333333333325,46.8047381462881,-0.4068637417547052,-0.6835069504174114,0.2766432086627062
2022-03-21 04:00:00+00:00,47.49,48.6175,47.085,47.38,5503267.0,54719.0,47.627243,47.397666666666666,46.95735225913236,-0.3828745467307684,-0.6233804696800829,0.2405059229493145
2022-03-22 04:00:00+00:00,47.78,48.165,47.01,47.43,6899055.0,60372.0,47.357009,47.342333333333336,47.363917268066515,-0.3557277466780491,-0.5698499250796761,0.21412217840162706
2022-03-23 04:00:00+00:00,47.28,47.6,46.31,46.74,7878327.0,56805.0,46.656537,47.24066666666667,42.52034931498913,-0.385447743825587,-0.5329694888288583,0.1475217450032713
2022-03-24 04:00:00+00:00,46.87,47.35,46.31,47.02,5328735.0,49421.0,46.918522,47.141666666666666,44.97923333642927,-0.3820038926582754,-0.5027763695947417,0.12077247693646631
2022-03-25 04:00:00+00:00,47.03,47.775,46.911,47.12,4646480.0,45675.0,47.209616,47.07166666666667,45.869847963548054,-0.3669751899755269,-0.4756161336708988,0.10864094369537186
2022-03-28 04:00:00+00:00,47.0,47.36,46.65,47.19,8657664.0,86440.0,47.01585,47.02133333333334,46.52240396125476,-0.34543446633548314,-0.4495798002038157,0.10414533386833258
2022-03-29 04:00:00+00:00,47.594,47.84,47.0688,47.82,5126547.0,48649.0,47.556707,47.03666666666666,52.11721166377948,-0.2743648456336132,-0.4145368092897752,0.14017196365616202
2022-03-30 04:00:00+00:00,47.82,48.48,47.29,47.46,8034400.0,71121.0,47.63643,47.00866666666666,48.964793305114036,-0.24427480268333568,-0.38048440796848737,0.1362096052851517
2022-03-31 04:00:00+00:00,45.275,45.7414,44.17,44.77,23232502.0,188071.0,44.921943,46.905,32.934332563362716,-0.432503118859799,-0.3908881501467497,-0.04161496871304926
2022-04-01 04:00:00+00:00,44.53,44.77,43.18,43.86,14790735.0,127849.0,43.673466,46.806666666666665,29.424799146307393,-0.6476392284697283,-0.44223836581134546,-0.20540086265838287
2022-04-04 04:00:00+00:00,43.84,44.05,42.9,43.4,9743948.0,91574.0,43.492308,46.699666666666666,27.811460860997073,-0.8455078131673233,-0.522892255282541,-0.32261555788478224
2022-04-05 04:00:00+00:00,43.022,43.75,43.02,43.49,7889596.0,71624.0,43.369584,46.623000000000005,28.635904665551735,-0.983718153734749,-0.6150574349729826,-0.3686607187617664
2022-04-06 04:00:00+00:00,43.22,44.76,43.0611,44.3,9389844.0,93771.0,44.029851,46.58433333333333,35.74813387136682,-1.0161767606894614,-0.6952813001162783,-0.3208954605731831
2022-04-07 04:00:00+00:00,44.43,45.21,43.695,45.1,8613371.0,79631.0,44.621074,46.57866666666666,41.906213691302625,-0.9662092674410019,-0.749466893581223,-0.2167423738597789
2022-04-08 04:00:00+00:00,45.18,45.795,44.75,45.42,6143620.0,56507.0,45.434798,46.55266666666667,44.20958439801596,-0.8905229491700908,-0.7776781046989967,-0.11284484447109411
2022-04-11 04:00:00+00:00,45.49,46.265,44.34,44.43,7674799.0,72792.0,45.063761,46.49733333333334,39.050940452896796,-0.9000505009615907,-0.8021525839515155,-0.09789791701007522
2022-04-12 04:00:00+00:00,44.54,44.965,44.05,44.23,5141361.0,52381.0,44.481526,46.471333333333334,38.08412716164258,-0.9132125372545161,-0.8243645746121157,-0.08884796264240047
2022-04-13 04:00:00+00:00,44.42,47.11,44.06,44.6,11972447.0,98811.0,44.784486,46.419666666666664,40.99457276035228,-0.8836020239540545,-0.8362120644805036,-0.04738995947355096
2022-04-14 04:00:00+00:00,44.66,45.425,44.62,44.81,5270743.0,49324.0,44.931648,46.355999999999995,42.642543973798084,-0.8335812283602024,-0.8356858972564434,0.0021046688962409466
2022-04-18 04:00:00+00:00,44.71,44.97,44.305,44.5,3665487.0,39246.0,44.566038,46.24866666666666,40.82969797735074,-0.8096209898936735,-0.8304729157838895,0.020851925890216005
2022-04-19 04:00:00+00:00,44.69,45.66,44.66,45.6,5314369.0,48538.0,45.357167,46.20233333333333,49.098851616420234,-0.6938729855122787,-0.8031529297295674,0.1092799442172887
2022-04-20 04:00:00+00:00,45.86,46.75,45.79,46.54,5617930.0,56067.0,46.435084,46.17133333333334,54.8992863069779,-0.5202940876577742,-0.7465811613152089,0.22628707365743472
2022-04-21 04:00:00+00:00,46.72,47.275,46.225,46.81,7063778.0,54539.0,46.824264,46.12766666666666,56.434935158770614,-0.3568314857756576,-0.6686312262072986,0.31179974043164105
2022-04-22 04:00:00+00:00,46.62,46.8,45.5,45.54,5935080.0,59624.0,45.815434,46.04333333333333,48.133053166513875,-0.32600658132926696,-0.6001062972316923,0.2740997159024253
2022-04-25 04:00:00+00:00,45.22,45.495,44.165,45.39,6527301.0,67949.0,44.887121,45.975,47.248970057917866,-0.31010665241737456,-0.5421063682688287,0.23199971585145418
2022-04-26 04:00:00+00:00,45.1,45.905,44.86,44.87,6018038.0,55442.0,45.195273,45.87366666666666,44.21692933603875,-0.33559694569247256,-0.5008044837535575,0.1652075380610849
2022-04-27 04:00:00+00:00,44.92,45.04,43.89,44.23,6853075.0,67805.0,44.489113,45.742333333333335,40.75083403806248,-0.4027976376237561,-0.4812031145275972,0.07840547690384109
2022-04-28 04:00:00+00:00,44.48,44.895,44.11,44.53,5999526.0,57920.0,44.46808,45.64733333333333,43.00614243298522,-0.42692584198447037,-0.4703476600189718,0.04342181803450146
2022-04-29 04:00:00+00:00,44.48,44.62,42.34,42.4,11772059.0,83257.0,42.852835,45.477999999999994,33.31099647221798,-0.6108789839538602,-0.4984539248059495,-0.11242505914791068
2022-05-02 04:00:00+00:00,42.63,42.9924,41.8,42.52,7601439.0,73182.0,42.457167,45.31666666666667,34.21083495717221,-0.7384675825457876,-0.5464566563539172,-0.19201092619187043
2022-05-03 04:00:00+00:00,42.79,43.29,42.4,42.94,6920231.0,65116.0,42.916038,45.16866666666667,37.394836134098725,-0.7965103012996266,-0.5964673853430591,-0.20004291595656754
2022-05-04 04:00:00+00:00,42.95,44.57,42.32,44.46,9077246.0,73703.0,43.812563,45.06966666666667,47.32973266804238,-0.7116547641261448,-0.6195048610996763,-0.09214990302646853
2022-05-05 04:00:00+00:00,44.28,44.35,43.375,43.78,7773486.0,71943.0,43.77437,44.971000000000004,43.96816728013419,-0.6913074940998953,-0.6338653876997201,-0.05744210640017522
2022-05-06 04:00:00+00:00,43.58,45.295,43.5,43.99,10548472.0,89739.0,44.392262,44.870000000000005,45.26116607168132,-0.6507356159414428,-0.6372394333480647,-0.013496182593378148
2022-05-09 04:00:00+00:00,43.87,44.535,43.55,43.85,7848541.0,83752.0,43.997344,44.760999999999996,44.52352305159408,-0.6227008325871921,-0.6343317131958901,0.011630880608697991
2022-05-10 04:00:00+00:00,44.42,44.72,42.86,43.31,8002276.0,74787.0,43.422603,44.63166666666666,41.700513734056166,-0.6367168760266111,-0.6348087457620344,-0.0019081302645767018
2022-05-11 04:00:00+00:00,43.51,44.29,43.215,43.35,6126822.0,58553.0,43.553404,44.48266666666667,41.993905102905984,-0.6372511906754141,-0.6352972347447103,-0.001953955930703799
2022-05-12 04:00:00+00:00,43.35,43.57,42.455,43.16,6465438.0,65152.0,42.972343,44.339333333333336,40.9399828960646,-0.6455643865891432,-0.637350665113597,-0.00821372147554622
2022-05-13 04:00:00+00:00,43.5,43.705,42.97,43.54,5075039.0,57528.0,43.444148,44.29833333333333,43.9687592866443,-0.6144073248510225,-0.632761997061082,0.018354672210059597
2022-05-16 04:00:00+00:00,43.68,44.5,43.16,44.15,4863238.0,44981.0,43.936242,44.308,48.53169577665992,-0.5343337599581801,-0.6130763496405016,0.0787425896823215
2022-05-17 04:00:00+00:00,44.25,44.96,43.69,44.94,6989828.0,64771.0,44.645458,44.35933333333333,53.78116201399226,-0.4024888443303709,-0.5709588485784756,0.16847000424810465
2022-05-18 04:00:00+00:00,44.19,44.235,41.015,41.17,13337788.0,131302.0,41.82767,44.282000000000004,35.28548253686098,-0.5953455190455514,-0.5758361826718907,-0.0195093363736607
2022-05-19 04:00:00+00:00,40.56,41.05,39.76,40.61,8223596.0,83080.0,40.515033,44.159,33.44551822735755,-0.7843318537193227,-0.6175353168813772,-0.16679653683794549
2022-05-20 04:00:00+00:00,40.85,41.045,39.715,40.96,7290906.0,68169.0,40.470029,44.021,35.70221923225118,-0.8955395876806023,-0.6731361710412223,-0.22240341663938
2022-05-23 04:00:00+00:00,41.35,42.4,41.28,42.15,6837344.0,64784.0,42.027793,43.912000000000006,42.80339944266969,-0.877533799898913,-0.7140156968127604,-0.16351810308615256
2022-05-24 04:00:00+00:00,41.98,42.16,41.28,42.08,5235760.0,53487.0,41.803244,43.833666666666666,42.506013328196616,-0.8590103616095774,-0.7430146297721238,-0.1159957318374536
2022-05-25 04:00:00+00:00,42.05,42.715,41.72,42.46,5494742.0,53514.0,42.409025,43.77466666666667,44.75012251632032,-0.8043950140995904,-0.7552907066376172,-0.04910430746197314
2022-05-26 04:00:00+00:00,42.93,43.505,42.86,43.04,7224752.0,71031.0,43.168803,43.72266666666667,48.0811318986641,-0.7061705109040091,-0.7454666674908956,0.039296156586886566
2022-05-27 04:00:00+00:00,43.16,43.75,42.95,43.71,4906451.0,48993.0,43.543416,43.68600000000001,51.70349307418905,-0.5677191706692568,-0.7099171681265679,0.1421979974573111
2022-05-31 04:00:00+00:00,43.48,44.27,43.05,43.83,8083259.0,59481.0,43.81442,43.66366666666667,52.34480295470624,-0.4432035146942326,-0.6565744374401009,0.21337092274586833
2022-06-01 04:00:00+00:00,43.9,43.99,42.79,43.26,4630671.0,53282.0,43.238361,43.58566666666666,49.01542373756303,-0.386067846740076,-0.6024731193000961,0.21640527256002007
2022-06-02 04:00:00+00:00,43.38,43.495,42.17,43.43,4818016.0,48058.0,43.133332,43.482,50.03613860106186,-0.3233425473829499,-0.5466470049166668,0.22330445753371697
2022-06-03 04:00:00+00:00,43.51,43.79,42.925,43.14,3833591.0,43423.0,43.191257,43.35966666666666,48.26114415529485,-0.2936478821044872,-0.49604718035423095,0.20239929824974373
2022-06-06 04:00:00+00:00,43.38,43.93,43.14,43.39,3564646.0,42390.0,43.456818,43.288000000000004,49.9107656208625,-0.2470933964064912,-0.44625642356468304,0.19916302715819184
2022-06-07 04:00:00+00:00,42.87,43.11,42.3,43.0,4056700.0,45338.0,42.87502,43.208333333333336,47.373243255467884,-0.23891431619972536,-0.4047880020916915,0.16587368589196616
2022-06-08 04:00:00+00:00,42.85,43.065,42.39,42.6,3265200.0,37046.0,42.676492,43.132666666666665,44.85440206777313,-0.2616923665653701,-0.37616887498642726,0.11447650842105717
2022-06-09 04:00:00+00:00,42.4,42.71,41.69,41.72,5187057.0,49402.0,42.079051,43.049,39.83615083257041,-0.34675559842944637,-0.37028621967503106,0.023530621245584693
2022-06-10 04:00:00+00:00,41.34,41.92,41.08,41.54,6003061.0,60993.0,41.572334,42.949333333333335,38.87801748579652,-0.42380792426677516,-0.38099056059337993,-0.042817363673395226
2022-06-13 04:00:00+00:00,40.86,41.221,40.1,40.28,6619671.0,58381.0,40.492388,42.87866666666667,32.91082461818132,-0.5798596561989626,-0.42076437971449654,-0.15909527648446609
2022-06-14 04:00:00+00:00,40.54,40.74,39.77,40.2,6426367.0,59215.0,40.18001,42.80133333333333,32.569022450170564,-0.7018960882689171,-0.4769907214253807,-0.22490536684353646
2022-06-15 04:00:00+00:00,40.525,41.24,40.15,40.73,6244043.0,62310.0,40.699695,42.727666666666664,37.22083444053374,-0.7472306593975873,-0.5310387090198221,-0.21619195037776517
2022-06-16 04:00:00+00:00,40.35,40.35,39.14,39.67,7783289.0,71262.0,39.724138,42.568,32.405792986538344,-0.8587921534796195,-0.5965893979117816,-0.2622027555678379
2022-06-17 04:00:00+00:00,39.54,40.585,39.27,39.32,11966733.0,71781.0,39.540805,42.419333333333334,30.980672358052516,-0.9643313052136406,-0.6701377793721535,-0.29419352584148717
2022-06-21 04:00:00+00:00,39.61,40.325,39.17,40.1,5491352.0,47409.0,39.977196,42.28966666666667,37.56989634707792,-0.9738069220398486,-0.7308716079056925,-0.24293531413415614
2022-06-22 04:00:00+00:00,39.68,40.8123,39.68,40.45,6321784.0,54417.0,40.443609,42.17633333333333,40.32303691437224,-0.9422130956553687,-0.7731399054556277,-0.16907319019974099
2022-06-23 04:00:00+00:00,40.89,41.475,40.39,40.89,6337734.0,61685.0,40.850262,42.09566666666667,43.685254176407845,-0.8716229115005163,-0.7928365066646055,-0.07878640483591082
2022-06-24 04:00:00+00:00,41.29,41.97,41.08,41.65,7995994.0,58266.0,41.671603,42.039,49.0272408595817,-0.7457574064048273,-0.7834206866126499,0.0376632802078225
2022-06-27 04:00:00+00:00,41.87,42.34,41.55,42.19,7148634.0,61885.0,42.030309,42.00666666666666,52.4767082120539,-0.5955692482084345,-0.7458503989318068,0.15028115072337234
2022-06-28 04:00:00+00:00,41.03,42.74,40.9,40.96,7814581.0,80819.0,41.415673,41.92066666666666,45.00572598694629,-0.5692330074766971,-0.7105269206407849,0.1412939131640878
2022-06-29 04:00:00+00:00,40.92,41.085,40.435,40.87,6084233.0,65212.0,40.799428,41.81133333333334,44.50643240564832,-0.5492917019748873,-0.6782798769076054,0.12898817493271808
2022-06-30 04:00:00+00:00,39.52,39.67,37.71,37.9,15441100.0,124325.0,38.501127,41.57666666666667,31.92110015445965,-0.7643315144509657,-0.6954902044162774,-0.0688413100346883
2022-07-01 04:00:00+00:00,37.63,38.61,36.975,38.56,9290391.0,82140.0,37.991414,41.48966666666666,36.23617593148064,-0.8714500967105607,-0.7306821828751341,-0.14076791383542664
2022-07-05 04:00:00+00:00,37.92,38.545,37.705,38.51,6969814.0,64424.0,38.261341,41.41966666666667,36.049757436746,-0.949432460626646,-0.7744322384254365,-0.17500022220120948
2022-07-06 04:00:00+00:00,38.39,38.59,37.702,37.78,5951942.0,56154.0,37.969724,41.31366666666667,33.351981838438775,-1.0579436293856688,-0.8311345166174829,-0.22680911276818583
2022-07-07 04:00:00+00:00,38.02,38.28,37.595,38.21,6053295.0,58262.0,38.028252,41.182333333333325,36.37248115837019,-1.0966011703862009,-0.8842278473712266,-0.21237332301497425
2022-07-08 04:00:00+00:00,38.26,38.49,37.5,37.55,7066770.0,63096.0,37.83498,41.031333333333336,33.83763467178555,-1.167041110823817,-0.9407905000617448,-0.2262506107620722
2022-07-11 04:00:00+00:00,37.42,37.915,37.33,37.43,6627908.0,55153.0,37.568841,40.86366666666666,33.38210729991647,-1.218502134120257,-0.9963328268734474,-0.22216930724680972
2022-07-12 04:00:00+00:00,37.42,38.95,37.32,37.97,5284966.0,52716.0,38.249157,40.69466666666666,37.46206106938976,-1.2018576123824758,-1.037437783975253,-0.1644198284072227
2022-07-13 04:00:00+00:00,37.56,37.94,37.105,37.24,5641515.0,51327.0,37.394381,40.479,34.39531753566135,-1.2333542678599159,-1.0766210807521857,-0.1567331871077302
2022-07-14 04:00:00+00:00,36.9,37.28,36.57,36.86,8298439.0,70554.0,36.866087,40.24666666666667,32.88612744122045,-1.2742892057085058,-1.1161547057434498,-0.15813449996505602
2022-07-15 04:00:00+00:00,37.26,38.05,37.04,38.03,7469619.0,60330.0,37.706024,40.07233333333333,41.410310501519795,-1.1985055905675637,-1.1326248827082726,-0.06588070785929112
2022-07-18 04:00:00+00:00,38.33,38.62,38.09,38.32,4421102.0,38509.0,38.29653,39.902,43.33153765885334,-1.1023388768181874,-1.1265676815302554,0.02422880471206801
2022-07-19 04:00:00+00:00,38.73,39.03,38.535,38.6,5397512.0,42769.0,38.670859,39.75066666666667,45.19999353776966,-0.9920961366804377,-1.099673372560292,0.10757723587985435
2022-07-20 04:00:00+00:00,38.58,38.97,38.23,38.92,5014483.0,47042.0,38.686554,39.60166666666667,47.33708421536598,-0.8688906150718836,-1.0535168210626105,0.18462620599072688
2022-07-21 04:00:00+00:00,37.56,38.51,37.54,38.46,5726808.0,52310.0,38.176655,39.45033333333333,44.6419638349563,-0.7991553418449868,-1.0026445252190859,0.20348918337409905
2022-07-22 04:00:00+00:00,38.77,39.22,38.38,38.66,4418118.0,41712.0,38.684169,39.319,46.07939890681962,-0.7194578446803845,-0.9460071891113456,0.22654934443096109
2022-07-25 04:00:00+00:00,38.93,39.13,38.43,38.75,3824726.0,39429.0,38.707864,39.220000000000006,46.74948190158333,-0.6416383486718829,-0.8851334210234532,0.2434950723515703
2022-07-26 04:00:00+00:00,38.23,39.07,38.01,38.85,4566498.0,42858.0,38.795936,39.13033333333333,47.52972402661402,-0.5653793321561338,-0.8211826032499894,0.2558032710938556
2022-07-27 04:00:00+00:00,38.79,39.325,38.38,39.22,4663548.0,44185.0,38.968177,39.095000000000006,50.42414802458133,-0.46967350061636637,-0.7508807827232649,0.2812072821068985
2022-07-28 04:00:00+00:00,39.32,39.64,38.78,39.44,4400356.0,42130.0,39.356981,39.06966666666667,52.11555794485849,-0.37178803715227104,-0.6750622336090661,0.3032741964567951
2022-07-29 04:00:00+00:00,39.44,39.79,39.345,39.62,9740500.0,48054.0,39.598234,39.032666666666664,53.51303406880737,-0.27650127190657514,-0.5953500412685679,0.3188487693619928
2022-08-01 04:00:00+00:00,39.62,40.09,39.33,39.89,5537074.0,50409.0,39.822984,39.04,55.60594489463261,-0.17715692566672203,-0.5117114181481988,0.33455449248147673
2022-08-02 04:00:00+00:00,39.97,40.0151,39.02,39.05,6274262.0,52901.0,39.401041,39.031,48.31765590838737,-0.16431270082732397,-0.44223167468402386,0.2779189738566999
2022-08-03 04:00:00+00:00,39.48,39.7,38.915,39.19,8437371.0,65101.0,39.192172,39.00066666666667,49.50555993132063,-0.14120896112890335,-0.38202713197299976,0.2408181708440964
2022-08-04 04:00:00+00:00,39.35,39.65,38.85,38.98,5091642.0,46423.0,39.103382,38.951666666666675,47.733264061724675,-0.13825065838936013,-0.33327183725627185,0.19502117886691173
2022-08-05 04:00:00+00:00,38.92,39.14,38.62,38.99,5611707.0,50555.0,38.89096,38.888333333333335,47.829044413676066,-0.13355967295650117,-0.2933294043963177,0.15976973143981654
2022-08-08 04:00:00+00:00,39.195,40.25,39.195,39.48,5133900.0,51351.0,39.634165,38.815999999999995,52.429197557777954,-0.08927403282584834,-0.25251833008222385,0.16324429725637551
2022-08-09 04:00:00+00:00,39.76,39.87,38.73,39.13,5459402.0,48508.0,39.221847,38.714000000000006,49.09897992778925,-0.08148016625253263,-0.2183106973162856,0.13683053106375298
2022-08-10 04:00:00+00:00,39.79,40.16,39.66,39.9,5888588.0,49571.0,39.869049,38.67866666666667,55.757083104946055,-0.013020810205027544,-0.177252719894034,0.16423190968900644
2022-08-11 04:00:00+00:00,40.08,40.591,40.0,40.07,4553903.0,42418.0,40.29306,38.652,57.09155577186085,0.05432507627327254,-0.1309371606605727,0.18526223693384525
2022-08-12 04:00:00+00:00,40.22,40.76,39.97,40.59,4414341.0,39682.0,40.482104,38.74166666666667,60.96956166980731,0.14795133973890984,-0.0751594605806762,0.22311080031958602
2022-08-15 04:00:00+00:00,40.63,41.11,40.33,41.07,4783315.0,48126.0,40.864167,38.82533333333333,64.18712742898886,0.25790979299843997,-0.008545609864852963,0.26645540286329294
2022-08-16 04:00:00+00:00,41.198,42.1,41.1001,42.04,6892788.0,58873.0,41.742224,38.943000000000005,69.63484607867127,0.4184993527544947,0.07686338265901657,0.3416359700954781
2022-08-17 04:00:00+00:00,41.65,41.84,40.77,40.87,6496471.0,60884.0,41.066238,39.046,58.14560776365876,0.4462148271758579,0.15073367156238485,0.2954811556134731
2022-08-18 04:00:00+00:00,40.555,40.555,37.86,38.24,16450367.0,119353.0,38.343848,39.047000000000004,41.55008043369979,0.2530435911564055,0.17119565548118898,0.08184793567521653
2022-08-19 04:00:00+00:00,38.12,38.535,38.0801,38.22,6908716.0,54649.0,38.292963,39.06933333333333,41.45318774521677,0.09721947642712792,0.15640041967037677,-0.05918094324324885
2022-08-22 04:00:00+00:00,38.0,38.03,37.18,37.31,6320806.0,54081.0,37.468375,39.065333333333335,37.20225281323576,-0.09856545079868084,0.10540724557656524,-0.20397269637524607
2022-08-23 04:00:00+00:00,37.33,37.72,37.21,37.44,5044157.0,48462.0,37.46248,39.04766666666667,38.177599541155516,-0.24046457667874677,0.03623288112550284,-0.2766974578042496
2022-08-24 04:00:00+00:00,37.28,37.4,36.57,36.77,7603048.0,62722.0,36.817345,39.032000000000004,35.14770139673821,-0.40234606189329014,-0.05148290747825576,-0.35086315441503435
2022-08-25 04:00:00+00:00,36.86,37.05,36.63,36.8,6433329.0,51902.0,36.814447,39.029999999999994,35.39494045317011,-0.5221979826523366,-0.14562592251307194,-0.3765720601392647
2022-08-26 04:00:00+00:00,36.94,36.99,36.0,36.0,6927646.0,64898.0,36.238058,38.962333333333326,31.902204069800163,-0.6739657498264862,-0.2512938879757548,-0.42267186185073136
2022-08-29 04:00:00+00:00,35.95,36.22,35.635,35.96,5316375.0,50220.0,35.968045,38.88366666666666,31.733588182849985,-0.7883824819449714,-0.3587116067695981,-0.4296708751753733
2022-08-30 04:00:00+00:00,36.14,36.14,35.15,35.18,6731530.0,62558.0,35.404477,38.76966666666667,28.563255735610483,-0.931263027257792,-0.4732218908672369,-0.45804113639055505
2022-08-31 04:00:00+00:00,35.31,35.815,35.03,35.06,7819360.0,58270.0,35.323745,38.641,28.09816792795762,-1.0421664399415462,-0.5870108006820989,-0.45515563925944735
2022-09-01 04:00:00+00:00,34.96,35.29,34.53,35.26,7461545.0,62130.0,35.047404,38.53433333333333,30.13985949076222,-1.1012256215035592,-0.6898537648463909,-0.41137185665716824
2022-09-02 04:00:00+00:00,35.47,35.975,35.1101,35.27,7256010.0,62473.0,35.445844,38.42133333333333,30.246511930596284,-1.1341497595193317,-0.7787129637809791,-0.35543679573835263
2022-09-06 04:00:00+00:00,35.55,35.71,35.04,35.32,8693742.0,64861.0,35.324259,38.306999999999995,30.815242342399173,-1.1430316367736424,-0.8515766983795119,-0.2914549383941305
2022-09-07 04:00:00+00:00,35.49,36.13,34.93,36.08,7658368.0,63416.0,35.901072,38.214666666666666,38.961740024012045,-1.076337590328741,-0.8965288767693578,-0.17980871355938333
2022-09-08 04:00:00+00:00,35.92,36.135,35.31,35.96,7741255.0,58743.0,35.815771,38.106,38.1969511683992,-1.0213911141644587,-0.921501324248378,-0.09988978991608066
2022-09-09 04:00:00+00:00,36.3,36.66,36.045,36.24,10235399.0,71450.0,36.303694,37.99933333333333,41.10207513386591,-0.9443659135894293,-0.9260742421165884,-0.018291671472840942
2022-09-12 04:00:00+00:00,36.63,37.2,36.35,36.63,9084357.0,69219.0,36.640266,37.89966666666667,44.981395102447244,-0.8421454183971449,-0.9092884773726998,0.06714305897555495
2022-09-13 04:00:00+00:00,36.088,36.31,34.615,34.74,9030435.0,68486.0,35.227453,37.727999999999994,33.47462947530258,-0.9032302678231687,-0.9080768354627937,0.004846567639624988
2022-09-14 04:00:00+00:00,34.9,34.995,34.51,34.77,6421862.0,57008.0,34.725694,37.58533333333333,33.764268327918785,-0.938402383267217,-0.9141419450236785,-0.024260438243538518
2022-09-15 04:00:00+00:00,34.77,35.18,33.95,34.23,10867624.0,90240.0,34.360105,37.419999999999995,31.136447418192716,-0.9983417627944107,-0.930981908577825,-0.06735985421658564
2022-09-16 04:00:00+00:00,34.09,34.69,33.86,34.27,10547721.0,64014.0,34.258695,37.263,31.561351361396618,-1.030734817833732,-0.9509324904290065,-0.07980232740472559
2022-09-19 04:00:00+00:00,34.0,34.2,33.7,34.15,5372701.0,50738.0,34.011327,37.101666666666674,30.944485770159815,-1.0539403758521928,-0.9715340675136439,-0.0824063083385489
2022-09-20 04:00:00+00:00,33.95,34.1,33.53,33.99,5080192.0,47571.0,33.879187,36.918666666666674,30.09974928172032,-1.0728741848313064,-0.9918020909771765,-0.08107209385412983
2022-09-21 04:00:00+00:00,34.196,34.4099,33.43,33.43,5000112.0,51661.0,33.873475,36.72866666666666,27.29160282711203,-1.120154243890937,-1.0174725215599287,-0.10268172233100836
2022-09-22 04:00:00+00:00,33.42,33.53,32.92,33.32,4933850.0,51575.0,33.243279,36.50933333333333,26.763415765894223,-1.1532066634517122,-1.0446193499382854,-0.10858731351342676
2022-09-23 04:00:00+00:00,33.04,33.15,32.38,32.83,6093587.0,61949.0,32.751221,36.268,24.489728331899272,-1.2050487965725338,-1.0767052392651353,-0.12834355730739855
2022-09-26 04:00:00+00:00,32.58,33.01,32.44,32.69,5483439.0,51589.0,32.722387,36.00466666666667,23.86587398864272,-1.2431011937860248,-1.1099844301693134,-0.13311676361671143
2022-09-27 04:00:00+00:00,33.0,33.22,32.33,32.43,6142260.0,52228.0,32.634281,35.71666666666667,22.708895604759647,-1.2794886708759563,-1.1438852783106421,-0.13560339256531417
2022-09-28 04:00:00+00:00,32.6,33.2997,32.265,33.2,6677420.0,57668.0,32.933058,35.422,33.05894690930704,-1.2319918090988295,-1.1615065844682797,-0.07048522463054985
2022-09-29 04:00:00+00:00,32.81,32.81,31.225,31.55,8232149.0,72205.0,31.660284,35.11133333333334,25.25467110383879,-1.312363307033003,-1.1916779289812245,-0.12068537805177848
2022-09-30 04:00:00+00:00,31.66,31.79,31.345,31.4,8025778.0,64574.0,31.524215,34.88333333333333,24.68417304044229,-1.3723425341092579,-1.2278108500068312,-0.14453168410242667
2022-10-03 04:00:00+00:00,31.81,32.51,31.29,32.43,8336173.0,59328.0,32.236995,34.690333333333335,35.46470956770865,-1.321530332711916,-1.2465547465478481,-0.07497558616406774
2022-10-04 04:00:00+00:00,32.61,33.4,32.6,33.39,6426739.0,59572.0,33.152571,34.559666666666665,43.571865250662455,-1.1900788320990472,-1.235259563658088,0.0451807315590409
2022-10-05 04:00:00+00:00,33.29,33.38,32.705,33.16,5308048.0,56216.0,33.056395,34.417,42.20393035606162,-1.0918751910821385,-1.2065826891428983,0.11470749806075986
2022-10-06 04:00:00+00:00,33.1,33.26,32.18,32.25,5414000.0,53704.0,32.492738,34.266333333333336,37.22443197743586,-1.075084586968238,-1.1802830687079662,0.10519848173972823
2022-10-07 04:00:00+00:00,32.03,32.07,30.39,30.52,11291088.0,91500.0,30.843103,34.057,29.98202328127266,-1.1876835770559993,-1.1817631703775728,-0.005920406678426415
2022-10-10 04:00:00+00:00,30.865,32.1601,30.83,31.84,10587000.0,91265.0,31.843896,33.91833333333334,39.632919274894924,-1.157068158155461,-1.1768241679331504,0.01975600977768943
2022-10-11 04:00:00+00:00,32.03,33.17,31.935,32.61,10978237.0,99530.0,32.715336,33.806666666666665,44.44346867050909,-1.0584712555051254,-1.1531535854475454,0.09468232994241998
2022-10-12 04:00:00+00:00,32.65,32.88,31.88,31.94,9550024.0,73925.0,32.233773,33.69866666666666,41.35534348591905,-1.0226079129100754,-1.1270444509400515,0.1044365380299761
2022-10-13 04:00:00+00:00,31.91,34.005,31.77,33.65,21748112.0,162799.0,33.260415,33.651666666666664,50.75941903944535,-0.8464459446329258,-1.0709247496786265,0.22447880504570072
2022-10-14 04:00:00+00:00,33.7,34.24,33.2,33.24,10478049.0,93312.0,33.536351,33.58433333333333,48.741253499559434,-0.7314877535937541,-1.003037350461652,0.27154959686789804
2022-10-17 04:00:00+00:00,33.73,33.98,32.96,33.0,13122744.0,101852.0,33.377153,33.50866666666666,47.549468596698446,-0.6522300511716779,-0.9328758906036573,0.2806458394319794
2022-10-18 04:00:00+00:00,33.46,33.88,32.7,33.1,10005528.0,91252.0,33.104126,33.434666666666665,48.11869562559083,-0.5747235315968666,-0.8612454188022992,0.2865218872054326
2022-10-19 04:00:00+00:00,32.91,33.59,32.8264,33.39,8462627.0,75208.0,33.366349,33.345,49.8194959187151,-0.48431559139898184,-0.7858594533216359,0.30154386192265403
2022-10-20 04:00:00+00:00,33.5,34.035,33.32,33.36,6223570.0,60485.0,33.549565,33.25833333333333,49.63820899513248,-0.4103570560143268,-0.7107589738601741,0.30040191784584724
2022-10-21 04:00:00+00:00,33.4,34.54,33.21,34.3,9883826.0,77809.0,34.195729,33.193666666666665,55.14579848224315,-0.2727501458865831,-0.623157208265456,0.35040706237887287
2022-10-24 04:00:00+00:00,34.4,34.75,34.07,34.69,7649700.0,78813.0,34.451701,33.129,57.23541271526149,-0.13071908928066733,-0.5246695844684983,0.393950495187831
2022-10-25 04:00:00+00:00,34.4,35.595,34.4,35.52,6596858.0,64432.0,35.286854,33.155,61.36101076973376,0.04825930651349353,-0.4100838062721,0.45834311278559353
2022-10-26 04:00:00+00:00,35.81,36.125,35.445,35.51,5731410.0,54141.0,35.689568,33.17966666666667,61.28429962797767,0.1871368609788462,-0.2906396728219108,0.47777653380075696
2022-10-27 04:00:00+00:00,35.88,36.215,35.635,35.67,5581571.0,53536.0,35.824958,33.22766666666667,62.10069742842502,0.30657498073399836,-0.17119674211072897,0.47777172284472735
2022-10-28 04:00:00+00:00,35.7,36.635,35.57,36.58,6878000.0,61001.0,36.401837,33.30466666666667,66.43577985781053,0.4692507158044492,-0.04310725052769332,0.5123579663321425
2022-10-31 04:00:00+00:00,36.525,36.805,36.23,36.5,9698713.0,61489.0,36.529077,33.383,65.72403613518819,0.584973861904615,0.08250897195876834,0.5024648899458466
2022-11-01 04:00:00+00:00,36.66,36.7,36.07,36.26,5473071.0,54796.0,36.304106,33.458666666666666,63.52529433819031,0.6498284765197866,0.19597287287097198,0.4538556036488146
2022-11-02 04:00:00+00:00,36.81,37.0,35.79,35.81,8040021.0,69312.0,36.252874,33.538,59.50559332104999,0.6573376078961246,0.2882458198760025,0.3690917880201221
2022-11-03 04:00:00+00:00,35.56,35.94,35.14,35.74,5609770.0,54446.0,35.650065,33.61866666666667,58.88143372541581,0.6501457580297654,0.3606258075067551,0.28951995052301027
2022-11-04 04:00:00+00:00,36.1,37.125,35.93,37.07,7478591.0,74039.0,36.706207,33.76,66.14705287215631,0.7431989154503711,0.43714042909547834,0.30605848635489274
2022-11-07 05:00:00+00:00,37.77,39.13,37.7,38.59,12631364.0,105733.0,38.487585,33.95666666666666,72.19415603290388,0.9288878688089639,0.5354899170381755,0.3933979517707884
2022-11-08 05:00:00+00:00,38.51,39.505,37.775,38.29,8081831.0,74266.0,38.509322,34.152,69.55338049985386,1.0398534263541919,0.6363626189013788,0.40349080745281307
2022-11-09 05:00:00+00:00,38.08,38.14,36.85,36.89,6830460.0,71282.0,37.220097,34.275,58.75275002933085,1.0032611603129453,0.7097423271836921,0.2935188331292532
2022-11-10 05:00:00+00:00,38.02,38.53,37.5842,38.49,8822503.0,81699.0,38.146017,34.50633333333334,65.37105474550488,1.0907941580263483,0.7859526933522234,0.3048414646741249
2022-11-11 05:00:00+00:00,40.39,41.565,39.4,41.26,13101340.0,115606.0,40.655638,34.835,73.3450235615019,1.3679121003029309,0.902344574742365,0.4655675255605659
2022-11-14 05:00:00+00:00,40.8,41.54,40.4,40.54,8301937.0,70799.0,40.89243,35.10533333333333,68.90367300887692,1.5120026579235812,1.0242761913786083,0.487726466544973
2022-11-15 05:00:00+00:00,41.0,41.58,40.25,40.65,6763928.0,67592.0,40.878948,35.34733333333334,69.21042890002033,1.6164382497013179,1.1427086030431504,0.4737296466581675
2022-11-16 05:00:00+00:00,40.76,41.13,40.26,40.39,4833410.0,47593.0,40.576808,35.58833333333334,67.51511479972721,1.659099317336846,1.2459867459018896,0.4131125714349564
2022-11-17 05:00:00+00:00,39.76,40.37,39.6013,40.13,5910483.0,59670.0,40.038009,35.851000000000006,65.77988722101817,1.652875375258283,1.3273644717731683,0.3255109034851147
2022-11-18 05:00:00+00:00,40.865,40.95,39.26,39.75,6945095.0,62348.0,39.885787,36.15866666666667,63.22235546278385,1.5988494904359527,1.3816614755057253,0.21718801493022744
2022-11-21 05:00:00+00:00,39.83,40.66,39.61,40.59,5107810.0,47763.0,40.287259,36.45033333333333,66.33800194282509,1.6053095579918377,1.4263910920029477,0.17891846598889005
2022-11-22 05:00:00+00:00,41.48,41.84,41.11,41.79,5697260.0,51319.0,41.573859,36.75633333333334,70.21936968401508,1.6878032341909872,1.4786735204405557,0.20912971375043155
2022-11-23 05:00:00+00:00,41.6,41.94,41.5,41.76,3889515.0,37392.0,41.72891,37.083666666666666,70.00205933472807,1.7308076444986824,1.5291003452521812,0.20170729924650121
2022-11-25 05:00:00+00:00,41.67,41.97,41.42,41.66,2225476.0,22154.0,41.701073,37.35066666666667,69.23292956606703,1.736799046939197,1.5706400855895843,0.1661589613496126
2022-11-28 05:00:00+00:00,41.43,41.66,40.635,40.81,4688019.0,50819.0,41.001634,37.602999999999994,62.90611272043772,1.6538943161226314,1.5872909316961938,0.06660338442643754
2022-11-29 05:00:00+00:00,40.9,41.21,40.63,41.08,3213611.0,39149.0,41.036701,37.87233333333333,64.03055159805778,1.5916311302564026,1.5881589714082356,0.003472158848166984
2022-11-30 05:00:00+00:00,41.31,41.735,40.52,41.5,7582580.0,56372.0,41.317382,38.15233333333333,65.76885332668697,1.5582154589337875,1.582170268913346,-0.023954809979558345
2022-12-01 05:00:00+00:00,41.51,42.025,41.06,41.31,4511355.0,44516.0,41.348699,38.416333333333334,64.25600939220203,1.49912095337978,1.5655604058066328,-0.06643945242685279
2022-12-02 05:00:00+00:00,40.985,41.63,40.85,41.48,4857560.0,52434.0,41.37495,38.687000000000005,65.03107094499707,1.4492990934342842,1.5423081433321633,-0.09300904989787906
2022-12-05 05:00:00+00:00,41.36,41.42,40.82,41.21,4501803.0,47289.0,41.131795,38.91733333333333,62.70545494825935,1.37221018215579,1.5082885510968886,-0.1360783689410987
2022-12-06 05:00:00+00:00,41.28,41.4,40.405,40.59,4326262.0,46645.0,40.688064,39.114000000000004,57.610596950573,1.2467164746623212,1.4559741358099754,-0.2092576611476542
2022-12-07 05:00:00+00:00,40.41,40.97,40.31,40.65,3772621.0,37654.0,40.694737,39.285,57.96652832069184,1.1389739234960743,1.392574093347195,-0.25360016985112077
2022-12-08 05:00:00+00:00,40.64,40.9699,40.4,40.9,3587872.0,39933.0,40.772818,39.464666666666666,59.49274170099783,1.061523503938517,1.3263639754654595,-0.26484047152694257
2022-12-09 05:00:00+00:00,40.78,40.92,40.4,40.43,7710812.0,57573.0,40.54834,39.623333333333335,55.41875774304798,0.9512529643542393,1.2513417732432157,-0.3000888088889764
2022-12-12 05:00:00+00:00,40.6,41.06,40.24,41.06,6156800.0,60277.0,40.736276,39.772666666666666,59.42923369515957,0.9042745875932852,1.1819283361132298,-0.2776537485199446
2022-12-13 05:00:00+00:00,42.01,42.29,40.81,41.03,6066786.0,64139.0,41.325956,39.92366666666667,59.1563294082302,0.8547698811555762,1.116496645121699,-0.26172676396612293
2022-12-14 05:00:00+00:00,41.04,41.32,40.37,40.63,4547444.0,43641.0,40.811585,40.06933333333334,55.49698696721563,0.774334343278106,1.0480641847529806,-0.27372984147487456
2022-12-15 05:00:00+00:00,40.15,40.28,39.33,39.53,5694393.0,53150.0,39.599951,40.19333333333334,46.90425184921997,0.614741436470652,0.9613996350965149,-0.3466581986258629
2022-12-16 05:00:00+00:00,39.16,39.46,38.545,39.05,10837770.0,57045.0,39.03054,40.30366666666667,43.7229511396213,0.4444080600662943,0.8580013200904708,-0.4135932600241765
2022-12-19 05:00:00+00:00,39.09,39.839,39.03,39.32,5436449.0,53171.0,39.393753,40.37866666666666,45.94392883494672,0.327429966757272,0.7518870494238311,-0.4244570826665591
2022-12-20 05:00:00+00:00,39.39,39.825,39.2,39.53,4716948.0,42217.0,39.544773,40.41,47.673640122922315,0.2488012045720609,0.6512698804534771,-0.4024686758814162
2022-12-21 05:00:00+00:00,39.85,39.93,38.32,38.6,7081642.0,64052.0,38.741484,40.42033333333334,41.36153621218286,0.11017409796458821,0.5430507239556993,-0.4328766259911111
2022-12-22 05:00:00+00:00,38.39,38.46,37.565,38.44,5997311.0,52933.0,38.196215,40.471999999999994,40.37118543809741,-0.01245596103516533,0.4319493869575264,-0.4444053479926917
2022-12-23 05:00:00+00:00,38.555,38.7595,38.21,38.63,3476905.0,38155.0,38.57001,40.47666666666667,42.14279547702312,-0.09323499915708311,0.3269125097346045,-0.4201475088916876
2022-12-27 05:00:00+00:00,38.615,38.68,38.11,38.31,3940134.0,41887.0,38.3599,40.37833333333333,39.98792163108543,-0.1809879777522312,0.22533241223723735,-0.4063203899894685
2022-12-28 05:00:00+00:00,38.25,38.57,37.56,37.58,4008852.0,41570.0,37.866691,40.27966666666667,35.525265651196236,-0.3059113885860114,0.11908365207258761,-0.42499504065859905
2022-12-29 05:00:00+00:00,37.66,37.97,37.36,37.47,5251457.0,48604.0,37.613865,40.17366666666666,34.89334622742393,-0.40907461486791163,0.013451998684487765,-0.4225266135523994
2022-12-30 05:00:00+00:00,37.24,37.38,36.9686,37.36,5404207.0,46842.0,37.227482,40.07266666666667,34.23748655362432,-0.494013614207077,-0.0880411238938252,-0.40597249031325183
2023-01-03 05:00:00+00:00,37.85,37.85,36.88,37.19,7371511.0,66731.0,37.185003,39.974666666666664,33.19892266189618,-0.5684927320459536,-0.1841314455242509,-0.38436128652170276
2023-01-04 05:00:00+00:00,37.595,37.945,36.975,37.49,7981159.0,75694.0,37.484195,39.89933333333333,36.84000458888186,-0.5964351436627879,-0.2665921851519583,-0.3298429585108296
2023-01-05 05:00:00+00:00,35.905,36.1799,34.3,35.19,19300639.0,155228.0,35.01099,39.71933333333333,25.406432471161963,-0.7950061482781052,-0.3722749777771877,-0.4227311705009175
2023-01-06 05:00:00+00:00,35.36,36.74,35.11,36.61,10010132.0,81314.0,36.327829,39.54666666666667,38.16597171160273,-0.8282454692926322,-0.4634690760802766,-0.3647763932123556
2023-01-09 05:00:00+00:00,36.73,37.107,36.3,36.35,9435000.0,67801.0,36.550185,39.36633333333334,36.92067474585851,-0.8655897183006758,-0.5438932045243565,-0.32169651377631925
