timestamp,open,high,low,close,volume,trade_count,vwap,30sma,rsi,macd,signal,histogram
2022-01-03 05:00:00+00:00,184.39,184.91,177.24,184.26,3174881.0,68177.0,182.039886,,,,,
2022-01-04 05:00:00+00:00,183.32,183.555,172.1,179.85,5269122.0,111706.0,176.607834,,,,,
2022-01-05 05:00:00+00:00,175.975,183.67,174.29,174.88,3757311.0,76648.0,177.880112,,,,,
2022-01-06 05:00:00+00:00,173.09,181.88,171.23,176.33,4000596.0,71128.0,177.449793,,,,,
2022-01-07 05:00:00+00:00,176.05,180.67,170.72,171.6,3088432.0,64071.0,173.460014,,,,,
2022-01-10 05:00:00+00:00,169.32,173.23,164.9,172.56,3497439.0,80094.0,169.14366,,,,,
2022-01-11 05:00:00+00:00,172.15,178.88,169.45,175.97,2410998.0,55374.0,175.850486,,,,,
2022-01-12 05:00:00+00:00,177.0,179.9,169.7,170.65,2701787.0,62131.0,172.386806,,,,,
2022-01-13 05:00:00+00:00,170.1,170.39,162.0,162.1,4748268.0,96554.0,164.992364,,,,,
2022-01-14 05:00:00+00:00,161.42,164.89,156.88,159.72,4700026.0,83855.0,159.680597,,,,,
2022-01-18 05:00:00+00:00,156.324,162.9799,156.0,157.7,4361612.0,80024.0,159.225658,,,,,
2022-01-19 05:00:00+00:00,158.65,162.99,156.94,157.23,3310842.0,63320.0,159.210756,,,,,
2022-01-20 05:00:00+00:00,159.55,163.48,155.65,155.81,3704772.0,63840.0,159.640383,,,,,
2022-01-21 05:00:00+00:00,153.98,156.91,147.11,147.66,5707567.0,97668.0,150.716712,,,,,
2022-01-24 05:00:00+00:00,141.68,153.24,138.91,152.95,8118886.0,126556.0,145.75631,,20.75471698113209,,,
2022-01-25 05:00:00+00:00,150.0,152.14,142.12,145.89,5116337.0,97785.0,146.373508,,18.173467718596257,,,
2022-01-26 05:00:00+00:00,150.0275,152.0,138.89,140.33,4803814.0,79741.0,144.719155,,16.439444018824574,,,
2022-01-27 05:00:00+00:00,143.6,143.81,136.1699,136.81,3566990.0,68578.0,139.221805,,15.435324206582067,,,
2022-01-28 05:00:00+00:00,137.58,143.89,134.7,143.81,3681408.0,65296.0,140.711395,,25.21755949661801,,,
2022-01-31 05:00:00+00:00,146.67,154.34,145.9,154.28,4956801.0,86294.0,151.454721,,36.963197620398056,,,
2022-02-01 05:00:00+00:00,155.23,155.95,150.07,155.68,3316300.0,57359.0,153.907433,,38.35739418712224,,,
2022-02-02 05:00:00+00:00,155.79,156.05,146.58,148.11,3060590.0,59451.0,149.127528,,33.98098139617079,,,
2022-02-03 05:00:00+00:00,144.072,146.45,137.35,137.94,3351935.0,66585.0,140.556892,,29.16636922723474,,,
2022-02-04 05:00:00+00:00,139.3,145.21,136.92,144.1,3453656.0,65889.0,142.873391,,35.15902549351303,,,
2022-02-07 05:00:00+00:00,144.59,147.48,139.78,141.44,2526434.0,54492.0,142.852549,,33.82813144908938,,,
2022-02-08 05:00:00+00:00,139.36,143.19,137.2801,142.69,2610766.0,53853.0,141.308343,,35.071936067885986,-10.063617183307116,,
2022-02-09 05:00:00+00:00,146.49,149.81,143.9,149.6,3019576.0,67677.0,148.084538,,41.60622097555274,-9.131300886423162,,
2022-02-10 05:00:00+00:00,145.78,152.69,144.29,145.72,3252820.0,74997.0,147.714143,,39.21947732020706,-8.606308905828342,,
2022-02-11 05:00:00+00:00,146.965,150.48,140.16,141.24,2553526.0,50828.0,144.349303,,36.6081783593686,-8.454291725523774,,
2022-02-14 05:00:00+00:00,142.42,147.74,141.1101,142.09,2424639.0,47249.0,144.19236,155.63333333333333,37.45901291691417,-8.171038473427359,,
2022-02-15 05:00:00+00:00,144.44,147.145,141.1,146.9,2953781.0,48435.0,144.186595,154.38799999999998,42.1877241034635,-7.472295458554925,,
2022-02-16 05:00:00+00:00,144.42,144.69,136.395,138.51,3797273.0,72660.0,138.90634,153.01000000000002,36.94099951247603,-7.508980612617194,,
2022-02-17 05:00:00+00:00,137.63,137.735,128.93,129.38,4858601.0,88883.0,131.836378,151.49333333333334,32.24188436691249,-8.180469202123334,,
2022-02-18 05:00:00+00:00,130.13,131.94,124.71,126.96,5294896.0,87596.0,127.034171,149.84766666666667,31.112174096144955,-8.80638796367802,-8.488298934609247,-0.3180890290687728
2022-02-22 05:00:00+00:00,125.45,130.73,125.15,126.61,4247274.0,68044.0,127.663117,148.34799999999998,30.943304790384346,-9.224342686107718,-8.63550768490894,-0.5888350011987775
2022-02-23 05:00:00+00:00,127.99,128.15,120.1,120.1,4634693.0,83908.0,122.571592,146.59933333333336,27.908980728720906,-9.965995614665388,-8.90160527086023,-1.064390343805158
2022-02-24 05:00:00+00:00,114.74,128.74,114.26,126.97,6998541.0,116696.0,122.467282,144.966,35.13750057253142,-9.88545593630269,-9.098375403948722,-0.7870805323539685
2022-02-25 05:00:00+00:00,129.06,129.06,120.02,125.32,5066942.0,92328.0,123.640382,143.45499999999998,34.24925862865534,-9.841324211815618,-9.246965165522102,-0.5943590462935155
2022-02-28 05:00:00+00:00,126.79,135.09,125.1,132.6,11788097.0,174528.0,129.495255,142.4716666666667,41.29993980204155,-9.113855490786563,-9.220343230574995,0.10648773978843273
2022-03-01 05:00:00+00:00,128.57,136.0,122.13,122.78,11311372.0,150732.0,127.746463,141.24033333333333,35.7335748116798,-9.22340158695144,-9.220954901850284,-0.0024466851011553103
2022-03-02 05:00:00+00:00,122.25,122.89,114.52,121.61,7051753.0,108416.0,119.159977,140.03733333333332,35.12612340600269,-9.297451644209332,-9.236254250322094,-0.06119739388723744
2022-03-03 05:00:00+00:00,122.0,122.06,111.95,113.11,6026597.0,101974.0,114.940419,138.56666666666666,31.00274685011702,-9.927576884007323,-9.37451877705914,-0.5530581069481819
2022-03-04 05:00:00+00:00,114.1,116.19,108.43,108.94,6044343.0,95527.0,110.588021,137.00433333333334,29.19227204763338,-10.640779543290549,-9.627770930305422,-1.0130086129851268
2022-03-07 05:00:00+00:00,111.13,115.24,107.72,107.88,6073910.0,97602.0,110.061052,135.67833333333334,28.732939871837218,-11.162852515170115,-9.934787247278361,-1.228065267891754
2022-03-08 05:00:00+00:00,106.67,114.29,105.0001,108.49,5380487.0,93413.0,110.495406,134.19633333333334,29.42118318011549,-11.396011082709137,-10.227032014364516,-1.1689790683446208
2022-03-09 05:00:00+00:00,111.84,111.84,108.06,109.08,6210559.0,79558.0,109.306513,132.96933333333334,30.12407354909263,-11.401750574852713,-10.461975726462157,-0.9397748483905559
2022-03-10 05:00:00+00:00,105.835,106.9,101.055,103.33,4924465.0,86723.0,103.316201,131.736,27.27336712747011,-11.735002307160627,-10.716581042601852,-1.018421264558775
2022-03-11 05:00:00+00:00,103.48,103.49,97.9,98.12,6352114.0,102573.0,99.702288,130.44633333333334,24.967820109611367,-12.277977284813133,-11.02886029104411,-1.2491169937690234
2022-03-14 04:00:00+00:00,97.5,102.16,94.51,94.64,6533134.0,102875.0,96.817096,128.80733333333333,23.536603958625975,-12.841071899386321,-11.391302612712552,-1.449769286673769
2022-03-15 04:00:00+00:00,96.09,100.595,95.26,98.97,6886516.0,94093.0,98.303819,126.96366666666667,28.990821152951668,-12.790492786594527,-11.671140647488947,-1.1193521391055796
2022-03-16 04:00:00+00:00,100.55,106.88,100.17,106.84,7797505.0,112754.0,104.353835,125.33566666666665,37.69052478878862,-11.977298407209574,-11.732372199433073,-0.24492620777650131
2022-03-17 04:00:00+00:00,106.46,111.33,105.0,111.29,4891632.0,78251.0,108.916836,124.10833333333333,42.01631767411809,-10.848701119575097,-11.555637983461477,0.70693686388638
2022-03-18 04:00:00+00:00,109.49,117.8399,109.21,116.28,8427373.0,119603.0,115.444879,123.38633333333334,46.50148427546029,-9.442777875763753,-11.133065961921933,1.69028808615818
2022-03-21 04:00:00+00:00,115.01,119.89,113.35,116.87,5848395.0,84796.0,116.407622,122.47866666666667,47.02327225022465,-8.1865955294641,-10.543771875430366,2.3571763459662662
2022-03-22 04:00:00+00:00,116.01,122.24,115.4,119.8,4962500.0,73974.0,119.729007,121.75733333333334,49.649638093431705,-6.875380351828042,-9.8100935707099,2.9347132188818588
2022-03-23 04:00:00+00:00,117.215,120.27,115.95,116.81,3398721.0,62375.0,117.474167,120.89466666666667,47.08435684813008,-6.008241618901465,-9.049723180348215,3.0414815614467496
2022-03-24 04:00:00+00:00,117.36,117.78,113.97,117.75,3295580.0,59233.0,116.191036,119.83300000000001,47.994087789603064,-5.185403675794873,-8.276859279437547,3.0914556036426735
2022-03-25 04:00:00+00:00,117.13,117.58,112.45,113.93,4206576.0,69119.0,114.205789,118.77333333333333,44.635695775143276,-4.786366498992905,-7.578760723348619,2.7923942243557143
2022-03-28 04:00:00+00:00,114.87,118.31,113.63,117.45,6339451.0,110580.0,116.082468,117.98033333333335,48.23054921066997,-4.138387326296282,-6.890686043938152,2.75229871764187
2022-03-29 04:00:00+00:00,119.9765,126.53,119.9765,126.26,4761131.0,85497.0,124.15436,117.45266666666666,55.94136470486999,-2.880758204368192,-6.08870047602416,3.207942271655968
2022-03-30 04:00:00+00:00,124.26,127.37,121.23,122.39,3987789.0,72615.0,124.202178,116.63566666666665,52.259152160194326,-2.1713250381354356,-5.305225388446416,3.13390035031098
2022-03-31 04:00:00+00:00,122.75,122.81,117.16,117.23,2896604.0,54718.0,118.623896,115.92633333333333,47.74641551637391,-2.0023808191424166,-4.6446564745856165,2.6422756554432
2022-04-01 04:00:00+00:00,117.56,120.496,116.11,118.02,2787846.0,44454.0,117.940001,115.54766666666666,48.47994241266999,-1.7841780171491166,-4.072560783098317,2.2883827659492004
2022-04-04 04:00:00+00:00,119.39,124.99,118.33,124.28,3076720.0,56923.0,123.619861,115.45833333333333,53.991450196019926,-1.0935156735116323,-3.47675176118098,2.383236087669348
2022-04-05 04:00:00+00:00,123.92,126.44,120.43,122.02,4901313.0,68785.0,122.499789,115.30533333333332,51.835493124942666,-0.7202216359208791,-2.9254457361289603,2.2052241002080812
2022-04-06 04:00:00+00:00,118.03,118.56,113.34,116.06,4974816.0,83260.0,115.456988,115.17066666666666,46.55577015178611,-0.8949887388236135,-2.519354336667891,1.6243655978442777
2022-04-07 04:00:00+00:00,115.225,118.12,111.33,114.32,3131672.0,61787.0,114.193731,114.74900000000001,45.11114418886593,-1.1605186486326033,-2.2475871990608334,1.08706855042823
2022-04-08 04:00:00+00:00,112.37,113.27,109.3876,110.9,3942016.0,65375.0,111.347074,114.26833333333335,42.33079185650696,-1.6281501318318732,-2.1236997856150412,0.49554965378316806
2022-04-11 04:00:00+00:00,107.91,111.11,106.4123,108.98,3441001.0,61438.0,108.994846,113.481,40.810092450825714,-2.1291360502149814,-2.1247870385350294,-0.004349011679952053
2022-04-12 04:00:00+00:00,111.69,114.7,106.24,106.58,3237781.0,58946.0,108.96125,112.941,38.92757492022781,-2.6888357178916067,-2.237596774406345,-0.4512389434852615
2022-04-13 04:00:00+00:00,106.3,115.825,105.16,114.85,4437644.0,70065.0,113.066726,112.71566666666668,47.853891856126346,-2.4369897513374923,-2.2774753697925747,-0.1595143815449176
2022-04-14 04:00:00+00:00,114.66,114.66,110.14,110.31,4494453.0,60812.0,111.741338,112.62233333333333,44.04774255741336,-2.5740678145633353,-2.336793858746727,-0.23727395581660815
2022-04-18 04:00:00+00:00,109.73,109.93,103.62,105.74,4142774.0,65926.0,105.725531,112.51566666666666,40.55135951374012,-3.016689455956083,-2.4727729781885985,-0.5439164777674845
2022-04-19 04:00:00+00:00,105.44,112.33,104.0746,111.18,3281604.0,53552.0,110.221141,112.62566666666666,46.041949146612296,-2.8951344518511775,-2.5572452729211146,-0.3378891789300629
2022-04-20 04:00:00+00:00,109.53,109.91,103.4,103.7,4477391.0,69124.0,105.123715,112.466,40.50272787409937,-3.363601221263565,-2.718516462589605,-0.6450847586739599
2022-04-21 04:00:00+00:00,105.2,108.49,100.55,100.95,4379795.0,69773.0,102.543831,112.19500000000001,38.66116832591946,-3.911675171985351,-2.9571482044687545,-0.9545269675165966
2022-04-22 04:00:00+00:00,101.155,104.99,99.3,100.17,3773829.0,61042.0,100.931965,112.08966666666667,38.13158663590766,-4.358722567314558,-3.2374630770379156,-1.1212594902766426
2022-04-25 04:00:00+00:00,99.51,103.09,98.9002,102.44,2700119.0,54629.0,101.512833,112.23366666666666,40.678341866018876,-4.47821870248913,-3.4856142021281586,-0.9926045003609714
2022-04-26 04:00:00+00:00,100.75,101.68,96.0,98.36,3768853.0,64309.0,98.274805,112.35766666666667,37.67637222231906,-4.8462772847200455,-3.7577468186465364,-1.0885304660735091
2022-04-27 04:00:00+00:00,97.69,102.04,97.297,97.61,3296533.0,61698.0,99.066399,112.31233333333334,37.13387304196858,-5.139243099462547,-4.034046074809739,-1.1051970246528082
2022-04-28 04:00:00+00:00,98.1,103.92,95.72,102.56,3571740.0,65508.0,99.88567,112.16966666666667,42.97045432658164,-4.91533605289942,-4.210304070427675,-0.7050319824717448
2022-04-29 04:00:00+00:00,102.67,107.84,99.395,99.57,3593101.0,63766.0,102.611762,111.779,40.52310894816355,-4.922413597012081,-4.352725975744557,-0.5696876212675246
2022-05-02 04:00:00+00:00,99.15,105.08,98.17,104.79,3145959.0,57282.0,103.200954,111.396,46.27589837336561,-4.455452543573131,-4.373271289310272,-0.08218125426285905
2022-05-03 04:00:00+00:00,104.11,106.99,102.13,103.53,2091446.0,45125.0,103.887394,110.95133333333334,45.14092570157658,-4.139338298929246,-4.326484691234067,0.18714639230482089
2022-05-04 04:00:00+00:00,103.96,109.34,99.3,108.98,3714464.0,63685.0,104.693403,110.59066666666666,50.76574479276207,-3.4097406622546202,-4.143135885438178,0.7333952231835577
2022-05-05 04:00:00+00:00,107.13,107.36,99.32,100.84,3626523.0,61418.0,101.687489,110.05833333333334,43.57874845580395,-3.448605868139154,-4.0042298819783735,0.5556240138392194
2022-05-06 04:00:00+00:00,100.49,102.03,94.01,96.38,4608006.0,76918.0,97.457541,109.346,40.21902639046412,-3.7955389397793056,-3.9624916935385603,0.16695275375925478
2022-05-09 04:00:00+00:00,94.05,96.83,91.65,92.34,5351389.0,92151.0,93.551278,108.62633333333333,37.40583583080452,-4.346377797163683,-4.039268914263586,-0.3071088829000974
2022-05-10 04:00:00+00:00,95.6,98.07,87.34,90.68,6255264.0,102971.0,91.388906,107.734,36.28283464688639,-4.860836984035629,-4.203582528217995,-0.6572544558176343
2022-05-11 04:00:00+00:00,88.93,94.16,84.17,84.8,6136813.0,92286.0,88.430568,106.352,32.55456997958609,-5.677568973932054,-4.4983798173608065,-1.1791891565712476
2022-05-12 04:00:00+00:00,81.13,87.79,79.03,84.97,7141167.0,120387.0,84.219553,105.10466666666667,32.76966338224926,-6.239195815316066,-4.846543016951859,-1.3926527983642067
2022-05-13 04:00:00+00:00,88.72,95.6284,88.45,94.83,5206909.0,92873.0,93.165234,104.358,43.937299453425744,-5.821562191724439,-5.041546851906375,-0.780015339818064
2022-05-16 04:00:00+00:00,93.43,95.83,88.66,88.92,4485317.0,75292.0,91.003251,103.388,39.6824013711299,-5.899466763648675,-5.2131308342548355,-0.6863359293938398
2022-05-17 04:00:00+00:00,91.36,95.1,86.4091,90.94,4178321.0,78335.0,89.820601,102.27666666666667,41.75844896650145,-5.732133117564814,-5.316931290916831,-0.41520182664798266
2022-05-18 04:00:00+00:00,88.68,91.11,84.04,84.69,3809260.0,60323.0,86.274098,101.03233333333333,37.462107421857404,-6.034283302341677,-5.460401693201801,-0.5738816091398764
2022-05-19 04:00:00+00:00,85.88,93.49,84.685,90.94,4663052.0,70877.0,90.377246,100.195,43.70012447585102,-5.7036683952313325,-5.509055033607707,-0.19461336162362564
2022-05-20 04:00:00+00:00,92.62,94.85,85.55,89.73,4463477.0,70313.0,89.366547,99.37533333333333,42.8098236208851,-5.476164768347374,-5.502476980555641,0.02631221220826685
2022-05-23 04:00:00+00:00,89.87,90.25,85.57,89.33,11266220.0,148589.0,93.688574,98.65633333333332,42.501562807226314,-5.267423581833199,-5.455466300811152,0.188042718977953
2022-05-24 04:00:00+00:00,94.56,97.09,87.33,94.34,27404282.0,288478.0,92.901439,98.16833333333334,47.591784228478915,-4.644194178361019,-5.293211876321126,0.6490176979601072
2022-05-25 04:00:00+00:00,94.14,104.2655,94.0,102.34,13839312.0,159449.0,99.75374,98.027,54.51607798710906,-3.4648071052319835,-4.927530922103298,1.4627238168713141
2022-05-26 04:00:00+00:00,101.895,108.17,101.77,107.0,10612306.0,132292.0,106.092633,97.76533333333333,57.99731636086607,-2.1295630210968994,-4.367937341902018,2.2383743208051188
2022-05-27 04:00:00+00:00,108.0,111.24,105.55,110.42,7085630.0,104323.0,108.86125,97.769,60.393224772914245,-0.786342578870304,-3.6516183892956757,2.8652758104253717
2022-05-31 04:00:00+00:00,112.64,112.87,105.58,107.45,5827927.0,78598.0,108.237823,97.82600000000001,57.33460812388704,0.03807620155077984,-2.9136794711263847,2.9517556726771645
2022-06-01 04:00:00+00:00,107.96,110.89,104.92,107.65,4670294.0,75613.0,108.137023,97.70833333333333,57.49073535236486,0.6995088505809406,-2.1910418067849196,2.89055065736586
2022-06-02 04:00:00+00:00,107.43,114.08,107.03,112.24,4968433.0,80287.0,111.680387,97.993,61.01648357607778,1.5759075488173266,-1.4376519356644704,3.013559484481797
2022-06-03 04:00:00+00:00,109.66,111.8,107.3,109.43,3592198.0,58801.0,109.139464,98.27566666666667,57.852956339508125,2.020426101010301,-0.7460363283295162,2.7664624293398172
2022-06-06 04:00:00+00:00,112.33,112.91,108.51,111.01,2852820.0,49607.0,110.668575,98.637,59.13588340592155,2.471710709127194,-0.10248692083817407,2.574197629965368
2022-06-07 04:00:00+00:00,110.5,115.32,109.05,115.04,3946377.0,62466.0,113.690767,99.057,62.288969929893625,3.1185951091147643,0.5417294851524137,2.576865623962351
2022-06-08 04:00:00+00:00,115.4,116.9,113.16,115.46,3572500.0,52619.0,115.157041,99.627,62.61274712521614,3.62337809931455,1.158059207984841,2.465318891329709
2022-06-09 04:00:00+00:00,112.17,116.1699,110.34,110.4,4289457.0,72253.0,112.215434,100.05333333333333,56.33710333777708,3.5739245662879853,1.64123227964547,1.9326922866425154
2022-06-10 04:00:00+00:00,106.9338,110.99,106.12,109.07,5739767.0,86950.0,108.59052,100.27033333333334,54.78283556939212,3.3883535695716063,1.9906565376306973,1.397697031940909
2022-06-13 04:00:00+00:00,102.82,106.38,102.12,103.32,7134070.0,114825.0,103.873886,100.39533333333333,48.54700054286268,2.7456600129468285,2.1416572326939236,0.6040027802529049
2022-06-14 04:00:00+00:00,103.9,109.85,103.78,106.86,6813316.0,92403.0,107.068736,100.46433333333333,52.157629803645534,2.493228764731441,2.211971539101427,0.2812572256300139
2022-06-15 04:00:00+00:00,107.5,114.73,106.13,112.93,5858797.0,85718.0,110.655011,100.77766666666666,57.645925576540044,2.7512586555629213,2.319828962393726,0.43142969316919544
2022-06-16 04:00:00+00:00,108.1,109.65,104.15,106.09,4708717.0,78125.0,106.26148,100.68133333333334,50.60157516768149,2.376424425809077,2.3311480550767962,0.045276370732280746
2022-06-17 04:00:00+00:00,107.095,111.92,106.3932,110.0,6142185.0,68997.0,109.597742,100.98666666666666,54.05770730018796,2.3675779560496863,2.338434035271374,0.029143920778312182
2022-06-21 04:00:00+00:00,112.15,117.3704,110.86,113.82,6175418.0,89565.0,114.278565,101.568,57.20773113186497,2.638395360585207,2.398426300334141,0.23996906025106624
2022-06-22 04:00:00+00:00,112.03,119.53,111.77,115.17,5489242.0,78213.0,116.822829,102.32900000000001,58.295994555046235,2.928199362878459,2.5043809128430046,0.4238184500354545
2022-06-23 04:00:00+00:00,116.24,118.4,110.6701,117.67,5453133.0,85836.0,115.896254,103.22866666666665,60.309029706154355,3.3213141867506266,2.667767567624529,0.6535466191260975
2022-06-24 04:00:00+00:00,118.81,122.99,118.12,122.64,12147619.0,92160.0,121.861997,104.49000000000001,64.02657634469924,3.9879276335251035,2.931799580804644,1.0561280527204593
2022-06-27 04:00:00+00:00,122.48,123.73,117.68,119.82,3454935.0,61658.0,119.934021,105.65166666666666,60.56054951653628,4.239799392296845,3.1933995431030846,1.0463998491937607
2022-06-28 04:00:00+00:00,119.82,122.085,112.86,113.13,3691850.0,59327.0,115.786896,106.26166666666667,53.20246029844221,3.855142799969329,3.3257481944763336,0.5293946054929952
2022-06-29 04:00:00+00:00,112.93,113.72,110.04,111.87,2704510.0,52393.0,112.01618,107.02666666666666,51.922892704795785,3.409327603131885,3.3424640762074445,0.06686352692444064
2022-06-30 04:00:00+00:00,110.0,111.0,104.78,107.97,4246019.0,68304.0,107.833805,107.59433333333332,48.069199383205785,2.710078345175134,3.215986930000983,-0.5059085848258489
2022-07-01 04:00:00+00:00,108.77,111.9787,106.83,110.97,2832897.0,47389.0,110.264028,108.47033333333334,51.077154233015776,2.370665640563132,3.046922672113413,-0.6762570315502807
2022-07-05 04:00:00+00:00,110.56,120.75,108.4097,120.42,5315932.0,79534.0,117.482392,109.453,59.11137928622376,2.8315740270857646,3.0038529431078835,-0.17227891602211898
2022-07-06 04:00:00+00:00,120.68,123.96,116.57,117.06,4198147.0,64868.0,118.949087,110.364,55.614258860056886,2.892381748411637,2.981558704168634,-0.08917695575699724
2022-07-07 04:00:00+00:00,116.5,121.26,116.33,120.74,3069074.0,52053.0,119.784998,111.41100000000002,58.50947910282261,3.2006227637135254,3.0253715160776125,0.17525124763591293
2022-07-08 04:00:00+00:00,118.62,124.05,117.66,119.8,3261741.0,52884.0,120.517555,112.25966666666666,57.47813050370546,3.3306620462011978,3.08642962210233,0.2442324240988678
2022-07-11 04:00:00+00:00,117.16,117.54,107.73,108.38,5378458.0,83824.0,110.32175,112.461,46.70653906558473,2.483591261298926,2.965861949941649,-0.48227068864272304
2022-07-12 04:00:00+00:00,109.79,113.6,106.91,107.99,4204853.0,65758.0,109.085134,112.49399999999999,46.38682987702752,1.7605176690102695,2.7247930937553733,-0.9642754247451037
2022-07-13 04:00:00+00:00,103.635,105.4,99.8,101.01,7902955.0,108500.0,102.067243,112.18033333333332,40.980196003627505,0.6171350235532316,2.303261479714945,-1.6861264561617135
2022-07-14 04:00:00+00:00,101.35,101.44,96.84,97.35,5552646.0,80956.0,97.951013,111.84366666666666,38.44953646084345,-0.5776762801359467,1.7270739277447669,-2.304750207880714
2022-07-15 04:00:00+00:00,97.86,99.97,96.11,99.85,4714444.0,63818.0,98.468175,111.58366666666666,41.124028938410454,-1.3077685974977271,1.1201054226962681,-2.427874020193995
2022-07-18 04:00:00+00:00,101.98,102.18,98.49,98.92,7516528.0,61293.0,99.645534,111.13966666666667,40.420408614395456,-1.9390629361999885,0.5082717509170167,-2.447334687117005
2022-07-19 04:00:00+00:00,100.4,102.219,97.65,102.08,2829243.0,43598.0,100.928305,110.89466666666665,43.930802710437916,-2.1594894074202813,-0.02528048075044287,-2.1342089266698383
2022-07-20 04:00:00+00:00,103.49,109.87,103.375,107.09,4297843.0,72442.0,107.270886,110.764,49.055744120877314,-1.9079205241037727,-0.40180848942110886,-1.5061120346826637
2022-07-21 04:00:00+00:00,107.5,111.27,107.3,110.85,2983711.0,49826.0,109.979261,110.62433333333334,52.56036247180468,-1.3891366921708368,-0.5992741299710544,-0.7898625621997823
2022-07-22 04:00:00+00:00,111.0,112.95,105.69,106.55,2648195.0,47308.0,107.566796,110.32733333333334,48.45501837426172,-1.3098714484379599,-0.7413935936644356,-0.5684778547735243
2022-07-25 04:00:00+00:00,106.39,106.96,103.91,106.1,2039796.0,38204.0,105.847742,110.184,48.03220136934115,-1.2687391754456598,-0.8468627100206805,-0.42187646542497936
2022-07-26 04:00:00+00:00,105.03,105.13,100.01,100.33,2878190.0,49520.0,100.994631,109.89266666666666,42.86702654504217,-1.6823393698198288,-1.01395804198051,-0.6683813278393187
2022-07-27 04:00:00+00:00,102.16,106.46,100.55,105.91,3167328.0,51629.0,104.071457,109.979,48.62115961877907,-1.54208494239424,-1.1195834220632561,-0.42250152033098387
2022-07-28 04:00:00+00:00,104.47,106.9023,100.81,106.22,2380026.0,44622.0,104.771638,109.95766666666667,48.92889716642807,-1.3898960326745566,-1.1736459441855163,-0.21625008848904037
2022-07-29 04:00:00+00:00,105.485,105.485,101.01,103.86,3975533.0,60452.0,102.958285,109.65533333333335,46.63867614125083,-1.443082544630073,-1.2275332642744277,-0.21554928035564536
2022-08-01 04:00:00+00:00,103.38,107.92,101.85,105.39,2385684.0,48821.0,105.493891,109.632,48.32731624745728,-1.3462562215794946,-1.2512778557354411,-0.0949783658440535
2022-08-02 04:00:00+00:00,103.04,109.98,102.9,108.16,2519945.0,45214.0,108.057582,109.57066666666667,51.33022974489509,-1.034084530054642,-1.2078391905992814,0.1737546605446394
2022-08-03 04:00:00+00:00,109.31,114.0,109.22,112.97,2653572.0,48411.0,111.99494,109.54233333333333,56.100979379197284,-0.3940174266655987,-1.0450748378125447,0.651057411146946
2022-08-04 04:00:00+00:00,114.07,115.0,110.14,112.86,2155690.0,38651.0,112.006013,109.46533333333332,55.96587081233648,0.10317494694878349,-0.8154248808602791,0.9185998278090626
2022-08-05 04:00:00+00:00,110.0,114.32,108.74,113.85,2639705.0,45686.0,112.560335,109.33800000000001,56.97027430601851,0.5705117075076487,-0.5382375631866936,1.1087492706943423
2022-08-08 04:00:00+00:00,114.77,119.82,113.82,114.74,2832491.0,48434.0,116.320289,109.07466666666666,57.89996975645272,1.001154335210387,-0.23035918350727747,1.2315135187176645
2022-08-09 04:00:00+00:00,111.78,112.804,104.91,105.3,5424482.0,71964.0,106.683382,108.59066666666668,46.43899382154984,0.5740948060862081,-0.06946838558858036,0.6435631916747885
2022-08-10 04:00:00+00:00,111.35,112.42,108.8,112.01,3756635.0,57965.0,111.091311,108.55333333333333,53.48681042772625,0.7682322712329324,0.0980717457757222,0.6701605254572102
2022-08-11 04:00:00+00:00,114.0,114.99,107.24,108.06,4067818.0,66274.0,110.182424,108.42633333333333,49.368535194813624,0.5964797750232975,0.19775335162523727,0.39872642339806025
2022-08-12 04:00:00+00:00,109.41,110.09,107.28,109.52,2486871.0,44679.0,109.091515,108.478,50.87416786922157,0.5715855996451182,0.2725198012292135,0.29906579841590475
2022-08-15 04:00:00+00:00,109.4,113.7899,108.35,113.23,2737397.0,46530.0,111.340398,108.55333333333333,54.57106079425338,0.841522236033768,0.38632028819012443,0.45520194784364354
2022-08-16 04:00:00+00:00,107.815,109.93,103.32,109.19,7520089.0,108428.0,107.086102,108.179,50.145661560580834,0.7211418544461452,0.45328460144132865,0.26785725300481655
2022-08-17 04:00:00+00:00,106.22,107.35,102.02,102.38,4257229.0,79881.0,103.561155,107.68966666666667,43.710928668031464,0.0753607366274025,0.37769982847854344,-0.30233909185114094
2022-08-18 04:00:00+00:00,101.76,104.57,100.64,103.18,3091727.0,58204.0,103.220421,107.10433333333332,44.610126172673134,-0.36763427860525155,0.22863300706178447,-0.596267285667036
2022-08-19 04:00:00+00:00,101.0,102.15,98.8,99.5,3747909.0,68735.0,99.81426,106.42766666666667,41.33874735732223,-1.0040818343732383,-0.017909961225220067,-0.9861718731480182
2022-08-22 04:00:00+00:00,98.2,100.1399,96.48,97.44,8274052.0,118492.0,96.048497,106.063,39.58861158676211,-1.6556110380732463,-0.34545017659482535,-1.3101608614784208
2022-08-23 04:00:00+00:00,84.56,87.59,81.13,81.32,31475420.0,365912.0,84.113599,105.174,29.17842038278586,-3.433126955068147,-0.9629855322894897,-2.4701414227786573
2022-08-24 04:00:00+00:00,81.64,85.07,80.5,83.61,11133299.0,132493.0,83.447194,104.594,31.917344804051396,-4.603965614194422,-1.6911815486704764,-2.9127840655239456
2022-08-25 04:00:00+00:00,83.6,85.76,82.43,85.72,5409744.0,81929.0,84.757123,104.20633333333333,34.43344795470688,-5.300503417051843,-2.4130459223467495,-2.8874574947050933
2022-08-26 04:00:00+00:00,84.15,85.02,80.28,81.41,5933520.0,89366.0,82.210101,103.59166666666667,31.844596094292996,-6.129636984338376,-3.1563641347450746,-2.973272849593301
2022-08-29 04:00:00+00:00,80.37,82.9499,80.12,81.0,5210989.0,59108.0,81.652855,102.99433333333333,31.601195591361034,-6.742096195353881,-3.8735105468668363,-2.8685856484870444
2022-08-30 04:00:00+00:00,82.0,82.75,79.8199,81.42,4141930.0,54641.0,81.026552,102.30566666666667,32.173118761898024,-7.111605876971694,-4.521129612887808,-2.590476264083886
2022-08-31 04:00:00+00:00,82.968,83.47,79.34,80.4,4832378.0,65072.0,80.643044,101.416,31.48458891184849,-7.401431344028694,-5.097189959115986,-2.304241384912708
2022-09-01 04:00:00+00:00,79.29,81.24,77.79,81.14,6795275.0,97834.0,79.77196,100.42566666666667,32.6113519343334,-7.485124443927731,-5.574776856078335,-1.9103475878493956
2022-09-02 04:00:00+00:00,82.01,83.31,80.05,80.79,4569875.0,73445.0,81.406854,99.567,32.34045044612232,-7.493315625399319,-5.958484609942532,-1.5348310154567866
2022-09-06 04:00:00+00:00,80.56,81.08,79.57,80.02,3573627.0,55482.0,80.228408,98.69766666666666,31.71623913305595,-7.475763808883897,-6.2619404497308055,-1.2138233591530918
2022-09-07 04:00:00+00:00,80.0,81.36,79.34,81.02,4327694.0,60073.0,80.483583,98.054,33.51109150197003,-7.297046416356039,-6.468961643055853,-0.8280847733001861
2022-09-08 04:00:00+00:00,80.24,81.47,79.4,80.23,3671405.0,52200.0,80.182042,97.19800000000001,32.778086940409494,-7.136888386126458,-6.602546991669975,-0.534341394456483
2022-09-09 04:00:00+00:00,81.59,83.7,81.54,82.62,3966735.0,60515.0,82.655573,96.41133333333333,37.24994209029461,-6.73942111587678,-6.629921816511336,-0.109499299365444
2022-09-12 04:00:00+00:00,82.43,84.78,82.43,84.08,3928893.0,62759.0,83.606663,95.752,39.88098745741576,-6.234745378605638,-6.550886528930198,0.3161411503245599
2022-09-13 04:00:00+00:00,80.0,80.15,78.62,78.86,4651989.0,76556.0,79.284885,94.86766666666666,34.33747648640876,-6.184703186970353,-6.477649860538229,0.29294667356787585
2022-09-14 04:00:00+00:00,78.86,80.41,77.93,79.59,4196094.0,62657.0,79.320001,93.91533333333334,35.683881972097936,-6.016781775438773,-6.3854762435183385,0.36869446807956585
2022-09-15 04:00:00+00:00,78.64,81.97,78.26,80.21,4240911.0,63225.0,80.306783,92.82333333333332,36.86790999955965,-5.767193412837784,-6.261819677382228,0.4946262645444435
2022-09-16 04:00:00+00:00,78.14,79.23,77.33,78.68,6161570.0,69464.0,78.470931,91.684,35.148296426457534,-5.6279752550981215,-6.135050792925407,0.5070755378272853
2022-09-19 04:00:00+00:00,78.06,79.0,76.75,78.32,4515016.0,55388.0,77.815316,90.49966666666666,34.737733642209875,-5.483482678463375,-6.004737170033001,0.5212544915696258
2022-09-20 04:00:00+00:00,77.45,78.84,76.76,77.09,3157797.0,38360.0,77.445117,89.24466666666667,33.3062438643679,-5.405906070804093,-5.88497095018722,0.4790648793831265
2022-09-21 04:00:00+00:00,77.83,78.83,75.32,75.94,3272172.0,49188.0,76.89117,88.266,31.979356955809024,-5.37525880188808,-5.783028520527392,0.40776971863931166
2022-09-22 04:00:00+00:00,75.0,75.77,74.33,74.54,4116159.0,62766.0,75.033112,87.01700000000001,30.391972865787977,-5.401671809980797,-5.706757178418074,0.3050853684372763
2022-09-23 04:00:00+00:00,74.16,74.95,73.3213,74.45,3944735.0,61108.0,73.993697,85.89666666666668,30.28788970586497,-5.367987735865626,-5.639003289907584,0.2710155540419583
2022-09-26 04:00:00+00:00,74.82,76.87,73.24,73.33,3068756.0,49117.0,74.53405,84.69033333333333,28.958776474999567,-5.3697681594407385,-5.5851562638142145,0.215388104373476
2022-09-27 04:00:00+00:00,74.9,75.99,72.96,74.26,3576451.0,48178.0,74.32264,83.39133333333334,31.641257392004206,-5.23578110486919,-5.51528123202521,0.2795001271560196
2022-09-28 04:00:00+00:00,74.31,76.225,74.05,75.89,2854086.0,42302.0,75.503386,82.28133333333334,36.189148793636114,-4.941109981146553,-5.400446981849479,0.4593370007029254
2022-09-29 04:00:00+00:00,74.27,75.22,73.6,74.47,2933170.0,47174.0,74.258628,81.35099999999998,34.063042930037014,-4.767209699242514,-5.273799525328086,0.5065898260855723
2022-09-30 04:00:00+00:00,74.6,76.25,73.48,73.59,3537045.0,54804.0,74.54525,80.36466666666666,32.77785665241129,-4.646835293770792,-5.148406679016627,0.5015713852458354
2022-10-03 04:00:00+00:00,73.91,74.87,71.69,73.94,4182048.0,61283.0,73.421648,79.51266666666668,33.846918358693074,-4.471649246249967,-5.013055192463296,0.5414059462133283
2022-10-04 04:00:00+00:00,75.83,78.45,75.734,77.54,4740999.0,62409.0,77.316147,78.84933333333333,43.75507569263007,-3.9962567674658374,-4.809695507463804,0.8134387399979666
2022-10-05 04:00:00+00:00,75.58,77.87,74.96,77.52,2604486.0,41872.0,76.779854,78.72266666666665,43.71590200676943,-3.5798523266239783,-4.563726871295839,0.9838745446718606
2022-10-06 04:00:00+00:00,77.73,79.0,76.96,78.35,2185828.0,37034.0,78.162802,78.54733333333334,45.881340284609934,-3.146602666971532,-4.280302030430978,1.1336993634594457
2022-10-07 04:00:00+00:00,75.64,78.3298,75.36,76.59,4464224.0,57447.0,76.712821,78.243,42.17586942901028,-2.911702190982055,-4.006582062541193,1.0948798715591384
2022-10-10 04:00:00+00:00,75.99,76.1964,72.29,73.72,4777496.0,70615.0,73.740372,77.98666666666666,36.93715568737578,-2.923427434113009,-3.7899511368555565,0.8665237027425476
2022-10-11 04:00:00+00:00,71.46,74.55,70.435,73.71,5386319.0,64770.0,72.785936,77.74366666666667,36.91994792142884,-2.900096186604628,-3.611980146805371,0.7118839602007427
2022-10-12 04:00:00+00:00,74.29,76.55,73.4,75.22,3938951.0,58623.0,75.267836,77.537,41.36217280326659,-2.728311349535616,-3.4352463873514205,0.7069350378158044
2022-10-13 04:00:00+00:00,71.65,75.42,71.65,74.73,5742988.0,69469.0,74.083411,77.348,40.36869755613422,-2.6017185415808513,-3.2685408181973066,0.6668222766164553
2022-10-14 04:00:00+00:00,75.75,76.9,72.14,72.29,2833226.0,40572.0,73.574756,77.05300000000001,35.76233607369997,-2.6675308026809006,-3.148338815094026,0.4808080124131253
2022-10-17 04:00:00+00:00,75.085,77.43,74.51,76.69,3431629.0,53946.0,76.585373,76.91633333333334,47.41494440831603,-2.3376967530848702,-2.986210402692195,0.6485136496073247
2022-10-18 04:00:00+00:00,79.52,80.78,77.33,78.23,3539368.0,57306.0,78.868955,76.85666666666667,50.78025750243519,-1.9297903409730282,-2.7749263903483614,0.8451360493753333
2022-10-19 04:00:00+00:00,77.52,78.04,75.59,76.33,1955838.0,35344.0,76.519419,76.70033333333335,46.80071464472334,-1.7397805840082299,-2.5678972290803355,0.8281166450721056
2022-10-20 04:00:00+00:00,76.67,81.5,76.58,79.96,4156944.0,58889.0,79.844283,76.69133333333335,54.18756601909857,-1.2815133318676288,-2.3106204496377942,1.0291071177701654
2022-10-21 04:00:00+00:00,79.64,81.1,77.6,80.98,3312125.0,47388.0,79.744137,76.63666666666667,56.03487729993691,-0.8265003755538487,-2.013796434821005,1.1872960592671564
2022-10-24 04:00:00+00:00,80.4,80.66,78.18,80.61,2731060.0,42126.0,79.962566,76.52099999999999,55.165889701373644,-0.4901056049313297,-1.7090582688430702,1.2189526639117405
2022-10-25 04:00:00+00:00,81.54,84.13,81.46,84.09,2992339.0,48929.0,83.347912,76.69533333333334,61.25232494338141,0.056643638205201796,-1.355917887433416,1.4125615256386177
2022-10-26 04:00:00+00:00,82.35,85.46,82.19,83.37,2596477.0,44371.0,83.885353,76.82133333333333,59.45397871322595,0.4269270208539666,-0.9993489057759395,1.426275926629906
2022-10-27 04:00:00+00:00,83.68,85.03,82.47,82.61,2579446.0,39595.0,83.110378,76.90133333333333,57.533808904867136,0.6515430383610834,-0.6691705169485349,1.3207135553096183
2022-10-28 04:00:00+00:00,81.735,84.245,81.32,84.21,2369798.0,33566.0,83.546826,77.08566666666667,60.431172312000044,0.9477345844038609,-0.3457894966780558,1.2935240810819169
2022-10-31 04:00:00+00:00,83.69,84.575,82.34,83.44,1906530.0,35711.0,83.505202,77.25633333333333,58.367291434994705,1.1075685924498515,-0.05511787885247432,1.162686471302326
2022-11-01 04:00:00+00:00,85.5,86.31,82.79,82.89,1834899.0,33176.0,83.73387,77.44966666666666,56.87316398300686,1.1762981589537134,0.19116532870876324,0.9851328302449501
2022-11-02 04:00:00+00:00,83.28,84.36,78.59,78.6,3347878.0,50756.0,80.920462,77.53833333333333,46.808064444138054,0.8745187804715044,0.3278360190613115,0.546682761410193
2022-11-03 04:00:00+00:00,77.8,81.23,77.23,78.39,3156403.0,49579.0,78.819901,77.66666666666667,46.37540608790074,0.6113637827378966,0.3845415717966285,0.2268222109412681
2022-11-04 04:00:00+00:00,79.44,79.74,75.835,77.46,3969321.0,51470.0,77.442227,77.76700000000001,44.41734884859161,0.3240330718897724,0.37243987181525734,-0.04840679992548497
2022-11-07 05:00:00+00:00,78.07,80.32,77.26,79.61,3317812.0,44690.0,79.200779,77.97633333333333,49.704337580887405,0.2667337050214087,0.3512986384564877,-0.08456493343507898
2022-11-08 05:00:00+00:00,80.22,81.935,78.01,78.31,3985912.0,64513.0,79.245819,78.11133333333332,46.80530068595019,0.11509763462572664,0.30405843769033547,-0.18896080306460883
2022-11-09 05:00:00+00:00,77.53,77.53,70.92,71.84,6019832.0,94844.0,72.405211,77.97633333333333,35.658150007475854,-0.5211425645119192,0.13901823724988455,-0.6601608017618037
2022-11-10 05:00:00+00:00,76.87,82.35,76.75,82.23,4908433.0,77633.0,80.529921,78.235,54.428063341838666,-0.1848504975740468,0.07424449028509827,-0.2590949878591451
2022-11-11 05:00:00+00:00,81.46,89.67,80.05,88.32,5906383.0,108895.0,86.687228,78.72600000000001,61.51483589890979,0.5665447172356721,0.17270453567521304,0.3938401815604591
2022-11-14 05:00:00+00:00,86.72,87.99,84.21,84.35,2883604.0,54048.0,85.392431,79.07300000000001,55.46017100302625,0.8320931651095407,0.30458226156207857,0.5275109035474621
2022-11-15 05:00:00+00:00,88.25,89.37,85.72,87.44,2774808.0,52586.0,87.647699,79.403,58.854726052087784,1.2771571266619048,0.49909723458204386,0.7780598920798609
2022-11-16 05:00:00+00:00,85.06,85.23,83.13,83.5,2709428.0,47158.0,83.770951,79.60233333333333,53.27886781133877,1.2969974711640333,0.6586772818984418,0.6383201892655915
2022-11-17 05:00:00+00:00,81.2,83.21,80.34,82.59,2284052.0,39178.0,82.069722,79.74366666666667,52.05227628140324,1.225168710062718,0.771975567531297,0.45319314253142096
2022-11-18 05:00:00+00:00,83.34,83.605,80.14,81.64,3125282.0,49451.0,81.496698,79.912,50.73900685846987,1.079147102817359,0.8334098745885095,0.24573722822884947
2022-11-21 05:00:00+00:00,81.21,82.5175,79.77,80.26,7234041.0,99386.0,79.462406,80.13000000000001,48.812436999274155,0.8423592669092699,0.8351997530526616,0.0071595138566082905
2022-11-22 05:00:00+00:00,75.18,77.44,71.9,77.15,15729440.0,192514.0,75.008599,80.24466666666667,44.69377785843319,0.39915102775722744,0.7479900079935748,-0.3488389802363474
2022-11-23 05:00:00+00:00,76.14,77.28,74.85,76.14,4938113.0,78955.0,76.088378,80.27533333333332,43.412664754880616,-0.03321042488619241,0.5917499214176214,-0.6249603463038138
2022-11-25 05:00:00+00:00,75.31,76.99,74.83,75.4,2657967.0,35529.0,75.64213,80.29766666666666,42.45251524809352,-0.43060802539159226,0.38727833205577866,-0.8178863574473709
2022-11-28 05:00:00+00:00,74.72,76.5,71.3,71.59,6250478.0,85064.0,72.69673,80.27433333333333,37.815198677132564,-1.040983831765999,0.10162589929142316,-1.1426097310574221
2022-11-29 05:00:00+00:00,71.66,72.62,70.29,70.57,4879279.0,69387.0,71.100087,80.07033333333332,36.660621365885085,-1.5887029526374903,-0.23643987109435954,-1.3522630815431307
2022-11-30 05:00:00+00:00,70.76,75.44,69.54,75.43,6207432.0,70865.0,72.883244,79.977,45.239744121906604,-1.6120304353415094,-0.5115579839437895,-1.10047245139772
2022-12-01 05:00:00+00:00,75.89,81.69,75.8575,77.43,4777665.0,72503.0,78.030003,80.01366666666667,48.340702851748695,-1.4523920763735418,-0.69972480242974,-0.7526672739438018
2022-12-02 05:00:00+00:00,74.58,76.36,73.85,74.31,3296331.0,53048.0,74.699462,79.82533333333332,44.141323134950625,-1.55965670024338,-0.8717111819924681,-0.687945518250912
2022-12-05 05:00:00+00:00,74.26,75.22,72.54,72.9,2942953.0,46904.0,73.316444,79.556,42.35078785873677,-1.7384007024178345,-1.0450490860775414,-0.6933516163402931
2022-12-06 05:00:00+00:00,72.79,73.0,70.88,71.47,2661097.0,49042.0,71.630603,79.25133333333335,40.55409493886826,-1.9727055394215398,-1.230580376746341,-0.7421251626751988
2022-12-07 05:00:00+00:00,71.25,71.465,69.741,69.87,3422124.0,54975.0,70.286177,78.77733333333335,38.58183622239306,-2.2614320579922946,-1.436750712995532,-0.8246813449967627
2022-12-08 05:00:00+00:00,70.12,72.41,68.88,72.36,3056346.0,55193.0,71.381426,78.41033333333334,43.210555464901965,-2.2632385092030916,-1.602048272237044,-0.6611902369660476
2022-12-09 05:00:00+00:00,72.33,73.74,71.8543,72.16,2185167.0,42389.0,72.677518,78.062,42.93069134361967,-2.2548163440924327,-1.7326018866081219,-0.5222144574843108
2022-12-12 05:00:00+00:00,70.91,73.72,70.11,73.69,2836948.0,44546.0,72.66769,77.71133333333334,45.82157030155266,-2.100470586879325,-1.8061756266623625,-0.29429496021696266
2022-12-13 05:00:00+00:00,77.53,79.38,73.01,74.05,4009334.0,63257.0,75.361058,77.39833333333333,46.508180766055645,-1.9268894883576166,-1.8303183990014136,-0.09657108935620307
2022-12-14 05:00:00+00:00,73.65,75.08,72.03,73.22,3555691.0,47079.0,73.610277,77.07600000000001,45.08938909284839,-1.835144872839365,-1.831283693769004,-0.003861179070360876
2022-12-15 05:00:00+00:00,71.68,72.31,69.81,70.2,3706246.0,51824.0,70.500667,76.796,40.27502796561356,-1.9832635373440013,-1.8616796624840035,-0.12158387485999778
2022-12-16 05:00:00+00:00,69.82,70.79,69.55,69.86,4683303.0,50604.0,69.921747,76.51166666666667,39.760308356310446,-2.1038321373137876,-1.9101101574499606,-0.193721979863827
2022-12-19 05:00:00+00:00,69.41,70.25,68.85,69.09,3182483.0,46033.0,69.265495,76.23266666666667,38.558456347338144,-2.2357439220500765,-1.9752369103699838,-0.2605070116800927
2022-12-20 05:00:00+00:00,68.45,70.34,67.92,68.56,2936000.0,39040.0,68.753171,75.86433333333335,37.71343597496518,-2.3558942500109907,-2.0513683782981853,-0.30452587171280543
2022-12-21 05:00:00+00:00,68.71,70.9624,67.88,69.93,3253741.0,42489.0,69.970378,75.58500000000001,41.29483906720315,-2.3138935753363654,-2.103873417705821,-0.21002015763054427
2022-12-22 05:00:00+00:00,68.37,68.5816,64.8301,65.94,4214719.0,65177.0,66.08637,75.38833333333334,34.98549926328761,-2.5729085045760627,-2.1976804350798695,-0.37522806949619314
2022-12-23 05:00:00+00:00,65.61,66.66,65.01,65.89,2209187.0,41847.0,65.853185,74.84366666666666,34.91351070877195,-2.7505081385436085,-2.3082459757726173,-0.4422621627709913
2022-12-27 05:00:00+00:00,64.75,66.18,63.55,65.46,3581785.0,59382.0,65.329989,74.08166666666666,34.26060046526496,-2.892610323121687,-2.425118845242431,-0.46749147787925605
2022-12-28 05:00:00+00:00,65.25,66.85,64.77,65.36,2311161.0,39821.0,65.593034,73.44866666666667,34.10088687852176,-2.978956931288309,-2.5358864624516064,-0.4430704688367024
2022-12-29 05:00:00+00:00,66.28,68.35,66.18,68.0,2135279.0,38664.0,67.727212,72.80066666666667,41.812813070915205,-2.8020608900366426,-2.5891213479686135,-0.21293954206802912
2022-12-30 05:00:00+00:00,66.55,67.82,66.36,67.74,1873174.0,35444.0,67.248247,72.27533333333332,41.300200142264416,-2.65227554842879,-2.601752188060649,-0.05052336036814076
2023-01-03 05:00:00+00:00,69.01,69.33,66.16,66.66,2796066.0,40605.0,67.069494,71.74433333333334,39.1529635507482,-2.590850844337993,-2.599571919316118,0.00872107497812502
2023-01-04 05:00:00+00:00,67.62,68.01,65.88,67.65,3209163.0,48898.0,67.327197,71.27799999999999,42.12344300747159,-2.434226351453873,-2.566502805743669,0.13227645428979606
2023-01-05 05:00:00+00:00,66.8,67.12,64.93,65.62,2035508.0,39511.0,65.837385,70.79,38.024293124425576,-2.445711704875677,-2.5423445855700706,0.09663288069439346
2023-01-06 05:00:00+00:00,65.97,69.9,65.6,69.51,4079795.0,72130.0,68.568753,70.53533333333333,48.38886948965772,-2.1165254523728123,-2.457180758930619,0.3406553065578066
2023-01-09 05:00:00+00:00,69.81,72.1718,68.575,70.63,2617789.0,48126.0,70.622818,70.35166666666667,50.93318541391626,-1.7451513177637565,-2.3147748706972466,0.5696235529334901
